0.48 0.70 0.70 0.66 0.35 0.61 0.70 0.65 0.60 0.68 0.75 0.77 0.68 1.00 0.92 0.73 0.39 0.73 0.45 0.68 1.00 1.00 0.94 0.73 0.38 0.48 0.68 0.33 0.59 0.69 0.68 0.68 0.73 0.69 0.68 0.68 0.64 0.69 0.64
0.80 0.95 0.95 0.93 0.70 0.90 0.95 0.93 0.90 0.93 0.95 0.96 0.93 1.00 0.99 0.96 0.70 0.96 0.79 0.95 1.00 1.00 0.99 0.96 0.72 0.85 0.95 0.67 0.92 0.96 0.96 0.96 0.96 0.96 0.96 0.96 0.94 0.96 0.94
0.79 0.94 0.94 0.92 0.68 0.89 0.94 0.91 0.89 0.93 0.95 0.95 0.93 1.00 0.99 0.95 0.68 0.96 0.78 0.95 1.00 1.00 0.99 0.96 0.72 0.85 0.95 0.66 0.92 0.95 0.95 0.95 0.96 0.95 0.95 0.95 0.93 0.95 0.93
0.81 0.95 0.95 0.93 0.71 0.91 0.95 0.93 0.90 0.94 0.96 0.97 0.94 1.00 0.99 0.96 0.70 0.96 0.80 0.96 1.00 1.00 0.99 0.96 0.74 0.86 0.96 0.69 0.93 0.96 0.96 0.96 0.96 0.96 0.96 0.96 0.94 0.96 0.94
0.92 0.99 0.99 0.99 0.87 0.98 0.99 0.99 0.98 0.99 0.99 1.00 0.99 1.00 1.00 0.99 0.85 1.00 0.92 1.00 1.00 1.00 1.00 1.00 0.91 0.97 1.00 0.86 0.99 1.00 1.00 1.00 1.00 1.00 1.00 1.00 0.99 1.00 0.99
0.73 0.90 0.90 0.88 0.61 0.85 0.90 0.88 0.84 0.89 0.92 0.93 0.89 1.00 0.98 0.92 0.62 0.93 0.72 0.91 1.00 1.00 0.98 0.93 0.64 0.78 0.91 0.58 0.86 0.92 0.92 0.92 0.93 0.92 0.92 0.92 0.88 0.92 0.88
0.63 0.83 0.83 0.80 0.50 0.75 0.83 0.80 0.76 0.81 0.86 0.88 0.81 1.00 0.97 0.85 0.52 0.86 0.61 0.84 1.00 1.00 0.97 0.86 0.53 0.67 0.84 0.47 0.77 0.84 0.84 0.84 0.86 0.84 0.84 0.84 0.80 0.84 0.80
0.51 0.72 0.72 0.69 0.38 0.64 0.72 0.67 0.62 0.70 0.77 0.79 0.70 1.00 0.93 0.75 0.42 0.76 0.48 0.72 1.00 1.00 0.95 0.76 0.41 0.52 0.72 0.36 0.63 0.72 0.72 0.72 0.76 0.72 0.72 0.72 0.68 0.72 0.68
0.66 0.85 0.85 0.83 0.53 0.77 0.85 0.82 0.78 0.82 0.88 0.89 0.82 1.00 0.97 0.88 0.55 0.89 0.64 0.86 1.00 1.00 0.98 0.89 0.56 0.69 0.86 0.51 0.80 0.86 0.86 0.86 0.89 0.86 0.86 0.86 0.83 0.86 0.83
0.52 0.74 0.74 0.70 0.38 0.65 0.74 0.69 0.64 0.71 0.78 0.80 0.71 1.00 0.93 0.76 0.42 0.77 0.49 0.72 1.00 1.00 0.95 0.77 0.42 0.53 0.72 0.37 0.64 0.73 0.72 0.72 0.77 0.73 0.72 0.72 0.68 0.73 0.68
0.95 1.00 1.00 1.00 0.90 0.99 1.00 0.99 0.99 1.00 1.00 1.00 1.00 1.00 1.00 1.00 0.88 1.00 0.95 1.00 1.00 1.00 1.00 1.00 0.94 0.98 1.00 0.90 0.99 1.00 1.00 1.00 1.00 1.00 1.00 1.00 1.00 1.00 1.00
0.75 0.92 0.92 0.90 0.63 0.85 0.92 0.90 0.86 0.90 0.93 0.94 0.90 1.00 0.98 0.93 0.64 0.94 0.74 0.92 1.00 1.00 0.99 0.94 0.66 0.80 0.92 0.61 0.88 0.93 0.93 0.93 0.94 0.93 0.93 0.93 0.90 0.93 0.90
0.53 0.75 0.75 0.71 0.40 0.66 0.75 0.70 0.66 0.72 0.79 0.81 0.72 1.00 0.94 0.78 0.43 0.79 0.50 0.75 1.00 1.00 0.95 0.79 0.43 0.54 0.75 0.38 0.66 0.75 0.74 0.74 0.79 0.75 0.74 0.74 0.70 0.75 0.70
0.74 0.91 0.91 0.89 0.62 0.85 0.91 0.89 0.85 0.89 0.93 0.94 0.89 1.00 0.98 0.93 0.63 0.93 0.72 0.91 1.00 1.00 0.99 0.93 0.65 0.79 0.91 0.59 0.87 0.92 0.92 0.92 0.93 0.92 0.92 0.92 0.89 0.92 0.89
0.58 0.80 0.80 0.76 0.45 0.71 0.80 0.75 0.71 0.77 0.82 0.84 0.77 1.00 0.95 0.82 0.49 0.83 0.56 0.79 1.00 1.00 0.96 0.83 0.47 0.61 0.79 0.42 0.72 0.79 0.79 0.79 0.83 0.79 0.79 0.79 0.75 0.79 0.75
0.66 0.85 0.85 0.83 0.54 0.78 0.85 0.82 0.78 0.83 0.88 0.89 0.83 1.00 0.96 0.88 0.55 0.88 0.64 0.85 1.00 1.00 0.97 0.88 0.56 0.70 0.85 0.51 0.79 0.86 0.86 0.86 0.88 0.86 0.86 0.86 0.83 0.86 0.83
0.72 0.89 0.89 0.87 0.59 0.82 0.89 0.86 0.83 0.86 0.91 0.92 0.86 1.00 0.98 0.91 0.60 0.91 0.69 0.89 1.00 1.00 0.98 0.91 0.60 0.75 0.89 0.55 0.84 0.90 0.90 0.90 0.91 0.90 0.90 0.90 0.87 0.90 0.87
0.48 0.69 0.69 0.66 0.36 0.60 0.69 0.65 0.60 0.67 0.74 0.77 0.67 1.00 0.92 0.72 0.39 0.73 0.44 0.68 1.00 1.00 0.93 0.73 0.38 0.48 0.68 0.32 0.59 0.69 0.68 0.68 0.73 0.69 0.68 0.68 0.64 0.69 0.64
0.85 0.97 0.97 0.96 0.76 0.93 0.97 0.95 0.93 0.96 0.97 0.98 0.96 1.00 0.99 0.97 0.75 0.98 0.84 0.97 1.00 1.00 0.99 0.98 0.79 0.90 0.97 0.74 0.95 0.97 0.98 0.98 0.98 0.97 0.98 0.98 0.96 0.97 0.96
0.95 1.00 1.00 0.99 0.90 0.99 1.00 0.99 0.99 0.99 1.00 1.00 0.99 1.00 1.00 1.00 0.90 1.00 0.95 1.00 1.00 1.00 1.00 1.00 0.94 0.98 1.00 0.90 0.99 1.00 1.00 1.00 1.00 1.00 1.00 1.00 0.99 1.00 0.99
0.86 0.97 0.97 0.96 0.77 0.94 0.97 0.96 0.94 0.96 0.98 0.98 0.96 1.00 1.00 0.98 0.76 0.98 0.86 0.98 1.00 1.00 1.00 0.98 0.81 0.92 0.98 0.76 0.96 0.98 0.98 0.98 0.98 0.98 0.98 0.98 0.97 0.98 0.97
0.76 0.92 0.92 0.90 0.64 0.86 0.92 0.90 0.86 0.90 0.93 0.94 0.90 1.00 0.98 0.94 0.65 0.94 0.74 0.93 1.00 1.00 0.99 0.94 0.67 0.80 0.93 0.61 0.88 0.93 0.93 0.93 0.94 0.93 0.93 0.93 0.91 0.93 0.91
0.67 0.86 0.86 0.84 0.53 0.78 0.86 0.83 0.79 0.83 0.88 0.90 0.83 1.00 0.97 0.88 0.55 0.89 0.64 0.86 1.00 1.00 0.97 0.89 0.56 0.70 0.86 0.51 0.80 0.86 0.86 0.87 0.89 0.86 0.86 0.87 0.83 0.86 0.83
0.55 0.76 0.76 0.72 0.42 0.68 0.76 0.71 0.66 0.74 0.79 0.82 0.74 1.00 0.94 0.78 0.45 0.79 0.52 0.76 1.00 1.00 0.95 0.79 0.45 0.56 0.76 0.40 0.67 0.76 0.75 0.75 0.79 0.76 0.75 0.75 0.71 0.76 0.71
0.76 0.93 0.93 0.91 0.65 0.87 0.93 0.90 0.87 0.91 0.94 0.95 0.91 1.00 0.99 0.94 0.65 0.94 0.75 0.93 1.00 1.00 0.99 0.94 0.68 0.81 0.93 0.63 0.89 0.93 0.93 0.93 0.94 0.93 0.93 0.93 0.91 0.93 0.91
0.96 1.00 1.00 1.00 0.92 0.99 1.00 1.00 0.99 1.00 1.00 1.00 1.00 1.00 1.00 1.00 0.91 1.00 0.95 1.00 1.00 1.00 1.00 1.00 0.95 0.99 1.00 0.91 1.00 1.00 1.00 1.00 1.00 1.00 1.00 1.00 1.00 1.00 1.00
0.50 0.71 0.71 0.67 0.36 0.62 0.71 0.66 0.61 0.69 0.76 0.79 0.69 1.00 0.93 0.75 0.40 0.75 0.46 0.70 1.00 1.00 0.94 0.75 0.40 0.49 0.70 0.35 0.61 0.71 0.70 0.70 0.75 0.71 0.70 0.70 0.66 0.71 0.66
0.95 1.00 1.00 1.00 0.90 0.99 1.00 0.99 0.99 0.99 1.00 1.00 0.99 1.00 1.00 1.00 0.89 1.00 0.94 1.00 1.00 1.00 1.00 1.00 0.94 0.98 1.00 0.90 0.99 1.00 1.00 1.00 1.00 1.00 1.00 1.00 0.99 1.00 0.99
0.91 0.99 0.99 0.98 0.83 0.96 0.99 0.98 0.97 0.98 0.99 0.99 0.98 1.00 1.00 0.99 0.83 0.99 0.90 0.99 1.00 1.00 1.00 0.99 0.87 0.95 0.99 0.83 0.98 0.99 0.99 0.99 0.99 0.99 0.99 0.99 0.98 0.99 0.98
0.76 0.93 0.93 0.91 0.64 0.86 0.93 0.90 0.87 0.90 0.94 0.95 0.90 1.00 0.98 0.94 0.65 0.95 0.75 0.93 1.00 1.00 0.99 0.95 0.66 0.81 0.93 0.61 0.89 0.93 0.94 0.94 0.95 0.93 0.94 0.94 0.91 0.93 0.91
0.64 0.84 0.84 0.82 0.52 0.77 0.84 0.81 0.77 0.82 0.87 0.89 0.82 1.00 0.96 0.87 0.54 0.87 0.63 0.85 1.00 1.00 0.97 0.87 0.55 0.68 0.85 0.50 0.78 0.85 0.85 0.85 0.87 0.85 0.85 0.85 0.82 0.85 0.82
0.93 0.99 0.99 0.99 0.87 0.98 0.99 0.99 0.98 0.99 0.99 1.00 0.99 1.00 1.00 0.99 0.85 1.00 0.92 1.00 1.00 1.00 1.00 1.00 0.90 0.97 1.00 0.86 0.99 1.00 1.00 1.00 1.00 1.00 1.00 1.00 0.99 1.00 0.99
0.78 0.94 0.94 0.92 0.67 0.89 0.94 0.91 0.88 0.92 0.95 0.95 0.92 1.00 0.99 0.95 0.67 0.95 0.77 0.94 1.00 1.00 0.99 0.95 0.69 0.83 0.94 0.64 0.90 0.95 0.94 0.95 0.95 0.95 0.94 0.95 0.92 0.95 0.92
0.95 1.00 1.00 0.99 0.90 0.99 1.00 0.99 0.99 0.99 1.00 1.00 0.99 1.00 1.00 1.00 0.88 1.00 0.95 1.00 1.00 1.00 1.00 1.00 0.94 0.98 1.00 0.90 0.99 1.00 1.00 1.00 1.00 1.00 1.00 1.00 1.00 1.00 1.00
0.47 0.69 0.69 0.65 0.34 0.59 0.69 0.64 0.59 0.66 0.74 0.77 0.66 1.00 0.92 0.72 0.38 0.73 0.43 0.67 1.00 1.00 0.93 0.73 0.38 0.47 0.67 0.33 0.58 0.67 0.67 0.67 0.73 0.67 0.67 0.67 0.63 0.67 0.63
0.88 0.98 0.98 0.98 0.80 0.95 0.98 0.97 0.96 0.97 0.98 0.99 0.97 1.00 1.00 0.99 0.79 0.99 0.88 0.99 1.00 1.00 1.00 0.99 0.84 0.93 0.99 0.79 0.97 0.99 0.99 0.99 0.99 0.99 0.99 0.99 0.98 0.99 0.98
0.55 0.77 0.77 0.74 0.44 0.69 0.77 0.73 0.68 0.75 0.81 0.83 0.75 1.00 0.94 0.79 0.45 0.80 0.53 0.76 1.00 1.00 0.95 0.80 0.45 0.58 0.76 0.40 0.68 0.76 0.76 0.76 0.80 0.76 0.76 0.76 0.72 0.76 0.72
0.47 0.69 0.69 0.65 0.34 0.60 0.69 0.64 0.59 0.67 0.74 0.77 0.67 1.00 0.93 0.72 0.39 0.73 0.45 0.69 1.00 1.00 0.94 0.73 0.39 0.49 0.69 0.34 0.60 0.69 0.69 0.69 0.73 0.69 0.69 0.69 0.64 0.69 0.64
0.86 0.98 0.98 0.96 0.78 0.94 0.98 0.96 0.94 0.96 0.98 0.98 0.96 1.00 1.00 0.98 0.76 0.98 0.85 0.98 1.00 1.00 1.00 0.98 0.81 0.91 0.98 0.75 0.96 0.98 0.98 0.98 0.98 0.98 0.98 0.98 0.97 0.98 0.97
0.94 1.00 1.00 0.99 0.88 0.98 1.00 0.99 0.98 0.99 1.00 1.00 0.99 1.00 1.00 1.00 0.88 1.00 0.93 1.00 1.00 1.00 1.00 1.00 0.92 0.98 1.00 0.88 0.99 1.00 1.00 1.00 1.00 1.00 1.00 1.00 0.99 1.00 0.99
0.78 0.94 0.94 0.92 0.68 0.88 0.94 0.92 0.89 0.92 0.95 0.96 0.92 1.00 0.99 0.95 0.67 0.95 0.77 0.94 1.00 1.00 0.99 0.95 0.70 0.83 0.94 0.65 0.90 0.94 0.94 0.94 0.95 0.94 0.94 0.94 0.92 0.94 0.92
0.71 0.90 0.90 0.88 0.59 0.83 0.90 0.87 0.84 0.87 0.91 0.92 0.87 1.00 0.98 0.91 0.60 0.91 0.70 0.89 1.00 1.00 0.98 0.91 0.61 0.75 0.89 0.56 0.84 0.90 0.90 0.90 0.91 0.90 0.90 0.90 0.86 0.90 0.86
0.53 0.74 0.74 0.71 0.40 0.66 0.74 0.70 0.65 0.72 0.79 0.81 0.72 1.00 0.94 0.78 0.44 0.78 0.51 0.74 1.00 1.00 0.95 0.78 0.43 0.55 0.74 0.38 0.66 0.75 0.74 0.74 0.78 0.75 0.74 0.74 0.70 0.75 0.70
0.92 0.99 0.99 0.99 0.87 0.98 0.99 0.99 0.98 0.99 0.99 1.00 0.99 1.00 1.00 0.99 0.85 1.00 0.93 1.00 1.00 1.00 1.00 1.00 0.91 0.97 1.00 0.86 0.99 1.00 1.00 1.00 1.00 1.00 1.00 1.00 0.99 1.00 0.99
0.53 0.75 0.75 0.71 0.40 0.65 0.75 0.70 0.65 0.71 0.79 0.81 0.71 1.00 0.94 0.77 0.43 0.78 0.50 0.74 1.00 1.00 0.94 0.78 0.43 0.55 0.74 0.38 0.66 0.75 0.74 0.74 0.78 0.75 0.74 0.74 0.69 0.75 0.69
0.71 0.89 0.89 0.87 0.58 0.82 0.89 0.86 0.83 0.87 0.91 0.92 0.87 1.00 0.98 0.90 0.59 0.91 0.69 0.89 1.00 1.00 0.98 0.91 0.60 0.75 0.89 0.55 0.84 0.89 0.89 0.89 0.91 0.89 0.89 0.89 0.87 0.89 0.87
0.64 0.84 0.84 0.81 0.51 0.76 0.84 0.80 0.76 0.82 0.87 0.88 0.82 1.00 0.96 0.86 0.53 0.87 0.62 0.84 1.00 1.00 0.97 0.87 0.54 0.68 0.84 0.49 0.78 0.85 0.84 0.84 0.87 0.85 0.84 0.84 0.81 0.85 0.81
0.93 1.00 1.00 0.99 0.88 0.98 1.00 0.99 0.98 0.99 1.00 1.00 0.99 1.00 1.00 0.99 0.86 1.00 0.93 1.00 1.00 1.00 1.00 1.00 0.92 0.97 1.00 0.88 0.99 1.00 1.00 1.00 1.00 1.00 1.00 1.00 0.99 1.00 0.99
0.92 0.99 0.99 0.99 0.85 0.97 0.99 0.99 0.97 0.99 0.99 0.99 0.99 1.00 1.00 0.99 0.83 1.00 0.90 0.99 1.00 1.00 1.00 1.00 0.88 0.96 0.99 0.83 0.98 0.99 0.99 0.99 1.00 0.99 0.99 0.99 0.99 0.99 0.99
0.80 0.95 0.95 0.93 0.70 0.90 0.95 0.93 0.90 0.93 0.95 0.96 0.93 1.00 0.99 0.96 0.70 0.96 0.80 0.96 1.00 1.00 0.99 0.96 0.73 0.86 0.96 0.69 0.92 0.96 0.96 0.96 0.96 0.96 0.96 0.96 0.94 0.96 0.94
0.94 1.00 1.00 0.99 0.89 0.98 1.00 0.99 0.98 0.99 1.00 1.00 0.99 1.00 1.00 1.00 0.87 1.00 0.93 1.00 1.00 1.00 1.00 1.00 0.93 0.97 1.00 0.88 0.99 1.00 1.00 1.00 1.00 1.00 1.00 1.00 0.99 1.00 0.99
0.55 0.77 0.77 0.74 0.43 0.68 0.77 0.72 0.68 0.74 0.81 0.83 0.74 1.00 0.94 0.80 0.46 0.80 0.53 0.76 1.00 1.00 0.95 0.80 0.45 0.58 0.76 0.41 0.69 0.77 0.77 0.77 0.80 0.77 0.77 0.77 0.72 0.77 0.72
0.76 0.92 0.92 0.90 0.64 0.86 0.92 0.90 0.86 0.90 0.93 0.94 0.90 1.00 0.98 0.93 0.64 0.94 0.74 0.92 1.00 1.00 0.99 0.94 0.66 0.80 0.92 0.61 0.88 0.93 0.92 0.93 0.94 0.93 0.92 0.93 0.90 0.93 0.90
0.78 0.93 0.93 0.92 0.66 0.88 0.93 0.91 0.88 0.92 0.95 0.95 0.92 1.00 0.99 0.94 0.66 0.95 0.76 0.94 1.00 1.00 0.99 0.95 0.69 0.82 0.94 0.64 0.90 0.94 0.94 0.94 0.95 0.94 0.94 0.94 0.92 0.94 0.92
0.65 0.84 0.84 0.82 0.53 0.77 0.84 0.81 0.77 0.82 0.87 0.88 0.82 1.00 0.96 0.87 0.54 0.87 0.62 0.84 1.00 1.00 0.97 0.87 0.55 0.68 0.84 0.50 0.78 0.85 0.85 0.85 0.87 0.85 0.85 0.85 0.81 0.85 0.81
0.50 0.71 0.71 0.67 0.37 0.63 0.71 0.66 0.61 0.69 0.76 0.78 0.69 1.00 0.93 0.74 0.40 0.74 0.47 0.71 1.00 1.00 0.94 0.74 0.39 0.50 0.71 0.34 0.61 0.71 0.70 0.70 0.74 0.71 0.70 0.70 0.66 0.71 0.66
0.77 0.94 0.94 0.92 0.67 0.88 0.94 0.92 0.89 0.91 0.95 0.95 0.91 1.00 0.99 0.95 0.67 0.95 0.77 0.94 1.00 1.00 0.99 0.95 0.70 0.83 0.94 0.65 0.90 0.94 0.95 0.94 0.95 0.94 0.95 0.95 0.92 0.94 0.92
0.63 0.84 0.84 0.81 0.52 0.76 0.84 0.80 0.76 0.81 0.87 0.88 0.81 1.00 0.96 0.86 0.53 0.86 0.62 0.85 1.00 1.00 0.97 0.86 0.55 0.68 0.85 0.50 0.78 0.85 0.85 0.85 0.86 0.85 0.85 0.85 0.81 0.85 0.81
0.89 0.99 0.99 0.98 0.82 0.96 0.99 0.98 0.96 0.98 0.99 0.99 0.98 1.00 1.00 0.99 0.80 0.99 0.89 0.99 1.00 1.00 1.00 0.99 0.85 0.94 0.99 0.80 0.97 0.99 0.99 0.99 0.99 0.99 0.99 0.99 0.98 0.99 0.98
0.45 0.67 0.67 0.64 0.33 0.59 0.67 0.63 0.57 0.66 0.73 0.76 0.66 1.00 0.92 0.71 0.36 0.71 0.42 0.66 1.00 1.00 0.93 0.71 0.36 0.45 0.66 0.31 0.56 0.66 0.66 0.65 0.71 0.66 0.66 0.66 0.62 0.66 0.62
0.94 1.00 1.00 0.99 0.89 0.98 1.00 0.99 0.98 0.99 1.00 1.00 0.99 1.00 1.00 1.00 0.87 1.00 0.93 1.00 1.00 1.00 1.00 1.00 0.92 0.98 1.00 0.88 0.99 1.00 1.00 1.00 1.00 1.00 1.00 1.00 0.99 1.00 0.99
0.73 0.90 0.90 0.88 0.61 0.83 0.90 0.87 0.84 0.88 0.92 0.93 0.88 1.00 0.98 0.92 0.62 0.92 0.71 0.91 1.00 1.00 0.98 0.92 0.62 0.78 0.91 0.58 0.86 0.92 0.91 0.91 0.92 0.92 0.91 0.91 0.89 0.92 0.89
0.78 0.94 0.94 0.92 0.68 0.88 0.94 0.92 0.89 0.92 0.95 0.96 0.92 1.00 0.99 0.95 0.67 0.96 0.77 0.95 1.00 1.00 0.99 0.96 0.71 0.84 0.95 0.65 0.91 0.95 0.95 0.95 0.96 0.95 0.95 0.95 0.92 0.95 0.92
0.46 0.68 0.68 0.65 0.34 0.59 0.68 0.64 0.58 0.65 0.72 0.75 0.65 1.00 0.92 0.72 0.37 0.71 0.43 0.67 1.00 1.00 0.93 0.71 0.38 0.46 0.67 0.32 0.57 0.67 0.66 0.66 0.71 0.67 0.66 0.66 0.62 0.67 0.62
0.85 0.97 0.97 0.96 0.77 0.94 0.97 0.96 0.94 0.96 0.98 0.98 0.96 1.00 1.00 0.98 0.76 0.98 0.84 0.97 1.00 1.00 1.00 0.98 0.79 0.90 0.97 0.74 0.95 0.98 0.98 0.98 0.98 0.98 0.98 0.98 0.96 0.98 0.96
0.89 0.99 0.99 0.98 0.81 0.96 0.99 0.98 0.96 0.98 0.99 0.99 0.98 1.00 1.00 0.99 0.80 0.99 0.89 0.99 1.00 1.00 1.00 0.99 0.85 0.94 0.99 0.80 0.98 0.99 0.99 0.99 0.99 0.99 0.99 0.99 0.98 0.99 0.98
0.92 0.99 0.99 0.99 0.86 0.97 0.99 0.99 0.98 0.99 0.99 0.99 0.99 1.00 1.00 0.99 0.85 1.00 0.92 0.99 1.00 1.00 1.00 1.00 0.90 0.97 0.99 0.85 0.98 1.00 1.00 1.00 1.00 1.00 1.00 1.00 0.99 1.00 0.99
0.56 0.78 0.78 0.75 0.43 0.69 0.78 0.74 0.69 0.75 0.81 0.83 0.75 1.00 0.94 0.80 0.46 0.81 0.54 0.77 1.00 1.00 0.95 0.81 0.46 0.57 0.77 0.40 0.69 0.78 0.77 0.77 0.81 0.78 0.77 0.78 0.74 0.78 0.74
0.59 0.80 0.80 0.77 0.46 0.72 0.80 0.76 0.72 0.78 0.83 0.85 0.78 1.00 0.95 0.82 0.49 0.83 0.57 0.80 1.00 1.00 0.96 0.83 0.49 0.62 0.80 0.44 0.72 0.80 0.80 0.80 0.83 0.80 0.80 0.80 0.76 0.80 0.76
0.57 0.78 0.78 0.75 0.44 0.68 0.78 0.73 0.69 0.75 0.82 0.84 0.75 1.00 0.95 0.80 0.47 0.81 0.54 0.77 1.00 1.00 0.95 0.81 0.46 0.58 0.77 0.40 0.69 0.77 0.77 0.77 0.81 0.77 0.77 0.77 0.73 0.77 0.73
0.80 0.94 0.94 0.93 0.68 0.90 0.94 0.92 0.89 0.93 0.95 0.96 0.93 1.00 0.99 0.95 0.68 0.96 0.78 0.95 1.00 1.00 0.99 0.96 0.71 0.84 0.95 0.65 0.91 0.95 0.95 0.95 0.96 0.95 0.95 0.95 0.93 0.95 0.93
0.53 0.74 0.74 0.70 0.39 0.65 0.74 0.69 0.64 0.72 0.78 0.81 0.72 1.00 0.94 0.76 0.42 0.77 0.49 0.73 1.00 1.00 0.95 0.77 0.42 0.53 0.73 0.37 0.64 0.74 0.73 0.72 0.77 0.74 0.73 0.72 0.68 0.74 0.68
0.80 0.95 0.95 0.93 0.69 0.90 0.95 0.93 0.90 0.93 0.96 0.96 0.93 1.00 0.99 0.96 0.69 0.96 0.78 0.95 1.00 1.00 0.99 0.96 0.72 0.85 0.95 0.67 0.91 0.95 0.95 0.95 0.96 0.95 0.95 0.95 0.93 0.95 0.93
0.50 0.72 0.72 0.69 0.39 0.63 0.72 0.68 0.63 0.70 0.77 0.79 0.70 1.00 0.93 0.76 0.41 0.76 0.47 0.71 1.00 1.00 0.94 0.76 0.41 0.51 0.71 0.36 0.63 0.72 0.72 0.72 0.76 0.72 0.72 0.72 0.67 0.72 0.67
0.50 0.72 0.72 0.68 0.37 0.63 0.72 0.67 0.62 0.69 0.76 0.79 0.69 1.00 0.93 0.74 0.40 0.75 0.47 0.71 1.00 1.00 0.94 0.75 0.39 0.50 0.71 0.35 0.63 0.71 0.71 0.70 0.75 0.71 0.71 0.71 0.66 0.71 0.66
0.77 0.93 0.93 0.92 0.66 0.87 0.93 0.91 0.88 0.91 0.94 0.95 0.91 1.00 0.99 0.94 0.66 0.95 0.77 0.94 1.00 1.00 0.99 0.95 0.69 0.82 0.94 0.64 0.90 0.94 0.94 0.94 0.95 0.94 0.94 0.94 0.92 0.94 0.92
0.46 0.68 0.68 0.64 0.33 0.59 0.68 0.63 0.58 0.65 0.73 0.76 0.65 1.00 0.92 0.71 0.37 0.71 0.41 0.65 1.00 1.00 0.93 0.71 0.36 0.45 0.65 0.31 0.57 0.66 0.65 0.65 0.71 0.66 0.65 0.65 0.62 0.66 0.62
0.74 0.91 0.91 0.89 0.62 0.85 0.91 0.89 0.85 0.89 0.93 0.94 0.89 1.00 0.98 0.92 0.62 0.93 0.72 0.92 1.00 1.00 0.98 0.93 0.65 0.79 0.92 0.59 0.87 0.92 0.92 0.92 0.93 0.92 0.92 0.92 0.89 0.92 0.89
0.82 0.96 0.96 0.94 0.71 0.91 0.96 0.94 0.91 0.95 0.96 0.97 0.95 1.00 0.99 0.97 0.72 0.97 0.81 0.96 1.00 1.00 0.99 0.97 0.75 0.87 0.96 0.70 0.93 0.96 0.97 0.97 0.97 0.96 0.97 0.97 0.95 0.96 0.95
0.58 0.79 0.79 0.76 0.45 0.71 0.79 0.74 0.70 0.77 0.82 0.84 0.77 1.00 0.95 0.81 0.48 0.82 0.55 0.78 1.00 1.00 0.96 0.82 0.47 0.59 0.78 0.41 0.71 0.79 0.79 0.79 0.82 0.79 0.79 0.79 0.75 0.79 0.75
0.95 1.00 1.00 1.00 0.92 0.99 1.00 1.00 0.99 1.00 1.00 1.00 1.00 1.00 1.00 1.00 0.90 1.00 0.95 1.00 1.00 1.00 1.00 1.00 0.95 0.99 1.00 0.91 0.99 1.00 1.00 1.00 1.00 1.00 1.00 1.00 1.00 1.00 1.00
0.85 0.97 0.97 0.96 0.75 0.93 0.97 0.96 0.94 0.96 0.97 0.98 0.96 1.00 0.99 0.97 0.74 0.98 0.83 0.97 1.00 1.00 0.99 0.98 0.79 0.90 0.97 0.73 0.95 0.97 0.97 0.97 0.98 0.97 0.97 0.97 0.96 0.97 0.96
0.62 0.82 0.82 0.79 0.49 0.73 0.82 0.78 0.73 0.79 0.85 0.87 0.79 1.00 0.96 0.84 0.50 0.85 0.59 0.81 1.00 1.00 0.97 0.85 0.51 0.64 0.81 0.45 0.75 0.82 0.82 0.82 0.85 0.82 0.82 0.82 0.78 0.82 0.78
0.84 0.97 0.97 0.96 0.74 0.93 0.97 0.95 0.93 0.95 0.97 0.98 0.95 1.00 0.99 0.97 0.73 0.98 0.83 0.97 1.00 1.00 0.99 0.98 0.77 0.89 0.97 0.73 0.95 0.97 0.97 0.97 0.98 0.97 0.97 0.97 0.96 0.97 0.96
0.75 0.92 0.92 0.90 0.64 0.86 0.92 0.89 0.86 0.90 0.93 0.94 0.90 1.00 0.98 0.93 0.64 0.94 0.74 0.93 1.00 1.00 0.99 0.94 0.66 0.81 0.93 0.61 0.88 0.93 0.93 0.93 0.94 0.93 0.93 0.93 0.90 0.93 0.90
0.64 0.84 0.84 0.82 0.51 0.76 0.84 0.81 0.76 0.82 0.87 0.89 0.82 1.00 0.97 0.86 0.54 0.87 0.61 0.84 1.00 1.00 0.97 0.87 0.54 0.67 0.84 0.48 0.77 0.84 0.84 0.84 0.87 0.84 0.84 0.84 0.81 0.84 0.81
0.85 0.97 0.97 0.96 0.75 0.93 0.97 0.96 0.93 0.96 0.97 0.97 0.96 1.00 0.99 0.98 0.74 0.98 0.84 0.97 1.00 1.00 1.00 0.98 0.79 0.90 0.97 0.74 0.95 0.97 0.98 0.98 0.98 0.97 0.98 0.98 0.96 0.97 0.96
0.49 0.70 0.70 0.67 0.36 0.62 0.70 0.66 0.61 0.69 0.75 0.78 0.69 1.00 0.93 0.74 0.39 0.74 0.46 0.70 1.00 1.00 0.94 0.74 0.39 0.50 0.70 0.34 0.61 0.70 0.69 0.69 0.74 0.70 0.69 0.69 0.65 0.70 0.65
0.89 0.98 0.98 0.97 0.81 0.95 0.98 0.97 0.96 0.97 0.99 0.99 0.97 1.00 1.00 0.99 0.78 0.99 0.88 0.99 1.00 1.00 1.00 0.99 0.84 0.93 0.99 0.79 0.97 0.99 0.99 0.99 0.99 0.99 0.99 0.99 0.98 0.99 0.98
0.56 0.77 0.77 0.74 0.42 0.68 0.77 0.72 0.68 0.74 0.80 0.82 0.74 1.00 0.94 0.78 0.44 0.79 0.52 0.76 1.00 1.00 0.95 0.79 0.45 0.56 0.76 0.40 0.68 0.76 0.75 0.76 0.79 0.76 0.75 0.76 0.72 0.76 0.72
0.55 0.76 0.76 0.72 0.42 0.67 0.76 0.72 0.67 0.73 0.80 0.82 0.73 1.00 0.94 0.79 0.45 0.80 0.53 0.76 1.00 1.00 0.95 0.80 0.45 0.57 0.76 0.40 0.68 0.76 0.76 0.76 0.80 0.76 0.76 0.76 0.72 0.76 0.72
0.71 0.88 0.88 0.86 0.57 0.81 0.88 0.85 0.81 0.86 0.90 0.92 0.86 1.00 0.97 0.91 0.59 0.91 0.68 0.89 1.00 1.00 0.98 0.91 0.60 0.74 0.89 0.55 0.83 0.89 0.89 0.89 0.91 0.89 0.89 0.89 0.86 0.89 0.86
0.52 0.73 0.73 0.70 0.38 0.65 0.73 0.68 0.64 0.71 0.77 0.80 0.71 1.00 0.93 0.76 0.41 0.77 0.49 0.73 1.00 1.00 0.94 0.77 0.42 0.52 0.73 0.37 0.64 0.73 0.72 0.72 0.77 0.73 0.72 0.72 0.68 0.73 0.68
0.50 0.71 0.71 0.68 0.37 0.64 0.71 0.66 0.62 0.70 0.76 0.78 0.70 1.00 0.93 0.74 0.41 0.75 0.47 0.71 1.00 1.00 0.94 0.75 0.40 0.50 0.71 0.35 0.62 0.71 0.70 0.70 0.75 0.71 0.70 0.70 0.67 0.71 0.67
0.64 0.84 0.84 0.81 0.51 0.76 0.84 0.80 0.76 0.81 0.87 0.88 0.81 1.00 0.96 0.86 0.52 0.87 0.62 0.84 1.00 1.00 0.97 0.87 0.54 0.67 0.84 0.49 0.77 0.84 0.84 0.84 0.87 0.84 0.84 0.84 0.81 0.84 0.81
0.83 0.96 0.96 0.95 0.72 0.91 0.96 0.94 0.92 0.95 0.97 0.97 0.95 1.00 0.99 0.96 0.72 0.97 0.81 0.96 1.00 1.00 0.99 0.97 0.75 0.87 0.96 0.70 0.93 0.96 0.96 0.96 0.97 0.96 0.96 0.96 0.94 0.96 0.94
0.52 0.74 0.74 0.69 0.38 0.65 0.74 0.68 0.64 0.71 0.78 0.80 0.71 1.00 0.93 0.76 0.42 0.77 0.49 0.73 1.00 1.00 0.94 0.77 0.42 0.53 0.73 0.37 0.64 0.73 0.73 0.73 0.77 0.73 0.73 0.73 0.69 0.73 0.69
0.93 0.99 0.99 0.99 0.87 0.98 0.99 0.99 0.98 0.99 0.99 1.00 0.99 1.00 1.00 0.99 0.86 1.00 0.92 1.00 1.00 1.00 1.00 1.00 0.91 0.97 1.00 0.86 0.99 1.00 1.00 1.00 1.00 1.00 1.00 1.00 0.99 1.00 0.99
0.71 0.89 0.89 0.87 0.60 0.82 0.89 0.86 0.83 0.87 0.91 0.92 0.87 1.00 0.98 0.91 0.59 0.92 0.70 0.90 1.00 1.00 0.98 0.92 0.61 0.76 0.90 0.57 0.84 0.90 0.90 0.90 0.92 0.90 0.90 0.90 0.87 0.90 0.87
0.45 0.67 0.67 0.63 0.33 0.58 0.67 0.62 0.57 0.65 0.72 0.74 0.65 1.00 0.91 0.70 0.36 0.71 0.42 0.67 1.00 1.00 0.93 0.71 0.37 0.45 0.67 0.32 0.57 0.67 0.66 0.66 0.71 0.67 0.66 0.66 0.62 0.67 0.62
0.66 0.85 0.85 0.83 0.53 0.78 0.85 0.82 0.78 0.83 0.88 0.89 0.83 1.00 0.97 0.88 0.56 0.88 0.65 0.86 1.00 1.00 0.97 0.88 0.56 0.69 0.86 0.51 0.80 0.86 0.86 0.86 0.88 0.86 0.86 0.86 0.83 0.86 0.83
0.64 0.84 0.84 0.81 0.51 0.76 0.84 0.80 0.77 0.82 0.87 0.88 0.82 1.00 0.96 0.86 0.54 0.87 0.62 0.84 1.00 1.00 0.97 0.87 0.55 0.68 0.84 0.50 0.78 0.84 0.84 0.84 0.87 0.84 0.84 0.84 0.81 0.84 0.81
0.94 1.00 1.00 0.99 0.87 0.98 1.00 0.99 0.98 0.99 1.00 1.00 0.99 1.00 1.00 1.00 0.86 1.00 0.93 1.00 1.00 1.00 1.00 1.00 0.92 0.97 1.00 0.87 0.99 1.00 1.00 1.00 1.00 1.00 1.00 1.00 0.99 1.00 0.99
0.79 0.94 0.94 0.93 0.69 0.89 0.94 0.92 0.89 0.93 0.95 0.96 0.93 1.00 0.99 0.96 0.69 0.96 0.78 0.95 1.00 1.00 0.99 0.96 0.72 0.85 0.95 0.67 0.92 0.95 0.96 0.96 0.96 0.95 0.96 0.96 0.93 0.95 0.93
0.45 0.68 0.68 0.64 0.33 0.59 0.68 0.63 0.58 0.66 0.72 0.76 0.66 1.00 0.92 0.71 0.36 0.72 0.42 0.66 1.00 1.00 0.93 0.72 0.36 0.46 0.66 0.31 0.57 0.67 0.66 0.66 0.72 0.67 0.66 0.66 0.62 0.67 0.62
0.82 0.96 0.96 0.95 0.73 0.91 0.96 0.94 0.92 0.94 0.97 0.97 0.94 1.00 0.99 0.97 0.72 0.97 0.82 0.97 1.00 1.00 0.99 0.97 0.76 0.88 0.97 0.71 0.94 0.97 0.97 0.97 0.97 0.97 0.97 0.97 0.95 0.97 0.95
0.76 0.92 0.92 0.90 0.64 0.85 0.92 0.89 0.86 0.90 0.93 0.94 0.90 1.00 0.98 0.93 0.64 0.94 0.74 0.93 1.00 1.00 0.99 0.94 0.67 0.80 0.93 0.61 0.88 0.93 0.93 0.93 0.94 0.93 0.93 0.93 0.90 0.93 0.90
0.54 0.76 0.76 0.73 0.41 0.68 0.76 0.72 0.67 0.74 0.79 0.82 0.74 1.00 0.94 0.78 0.46 0.80 0.52 0.76 1.00 1.00 0.95 0.80 0.44 0.56 0.76 0.39 0.68 0.76 0.76 0.76 0.80 0.76 0.76 0.76 0.71 0.76 0.71
0.86 0.97 0.97 0.96 0.76 0.93 0.97 0.96 0.94 0.96 0.97 0.98 0.96 1.00 0.99 0.97 0.75 0.98 0.84 0.98 1.00 1.00 1.00 0.98 0.80 0.91 0.98 0.75 0.95 0.98 0.98 0.98 0.98 0.98 0.98 0.98 0.96 0.98 0.96
0.71 0.89 0.89 0.87 0.59 0.82 0.89 0.86 0.83 0.87 0.91 0.92 0.87 1.00 0.98 0.90 0.60 0.91 0.70 0.89 1.00 1.00 0.98 0.91 0.62 0.75 0.89 0.57 0.84 0.90 0.90 0.90 0.91 0.90 0.90 0.90 0.87 0.90 0.87
0.67 0.86 0.86 0.83 0.53 0.78 0.86 0.82 0.78 0.83 0.88 0.89 0.83 1.00 0.97 0.87 0.54 0.88 0.64 0.86 1.00 1.00 0.97 0.88 0.55 0.69 0.86 0.51 0.79 0.86 0.86 0.85 0.88 0.86 0.86 0.86 0.82 0.86 0.82
0.55 0.77 0.77 0.73 0.42 0.69 0.77 0.72 0.67 0.75 0.80 0.83 0.75 1.00 0.94 0.79 0.45 0.80 0.53 0.76 1.00 1.00 0.95 0.80 0.46 0.58 0.76 0.41 0.69 0.77 0.76 0.76 0.80 0.77 0.76 0.76 0.72 0.77 0.72
0.52 0.73 0.73 0.70 0.39 0.65 0.73 0.69 0.64 0.71 0.77 0.80 0.71 1.00 0.93 0.76 0.43 0.76 0.50 0.73 1.00 1.00 0.94 0.76 0.42 0.53 0.73 0.36 0.64 0.73 0.73 0.73 0.76 0.73 0.73 0.73 0.68 0.73 0.68
0.69 0.88 0.88 0.85 0.57 0.81 0.88 0.85 0.80 0.86 0.90 0.91 0.86 1.00 0.97 0.89 0.58 0.90 0.67 0.88 1.00 1.00 0.98 0.90 0.60 0.73 0.88 0.54 0.82 0.88 0.88 0.88 0.90 0.88 0.88 0.88 0.85 0.88 0.85
0.94 1.00 1.00 0.99 0.88 0.98 1.00 0.99 0.99 0.99 1.00 1.00 0.99 1.00 1.00 1.00 0.86 1.00 0.93 1.00 1.00 1.00 1.00 1.00 0.92 0.97 1.00 0.87 0.99 1.00 1.00 1.00 1.00 1.00 1.00 1.00 0.99 1.00 0.99
0.64 0.84 0.84 0.81 0.52 0.76 0.84 0.80 0.76 0.81 0.87 0.88 0.81 1.00 0.96 0.86 0.53 0.87 0.62 0.84 1.00 1.00 0.97 0.87 0.53 0.67 0.84 0.48 0.77 0.84 0.84 0.84 0.87 0.84 0.84 0.84 0.81 0.84 0.81
0.68 0.87 0.87 0.85 0.56 0.80 0.87 0.84 0.81 0.85 0.89 0.90 0.85 1.00 0.97 0.89 0.56 0.89 0.66 0.87 1.00 1.00 0.97 0.89 0.58 0.73 0.87 0.53 0.82 0.88 0.88 0.88 0.89 0.88 0.88 0.88 0.84 0.88 0.84
0.95 1.00 1.00 1.00 0.92 0.99 1.00 1.00 0.99 1.00 1.00 1.00 1.00 1.00 1.00 1.00 0.90 1.00 0.95 1.00 1.00 1.00 1.00 1.00 0.95 0.99 1.00 0.91 1.00 1.00 1.00 1.00 1.00 1.00 1.00 1.00 0.99 1.00 0.99
0.86 0.98 0.98 0.96 0.78 0.94 0.98 0.96 0.95 0.97 0.98 0.98 0.97 1.00 1.00 0.98 0.77 0.99 0.85 0.98 1.00 1.00 1.00 0.99 0.82 0.92 0.98 0.76 0.96 0.98 0.98 0.98 0.99 0.98 0.98 0.98 0.97 0.98 0.97
0.62 0.82 0.82 0.79 0.49 0.74 0.82 0.78 0.74 0.80 0.84 0.86 0.80 1.00 0.96 0.84 0.51 0.85 0.60 0.83 1.00 1.00 0.97 0.85 0.53 0.65 0.83 0.47 0.76 0.83 0.83 0.83 0.85 0.83 0.83 0.83 0.79 0.83 0.79
0.71 0.89 0.89 0.87 0.58 0.82 0.89 0.86 0.82 0.87 0.91 0.92 0.87 1.00 0.98 0.91 0.60 0.91 0.69 0.89 1.00 1.00 0.98 0.91 0.60 0.75 0.89 0.55 0.84 0.90 0.90 0.90 0.91 0.90 0.90 0.90 0.87 0.90 0.87
0.46 0.67 0.67 0.63 0.33 0.58 0.67 0.62 0.57 0.65 0.72 0.75 0.65 1.00 0.91 0.69 0.35 0.70 0.43 0.66 1.00 1.00 0.93 0.70 0.36 0.45 0.66 0.31 0.56 0.66 0.65 0.65 0.70 0.66 0.65 0.65 0.60 0.66 0.60
0.55 0.76 0.76 0.73 0.42 0.67 0.76 0.72 0.67 0.73 0.80 0.82 0.73 1.00 0.94 0.79 0.45 0.80 0.52 0.76 1.00 1.00 0.95 0.80 0.45 0.56 0.76 0.39 0.68 0.76 0.76 0.76 0.80 0.76 0.76 0.76 0.71 0.76 0.71
0.70 0.89 0.89 0.86 0.58 0.82 0.89 0.85 0.81 0.86 0.90 0.91 0.86 1.00 0.98 0.90 0.59 0.91 0.68 0.89 1.00 1.00 0.98 0.91 0.60 0.75 0.89 0.55 0.84 0.89 0.89 0.89 0.91 0.89 0.89 0.89 0.86 0.89 0.86
0.69 0.88 0.88 0.85 0.56 0.80 0.88 0.85 0.81 0.85 0.90 0.91 0.85 1.00 0.97 0.89 0.57 0.90 0.67 0.88 1.00 1.00 0.98 0.90 0.59 0.72 0.88 0.53 0.82 0.88 0.88 0.88 0.90 0.88 0.88 0.88 0.85 0.88 0.85
0.75 0.92 0.92 0.90 0.64 0.86 0.92 0.90 0.87 0.90 0.93 0.94 0.90 1.00 0.99 0.93 0.63 0.94 0.74 0.92 1.00 1.00 0.99 0.94 0.66 0.79 0.92 0.60 0.88 0.93 0.92 0.93 0.94 0.93 0.92 0.93 0.90 0.93 0.90
0.74 0.92 0.92 0.90 0.63 0.86 0.92 0.89 0.86 0.90 0.93 0.94 0.90 1.00 0.98 0.93 0.64 0.94 0.74 0.92 1.00 1.00 0.99 0.94 0.66 0.80 0.92 0.61 0.88 0.92 0.93 0.93 0.94 0.92 0.93 0.93 0.90 0.92 0.90
0.83 0.96 0.96 0.95 0.73 0.91 0.96 0.94 0.92 0.94 0.96 0.97 0.94 1.00 0.99 0.97 0.72 0.97 0.81 0.97 1.00 1.00 0.99 0.97 0.76 0.88 0.97 0.71 0.94 0.97 0.97 0.97 0.97 0.97 0.97 0.97 0.95 0.97 0.95
0.95 1.00 1.00 1.00 0.91 0.99 1.00 1.00 0.99 1.00 1.00 1.00 1.00 1.00 1.00 1.00 0.90 1.00 0.95 1.00 1.00 1.00 1.00 1.00 0.94 0.99 1.00 0.91 0.99 1.00 1.00 1.00 1.00 1.00 1.00 1.00 0.99 1.00 0.99
0.95 1.00 1.00 1.00 0.91 0.99 1.00 1.00 0.99 1.00 1.00 1.00 1.00 1.00 1.00 1.00 0.90 1.00 0.95 1.00 1.00 1.00 1.00 1.00 0.94 0.99 1.00 0.90 1.00 1.00 1.00 1.00 1.00 1.00 1.00 1.00 0.99 1.00 0.99
0.61 0.81 0.81 0.78 0.47 0.73 0.81 0.77 0.73 0.78 0.84 0.86 0.78 1.00 0.96 0.84 0.50 0.84 0.58 0.81 1.00 1.00 0.97 0.84 0.50 0.63 0.81 0.45 0.74 0.81 0.81 0.81 0.84 0.81 0.81 0.81 0.78 0.81 0.78
0.66 0.85 0.85 0.82 0.53 0.78 0.85 0.81 0.77 0.83 0.87 0.89 0.83 1.00 0.97 0.87 0.55 0.88 0.64 0.85 1.00 1.00 0.97 0.88 0.56 0.69 0.85 0.51 0.79 0.86 0.85 0.85 0.88 0.86 0.85 0.86 0.82 0.86 0.82
0.60 0.80 0.80 0.77 0.47 0.72 0.80 0.76 0.71 0.78 0.83 0.85 0.78 1.00 0.95 0.83 0.49 0.84 0.57 0.80 1.00 1.00 0.96 0.84 0.49 0.62 0.80 0.43 0.73 0.81 0.80 0.80 0.84 0.81 0.80 0.80 0.77 0.81 0.77
0.75 0.92 0.92 0.90 0.63 0.86 0.92 0.89 0.86 0.90 0.93 0.93 0.90 1.00 0.98 0.93 0.63 0.94 0.75 0.92 1.00 1.00 0.98 0.94 0.67 0.80 0.92 0.61 0.88 0.93 0.93 0.93 0.94 0.93 0.93 0.93 0.90 0.93 0.90
0.49 0.71 0.71 0.68 0.37 0.62 0.71 0.67 0.62 0.69 0.76 0.79 0.69 1.00 0.93 0.75 0.41 0.75 0.47 0.71 1.00 1.00 0.94 0.75 0.40 0.51 0.71 0.35 0.62 0.71 0.70 0.70 0.75 0.71 0.70 0.70 0.67 0.71 0.67
0.93 1.00 1.00 0.99 0.88 0.98 1.00 0.99 0.98 0.99 1.00 1.00 0.99 1.00 1.00 1.00 0.87 1.00 0.94 1.00 1.00 1.00 1.00 1.00 0.93 0.98 1.00 0.89 0.99 1.00 1.00 1.00 1.00 1.00 1.00 1.00 0.99 1.00 0.99
0.56 0.78 0.78 0.74 0.43 0.68 0.78 0.73 0.69 0.74 0.81 0.83 0.74 1.00 0.94 0.79 0.45 0.80 0.52 0.76 1.00 1.00 0.96 0.80 0.45 0.57 0.76 0.40 0.68 0.77 0.76 0.76 0.80 0.77 0.76 0.76 0.72 0.77 0.72
0.94 1.00 1.00 0.99 0.89 0.99 1.00 0.99 0.98 0.99 1.00 1.00 0.99 1.00 1.00 1.00 0.88 1.00 0.94 1.00 1.00 1.00 1.00 1.00 0.93 0.98 1.00 0.89 0.99 1.00 1.00 1.00 1.00 1.00 1.00 1.00 0.99 1.00 0.99
0.94 1.00 1.00 0.99 0.89 0.98 1.00 0.99 0.98 0.99 1.00 1.00 0.99 1.00 1.00 1.00 0.87 1.00 0.94 1.00 1.00 1.00 1.00 1.00 0.93 0.98 1.00 0.89 0.99 1.00 1.00 1.00 1.00 1.00 1.00 1.00 0.99 1.00 0.99
0.60 0.81 0.81 0.78 0.47 0.73 0.81 0.77 0.72 0.78 0.83 0.85 0.78 1.00 0.95 0.83 0.49 0.84 0.57 0.80 1.00 1.00 0.96 0.84 0.50 0.62 0.80 0.43 0.73 0.81 0.81 0.81 0.84 0.81 0.81 0.81 0.77 0.81 0.77
0.79 0.94 0.94 0.93 0.69 0.89 0.94 0.92 0.89 0.93 0.95 0.96 0.93 1.00 0.99 0.95 0.68 0.96 0.78 0.95 1.00 1.00 0.99 0.96 0.72 0.85 0.95 0.67 0.92 0.95 0.95 0.95 0.96 0.95 0.95 0.95 0.93 0.95 0.93
0.96 1.00 1.00 1.00 0.92 0.99 1.00 1.00 0.99 1.00 1.00 1.00 1.00 1.00 1.00 1.00 0.91 1.00 0.95 1.00 1.00 1.00 1.00 1.00 0.95 0.99 1.00 0.92 1.00 1.00 1.00 1.00 1.00 1.00 1.00 1.00 1.00 1.00 1.00
0.58 0.79 0.79 0.76 0.44 0.71 0.79 0.75 0.70 0.77 0.82 0.84 0.77 1.00 0.95 0.81 0.48 0.82 0.55 0.79 1.00 1.00 0.96 0.82 0.48 0.60 0.79 0.43 0.71 0.79 0.79 0.79 0.82 0.79 0.79 0.79 0.75 0.79 0.75
0.78 0.94 0.94 0.93 0.68 0.89 0.94 0.92 0.89 0.92 0.95 0.96 0.92 1.00 0.99 0.95 0.68 0.96 0.78 0.95 1.00 1.00 0.99 0.96 0.71 0.84 0.95 0.66 0.91 0.95 0.95 0.95 0.96 0.95 0.95 0.95 0.93 0.95 0.93
0.78 0.94 0.94 0.92 0.67 0.88 0.94 0.92 0.89 0.91 0.95 0.95 0.91 1.00 0.99 0.95 0.68 0.96 0.77 0.94 1.00 1.00 0.99 0.96 0.71 0.83 0.94 0.65 0.91 0.95 0.95 0.95 0.96 0.95 0.95 0.95 0.93 0.95 0.93
0.71 0.89 0.89 0.87 0.59 0.82 0.89 0.86 0.82 0.86 0.91 0.92 0.86 1.00 0.98 0.90 0.60 0.91 0.70 0.89 1.00 1.00 0.98 0.91 0.62 0.75 0.89 0.56 0.84 0.90 0.90 0.90 0.91 0.90 0.90 0.90 0.87 0.90 0.87
0.51 0.72 0.72 0.69 0.38 0.64 0.72 0.68 0.63 0.70 0.77 0.79 0.70 1.00 0.93 0.76 0.43 0.77 0.48 0.72 1.00 1.00 0.95 0.77 0.41 0.53 0.72 0.36 0.65 0.73 0.73 0.72 0.77 0.73 0.73 0.73 0.68 0.73 0.68
0.93 0.99 0.99 0.99 0.88 0.98 0.99 0.99 0.98 0.99 1.00 1.00 0.99 1.00 1.00 1.00 0.87 1.00 0.93 1.00 1.00 1.00 1.00 1.00 0.92 0.97 1.00 0.87 0.99 1.00 1.00 1.00 1.00 1.00 1.00 1.00 0.99 1.00 0.99
0.70 0.88 0.88 0.86 0.58 0.81 0.88 0.85 0.81 0.86 0.90 0.91 0.86 1.00 0.97 0.90 0.59 0.91 0.68 0.89 1.00 1.00 0.98 0.91 0.61 0.75 0.89 0.56 0.84 0.89 0.89 0.89 0.91 0.89 0.89 0.89 0.86 0.89 0.86
0.71 0.90 0.90 0.88 0.59 0.83 0.90 0.87 0.83 0.87 0.91 0.92 0.87 1.00 0.98 0.91 0.60 0.92 0.70 0.90 1.00 1.00 0.98 0.92 0.63 0.76 0.90 0.57 0.85 0.91 0.90 0.90 0.92 0.91 0.90 0.90 0.87 0.91 0.87
0.85 0.97 0.97 0.96 0.76 0.93 0.97 0.96 0.94 0.96 0.98 0.98 0.96 1.00 1.00 0.98 0.75 0.98 0.85 0.97 1.00 1.00 1.00 0.98 0.79 0.91 0.97 0.73 0.95 0.98 0.98 0.98 0.98 0.98 0.98 0.98 0.97 0.98 0.97
0.71 0.90 0.90 0.87 0.59 0.83 0.90 0.87 0.83 0.87 0.91 0.92 0.87 1.00 0.98 0.91 0.60 0.92 0.70 0.90 1.00 1.00 0.98 0.92 0.62 0.76 0.90 0.57 0.84 0.90 0.90 0.90 0.92 0.90 0.90 0.90 0.88 0.90 0.88
0.56 0.78 0.78 0.75 0.44 0.70 0.78 0.74 0.70 0.76 0.82 0.84 0.76 1.00 0.95 0.81 0.46 0.81 0.54 0.78 1.00 1.00 0.95 0.81 0.46 0.58 0.78 0.41 0.70 0.78 0.78 0.78 0.81 0.78 0.78 0.78 0.73 0.78 0.73
0.77 0.93 0.93 0.92 0.66 0.88 0.93 0.91 0.88 0.91 0.94 0.95 0.91 1.00 0.99 0.94 0.65 0.95 0.76 0.94 1.00 1.00 0.99 0.95 0.68 0.82 0.94 0.63 0.90 0.94 0.94 0.94 0.95 0.94 0.94 0.94 0.92 0.94 0.92
0.96 1.00 1.00 1.00 0.91 0.99 1.00 1.00 0.99 1.00 1.00 1.00 1.00 1.00 1.00 1.00 0.91 1.00 0.96 1.00 1.00 1.00 1.00 1.00 0.96 0.99 1.00 0.92 1.00 1.00 1.00 1.00 1.00 1.00 1.00 1.00 1.00 1.00 1.00
0.63 0.84 0.84 0.81 0.51 0.75 0.84 0.80 0.76 0.81 0.86 0.88 0.81 1.00 0.96 0.86 0.52 0.87 0.62 0.84 1.00 1.00 0.97 0.87 0.54 0.66 0.84 0.49 0.77 0.84 0.84 0.84 0.87 0.84 0.84 0.84 0.81 0.84 0.81
0.79 0.93 0.93 0.92 0.66 0.87 0.93 0.91 0.88 0.91 0.94 0.95 0.91 1.00 0.99 0.94 0.65 0.95 0.76 0.94 1.00 1.00 0.99 0.95 0.70 0.83 0.94 0.65 0.90 0.94 0.94 0.94 0.95 0.94 0.94 0.94 0.92 0.94 0.92
0.79 0.94 0.94 0.92 0.68 0.89 0.94 0.92 0.89 0.92 0.95 0.95 0.92 1.00 0.99 0.95 0.67 0.95 0.78 0.94 1.00 1.00 0.99 0.95 0.70 0.83 0.94 0.65 0.90 0.94 0.94 0.94 0.95 0.94 0.94 0.94 0.92 0.94 0.92
0.82 0.96 0.96 0.94 0.70 0.90 0.96 0.94 0.91 0.94 0.96 0.97 0.94 1.00 0.99 0.96 0.69 0.96 0.79 0.95 1.00 1.00 0.99 0.96 0.72 0.86 0.95 0.67 0.92 0.96 0.96 0.96 0.96 0.96 0.96 0.96 0.94 0.96 0.94
0.82 0.96 0.96 0.95 0.72 0.92 0.96 0.94 0.92 0.94 0.97 0.97 0.94 1.00 0.99 0.97 0.71 0.97 0.81 0.96 1.00 1.00 0.99 0.97 0.76 0.88 0.96 0.70 0.93 0.97 0.97 0.97 0.97 0.97 0.97 0.97 0.95 0.97 0.95
0.48 0.71 0.71 0.68 0.36 0.61 0.71 0.66 0.61 0.67 0.76 0.78 0.67 1.00 0.93 0.74 0.39 0.75 0.46 0.70 1.00 1.00 0.94 0.75 0.39 0.50 0.70 0.34 0.61 0.70 0.70 0.70 0.75 0.70 0.70 0.70 0.65 0.70 0.65
0.94 1.00 1.00 0.99 0.89 0.98 1.00 0.99 0.99 0.99 1.00 1.00 0.99 1.00 1.00 1.00 0.89 1.00 0.94 1.00 1.00 1.00 1.00 1.00 0.93 0.98 1.00 0.89 0.99 1.00 1.00 1.00 1.00 1.00 1.00 1.00 0.99 1.00 0.99
0.95 1.00 1.00 1.00 0.91 0.99 1.00 1.00 0.99 1.00 1.00 1.00 1.00 1.00 1.00 1.00 0.90 1.00 0.95 1.00 1.00 1.00 1.00 1.00 0.95 0.99 1.00 0.91 0.99 1.00 1.00 1.00 1.00 1.00 1.00 1.00 1.00 1.00 1.00
0.69 0.89 0.89 0.86 0.58 0.82 0.89 0.86 0.82 0.86 0.91 0.92 0.86 1.00 0.98 0.90 0.59 0.91 0.68 0.89 1.00 1.00 0.98 0.91 0.60 0.74 0.89 0.55 0.83 0.89 0.89 0.89 0.91 0.89 0.89 0.89 0.86 0.89 0.86
0.73 0.91 0.91 0.88 0.61 0.84 0.91 0.88 0.84 0.88 0.92 0.93 0.88 1.00 0.98 0.92 0.62 0.93 0.72 0.91 1.00 1.00 0.98 0.93 0.64 0.78 0.91 0.58 0.86 0.91 0.91 0.91 0.93 0.91 0.91 0.91 0.89 0.91 0.89
0.83 0.96 0.96 0.95 0.72 0.92 0.96 0.94 0.92 0.95 0.97 0.97 0.95 1.00 0.99 0.96 0.72 0.97 0.83 0.97 1.00 1.00 0.99 0.97 0.76 0.88 0.97 0.70 0.93 0.97 0.97 0.97 0.97 0.97 0.97 0.97 0.95 0.97 0.95
0.82 0.96 0.96 0.94 0.72 0.91 0.96 0.94 0.91 0.94 0.96 0.97 0.94 1.00 0.99 0.96 0.71 0.97 0.80 0.96 1.00 1.00 0.99 0.97 0.74 0.86 0.96 0.69 0.92 0.96 0.96 0.96 0.97 0.96 0.96 0.96 0.95 0.96 0.95
0.52 0.74 0.74 0.70 0.39 0.65 0.74 0.69 0.64 0.71 0.77 0.80 0.71 1.00 0.93 0.76 0.41 0.77 0.49 0.73 1.00 1.00 0.94 0.77 0.42 0.53 0.73 0.37 0.64 0.73 0.73 0.72 0.77 0.73 0.73 0.73 0.68 0.73 0.68
0.93 1.00 1.00 0.99 0.87 0.98 1.00 0.99 0.98 0.99 1.00 1.00 0.99 1.00 1.00 0.99 0.86 1.00 0.92 1.00 1.00 1.00 1.00 1.00 0.91 0.97 1.00 0.87 0.99 1.00 1.00 1.00 1.00 1.00 1.00 1.00 0.99 1.00 0.99
0.95 1.00 1.00 0.99 0.91 0.99 1.00 0.99 0.99 1.00 1.00 1.00 1.00 1.00 1.00 1.00 0.89 1.00 0.95 1.00 1.00 1.00 1.00 1.00 0.94 0.98 1.00 0.90 1.00 1.00 1.00 1.00 1.00 1.00 1.00 1.00 1.00 1.00 1.00
0.77 0.93 0.93 0.91 0.66 0.87 0.93 0.91 0.88 0.91 0.94 0.95 0.91 1.00 0.99 0.94 0.65 0.95 0.76 0.94 1.00 1.00 0.99 0.95 0.69 0.82 0.94 0.63 0.89 0.94 0.94 0.94 0.95 0.94 0.94 0.94 0.92 0.94 0.92
0.75 0.92 0.92 0.90 0.64 0.85 0.92 0.90 0.86 0.89 0.93 0.94 0.89 1.00 0.98 0.93 0.63 0.94 0.74 0.92 1.00 1.00 0.99 0.94 0.66 0.79 0.92 0.61 0.87 0.93 0.92 0.92 0.94 0.93 0.92 0.92 0.90 0.93 0.90
0.78 0.94 0.94 0.92 0.67 0.88 0.94 0.92 0.88 0.92 0.95 0.95 0.92 1.00 0.99 0.94 0.65 0.95 0.76 0.94 1.00 1.00 0.99 0.95 0.70 0.83 0.94 0.65 0.90 0.94 0.94 0.94 0.95 0.94 0.94 0.94 0.92 0.94 0.92
0.75 0.92 0.92 0.90 0.63 0.85 0.92 0.89 0.85 0.90 0.93 0.94 0.90 1.00 0.98 0.93 0.63 0.93 0.73 0.92 1.00 1.00 0.98 0.93 0.65 0.78 0.92 0.60 0.87 0.92 0.92 0.92 0.93 0.92 0.92 0.92 0.89 0.92 0.89
0.96 1.00 1.00 1.00 0.93 0.99 1.00 1.00 0.99 1.00 1.00 1.00 1.00 1.00 1.00 1.00 0.92 1.00 0.96 1.00 1.00 1.00 1.00 1.00 0.96 0.99 1.00 0.93 1.00 1.00 1.00 1.00 1.00 1.00 1.00 1.00 1.00 1.00 1.00
0.94 1.00 1.00 0.99 0.89 0.98 1.00 0.99 0.99 0.99 1.00 1.00 0.99 1.00 1.00 1.00 0.88 1.00 0.94 1.00 1.00 1.00 1.00 1.00 0.93 0.98 1.00 0.89 0.99 1.00 1.00 1.00 1.00 1.00 1.00 1.00 0.99 1.00 0.99
0.57 0.78 0.78 0.75 0.44 0.69 0.78 0.74 0.69 0.75 0.81 0.84 0.75 1.00 0.95 0.81 0.47 0.81 0.54 0.78 1.00 1.00 0.96 0.81 0.47 0.60 0.78 0.41 0.70 0.78 0.78 0.78 0.81 0.78 0.78 0.78 0.74 0.78 0.74
0.63 0.83 0.83 0.80 0.50 0.75 0.83 0.79 0.75 0.81 0.86 0.88 0.81 1.00 0.96 0.85 0.52 0.86 0.60 0.84 1.00 1.00 0.97 0.86 0.52 0.65 0.84 0.47 0.77 0.84 0.84 0.84 0.86 0.84 0.84 0.84 0.80 0.84 0.80
0.73 0.90 0.90 0.88 0.61 0.84 0.90 0.87 0.84 0.88 0.92 0.93 0.88 1.00 0.98 0.92 0.61 0.92 0.71 0.90 1.00 1.00 0.98 0.92 0.63 0.77 0.90 0.57 0.85 0.91 0.91 0.90 0.92 0.91 0.91 0.90 0.88 0.91 0.88
0.94 1.00 1.00 0.99 0.88 0.98 1.00 0.99 0.98 0.99 1.00 1.00 0.99 1.00 1.00 1.00 0.87 1.00 0.94 1.00 1.00 1.00 1.00 1.00 0.92 0.97 1.00 0.88 0.99 1.00 1.00 1.00 1.00 1.00 1.00 1.00 0.99 1.00 0.99
0.69 0.87 0.87 0.85 0.55 0.80 0.87 0.84 0.80 0.84 0.89 0.91 0.84 1.00 0.97 0.89 0.56 0.89 0.65 0.87 1.00 1.00 0.98 0.89 0.58 0.72 0.87 0.53 0.81 0.87 0.87 0.87 0.89 0.87 0.87 0.87 0.84 0.87 0.84
0.75 0.92 0.92 0.90 0.63 0.86 0.92 0.90 0.86 0.90 0.93 0.94 0.90 1.00 0.98 0.93 0.64 0.94 0.74 0.93 1.00 1.00 0.99 0.94 0.66 0.79 0.93 0.61 0.88 0.93 0.93 0.93 0.94 0.93 0.93 0.93 0.90 0.93 0.90
0.80 0.95 0.95 0.93 0.69 0.89 0.95 0.93 0.90 0.93 0.95 0.96 0.93 1.00 0.99 0.95 0.68 0.96 0.78 0.95 1.00 1.00 0.99 0.96 0.72 0.84 0.95 0.67 0.91 0.95 0.95 0.95 0.96 0.95 0.95 0.95 0.93 0.95 0.93
0.49 0.70 0.70 0.67 0.35 0.62 0.70 0.65 0.60 0.68 0.75 0.78 0.68 1.00 0.92 0.73 0.40 0.74 0.45 0.69 1.00 1.00 0.94 0.74 0.39 0.50 0.69 0.34 0.60 0.69 0.69 0.69 0.74 0.69 0.69 0.69 0.64 0.69 0.64
0.91 0.99 0.99 0.98 0.85 0.97 0.99 0.98 0.97 0.99 0.99 0.99 0.99 1.00 1.00 0.99 0.83 0.99 0.90 0.99 1.00 1.00 1.00 0.99 0.88 0.96 0.99 0.83 0.98 0.99 0.99 0.99 0.99 0.99 0.99 0.99 0.99 0.99 0.99
0.48 0.70 0.70 0.66 0.35 0.62 0.70 0.65 0.60 0.68 0.75 0.77 0.68 1.00 0.93 0.73 0.39 0.74 0.46 0.69 1.00 1.00 0.94 0.74 0.39 0.48 0.69 0.33 0.60 0.70 0.69 0.69 0.74 0.70 0.69 0.69 0.65 0.70 0.65
0.96 1.00 1.00 1.00 0.92 0.99 1.00 1.00 0.99 1.00 1.00 1.00 1.00 1.00 1.00 1.00 0.91 1.00 0.96 1.00 1.00 1.00 1.00 1.00 0.95 0.99 1.00 0.91 1.00 1.00 1.00 1.00 1.00 1.00 1.00 1.00 1.00 1.00 1.00
0.67 0.86 0.86 0.83 0.55 0.79 0.86 0.83 0.79 0.84 0.88 0.90 0.84 1.00 0.97 0.88 0.56 0.89 0.65 0.87 1.00 1.00 0.97 0.89 0.56 0.70 0.87 0.52 0.80 0.87 0.87 0.87 0.89 0.87 0.87 0.87 0.84 0.87 0.84
0.72 0.90 0.90 0.88 0.60 0.83 0.90 0.87 0.83 0.87 0.92 0.93 0.87 1.00 0.98 0.91 0.60 0.92 0.70 0.90 1.00 1.00 0.98 0.92 0.62 0.76 0.90 0.56 0.85 0.91 0.90 0.90 0.92 0.91 0.90 0.90 0.87 0.91 0.87
0.76 0.92 0.92 0.90 0.64 0.87 0.92 0.90 0.87 0.91 0.94 0.94 0.91 1.00 0.98 0.94 0.65 0.94 0.75 0.93 1.00 1.00 0.99 0.94 0.67 0.81 0.93 0.62 0.88 0.93 0.94 0.94 0.94 0.93 0.94 0.94 0.91 0.93 0.91
0.96 1.00 1.00 1.00 0.92 0.99 1.00 1.00 0.99 1.00 1.00 1.00 1.00 1.00 1.00 1.00 0.90 1.00 0.95 1.00 1.00 1.00 1.00 1.00 0.95 0.99 1.00 0.92 1.00 1.00 1.00 1.00 1.00 1.00 1.00 1.00 1.00 1.00 1.00
0.68 0.88 0.88 0.85 0.57 0.80 0.88 0.85 0.81 0.85 0.89 0.91 0.85 1.00 0.97 0.89 0.57 0.89 0.67 0.88 1.00 1.00 0.98 0.89 0.59 0.72 0.88 0.53 0.82 0.88 0.88 0.88 0.89 0.88 0.88 0.88 0.85 0.88 0.85
0.63 0.84 0.84 0.81 0.52 0.76 0.84 0.81 0.77 0.81 0.87 0.88 0.81 1.00 0.96 0.86 0.52 0.86 0.62 0.84 1.00 1.00 0.97 0.86 0.54 0.67 0.84 0.48 0.77 0.84 0.84 0.84 0.86 0.84 0.84 0.84 0.81 0.84 0.81
0.66 0.86 0.86 0.83 0.54 0.78 0.86 0.83 0.79 0.84 0.88 0.89 0.84 1.00 0.97 0.88 0.55 0.89 0.65 0.86 1.00 1.00 0.97 0.89 0.57 0.70 0.86 0.51 0.80 0.87 0.87 0.87 0.89 0.87 0.87 0.87 0.83 0.87 0.83
0.69 0.88 0.88 0.86 0.58 0.80 0.88 0.85 0.81 0.85 0.90 0.91 0.85 1.00 0.97 0.89 0.58 0.90 0.67 0.88 1.00 1.00 0.98 0.90 0.58 0.73 0.88 0.53 0.82 0.88 0.88 0.88 0.90 0.88 0.88 0.88 0.85 0.88 0.85
0.66 0.85 0.85 0.82 0.53 0.77 0.85 0.82 0.78 0.82 0.87 0.89 0.82 1.00 0.96 0.87 0.54 0.87 0.64 0.85 1.00 1.00 0.97 0.87 0.55 0.69 0.85 0.50 0.79 0.85 0.85 0.85 0.87 0.85 0.85 0.85 0.82 0.85 0.82
0.92 0.99 0.99 0.99 0.86 0.97 0.99 0.99 0.98 0.99 0.99 1.00 0.99 1.00 1.00 0.99 0.85 1.00 0.92 1.00 1.00 1.00 1.00 1.00 0.90 0.96 1.00 0.85 0.99 1.00 1.00 1.00 1.00 1.00 1.00 1.00 0.99 1.00 0.99
0.84 0.97 0.97 0.96 0.75 0.93 0.97 0.95 0.93 0.96 0.97 0.98 0.96 1.00 0.99 0.97 0.75 0.98 0.84 0.97 1.00 1.00 0.99 0.98 0.78 0.90 0.97 0.73 0.95 0.98 0.98 0.98 0.98 0.98 0.98 0.98 0.96 0.98 0.96
0.79 0.94 0.94 0.92 0.69 0.89 0.94 0.92 0.89 0.92 0.95 0.96 0.92 1.00 0.99 0.95 0.67 0.96 0.78 0.95 1.00 1.00 0.99 0.96 0.72 0.85 0.95 0.67 0.91 0.95 0.95 0.95 0.96 0.95 0.95 0.95 0.93 0.95 0.93
0.75 0.92 0.92 0.90 0.63 0.85 0.92 0.90 0.86 0.90 0.93 0.94 0.90 1.00 0.99 0.93 0.64 0.94 0.74 0.93 1.00 1.00 0.99 0.94 0.65 0.80 0.93 0.60 0.88 0.93 0.93 0.93 0.94 0.93 0.93 0.93 0.90 0.93 0.90
