0.22 0.22 0.22 0.22 0.17 0.22 0.22 0.22 0.21 0.22 0.22 0.22 0.22 0.22 0.22 0.22 0.15 0.22 0.21 0.22 0.22 0.22 0.22 0.22 0.16 0.19 0.22 0.15 0.20 0.22 0.21 0.21 0.22 0.22 0.21 0.21 0.21 0.22 0.21 0.22 0.20 0.23 0.21 0.24 0.24 0.24 0.24 0.24 0.24 0.24 0.24 0.24 1.00 0.25 0.25 0.25 0.25 0.25 0.08 0.09 0.01 0.04 0.21 0.23 0.23 0.23 0.23 0.23 0.22 0.23 0.23 0.22 0.23 0.22 0.22 0.22 0.20 0.22 0.22 0.22 0.19 0.22 0.22 0.22
0.59 0.59 0.59 0.59 0.56 0.59 0.59 0.59 0.58 0.59 0.59 0.59 0.59 0.59 0.59 0.59 0.52 0.59 0.58 0.59 0.59 0.59 0.59 0.59 0.55 0.58 0.59 0.53 0.58 0.59 0.59 0.59 0.59 0.59 0.59 0.59 0.59 0.59 0.59 0.58 0.57 0.59 0.57 0.59 0.59 0.59 0.59 0.59 0.59 0.59 0.59 0.59 1.00 0.59 0.59 0.59 0.59 0.59 0.35 0.36 0.14 0.20 0.58 0.59 0.59 0.59 0.59 0.59 0.59 0.59 0.59 0.59 0.59 0.59 0.59 0.59 0.57 0.59 0.59 0.59 0.56 0.59 0.59 0.59
0.44 0.45 0.45 0.44 0.40 0.45 0.45 0.44 0.44 0.44 0.44 0.44 0.44 0.44 0.44 0.44 0.37 0.44 0.43 0.44 0.44 0.44 0.44 0.44 0.39 0.43 0.44 0.36 0.44 0.44 0.44 0.44 0.44 0.44 0.44 0.44 0.44 0.44 0.44 0.44 0.42 0.45 0.43 0.46 0.46 0.46 0.46 0.46 0.46 0.46 0.46 0.46 1.00 0.46 0.46 0.46 0.46 0.46 0.23 0.23 0.06 0.12 0.44 0.45 0.45 0.45 0.45 0.45 0.45 0.45 0.45 0.45 0.45 0.44 0.45 0.45 0.43 0.44 0.44 0.45 0.41 0.45 0.45 0.45
0.08 0.07 0.07 0.07 0.05 0.07 0.07 0.07 0.07 0.07 0.07 0.07 0.07 0.07 0.07 0.06 0.04 0.06 0.06 0.06 0.07 0.07 0.07 0.06 0.04 0.05 0.06 0.03 0.05 0.06 0.06 0.06 0.06 0.06 0.06 0.06 0.06 0.06 0.06 0.08 0.07 0.09 0.08 0.10 0.10 0.10 0.10 0.10 0.10 0.10 0.10 0.10 1.00 0.12 0.12 0.12 0.12 0.12 0.02 0.02 0.00 0.01 0.07 0.08 0.08 0.08 0.08 0.08 0.08 0.08 0.08 0.08 0.08 0.08 0.08 0.08 0.06 0.08 0.08 0.08 0.06 0.08 0.08 0.08
0.07 0.07 0.07 0.07 0.05 0.07 0.07 0.07 0.07 0.07 0.07 0.07 0.07 0.07 0.07 0.07 0.04 0.07 0.06 0.06 0.07 0.07 0.07 0.07 0.03 0.05 0.06 0.03 0.06 0.06 0.06 0.06 0.07 0.06 0.06 0.06 0.06 0.06 0.06 0.08 0.07 0.09 0.08 0.10 0.10 0.10 0.10 0.10 0.10 0.10 0.10 0.10 1.00 0.12 0.12 0.12 0.12 0.12 0.02 0.02 0.00 0.01 0.07 0.08 0.08 0.08 0.08 0.08 0.08 0.08 0.08 0.07 0.08 0.08 0.07 0.07 0.07 0.08 0.08 0.08 0.06 0.08 0.08 0.08
0.07 0.07 0.07 0.07 0.05 0.07 0.07 0.07 0.07 0.07 0.07 0.07 0.07 0.07 0.07 0.06 0.04 0.06 0.05 0.06 0.07 0.07 0.07 0.06 0.04 0.05 0.06 0.03 0.06 0.06 0.06 0.06 0.06 0.06 0.06 0.06 0.06 0.06 0.06 0.08 0.07 0.09 0.08 0.10 0.10 0.10 0.10 0.10 0.10 0.10 0.10 0.10 1.00 0.12 0.12 0.12 0.12 0.12 0.02 0.02 0.00 0.01 0.07 0.08 0.08 0.08 0.08 0.08 0.08 0.08 0.08 0.07 0.08 0.08 0.07 0.08 0.07 0.08 0.08 0.08 0.06 0.08 0.08 0.08
0.09 0.09 0.09 0.09 0.06 0.09 0.09 0.09 0.08 0.09 0.09 0.09 0.09 0.09 0.09 0.08 0.05 0.08 0.07 0.08 0.09 0.09 0.09 0.08 0.05 0.06 0.08 0.04 0.07 0.08 0.08 0.08 0.08 0.08 0.08 0.08 0.08 0.08 0.08 0.10 0.09 0.11 0.10 0.12 0.12 0.12 0.12 0.12 0.12 0.12 0.12 0.12 1.00 0.13 0.13 0.13 0.13 0.13 0.03 0.02 0.00 0.01 0.08 0.09 0.09 0.09 0.09 0.10 0.09 0.10 0.10 0.09 0.09 0.09 0.09 0.09 0.08 0.09 0.10 0.09 0.07 0.10 0.10 0.10
0.67 0.67 0.67 0.67 0.64 0.67 0.67 0.67 0.67 0.67 0.67 0.67 0.67 0.67 0.67 0.67 0.61 0.67 0.66 0.67 0.67 0.67 0.67 0.67 0.64 0.66 0.67 0.62 0.67 0.67 0.67 0.67 0.67 0.67 0.67 0.67 0.67 0.67 0.67 0.66 0.65 0.67 0.65 0.67 0.67 0.67 0.67 0.67 0.67 0.67 0.67 0.67 1.00 0.67 0.67 0.67 0.67 0.67 0.43 0.44 0.20 0.27 0.67 0.67 0.67 0.67 0.67 0.67 0.67 0.67 0.67 0.67 0.67 0.67 0.67 0.67 0.65 0.67 0.67 0.67 0.64 0.67 0.67 0.67
0.09 0.09 0.09 0.08 0.05 0.09 0.09 0.08 0.08 0.08 0.08 0.08 0.08 0.08 0.08 0.08 0.05 0.08 0.07 0.08 0.08 0.08 0.08 0.08 0.04 0.06 0.08 0.04 0.07 0.08 0.07 0.07 0.08 0.08 0.07 0.07 0.07 0.08 0.07 0.09 0.08 0.10 0.09 0.11 0.11 0.12 0.11 0.11 0.11 0.12 0.12 0.12 1.00 0.12 0.12 0.12 0.12 0.12 0.03 0.02 0.00 0.01 0.08 0.09 0.09 0.09 0.09 0.09 0.09 0.09 0.09 0.09 0.09 0.09 0.09 0.09 0.08 0.09 0.09 0.09 0.08 0.09 0.09 0.09
0.24 0.24 0.24 0.24 0.19 0.24 0.24 0.23 0.23 0.23 0.23 0.23 0.23 0.23 0.23 0.23 0.17 0.23 0.22 0.23 0.23 0.23 0.23 0.23 0.16 0.20 0.23 0.15 0.22 0.23 0.23 0.23 0.23 0.23 0.23 0.23 0.22 0.23 0.22 0.24 0.22 0.25 0.23 0.26 0.26 0.26 0.26 0.26 0.26 0.26 0.26 0.26 1.00 0.27 0.27 0.27 0.27 0.27 0.09 0.09 0.01 0.05 0.23 0.24 0.24 0.24 0.24 0.24 0.24 0.24 0.24 0.24 0.24 0.24 0.24 0.24 0.22 0.24 0.24 0.24 0.20 0.23 0.23 0.23
0.31 0.31 0.31 0.31 0.26 0.31 0.31 0.31 0.30 0.31 0.31 0.31 0.31 0.31 0.31 0.31 0.24 0.31 0.30 0.31 0.31 0.31 0.31 0.31 0.25 0.28 0.31 0.23 0.30 0.31 0.31 0.31 0.31 0.31 0.31 0.31 0.30 0.31 0.30 0.31 0.29 0.32 0.30 0.33 0.33 0.33 0.33 0.33 0.33 0.33 0.33 0.33 1.00 0.33 0.33 0.33 0.33 0.33 0.14 0.13 0.03 0.06 0.31 0.31 0.31 0.31 0.31 0.31 0.31 0.31 0.31 0.31 0.31 0.31 0.31 0.31 0.29 0.31 0.31 0.31 0.27 0.31 0.31 0.31
0.19 0.19 0.19 0.19 0.14 0.19 0.19 0.19 0.18 0.19 0.18 0.18 0.19 0.18 0.18 0.18 0.13 0.18 0.17 0.18 0.18 0.18 0.18 0.18 0.12 0.15 0.18 0.11 0.17 0.18 0.18 0.18 0.18 0.18 0.18 0.18 0.17 0.18 0.17 0.19 0.17 0.20 0.18 0.21 0.21 0.21 0.21 0.21 0.21 0.21 0.21 0.21 1.00 0.22 0.22 0.22 0.22 0.22 0.07 0.06 0.01 0.03 0.18 0.19 0.19 0.19 0.19 0.19 0.19 0.19 0.19 0.19 0.19 0.19 0.19 0.19 0.17 0.19 0.19 0.19 0.16 0.19 0.19 0.19
0.17 0.17 0.17 0.17 0.12 0.17 0.17 0.17 0.16 0.16 0.16 0.16 0.16 0.16 0.16 0.16 0.11 0.16 0.14 0.16 0.16 0.16 0.16 0.16 0.11 0.13 0.16 0.10 0.15 0.16 0.16 0.16 0.16 0.16 0.16 0.16 0.15 0.16 0.15 0.17 0.15 0.18 0.16 0.20 0.20 0.20 0.20 0.20 0.20 0.20 0.20 0.20 1.00 0.21 0.21 0.21 0.21 0.21 0.06 0.06 0.01 0.03 0.16 0.17 0.17 0.17 0.17 0.17 0.17 0.17 0.17 0.17 0.17 0.17 0.17 0.17 0.15 0.17 0.17 0.17 0.14 0.17 0.17 0.17
0.53 0.53 0.53 0.53 0.49 0.53 0.53 0.53 0.53 0.53 0.53 0.53 0.53 0.53 0.53 0.53 0.46 0.53 0.52 0.53 0.53 0.53 0.53 0.53 0.48 0.52 0.53 0.46 0.53 0.53 0.53 0.53 0.53 0.53 0.53 0.53 0.53 0.53 0.53 0.53 0.51 0.53 0.52 0.54 0.54 0.54 0.54 0.54 0.54 0.54 0.54 0.54 1.00 0.54 0.54 0.54 0.54 0.54 0.29 0.30 0.10 0.17 0.53 0.53 0.53 0.53 0.53 0.53 0.53 0.53 0.53 0.53 0.53 0.53 0.53 0.53 0.51 0.53 0.53 0.53 0.50 0.53 0.53 0.53
0.27 0.27 0.27 0.27 0.22 0.27 0.27 0.27 0.26 0.27 0.27 0.27 0.27 0.27 0.27 0.27 0.20 0.27 0.25 0.27 0.27 0.27 0.27 0.27 0.21 0.24 0.27 0.19 0.26 0.27 0.27 0.27 0.27 0.27 0.27 0.27 0.26 0.27 0.26 0.27 0.25 0.28 0.25 0.29 0.29 0.29 0.29 0.29 0.29 0.29 0.29 0.29 1.00 0.29 0.29 0.29 0.29 0.29 0.11 0.10 0.02 0.05 0.26 0.27 0.27 0.27 0.27 0.27 0.27 0.27 0.27 0.27 0.27 0.27 0.27 0.27 0.25 0.27 0.27 0.27 0.24 0.27 0.27 0.27
0.06 0.06 0.06 0.06 0.04 0.06 0.06 0.06 0.05 0.05 0.05 0.05 0.05 0.05 0.05 0.05 0.03 0.05 0.04 0.05 0.05 0.05 0.05 0.05 0.02 0.03 0.05 0.02 0.04 0.05 0.05 0.05 0.05 0.05 0.05 0.05 0.04 0.05 0.04 0.06 0.06 0.08 0.06 0.09 0.09 0.09 0.09 0.09 0.09 0.09 0.09 0.09 1.00 0.10 0.10 0.10 0.10 0.10 0.02 0.01 0.00 0.01 0.05 0.06 0.06 0.06 0.06 0.06 0.06 0.06 0.06 0.06 0.06 0.06 0.06 0.06 0.05 0.06 0.07 0.06 0.05 0.06 0.06 0.06
0.24 0.24 0.24 0.24 0.20 0.24 0.24 0.24 0.24 0.24 0.24 0.24 0.24 0.24 0.24 0.24 0.17 0.24 0.22 0.24 0.24 0.24 0.24 0.24 0.18 0.21 0.24 0.16 0.23 0.24 0.24 0.24 0.24 0.24 0.24 0.24 0.23 0.24 0.23 0.24 0.22 0.26 0.23 0.27 0.27 0.27 0.27 0.27 0.26 0.27 0.27 0.27 1.00 0.27 0.27 0.27 0.27 0.27 0.10 0.09 0.01 0.05 0.23 0.25 0.25 0.25 0.25 0.25 0.24 0.25 0.25 0.24 0.25 0.24 0.24 0.24 0.23 0.24 0.25 0.24 0.21 0.24 0.24 0.24
0.09 0.08 0.08 0.08 0.05 0.08 0.08 0.08 0.08 0.08 0.08 0.08 0.08 0.08 0.08 0.07 0.04 0.07 0.07 0.07 0.08 0.08 0.08 0.07 0.04 0.05 0.07 0.04 0.07 0.07 0.07 0.07 0.07 0.07 0.07 0.07 0.07 0.07 0.07 0.09 0.08 0.10 0.09 0.11 0.11 0.11 0.11 0.11 0.11 0.11 0.11 0.11 1.00 0.12 0.12 0.12 0.12 0.12 0.03 0.03 0.00 0.01 0.08 0.09 0.09 0.09 0.09 0.09 0.09 0.09 0.09 0.09 0.09 0.09 0.09 0.09 0.08 0.09 0.09 0.09 0.07 0.09 0.09 0.09
0.12 0.12 0.12 0.12 0.08 0.12 0.12 0.12 0.11 0.12 0.11 0.11 0.12 0.11 0.11 0.11 0.07 0.11 0.10 0.11 0.11 0.11 0.11 0.11 0.07 0.09 0.11 0.06 0.10 0.11 0.11 0.11 0.11 0.11 0.11 0.11 0.10 0.11 0.10 0.12 0.11 0.14 0.12 0.15 0.15 0.15 0.15 0.15 0.15 0.15 0.15 0.15 1.00 0.16 0.16 0.16 0.16 0.16 0.04 0.04 0.00 0.01 0.11 0.12 0.12 0.12 0.12 0.12 0.12 0.12 0.12 0.12 0.12 0.12 0.12 0.12 0.11 0.12 0.13 0.12 0.10 0.12 0.12 0.12
0.05 0.06 0.06 0.06 0.03 0.05 0.06 0.05 0.05 0.05 0.05 0.05 0.05 0.05 0.05 0.05 0.02 0.04 0.04 0.04 0.05 0.05 0.05 0.04 0.02 0.03 0.04 0.02 0.04 0.04 0.04 0.04 0.04 0.04 0.04 0.04 0.04 0.04 0.04 0.06 0.06 0.07 0.06 0.08 0.08 0.09 0.08 0.08 0.08 0.09 0.09 0.09 1.00 0.10 0.10 0.10 0.10 0.10 0.02 0.02 0.00 0.01 0.05 0.06 0.06 0.06 0.06 0.06 0.06 0.06 0.06 0.05 0.06 0.06 0.05 0.06 0.05 0.06 0.06 0.06 0.04 0.06 0.06 0.06
0.04 0.04 0.04 0.04 0.02 0.04 0.04 0.03 0.03 0.03 0.03 0.03 0.03 0.03 0.03 0.03 0.01 0.03 0.02 0.03 0.03 0.03 0.03 0.03 0.01 0.02 0.03 0.01 0.02 0.03 0.03 0.02 0.03 0.03 0.03 0.02 0.02 0.03 0.02 0.04 0.04 0.05 0.04 0.06 0.06 0.06 0.06 0.06 0.06 0.06 0.06 0.06 1.00 0.07 0.07 0.07 0.07 0.07 0.01 0.01 0.00 0.01 0.03 0.04 0.04 0.04 0.04 0.04 0.04 0.04 0.04 0.03 0.04 0.04 0.04 0.04 0.03 0.04 0.04 0.04 0.03 0.04 0.04 0.04
0.38 0.38 0.38 0.38 0.34 0.38 0.38 0.38 0.38 0.38 0.38 0.38 0.38 0.38 0.38 0.38 0.30 0.38 0.37 0.38 0.38 0.38 0.38 0.38 0.32 0.36 0.38 0.30 0.37 0.38 0.38 0.38 0.38 0.38 0.38 0.38 0.38 0.38 0.38 0.38 0.35 0.38 0.36 0.39 0.39 0.39 0.39 0.39 0.39 0.39 0.39 0.39 1.00 0.40 0.40 0.40 0.40 0.40 0.17 0.17 0.04 0.09 0.37 0.38 0.38 0.38 0.38 0.38 0.38 0.38 0.38 0.38 0.38 0.38 0.38 0.38 0.36 0.38 0.38 0.38 0.35 0.38 0.38 0.38
0.53 0.53 0.53 0.53 0.49 0.53 0.53 0.53 0.52 0.53 0.53 0.52 0.53 0.53 0.53 0.53 0.45 0.53 0.52 0.53 0.53 0.53 0.53 0.53 0.48 0.51 0.53 0.46 0.52 0.53 0.53 0.53 0.53 0.53 0.53 0.53 0.52 0.53 0.52 0.52 0.50 0.53 0.51 0.53 0.53 0.53 0.53 0.53 0.53 0.53 0.53 0.53 1.00 0.54 0.54 0.54 0.54 0.54 0.29 0.29 0.10 0.16 0.52 0.53 0.53 0.53 0.53 0.53 0.53 0.53 0.53 0.53 0.53 0.53 0.53 0.53 0.51 0.53 0.52 0.53 0.50 0.52 0.52 0.52
0.28 0.28 0.28 0.28 0.23 0.28 0.28 0.28 0.28 0.28 0.28 0.28 0.28 0.28 0.28 0.28 0.21 0.28 0.26 0.28 0.28 0.28 0.28 0.28 0.22 0.25 0.28 0.20 0.27 0.28 0.28 0.28 0.28 0.28 0.28 0.28 0.27 0.28 0.27 0.28 0.26 0.29 0.27 0.30 0.30 0.30 0.30 0.30 0.30 0.30 0.30 0.30 1.00 0.31 0.31 0.31 0.31 0.31 0.11 0.11 0.02 0.05 0.27 0.28 0.28 0.28 0.28 0.28 0.28 0.28 0.28 0.28 0.28 0.28 0.28 0.28 0.26 0.28 0.28 0.28 0.25 0.28 0.28 0.28
0.15 0.15 0.15 0.15 0.11 0.15 0.15 0.15 0.15 0.15 0.15 0.15 0.15 0.15 0.15 0.14 0.10 0.14 0.13 0.14 0.15 0.15 0.15 0.14 0.10 0.12 0.14 0.09 0.14 0.14 0.15 0.15 0.14 0.14 0.15 0.15 0.14 0.14 0.14 0.16 0.14 0.17 0.15 0.18 0.18 0.18 0.18 0.18 0.18 0.18 0.18 0.18 1.00 0.19 0.19 0.19 0.19 0.19 0.05 0.05 0.01 0.02 0.14 0.16 0.16 0.16 0.16 0.16 0.16 0.16 0.16 0.16 0.16 0.15 0.15 0.15 0.14 0.16 0.16 0.16 0.13 0.15 0.15 0.15
0.06 0.06 0.06 0.06 0.03 0.06 0.06 0.06 0.05 0.06 0.05 0.05 0.06 0.05 0.05 0.05 0.03 0.05 0.04 0.05 0.05 0.05 0.05 0.05 0.02 0.03 0.05 0.02 0.04 0.05 0.05 0.05 0.05 0.05 0.05 0.05 0.04 0.05 0.04 0.06 0.06 0.07 0.06 0.08 0.08 0.09 0.08 0.08 0.09 0.09 0.09 0.09 1.00 0.10 0.10 0.10 0.10 0.10 0.02 0.02 0.00 0.01 0.05 0.06 0.06 0.06 0.06 0.06 0.06 0.06 0.06 0.06 0.06 0.06 0.06 0.06 0.05 0.06 0.07 0.06 0.05 0.07 0.07 0.07
0.17 0.17 0.17 0.17 0.13 0.17 0.17 0.17 0.16 0.17 0.17 0.17 0.17 0.17 0.17 0.16 0.11 0.16 0.15 0.16 0.17 0.17 0.17 0.16 0.11 0.14 0.16 0.11 0.15 0.16 0.16 0.16 0.16 0.16 0.16 0.16 0.16 0.16 0.16 0.17 0.16 0.18 0.17 0.19 0.19 0.19 0.19 0.19 0.19 0.19 0.19 0.19 1.00 0.20 0.20 0.20 0.20 0.20 0.06 0.06 0.01 0.03 0.17 0.18 0.18 0.18 0.18 0.18 0.18 0.18 0.18 0.18 0.18 0.18 0.18 0.18 0.16 0.17 0.17 0.17 0.15 0.18 0.18 0.18
0.22 0.22 0.22 0.22 0.17 0.22 0.22 0.21 0.21 0.21 0.21 0.21 0.21 0.21 0.21 0.21 0.15 0.21 0.20 0.21 0.21 0.21 0.21 0.21 0.15 0.18 0.21 0.15 0.20 0.21 0.21 0.21 0.21 0.21 0.21 0.21 0.21 0.21 0.21 0.21 0.20 0.23 0.21 0.24 0.24 0.24 0.24 0.24 0.24 0.24 0.24 0.24 1.00 0.24 0.24 0.24 0.24 0.24 0.08 0.08 0.01 0.04 0.21 0.22 0.22 0.22 0.22 0.22 0.22 0.22 0.22 0.22 0.22 0.22 0.22 0.22 0.20 0.22 0.22 0.22 0.19 0.22 0.22 0.22
0.32 0.33 0.33 0.33 0.27 0.32 0.33 0.32 0.32 0.32 0.32 0.32 0.32 0.32 0.32 0.32 0.25 0.32 0.31 0.32 0.32 0.32 0.32 0.32 0.26 0.30 0.32 0.25 0.31 0.32 0.32 0.32 0.32 0.32 0.32 0.32 0.32 0.32 0.32 0.32 0.31 0.34 0.32 0.34 0.34 0.34 0.34 0.34 0.34 0.34 0.34 0.34 1.00 0.35 0.35 0.35 0.35 0.35 0.14 0.14 0.03 0.07 0.32 0.33 0.33 0.33 0.33 0.33 0.33 0.33 0.33 0.33 0.33 0.32 0.33 0.32 0.30 0.32 0.32 0.32 0.29 0.32 0.32 0.32
0.14 0.14 0.14 0.14 0.10 0.14 0.14 0.14 0.13 0.13 0.13 0.13 0.13 0.13 0.13 0.13 0.08 0.13 0.12 0.13 0.13 0.13 0.13 0.13 0.08 0.10 0.13 0.07 0.12 0.13 0.12 0.12 0.13 0.13 0.12 0.12 0.12 0.13 0.12 0.14 0.13 0.16 0.14 0.17 0.17 0.17 0.17 0.16 0.17 0.17 0.17 0.17 1.00 0.18 0.18 0.18 0.18 0.18 0.05 0.04 0.00 0.02 0.13 0.14 0.14 0.14 0.14 0.14 0.14 0.14 0.14 0.14 0.14 0.14 0.14 0.14 0.12 0.14 0.14 0.14 0.12 0.14 0.14 0.14
0.05 0.04 0.04 0.04 0.02 0.04 0.04 0.04 0.04 0.04 0.04 0.04 0.04 0.04 0.04 0.03 0.02 0.03 0.03 0.03 0.04 0.04 0.04 0.03 0.01 0.02 0.03 0.01 0.03 0.03 0.03 0.03 0.03 0.03 0.03 0.03 0.03 0.03 0.03 0.05 0.04 0.06 0.05 0.07 0.07 0.07 0.07 0.07 0.07 0.07 0.07 0.07 1.00 0.08 0.08 0.08 0.08 0.08 0.01 0.01 0.00 0.01 0.04 0.05 0.05 0.05 0.05 0.05 0.05 0.05 0.05 0.05 0.05 0.05 0.04 0.05 0.04 0.05 0.05 0.05 0.04 0.05 0.05 0.05
0.08 0.08 0.08 0.08 0.05 0.08 0.08 0.08 0.07 0.08 0.08 0.07 0.08 0.07 0.07 0.07 0.04 0.07 0.06 0.07 0.07 0.07 0.07 0.07 0.04 0.05 0.07 0.04 0.06 0.07 0.07 0.07 0.07 0.07 0.07 0.07 0.07 0.07 0.07 0.09 0.07 0.10 0.08 0.11 0.11 0.11 0.11 0.11 0.11 0.11 0.11 0.11 1.00 0.12 0.12 0.12 0.12 0.12 0.02 0.02 0.00 0.01 0.08 0.09 0.09 0.09 0.09 0.09 0.08 0.09 0.09 0.08 0.09 0.08 0.08 0.08 0.07 0.08 0.09 0.08 0.07 0.09 0.09 0.09
0.23 0.23 0.23 0.23 0.19 0.23 0.23 0.23 0.23 0.23 0.23 0.23 0.23 0.23 0.23 0.23 0.17 0.23 0.21 0.23 0.23 0.23 0.23 0.23 0.17 0.20 0.23 0.16 0.22 0.23 0.23 0.23 0.23 0.23 0.23 0.23 0.22 0.23 0.22 0.23 0.22 0.25 0.23 0.26 0.26 0.26 0.26 0.26 0.26 0.26 0.26 0.26 1.00 0.26 0.26 0.26 0.26 0.26 0.09 0.09 0.02 0.04 0.23 0.24 0.24 0.24 0.24 0.24 0.24 0.24 0.24 0.24 0.24 0.23 0.24 0.24 0.21 0.23 0.23 0.23 0.20 0.23 0.23 0.23
0.32 0.33 0.33 0.33 0.28 0.33 0.33 0.32 0.32 0.32 0.32 0.32 0.32 0.32 0.32 0.32 0.25 0.32 0.31 0.32 0.32 0.32 0.32 0.32 0.27 0.30 0.32 0.25 0.31 0.32 0.32 0.32 0.32 0.32 0.32 0.32 0.32 0.32 0.32 0.32 0.30 0.33 0.31 0.34 0.34 0.34 0.34 0.34 0.34 0.34 0.34 0.34 1.00 0.34 0.34 0.34 0.34 0.34 0.14 0.14 0.03 0.07 0.32 0.33 0.33 0.33 0.33 0.33 0.33 0.33 0.33 0.33 0.33 0.33 0.33 0.33 0.31 0.32 0.32 0.33 0.30 0.33 0.33 0.33
0.15 0.15 0.15 0.15 0.11 0.15 0.15 0.15 0.14 0.15 0.15 0.14 0.15 0.14 0.14 0.14 0.09 0.14 0.13 0.14 0.14 0.14 0.14 0.14 0.09 0.11 0.14 0.09 0.13 0.14 0.14 0.14 0.14 0.14 0.14 0.14 0.13 0.14 0.13 0.15 0.14 0.17 0.15 0.17 0.17 0.18 0.17 0.17 0.18 0.18 0.18 0.18 1.00 0.19 0.19 0.19 0.19 0.19 0.05 0.05 0.01 0.02 0.14 0.16 0.16 0.16 0.16 0.16 0.15 0.16 0.16 0.15 0.16 0.15 0.15 0.15 0.14 0.15 0.16 0.15 0.13 0.15 0.15 0.15
0.19 0.20 0.20 0.20 0.15 0.20 0.20 0.19 0.19 0.19 0.19 0.19 0.19 0.19 0.19 0.19 0.13 0.19 0.18 0.19 0.19 0.19 0.19 0.19 0.13 0.16 0.19 0.12 0.18 0.19 0.19 0.19 0.19 0.19 0.19 0.19 0.18 0.19 0.18 0.20 0.18 0.21 0.19 0.22 0.22 0.22 0.22 0.22 0.22 0.22 0.22 0.22 1.00 0.23 0.23 0.23 0.23 0.23 0.07 0.07 0.01 0.03 0.19 0.20 0.20 0.20 0.20 0.20 0.20 0.20 0.20 0.20 0.20 0.20 0.20 0.20 0.18 0.20 0.20 0.20 0.17 0.19 0.19 0.19
0.05 0.05 0.05 0.05 0.03 0.05 0.05 0.05 0.05 0.05 0.05 0.04 0.05 0.04 0.04 0.04 0.02 0.04 0.04 0.04 0.04 0.04 0.05 0.04 0.02 0.03 0.04 0.02 0.04 0.04 0.04 0.04 0.04 0.04 0.04 0.04 0.04 0.04 0.04 0.06 0.05 0.07 0.06 0.08 0.08 0.08 0.08 0.08 0.08 0.08 0.08 0.08 1.00 0.09 0.09 0.09 0.09 0.09 0.02 0.01 0.00 0.01 0.05 0.06 0.06 0.06 0.06 0.06 0.06 0.06 0.06 0.05 0.06 0.05 0.05 0.05 0.05 0.06 0.06 0.06 0.05 0.06 0.06 0.06
0.12 0.12 0.12 0.12 0.08 0.12 0.12 0.12 0.11 0.12 0.12 0.11 0.12 0.11 0.11 0.11 0.07 0.11 0.10 0.11 0.11 0.11 0.11 0.11 0.07 0.09 0.11 0.06 0.10 0.11 0.11 0.11 0.11 0.11 0.11 0.11 0.10 0.11 0.10 0.12 0.11 0.14 0.12 0.14 0.14 0.15 0.14 0.14 0.15 0.15 0.15 0.15 1.00 0.16 0.16 0.16 0.16 0.16 0.04 0.04 0.00 0.02 0.11 0.12 0.12 0.12 0.12 0.12 0.12 0.12 0.12 0.12 0.12 0.12 0.12 0.12 0.11 0.12 0.12 0.12 0.10 0.13 0.13 0.13
0.10 0.10 0.10 0.10 0.07 0.10 0.10 0.10 0.09 0.10 0.10 0.10 0.10 0.09 0.09 0.09 0.06 0.09 0.08 0.09 0.09 0.09 0.09 0.09 0.06 0.07 0.09 0.05 0.08 0.09 0.09 0.09 0.09 0.09 0.09 0.09 0.09 0.09 0.09 0.11 0.10 0.12 0.11 0.13 0.13 0.13 0.13 0.13 0.13 0.13 0.13 0.13 1.00 0.14 0.14 0.14 0.14 0.14 0.03 0.03 0.00 0.01 0.10 0.11 0.11 0.11 0.11 0.11 0.11 0.11 0.11 0.11 0.11 0.11 0.11 0.11 0.09 0.11 0.11 0.11 0.09 0.11 0.11 0.11
0.05 0.05 0.05 0.05 0.03 0.05 0.05 0.05 0.05 0.05 0.05 0.05 0.05 0.05 0.05 0.04 0.02 0.04 0.04 0.04 0.05 0.05 0.05 0.04 0.02 0.03 0.04 0.02 0.04 0.04 0.04 0.04 0.04 0.04 0.04 0.04 0.04 0.04 0.04 0.06 0.05 0.07 0.06 0.08 0.08 0.08 0.08 0.08 0.08 0.08 0.08 0.08 1.00 0.09 0.09 0.09 0.09 0.09 0.02 0.01 0.00 0.01 0.04 0.06 0.06 0.06 0.06 0.06 0.05 0.06 0.06 0.05 0.06 0.05 0.05 0.05 0.04 0.06 0.06 0.06 0.04 0.06 0.06 0.06
0.33 0.33 0.33 0.33 0.28 0.33 0.33 0.33 0.32 0.33 0.33 0.33 0.33 0.33 0.33 0.33 0.25 0.33 0.31 0.33 0.33 0.33 0.33 0.33 0.27 0.31 0.33 0.25 0.32 0.33 0.33 0.33 0.33 0.33 0.33 0.33 0.32 0.33 0.32 0.32 0.30 0.34 0.31 0.34 0.34 0.34 0.34 0.34 0.34 0.34 0.34 0.34 1.00 0.35 0.35 0.35 0.35 0.35 0.14 0.14 0.03 0.07 0.32 0.33 0.33 0.33 0.33 0.33 0.33 0.33 0.33 0.33 0.33 0.33 0.33 0.33 0.31 0.33 0.33 0.33 0.30 0.33 0.33 0.33
0.12 0.12 0.12 0.12 0.08 0.11 0.12 0.11 0.11 0.11 0.11 0.11 0.11 0.11 0.11 0.11 0.07 0.11 0.09 0.10 0.11 0.11 0.11 0.11 0.06 0.08 0.10 0.06 0.09 0.10 0.10 0.10 0.11 0.10 0.10 0.10 0.10 0.10 0.10 0.12 0.11 0.14 0.12 0.14 0.14 0.15 0.14 0.14 0.15 0.15 0.15 0.15 1.00 0.16 0.16 0.16 0.16 0.16 0.04 0.04 0.00 0.02 0.11 0.12 0.12 0.12 0.12 0.12 0.12 0.12 0.12 0.12 0.12 0.12 0.12 0.12 0.11 0.12 0.12 0.12 0.10 0.12 0.12 0.12
0.12 0.11 0.11 0.11 0.07 0.11 0.11 0.11 0.11 0.11 0.11 0.11 0.11 0.11 0.11 0.10 0.06 0.10 0.09 0.10 0.11 0.11 0.11 0.10 0.06 0.08 0.10 0.06 0.09 0.10 0.10 0.10 0.10 0.10 0.10 0.10 0.10 0.10 0.10 0.12 0.10 0.13 0.11 0.14 0.14 0.14 0.14 0.14 0.14 0.14 0.14 0.14 1.00 0.15 0.15 0.15 0.15 0.15 0.04 0.03 0.00 0.02 0.11 0.12 0.12 0.12 0.12 0.12 0.12 0.12 0.12 0.12 0.12 0.12 0.12 0.12 0.10 0.12 0.12 0.12 0.10 0.12 0.12 0.12
0.05 0.05 0.05 0.05 0.03 0.05 0.05 0.05 0.05 0.05 0.05 0.05 0.05 0.05 0.05 0.05 0.03 0.04 0.04 0.05 0.05 0.05 0.05 0.04 0.02 0.03 0.05 0.02 0.04 0.05 0.04 0.04 0.04 0.05 0.04 0.04 0.04 0.05 0.04 0.06 0.05 0.07 0.06 0.08 0.08 0.08 0.08 0.08 0.08 0.08 0.08 0.08 1.00 0.09 0.09 0.09 0.09 0.09 0.02 0.02 0.00 0.01 0.05 0.06 0.06 0.06 0.06 0.06 0.06 0.06 0.06 0.06 0.06 0.06 0.06 0.06 0.05 0.06 0.06 0.06 0.04 0.06 0.06 0.06
0.12 0.12 0.12 0.12 0.08 0.12 0.12 0.12 0.11 0.12 0.11 0.11 0.12 0.11 0.11 0.11 0.07 0.11 0.10 0.11 0.11 0.11 0.11 0.11 0.07 0.09 0.11 0.06 0.10 0.11 0.11 0.11 0.11 0.11 0.11 0.11 0.10 0.11 0.10 0.12 0.11 0.14 0.12 0.15 0.15 0.15 0.15 0.14 0.15 0.15 0.15 0.15 1.00 0.16 0.16 0.16 0.16 0.16 0.04 0.04 0.00 0.02 0.11 0.12 0.12 0.12 0.12 0.13 0.12 0.13 0.13 0.12 0.12 0.12 0.12 0.12 0.11 0.12 0.12 0.12 0.10 0.13 0.13 0.13
0.07 0.07 0.07 0.07 0.04 0.07 0.07 0.07 0.07 0.07 0.07 0.07 0.07 0.06 0.06 0.06 0.04 0.06 0.05 0.06 0.06 0.06 0.06 0.06 0.03 0.04 0.06 0.03 0.05 0.06 0.06 0.06 0.06 0.06 0.06 0.06 0.06 0.06 0.06 0.08 0.07 0.09 0.08 0.10 0.10 0.10 0.10 0.10 0.10 0.10 0.10 0.10 1.00 0.11 0.11 0.11 0.11 0.11 0.02 0.02 0.00 0.01 0.06 0.07 0.07 0.07 0.07 0.07 0.07 0.07 0.07 0.07 0.07 0.07 0.07 0.07 0.06 0.07 0.08 0.07 0.06 0.08 0.08 0.08
0.06 0.06 0.06 0.06 0.04 0.06 0.06 0.06 0.06 0.06 0.06 0.06 0.06 0.06 0.06 0.05 0.03 0.05 0.05 0.05 0.06 0.06 0.06 0.05 0.03 0.04 0.05 0.03 0.05 0.05 0.05 0.05 0.05 0.05 0.05 0.05 0.05 0.05 0.05 0.07 0.06 0.08 0.07 0.09 0.09 0.09 0.09 0.09 0.09 0.09 0.09 0.09 1.00 0.10 0.10 0.10 0.10 0.10 0.02 0.01 0.00 0.01 0.06 0.07 0.07 0.07 0.07 0.07 0.07 0.07 0.07 0.07 0.07 0.06 0.07 0.07 0.06 0.07 0.07 0.07 0.05 0.07 0.07 0.07
0.18 0.18 0.18 0.18 0.13 0.18 0.18 0.18 0.17 0.18 0.17 0.17 0.18 0.17 0.17 0.17 0.12 0.17 0.16 0.17 0.17 0.17 0.17 0.17 0.11 0.14 0.17 0.11 0.16 0.17 0.17 0.17 0.17 0.17 0.17 0.17 0.16 0.17 0.16 0.19 0.17 0.20 0.17 0.21 0.21 0.21 0.21 0.21 0.21 0.21 0.21 0.21 1.00 0.22 0.22 0.22 0.22 0.22 0.06 0.06 0.01 0.03 0.17 0.18 0.18 0.18 0.18 0.18 0.18 0.18 0.18 0.18 0.18 0.18 0.18 0.18 0.16 0.18 0.19 0.18 0.15 0.18 0.18 0.18
0.05 0.05 0.05 0.05 0.03 0.05 0.05 0.05 0.04 0.05 0.04 0.04 0.05 0.04 0.04 0.04 0.02 0.04 0.03 0.04 0.04 0.04 0.04 0.04 0.02 0.03 0.04 0.02 0.03 0.04 0.04 0.04 0.04 0.04 0.04 0.04 0.04 0.04 0.04 0.06 0.05 0.07 0.05 0.08 0.08 0.08 0.08 0.08 0.08 0.08 0.08 0.08 1.00 0.09 0.09 0.09 0.09 0.09 0.02 0.01 0.00 0.01 0.04 0.05 0.05 0.05 0.05 0.05 0.05 0.05 0.05 0.05 0.05 0.05 0.05 0.05 0.04 0.05 0.06 0.05 0.04 0.06 0.06 0.06
0.59 0.59 0.59 0.59 0.56 0.59 0.59 0.59 0.59 0.59 0.59 0.59 0.59 0.59 0.59 0.59 0.53 0.59 0.59 0.59 0.59 0.59 0.59 0.59 0.56 0.58 0.59 0.53 0.59 0.59 0.59 0.59 0.59 0.59 0.59 0.59 0.59 0.59 0.59 0.59 0.57 0.60 0.58 0.60 0.60 0.60 0.60 0.60 0.60 0.60 0.60 0.60 1.00 0.60 0.60 0.60 0.60 0.60 0.35 0.36 0.14 0.20 0.59 0.59 0.59 0.59 0.59 0.59 0.59 0.59 0.59 0.59 0.59 0.59 0.59 0.59 0.58 0.59 0.59 0.59 0.57 0.59 0.59 0.59
0.53 0.53 0.53 0.53 0.49 0.53 0.53 0.53 0.53 0.53 0.53 0.53 0.53 0.53 0.53 0.53 0.46 0.53 0.52 0.53 0.53 0.53 0.53 0.53 0.49 0.52 0.53 0.46 0.53 0.53 0.53 0.53 0.53 0.53 0.53 0.53 0.53 0.53 0.53 0.52 0.51 0.53 0.52 0.53 0.53 0.53 0.53 0.53 0.53 0.53 0.53 0.53 1.00 0.54 0.54 0.54 0.54 0.54 0.29 0.30 0.10 0.17 0.53 0.53 0.53 0.53 0.53 0.53 0.53 0.53 0.53 0.53 0.53 0.53 0.53 0.53 0.51 0.53 0.53 0.53 0.50 0.53 0.53 0.53
0.21 0.21 0.21 0.21 0.17 0.21 0.21 0.21 0.20 0.21 0.21 0.20 0.21 0.21 0.21 0.20 0.14 0.20 0.19 0.20 0.21 0.21 0.20 0.20 0.15 0.18 0.20 0.14 0.20 0.20 0.20 0.20 0.20 0.20 0.20 0.20 0.20 0.20 0.20 0.21 0.20 0.23 0.21 0.24 0.24 0.24 0.24 0.23 0.24 0.24 0.24 0.24 1.00 0.24 0.24 0.24 0.24 0.24 0.08 0.08 0.01 0.03 0.20 0.21 0.21 0.21 0.21 0.21 0.21 0.21 0.21 0.21 0.21 0.21 0.21 0.21 0.19 0.21 0.21 0.21 0.18 0.21 0.21 0.21
0.05 0.04 0.04 0.04 0.03 0.05 0.04 0.04 0.04 0.04 0.04 0.04 0.04 0.04 0.04 0.03 0.02 0.03 0.03 0.04 0.04 0.04 0.04 0.03 0.02 0.02 0.04 0.01 0.03 0.03 0.03 0.03 0.03 0.03 0.03 0.03 0.03 0.03 0.03 0.05 0.05 0.06 0.05 0.07 0.07 0.07 0.07 0.07 0.07 0.07 0.07 0.07 1.00 0.08 0.08 0.08 0.08 0.08 0.01 0.01 0.00 0.00 0.04 0.05 0.05 0.05 0.05 0.05 0.05 0.05 0.05 0.05 0.05 0.05 0.05 0.05 0.04 0.05 0.05 0.05 0.04 0.06 0.06 0.06
0.21 0.21 0.21 0.21 0.17 0.21 0.21 0.21 0.20 0.21 0.21 0.21 0.21 0.21 0.21 0.20 0.14 0.20 0.19 0.21 0.21 0.21 0.21 0.20 0.15 0.18 0.21 0.14 0.20 0.21 0.20 0.20 0.20 0.21 0.20 0.20 0.20 0.21 0.20 0.21 0.19 0.23 0.21 0.23 0.23 0.23 0.23 0.23 0.23 0.23 0.23 0.23 1.00 0.24 0.24 0.24 0.24 0.24 0.08 0.08 0.01 0.03 0.21 0.22 0.22 0.22 0.22 0.22 0.22 0.22 0.22 0.22 0.22 0.21 0.22 0.22 0.19 0.21 0.21 0.22 0.18 0.21 0.21 0.21
0.07 0.07 0.07 0.07 0.04 0.07 0.07 0.07 0.06 0.07 0.06 0.06 0.07 0.06 0.06 0.06 0.03 0.06 0.05 0.06 0.06 0.06 0.06 0.06 0.03 0.04 0.06 0.03 0.05 0.06 0.06 0.06 0.06 0.06 0.06 0.06 0.05 0.06 0.05 0.07 0.07 0.09 0.07 0.09 0.09 0.10 0.09 0.09 0.10 0.10 0.10 0.10 1.00 0.11 0.11 0.11 0.11 0.11 0.02 0.02 0.00 0.01 0.06 0.07 0.07 0.07 0.07 0.07 0.07 0.07 0.07 0.07 0.07 0.07 0.07 0.07 0.06 0.07 0.07 0.07 0.06 0.08 0.08 0.08
0.14 0.14 0.14 0.14 0.10 0.14 0.14 0.14 0.13 0.14 0.14 0.13 0.14 0.13 0.14 0.13 0.08 0.13 0.12 0.13 0.13 0.13 0.14 0.13 0.08 0.11 0.13 0.08 0.12 0.13 0.13 0.13 0.13 0.13 0.13 0.13 0.13 0.13 0.13 0.14 0.13 0.16 0.13 0.17 0.17 0.17 0.17 0.17 0.17 0.17 0.17 0.17 1.00 0.18 0.18 0.18 0.18 0.18 0.05 0.05 0.00 0.02 0.13 0.14 0.14 0.14 0.14 0.15 0.14 0.15 0.15 0.14 0.14 0.14 0.14 0.14 0.13 0.14 0.14 0.14 0.12 0.14 0.14 0.14
0.19 0.19 0.19 0.19 0.14 0.19 0.19 0.19 0.18 0.19 0.19 0.18 0.19 0.18 0.18 0.18 0.12 0.18 0.17 0.18 0.18 0.18 0.18 0.18 0.13 0.15 0.18 0.12 0.17 0.18 0.18 0.18 0.18 0.18 0.18 0.18 0.18 0.18 0.18 0.19 0.17 0.20 0.18 0.21 0.21 0.21 0.21 0.21 0.21 0.21 0.21 0.21 1.00 0.22 0.22 0.22 0.22 0.22 0.07 0.06 0.01 0.03 0.18 0.19 0.19 0.19 0.19 0.19 0.19 0.19 0.19 0.19 0.19 0.19 0.19 0.19 0.18 0.19 0.19 0.19 0.17 0.19 0.19 0.19
0.27 0.27 0.27 0.27 0.21 0.27 0.27 0.27 0.26 0.27 0.26 0.26 0.27 0.26 0.26 0.26 0.19 0.26 0.25 0.26 0.26 0.26 0.26 0.26 0.21 0.24 0.26 0.19 0.25 0.26 0.26 0.26 0.26 0.26 0.26 0.26 0.26 0.26 0.26 0.26 0.24 0.27 0.25 0.28 0.28 0.28 0.28 0.28 0.28 0.28 0.28 0.28 1.00 0.29 0.29 0.29 0.29 0.29 0.11 0.10 0.02 0.05 0.26 0.27 0.27 0.27 0.27 0.27 0.27 0.27 0.27 0.27 0.27 0.27 0.27 0.27 0.24 0.27 0.26 0.27 0.24 0.27 0.27 0.27
0.06 0.06 0.06 0.06 0.04 0.06 0.06 0.06 0.05 0.06 0.05 0.05 0.06 0.05 0.05 0.05 0.03 0.05 0.04 0.05 0.05 0.05 0.05 0.05 0.03 0.03 0.05 0.02 0.04 0.05 0.05 0.05 0.05 0.05 0.05 0.05 0.04 0.05 0.04 0.06 0.06 0.07 0.06 0.08 0.08 0.08 0.08 0.08 0.08 0.08 0.08 0.08 1.00 0.10 0.10 0.10 0.10 0.10 0.02 0.01 0.00 0.00 0.05 0.06 0.06 0.06 0.06 0.06 0.06 0.06 0.06 0.06 0.06 0.06 0.06 0.06 0.05 0.06 0.07 0.06 0.05 0.07 0.07 0.07
0.11 0.11 0.11 0.11 0.07 0.11 0.11 0.11 0.10 0.11 0.10 0.10 0.11 0.10 0.10 0.10 0.06 0.10 0.09 0.10 0.10 0.10 0.10 0.10 0.06 0.08 0.10 0.06 0.09 0.10 0.10 0.10 0.10 0.10 0.10 0.10 0.09 0.10 0.09 0.11 0.10 0.13 0.11 0.14 0.14 0.14 0.14 0.14 0.14 0.14 0.14 0.14 1.00 0.15 0.15 0.15 0.15 0.15 0.03 0.03 0.00 0.02 0.10 0.11 0.11 0.11 0.11 0.11 0.11 0.11 0.11 0.11 0.11 0.11 0.11 0.11 0.10 0.11 0.11 0.11 0.09 0.12 0.12 0.12
0.47 0.47 0.47 0.47 0.43 0.47 0.47 0.47 0.47 0.47 0.47 0.47 0.47 0.47 0.47 0.47 0.40 0.47 0.46 0.47 0.47 0.47 0.47 0.47 0.42 0.45 0.47 0.40 0.47 0.47 0.47 0.47 0.47 0.47 0.47 0.47 0.47 0.47 0.47 0.47 0.45 0.48 0.46 0.48 0.48 0.48 0.48 0.48 0.48 0.48 0.48 0.48 1.00 0.48 0.48 0.48 0.48 0.48 0.25 0.25 0.07 0.13 0.47 0.48 0.48 0.48 0.48 0.48 0.48 0.48 0.48 0.48 0.48 0.47 0.48 0.48 0.46 0.47 0.47 0.47 0.44 0.47 0.47 0.47
0.07 0.07 0.07 0.07 0.05 0.07 0.07 0.07 0.07 0.07 0.07 0.07 0.07 0.07 0.07 0.06 0.04 0.06 0.06 0.06 0.07 0.07 0.07 0.06 0.03 0.05 0.06 0.03 0.05 0.06 0.06 0.06 0.06 0.06 0.06 0.06 0.06 0.06 0.06 0.08 0.07 0.09 0.08 0.10 0.10 0.10 0.10 0.10 0.10 0.10 0.10 0.10 1.00 0.11 0.11 0.11 0.11 0.11 0.02 0.02 0.00 0.01 0.07 0.08 0.08 0.08 0.08 0.08 0.08 0.08 0.08 0.07 0.08 0.07 0.07 0.07 0.06 0.08 0.08 0.08 0.06 0.08 0.08 0.08
0.08 0.08 0.08 0.08 0.05 0.08 0.08 0.08 0.07 0.08 0.08 0.08 0.08 0.07 0.07 0.07 0.04 0.07 0.06 0.07 0.07 0.07 0.07 0.07 0.04 0.05 0.07 0.04 0.06 0.07 0.07 0.07 0.07 0.07 0.07 0.07 0.07 0.07 0.07 0.08 0.08 0.10 0.09 0.11 0.11 0.11 0.11 0.11 0.11 0.11 0.11 0.11 1.00 0.12 0.12 0.12 0.12 0.12 0.03 0.02 0.00 0.01 0.07 0.09 0.09 0.09 0.09 0.09 0.08 0.09 0.09 0.08 0.09 0.08 0.08 0.08 0.07 0.08 0.09 0.08 0.07 0.09 0.09 0.09
0.61 0.61 0.61 0.61 0.59 0.61 0.61 0.61 0.61 0.61 0.61 0.61 0.61 0.61 0.61 0.61 0.55 0.61 0.61 0.61 0.61 0.61 0.61 0.61 0.58 0.61 0.61 0.56 0.61 0.61 0.61 0.61 0.61 0.61 0.61 0.61 0.61 0.61 0.61 0.61 0.60 0.62 0.60 0.62 0.62 0.62 0.62 0.62 0.62 0.62 0.62 0.62 1.00 0.62 0.62 0.62 0.62 0.62 0.37 0.38 0.15 0.23 0.61 0.61 0.61 0.61 0.61 0.61 0.61 0.61 0.61 0.61 0.61 0.61 0.61 0.61 0.60 0.61 0.61 0.61 0.59 0.61 0.61 0.61
0.15 0.15 0.15 0.15 0.11 0.15 0.15 0.15 0.14 0.15 0.15 0.15 0.15 0.15 0.15 0.14 0.10 0.14 0.13 0.15 0.15 0.15 0.15 0.14 0.09 0.12 0.15 0.09 0.13 0.15 0.14 0.14 0.14 0.15 0.14 0.14 0.14 0.15 0.14 0.16 0.14 0.17 0.15 0.18 0.18 0.18 0.18 0.18 0.18 0.18 0.18 0.18 1.00 0.19 0.19 0.19 0.19 0.19 0.05 0.05 0.01 0.03 0.15 0.16 0.16 0.16 0.16 0.16 0.16 0.16 0.16 0.16 0.16 0.15 0.15 0.16 0.14 0.16 0.16 0.16 0.13 0.16 0.16 0.16
0.14 0.14 0.14 0.14 0.10 0.14 0.14 0.14 0.13 0.14 0.14 0.14 0.14 0.14 0.14 0.13 0.09 0.13 0.12 0.13 0.14 0.14 0.14 0.13 0.09 0.11 0.13 0.08 0.12 0.13 0.13 0.13 0.13 0.13 0.13 0.13 0.13 0.13 0.13 0.15 0.13 0.16 0.14 0.17 0.17 0.17 0.17 0.17 0.17 0.17 0.17 0.17 1.00 0.18 0.18 0.18 0.18 0.18 0.05 0.05 0.00 0.02 0.13 0.14 0.14 0.14 0.14 0.15 0.14 0.15 0.15 0.14 0.14 0.14 0.14 0.14 0.13 0.14 0.15 0.14 0.12 0.14 0.14 0.14
0.23 0.23 0.23 0.23 0.19 0.23 0.23 0.23 0.23 0.23 0.23 0.23 0.23 0.23 0.23 0.23 0.17 0.23 0.22 0.23 0.23 0.23 0.23 0.23 0.17 0.20 0.23 0.16 0.22 0.23 0.23 0.23 0.23 0.23 0.23 0.23 0.22 0.23 0.22 0.23 0.21 0.24 0.22 0.25 0.25 0.25 0.25 0.25 0.25 0.25 0.25 0.25 1.00 0.26 0.26 0.26 0.26 0.26 0.09 0.09 0.02 0.04 0.23 0.24 0.24 0.24 0.24 0.24 0.23 0.24 0.24 0.24 0.24 0.23 0.23 0.24 0.21 0.23 0.23 0.23 0.20 0.23 0.23 0.23
0.53 0.53 0.53 0.53 0.49 0.53 0.53 0.53 0.53 0.53 0.53 0.53 0.53 0.53 0.53 0.53 0.46 0.53 0.52 0.53 0.53 0.53 0.53 0.53 0.48 0.51 0.53 0.46 0.52 0.53 0.53 0.53 0.53 0.53 0.53 0.53 0.53 0.53 0.53 0.52 0.51 0.53 0.51 0.53 0.53 0.53 0.53 0.53 0.53 0.53 0.53 0.53 1.00 0.54 0.54 0.54 0.54 0.54 0.30 0.29 0.10 0.16 0.52 0.53 0.53 0.53 0.53 0.53 0.53 0.53 0.53 0.53 0.53 0.53 0.53 0.53 0.51 0.53 0.52 0.53 0.50 0.53 0.53 0.53
0.08 0.07 0.07 0.08 0.05 0.08 0.07 0.07 0.07 0.07 0.07 0.07 0.07 0.07 0.07 0.06 0.04 0.06 0.06 0.06 0.07 0.07 0.07 0.06 0.04 0.05 0.06 0.03 0.05 0.06 0.06 0.06 0.06 0.06 0.06 0.06 0.06 0.06 0.06 0.08 0.07 0.09 0.08 0.10 0.10 0.10 0.10 0.10 0.10 0.10 0.10 0.10 1.00 0.11 0.11 0.11 0.11 0.11 0.02 0.02 0.00 0.01 0.07 0.08 0.08 0.08 0.08 0.08 0.08 0.08 0.08 0.08 0.08 0.08 0.08 0.08 0.07 0.08 0.08 0.08 0.06 0.08 0.08 0.08
0.24 0.24 0.24 0.24 0.19 0.24 0.24 0.24 0.23 0.24 0.24 0.24 0.24 0.24 0.24 0.23 0.17 0.23 0.22 0.23 0.24 0.24 0.24 0.23 0.18 0.21 0.23 0.17 0.22 0.23 0.23 0.23 0.23 0.23 0.23 0.23 0.23 0.23 0.23 0.24 0.22 0.25 0.23 0.26 0.26 0.26 0.26 0.26 0.26 0.26 0.26 0.26 1.00 0.27 0.27 0.27 0.27 0.27 0.09 0.09 0.01 0.04 0.23 0.24 0.24 0.24 0.24 0.24 0.24 0.24 0.24 0.24 0.24 0.24 0.24 0.24 0.22 0.24 0.24 0.24 0.21 0.24 0.24 0.24
0.05 0.05 0.05 0.05 0.03 0.05 0.05 0.05 0.05 0.05 0.05 0.05 0.05 0.04 0.04 0.04 0.02 0.04 0.04 0.04 0.04 0.04 0.04 0.04 0.02 0.03 0.04 0.02 0.03 0.04 0.04 0.04 0.04 0.04 0.04 0.04 0.04 0.04 0.04 0.06 0.05 0.07 0.06 0.08 0.08 0.08 0.08 0.08 0.08 0.08 0.08 0.08 1.00 0.09 0.09 0.09 0.09 0.09 0.01 0.01 0.00 0.00 0.05 0.05 0.05 0.05 0.05 0.06 0.05 0.06 0.06 0.05 0.05 0.05 0.05 0.05 0.05 0.06 0.06 0.06 0.04 0.06 0.06 0.06
0.20 0.21 0.21 0.21 0.16 0.20 0.21 0.20 0.20 0.20 0.20 0.20 0.20 0.20 0.20 0.20 0.14 0.20 0.19 0.20 0.20 0.20 0.20 0.20 0.14 0.17 0.20 0.13 0.19 0.20 0.20 0.20 0.20 0.20 0.20 0.20 0.19 0.20 0.19 0.21 0.19 0.22 0.20 0.23 0.23 0.23 0.23 0.23 0.23 0.23 0.23 0.23 1.00 0.24 0.24 0.24 0.24 0.24 0.08 0.08 0.01 0.03 0.20 0.21 0.21 0.21 0.21 0.21 0.21 0.21 0.21 0.21 0.21 0.20 0.21 0.21 0.19 0.21 0.21 0.21 0.18 0.20 0.20 0.20
0.04 0.04 0.04 0.04 0.02 0.04 0.04 0.04 0.04 0.04 0.04 0.04 0.04 0.03 0.04 0.03 0.02 0.03 0.03 0.03 0.03 0.03 0.03 0.03 0.01 0.02 0.03 0.01 0.03 0.03 0.03 0.03 0.03 0.03 0.03 0.03 0.03 0.03 0.03 0.05 0.05 0.06 0.05 0.07 0.07 0.08 0.07 0.07 0.07 0.08 0.08 0.08 1.00 0.08 0.08 0.08 0.08 0.08 0.01 0.01 0.00 0.01 0.04 0.05 0.05 0.05 0.05 0.05 0.05 0.05 0.05 0.04 0.05 0.04 0.04 0.05 0.04 0.05 0.05 0.05 0.04 0.05 0.05 0.05
0.03 0.03 0.03 0.03 0.02 0.03 0.03 0.03 0.03 0.03 0.03 0.03 0.03 0.03 0.03 0.03 0.01 0.02 0.02 0.02 0.03 0.03 0.03 0.02 0.01 0.01 0.02 0.01 0.02 0.02 0.02 0.02 0.02 0.02 0.02 0.02 0.02 0.02 0.02 0.04 0.04 0.05 0.04 0.06 0.06 0.06 0.06 0.06 0.06 0.06 0.06 0.06 1.00 0.07 0.07 0.07 0.07 0.07 0.01 0.01 0.00 0.00 0.03 0.04 0.04 0.04 0.04 0.04 0.04 0.04 0.04 0.03 0.04 0.03 0.03 0.03 0.03 0.04 0.04 0.04 0.03 0.04 0.04 0.04
0.41 0.41 0.41 0.41 0.36 0.41 0.41 0.41 0.41 0.41 0.41 0.41 0.41 0.41 0.41 0.41 0.33 0.41 0.39 0.41 0.41 0.41 0.41 0.41 0.35 0.39 0.41 0.33 0.40 0.41 0.41 0.41 0.41 0.41 0.41 0.41 0.40 0.41 0.40 0.40 0.39 0.41 0.39 0.42 0.42 0.42 0.42 0.42 0.42 0.42 0.42 0.42 1.00 0.42 0.42 0.42 0.42 0.42 0.20 0.20 0.05 0.10 0.40 0.41 0.41 0.41 0.41 0.41 0.41 0.41 0.41 0.41 0.41 0.41 0.41 0.41 0.39 0.41 0.41 0.41 0.38 0.41 0.41 0.41
0.09 0.09 0.09 0.09 0.06 0.09 0.09 0.09 0.09 0.09 0.09 0.09 0.09 0.09 0.09 0.09 0.05 0.08 0.08 0.08 0.09 0.09 0.09 0.08 0.05 0.06 0.08 0.05 0.07 0.08 0.08 0.08 0.08 0.08 0.08 0.08 0.08 0.08 0.08 0.10 0.09 0.11 0.10 0.12 0.12 0.13 0.12 0.12 0.13 0.13 0.13 0.13 1.00 0.13 0.13 0.13 0.13 0.13 0.03 0.02 0.00 0.01 0.09 0.10 0.10 0.10 0.10 0.10 0.10 0.10 0.10 0.09 0.10 0.09 0.09 0.10 0.08 0.10 0.10 0.10 0.08 0.10 0.10 0.10
0.54 0.54 0.54 0.54 0.50 0.54 0.54 0.54 0.54 0.54 0.54 0.54 0.54 0.54 0.54 0.54 0.47 0.54 0.53 0.54 0.54 0.54 0.54 0.54 0.50 0.53 0.54 0.48 0.53 0.54 0.54 0.54 0.54 0.54 0.54 0.54 0.54 0.54 0.54 0.54 0.52 0.54 0.52 0.55 0.55 0.55 0.55 0.55 0.55 0.55 0.55 0.55 1.00 0.55 0.55 0.55 0.55 0.55 0.30 0.31 0.11 0.18 0.54 0.54 0.54 0.54 0.54 0.54 0.54 0.54 0.54 0.54 0.54 0.54 0.54 0.54 0.52 0.54 0.54 0.54 0.51 0.54 0.54 0.54
0.13 0.13 0.13 0.13 0.09 0.13 0.13 0.12 0.12 0.12 0.12 0.12 0.12 0.12 0.12 0.12 0.08 0.12 0.11 0.12 0.12 0.12 0.12 0.12 0.07 0.09 0.12 0.07 0.11 0.12 0.12 0.12 0.12 0.12 0.12 0.12 0.11 0.12 0.11 0.13 0.11 0.14 0.12 0.15 0.15 0.15 0.15 0.15 0.15 0.15 0.15 0.15 1.00 0.16 0.16 0.16 0.16 0.16 0.04 0.04 0.00 0.02 0.12 0.13 0.13 0.13 0.13 0.13 0.13 0.13 0.13 0.13 0.13 0.13 0.13 0.13 0.11 0.13 0.13 0.13 0.11 0.13 0.13 0.13
0.04 0.04 0.04 0.04 0.02 0.03 0.04 0.04 0.03 0.03 0.03 0.03 0.03 0.03 0.03 0.03 0.01 0.03 0.02 0.03 0.03 0.03 0.03 0.03 0.01 0.02 0.03 0.01 0.02 0.03 0.03 0.03 0.03 0.03 0.03 0.03 0.02 0.03 0.02 0.04 0.04 0.05 0.04 0.06 0.06 0.07 0.06 0.06 0.07 0.07 0.07 0.07 1.00 0.08 0.08 0.08 0.08 0.08 0.01 0.01 0.00 0.00 0.03 0.04 0.04 0.04 0.04 0.04 0.04 0.04 0.04 0.04 0.04 0.04 0.04 0.04 0.03 0.04 0.04 0.04 0.03 0.04 0.04 0.04
0.04 0.04 0.04 0.04 0.02 0.04 0.04 0.04 0.03 0.04 0.04 0.03 0.04 0.03 0.03 0.03 0.01 0.03 0.03 0.03 0.03 0.03 0.03 0.03 0.01 0.02 0.03 0.01 0.03 0.03 0.03 0.03 0.03 0.03 0.03 0.03 0.03 0.03 0.03 0.04 0.04 0.06 0.05 0.07 0.07 0.07 0.07 0.07 0.07 0.07 0.07 0.07 1.00 0.08 0.08 0.08 0.08 0.08 0.01 0.01 0.00 0.00 0.03 0.04 0.04 0.04 0.04 0.04 0.04 0.04 0.04 0.04 0.04 0.04 0.04 0.04 0.04 0.04 0.04 0.04 0.03 0.05 0.05 0.05
0.54 0.55 0.55 0.55 0.51 0.55 0.55 0.54 0.54 0.54 0.54 0.54 0.54 0.55 0.55 0.54 0.47 0.54 0.54 0.55 0.55 0.55 0.55 0.54 0.50 0.53 0.55 0.48 0.54 0.55 0.55 0.55 0.54 0.55 0.55 0.55 0.54 0.55 0.54 0.54 0.52 0.55 0.53 0.55 0.55 0.55 0.55 0.55 0.55 0.55 0.55 0.55 1.00 0.55 0.55 0.55 0.55 0.55 0.31 0.31 0.11 0.18 0.54 0.55 0.55 0.55 0.55 0.55 0.54 0.55 0.55 0.54 0.55 0.54 0.55 0.54 0.53 0.54 0.54 0.54 0.51 0.54 0.54 0.54
0.36 0.37 0.37 0.36 0.32 0.36 0.37 0.36 0.36 0.36 0.36 0.36 0.36 0.36 0.36 0.36 0.28 0.36 0.35 0.36 0.36 0.36 0.36 0.36 0.31 0.34 0.36 0.28 0.36 0.36 0.36 0.36 0.36 0.36 0.36 0.36 0.36 0.36 0.36 0.36 0.34 0.37 0.35 0.38 0.38 0.38 0.38 0.38 0.38 0.38 0.38 0.38 1.00 0.38 0.38 0.38 0.38 0.38 0.17 0.17 0.04 0.09 0.36 0.37 0.37 0.37 0.37 0.37 0.37 0.37 0.37 0.36 0.37 0.37 0.37 0.36 0.35 0.36 0.36 0.36 0.33 0.36 0.36 0.36
0.07 0.07 0.07 0.07 0.04 0.07 0.07 0.07 0.06 0.07 0.07 0.07 0.07 0.06 0.06 0.06 0.04 0.06 0.05 0.06 0.06 0.06 0.06 0.06 0.03 0.04 0.06 0.03 0.05 0.06 0.06 0.06 0.06 0.06 0.06 0.06 0.05 0.06 0.05 0.07 0.07 0.09 0.07 0.10 0.10 0.10 0.10 0.10 0.10 0.10 0.10 0.10 1.00 0.11 0.11 0.11 0.11 0.11 0.02 0.02 0.00 0.01 0.07 0.08 0.08 0.08 0.08 0.08 0.07 0.08 0.08 0.07 0.08 0.07 0.07 0.07 0.06 0.07 0.08 0.07 0.06 0.08 0.08 0.08
0.17 0.17 0.17 0.17 0.12 0.17 0.17 0.17 0.16 0.17 0.16 0.16 0.17 0.17 0.16 0.16 0.11 0.16 0.15 0.16 0.17 0.17 0.16 0.16 0.11 0.14 0.16 0.10 0.15 0.16 0.16 0.16 0.16 0.16 0.16 0.16 0.16 0.16 0.16 0.17 0.15 0.18 0.16 0.19 0.19 0.19 0.19 0.19 0.19 0.19 0.19 0.19 1.00 0.20 0.20 0.20 0.20 0.20 0.05 0.06 0.01 0.03 0.16 0.18 0.18 0.18 0.18 0.18 0.17 0.18 0.18 0.17 0.18 0.17 0.17 0.17 0.16 0.17 0.17 0.17 0.15 0.17 0.17 0.17
0.09 0.09 0.09 0.09 0.06 0.09 0.09 0.09 0.08 0.09 0.09 0.09 0.09 0.09 0.09 0.08 0.05 0.08 0.08 0.08 0.09 0.09 0.09 0.08 0.05 0.06 0.08 0.04 0.08 0.08 0.08 0.08 0.08 0.08 0.08 0.08 0.08 0.08 0.08 0.10 0.09 0.11 0.10 0.12 0.12 0.12 0.12 0.12 0.12 0.12 0.12 0.12 1.00 0.13 0.13 0.13 0.13 0.13 0.03 0.03 0.00 0.01 0.08 0.10 0.10 0.10 0.10 0.10 0.10 0.10 0.10 0.09 0.10 0.09 0.10 0.09 0.08 0.10 0.10 0.10 0.08 0.10 0.10 0.10
0.04 0.04 0.04 0.04 0.02 0.04 0.04 0.04 0.04 0.04 0.04 0.04 0.04 0.04 0.03 0.03 0.02 0.03 0.03 0.03 0.04 0.04 0.03 0.03 0.02 0.02 0.03 0.01 0.03 0.03 0.03 0.03 0.03 0.03 0.03 0.03 0.03 0.03 0.03 0.05 0.04 0.06 0.05 0.07 0.07 0.07 0.07 0.07 0.07 0.07 0.07 0.07 1.00 0.08 0.08 0.08 0.08 0.08 0.02 0.01 0.00 0.00 0.04 0.05 0.05 0.05 0.05 0.05 0.04 0.05 0.05 0.04 0.05 0.04 0.04 0.04 0.04 0.05 0.05 0.05 0.04 0.05 0.05 0.05
0.46 0.46 0.46 0.46 0.42 0.46 0.46 0.46 0.46 0.46 0.46 0.46 0.46 0.46 0.46 0.46 0.38 0.46 0.45 0.46 0.46 0.46 0.46 0.46 0.41 0.44 0.46 0.39 0.45 0.46 0.46 0.46 0.46 0.46 0.46 0.46 0.46 0.46 0.46 0.46 0.44 0.47 0.44 0.47 0.47 0.47 0.47 0.47 0.47 0.47 0.47 0.47 1.00 0.47 0.47 0.47 0.47 0.47 0.23 0.24 0.07 0.13 0.45 0.46 0.46 0.46 0.46 0.46 0.46 0.46 0.46 0.46 0.46 0.46 0.46 0.46 0.44 0.46 0.46 0.46 0.43 0.46 0.46 0.46
0.63 0.63 0.63 0.63 0.61 0.63 0.63 0.63 0.63 0.63 0.63 0.63 0.63 0.63 0.63 0.63 0.57 0.63 0.63 0.63 0.63 0.63 0.63 0.63 0.60 0.63 0.63 0.58 0.63 0.63 0.63 0.63 0.63 0.63 0.63 0.63 0.63 0.63 0.63 0.63 0.62 0.63 0.62 0.64 0.64 0.64 0.64 0.64 0.64 0.64 0.64 0.64 1.00 0.64 0.64 0.64 0.64 0.64 0.39 0.41 0.17 0.24 0.63 0.63 0.63 0.63 0.63 0.63 0.63 0.63 0.63 0.63 0.63 0.63 0.63 0.63 0.62 0.63 0.63 0.63 0.61 0.63 0.63 0.63
0.22 0.22 0.22 0.22 0.17 0.22 0.22 0.22 0.21 0.22 0.21 0.21 0.22 0.21 0.21 0.21 0.15 0.21 0.19 0.21 0.21 0.21 0.21 0.21 0.15 0.19 0.21 0.14 0.20 0.21 0.21 0.21 0.21 0.21 0.21 0.21 0.21 0.21 0.21 0.22 0.20 0.23 0.21 0.24 0.24 0.24 0.24 0.24 0.24 0.24 0.24 0.24 1.00 0.25 0.25 0.25 0.25 0.25 0.08 0.07 0.01 0.04 0.21 0.22 0.22 0.22 0.22 0.22 0.22 0.22 0.22 0.22 0.22 0.22 0.22 0.22 0.19 0.22 0.22 0.22 0.19 0.22 0.22 0.22
0.07 0.07 0.07 0.07 0.04 0.07 0.07 0.06 0.06 0.06 0.06 0.06 0.06 0.06 0.06 0.06 0.03 0.06 0.05 0.06 0.06 0.06 0.06 0.06 0.03 0.04 0.06 0.03 0.05 0.06 0.06 0.06 0.06 0.06 0.06 0.06 0.05 0.06 0.05 0.07 0.06 0.08 0.07 0.09 0.09 0.09 0.09 0.09 0.09 0.09 0.09 0.09 1.00 0.10 0.10 0.10 0.10 0.10 0.02 0.02 0.00 0.01 0.06 0.07 0.07 0.07 0.07 0.07 0.07 0.07 0.07 0.07 0.07 0.07 0.07 0.07 0.06 0.07 0.07 0.07 0.06 0.07 0.07 0.07
0.08 0.07 0.07 0.07 0.05 0.07 0.07 0.07 0.07 0.07 0.07 0.07 0.07 0.07 0.07 0.06 0.04 0.06 0.06 0.06 0.07 0.07 0.07 0.06 0.03 0.05 0.06 0.03 0.06 0.06 0.06 0.06 0.06 0.06 0.06 0.06 0.06 0.06 0.06 0.08 0.07 0.09 0.08 0.10 0.10 0.10 0.10 0.10 0.10 0.10 0.10 0.10 1.00 0.11 0.11 0.11 0.11 0.11 0.02 0.02 0.00 0.01 0.07 0.08 0.08 0.08 0.08 0.08 0.08 0.08 0.08 0.08 0.08 0.08 0.08 0.08 0.07 0.08 0.08 0.08 0.06 0.08 0.08 0.08
0.11 0.11 0.11 0.11 0.07 0.11 0.11 0.11 0.10 0.11 0.11 0.11 0.11 0.11 0.11 0.10 0.07 0.10 0.09 0.10 0.11 0.11 0.11 0.10 0.06 0.08 0.10 0.06 0.10 0.10 0.10 0.10 0.10 0.10 0.10 0.10 0.10 0.10 0.10 0.11 0.10 0.13 0.11 0.14 0.14 0.14 0.14 0.14 0.14 0.14 0.14 0.14 1.00 0.15 0.15 0.15 0.15 0.15 0.03 0.03 0.00 0.01 0.11 0.12 0.12 0.12 0.12 0.12 0.12 0.12 0.12 0.12 0.12 0.11 0.12 0.12 0.10 0.11 0.12 0.12 0.09 0.12 0.12 0.12
0.03 0.03 0.03 0.03 0.02 0.03 0.03 0.03 0.03 0.03 0.03 0.03 0.03 0.03 0.03 0.03 0.01 0.02 0.02 0.02 0.03 0.03 0.03 0.02 0.01 0.02 0.02 0.01 0.02 0.02 0.02 0.02 0.02 0.02 0.02 0.02 0.02 0.02 0.02 0.04 0.04 0.05 0.04 0.06 0.06 0.06 0.06 0.06 0.06 0.06 0.06 0.06 1.00 0.07 0.07 0.07 0.07 0.07 0.01 0.01 0.00 0.00 0.03 0.04 0.04 0.04 0.04 0.04 0.04 0.04 0.04 0.03 0.04 0.03 0.03 0.03 0.03 0.04 0.04 0.04 0.03 0.04 0.04 0.04
0.24 0.25 0.25 0.25 0.20 0.24 0.25 0.24 0.24 0.24 0.24 0.24 0.24 0.24 0.24 0.24 0.17 0.24 0.22 0.24 0.24 0.24 0.24 0.24 0.18 0.21 0.24 0.17 0.23 0.24 0.24 0.24 0.24 0.24 0.24 0.24 0.23 0.24 0.23 0.24 0.22 0.26 0.23 0.27 0.27 0.27 0.27 0.27 0.27 0.27 0.27 0.27 1.00 0.27 0.27 0.27 0.27 0.27 0.09 0.09 0.01 0.04 0.24 0.25 0.25 0.25 0.25 0.25 0.25 0.25 0.25 0.25 0.25 0.25 0.25 0.25 0.22 0.24 0.25 0.24 0.21 0.24 0.24 0.24
0.67 0.67 0.67 0.67 0.65 0.67 0.67 0.67 0.67 0.67 0.67 0.67 0.67 0.67 0.67 0.67 0.62 0.67 0.67 0.67 0.67 0.67 0.67 0.67 0.65 0.67 0.67 0.62 0.67 0.67 0.67 0.67 0.67 0.67 0.67 0.67 0.67 0.67 0.67 0.67 0.66 0.67 0.66 0.67 0.67 0.67 0.67 0.67 0.67 0.67 0.67 0.67 1.00 0.67 0.67 0.67 0.67 0.67 0.43 0.44 0.21 0.28 0.67 0.67 0.67 0.67 0.67 0.67 0.67 0.67 0.67 0.67 0.67 0.67 0.67 0.67 0.66 0.67 0.67 0.67 0.65 0.67 0.67 0.67
0.18 0.18 0.18 0.18 0.14 0.18 0.18 0.18 0.17 0.18 0.17 0.17 0.18 0.17 0.17 0.17 0.12 0.17 0.16 0.17 0.17 0.17 0.17 0.17 0.12 0.14 0.17 0.11 0.16 0.17 0.17 0.17 0.17 0.17 0.17 0.17 0.16 0.17 0.16 0.18 0.17 0.19 0.18 0.20 0.20 0.21 0.20 0.20 0.20 0.21 0.21 0.21 1.00 0.21 0.21 0.21 0.21 0.21 0.06 0.06 0.01 0.03 0.17 0.18 0.18 0.18 0.18 0.18 0.18 0.18 0.18 0.18 0.18 0.18 0.18 0.18 0.16 0.18 0.18 0.18 0.15 0.18 0.18 0.18
0.21 0.21 0.21 0.21 0.16 0.21 0.21 0.20 0.20 0.20 0.20 0.20 0.20 0.20 0.20 0.20 0.14 0.20 0.19 0.20 0.20 0.20 0.20 0.20 0.14 0.17 0.20 0.14 0.19 0.20 0.20 0.20 0.20 0.20 0.20 0.20 0.19 0.20 0.19 0.20 0.19 0.22 0.20 0.23 0.23 0.23 0.23 0.22 0.23 0.23 0.23 0.23 1.00 0.23 0.23 0.23 0.23 0.23 0.08 0.07 0.01 0.04 0.20 0.21 0.21 0.21 0.21 0.21 0.21 0.21 0.21 0.21 0.21 0.20 0.21 0.21 0.19 0.21 0.21 0.21 0.18 0.21 0.21 0.21
0.05 0.06 0.06 0.05 0.03 0.05 0.06 0.05 0.05 0.05 0.05 0.05 0.05 0.05 0.05 0.05 0.02 0.04 0.04 0.04 0.05 0.05 0.05 0.04 0.03 0.03 0.04 0.02 0.04 0.04 0.04 0.04 0.04 0.04 0.04 0.04 0.04 0.04 0.04 0.06 0.06 0.07 0.06 0.08 0.08 0.09 0.08 0.08 0.08 0.09 0.09 0.09 1.00 0.10 0.10 0.10 0.10 0.10 0.02 0.02 0.00 0.01 0.05 0.06 0.06 0.06 0.06 0.06 0.06 0.06 0.06 0.06 0.06 0.06 0.06 0.06 0.05 0.06 0.06 0.06 0.05 0.06 0.06 0.06
0.07 0.07 0.07 0.07 0.04 0.07 0.07 0.07 0.06 0.07 0.06 0.06 0.07 0.06 0.06 0.06 0.03 0.06 0.05 0.06 0.06 0.06 0.06 0.06 0.03 0.04 0.06 0.02 0.05 0.06 0.06 0.06 0.06 0.06 0.06 0.06 0.05 0.06 0.05 0.07 0.07 0.09 0.07 0.10 0.10 0.10 0.10 0.10 0.10 0.10 0.10 0.10 1.00 0.11 0.11 0.11 0.11 0.11 0.02 0.02 0.00 0.01 0.06 0.08 0.08 0.08 0.08 0.08 0.07 0.08 0.08 0.07 0.08 0.07 0.07 0.07 0.06 0.07 0.08 0.08 0.06 0.08 0.08 0.08
0.64 0.64 0.64 0.64 0.61 0.64 0.64 0.64 0.63 0.64 0.64 0.64 0.64 0.64 0.64 0.64 0.58 0.64 0.63 0.64 0.64 0.64 0.64 0.64 0.61 0.63 0.64 0.58 0.64 0.64 0.64 0.64 0.64 0.64 0.64 0.64 0.64 0.64 0.64 0.63 0.62 0.64 0.63 0.64 0.64 0.64 0.64 0.64 0.64 0.64 0.64 0.64 1.00 0.64 0.64 0.64 0.64 0.64 0.40 0.40 0.17 0.25 0.64 0.64 0.64 0.64 0.64 0.64 0.64 0.64 0.64 0.64 0.64 0.64 0.64 0.64 0.62 0.64 0.63 0.64 0.61 0.64 0.64 0.64
0.57 0.57 0.57 0.57 0.54 0.57 0.57 0.57 0.57 0.57 0.57 0.57 0.57 0.57 0.57 0.57 0.49 0.57 0.56 0.57 0.57 0.57 0.57 0.57 0.53 0.56 0.57 0.51 0.57 0.57 0.57 0.57 0.57 0.57 0.57 0.57 0.57 0.57 0.57 0.56 0.55 0.57 0.55 0.57 0.57 0.57 0.57 0.57 0.57 0.57 0.57 0.57 1.00 0.57 0.57 0.57 0.57 0.57 0.33 0.33 0.13 0.19 0.57 0.57 0.57 0.57 0.57 0.57 0.57 0.57 0.57 0.57 0.57 0.57 0.57 0.57 0.55 0.57 0.57 0.57 0.54 0.57 0.57 0.57
0.60 0.60 0.60 0.60 0.57 0.60 0.60 0.60 0.59 0.60 0.60 0.60 0.60 0.60 0.60 0.60 0.53 0.60 0.59 0.60 0.60 0.60 0.60 0.60 0.56 0.59 0.60 0.54 0.59 0.60 0.60 0.60 0.60 0.60 0.60 0.60 0.59 0.60 0.59 0.59 0.58 0.60 0.58 0.60 0.60 0.60 0.60 0.60 0.60 0.60 0.60 0.60 1.00 0.60 0.60 0.60 0.60 0.60 0.36 0.36 0.15 0.21 0.60 0.60 0.60 0.60 0.60 0.60 0.60 0.60 0.60 0.60 0.60 0.60 0.60 0.60 0.58 0.59 0.59 0.60 0.57 0.59 0.59 0.59
0.13 0.13 0.13 0.13 0.09 0.13 0.13 0.13 0.12 0.12 0.12 0.12 0.12 0.12 0.12 0.12 0.07 0.12 0.11 0.12 0.12 0.12 0.12 0.12 0.07 0.09 0.12 0.07 0.11 0.12 0.11 0.12 0.12 0.12 0.11 0.12 0.11 0.12 0.11 0.13 0.12 0.15 0.13 0.15 0.15 0.16 0.15 0.16 0.16 0.16 0.16 0.16 1.00 0.17 0.17 0.17 0.17 0.17 0.04 0.04 0.00 0.02 0.12 0.13 0.13 0.13 0.13 0.13 0.13 0.13 0.13 0.13 0.13 0.13 0.13 0.13 0.11 0.13 0.13 0.13 0.11 0.13 0.13 0.13
0.24 0.24 0.24 0.24 0.20 0.24 0.24 0.24 0.23 0.24 0.24 0.24 0.24 0.24 0.24 0.24 0.17 0.24 0.22 0.24 0.24 0.24 0.24 0.24 0.18 0.21 0.24 0.17 0.23 0.24 0.24 0.24 0.24 0.24 0.24 0.24 0.23 0.24 0.23 0.24 0.22 0.25 0.23 0.26 0.26 0.26 0.26 0.26 0.26 0.26 0.26 0.26 1.00 0.27 0.27 0.27 0.27 0.27 0.09 0.09 0.02 0.04 0.24 0.25 0.25 0.25 0.25 0.25 0.25 0.25 0.25 0.24 0.25 0.24 0.24 0.25 0.22 0.24 0.24 0.24 0.21 0.24 0.24 0.24
0.11 0.11 0.11 0.11 0.08 0.11 0.11 0.11 0.10 0.11 0.11 0.11 0.11 0.10 0.11 0.10 0.06 0.10 0.09 0.10 0.10 0.10 0.11 0.10 0.06 0.08 0.10 0.06 0.09 0.10 0.10 0.10 0.10 0.10 0.10 0.10 0.10 0.10 0.10 0.12 0.10 0.13 0.11 0.14 0.14 0.14 0.14 0.14 0.14 0.14 0.14 0.14 1.00 0.15 0.15 0.15 0.15 0.15 0.04 0.04 0.00 0.02 0.10 0.12 0.12 0.12 0.12 0.12 0.11 0.12 0.12 0.11 0.12 0.11 0.11 0.11 0.10 0.11 0.12 0.11 0.09 0.12 0.12 0.12
0.14 0.14 0.14 0.14 0.10 0.14 0.14 0.14 0.13 0.13 0.13 0.13 0.13 0.13 0.13 0.13 0.09 0.13 0.12 0.13 0.13 0.13 0.13 0.13 0.08 0.11 0.13 0.08 0.12 0.13 0.12 0.12 0.13 0.13 0.12 0.12 0.12 0.13 0.12 0.14 0.13 0.15 0.14 0.16 0.16 0.17 0.16 0.16 0.17 0.17 0.17 0.17 1.00 0.17 0.17 0.17 0.17 0.17 0.04 0.05 0.00 0.02 0.13 0.14 0.14 0.14 0.14 0.14 0.14 0.14 0.14 0.14 0.14 0.14 0.14 0.14 0.12 0.14 0.14 0.14 0.12 0.14 0.14 0.14
0.25 0.25 0.25 0.25 0.20 0.25 0.25 0.25 0.24 0.25 0.25 0.24 0.25 0.25 0.25 0.24 0.18 0.24 0.23 0.24 0.25 0.25 0.25 0.24 0.18 0.22 0.24 0.17 0.24 0.24 0.24 0.24 0.24 0.24 0.24 0.24 0.24 0.24 0.24 0.25 0.22 0.26 0.23 0.27 0.27 0.27 0.27 0.27 0.27 0.27 0.27 0.27 1.00 0.28 0.28 0.28 0.28 0.28 0.10 0.09 0.02 0.05 0.24 0.25 0.25 0.25 0.25 0.25 0.25 0.25 0.25 0.25 0.25 0.25 0.25 0.25 0.23 0.25 0.25 0.25 0.22 0.25 0.25 0.25
0.11 0.11 0.11 0.11 0.07 0.11 0.11 0.11 0.11 0.11 0.11 0.11 0.11 0.10 0.11 0.10 0.06 0.10 0.09 0.10 0.10 0.10 0.11 0.10 0.06 0.08 0.10 0.06 0.09 0.10 0.10 0.10 0.10 0.10 0.10 0.10 0.10 0.10 0.10 0.12 0.10 0.13 0.11 0.14 0.14 0.14 0.14 0.14 0.14 0.14 0.14 0.14 1.00 0.16 0.16 0.16 0.16 0.16 0.04 0.04 0.00 0.01 0.10 0.12 0.12 0.12 0.12 0.12 0.12 0.12 0.12 0.11 0.12 0.12 0.11 0.12 0.10 0.12 0.12 0.12 0.10 0.12 0.12 0.12
0.60 0.60 0.60 0.60 0.57 0.60 0.60 0.60 0.60 0.60 0.60 0.60 0.60 0.60 0.60 0.60 0.53 0.60 0.59 0.60 0.60 0.60 0.60 0.60 0.56 0.59 0.60 0.54 0.60 0.60 0.60 0.60 0.60 0.60 0.60 0.60 0.60 0.60 0.60 0.59 0.58 0.60 0.59 0.60 0.60 0.60 0.60 0.60 0.60 0.60 0.60 0.60 1.00 0.60 0.60 0.60 0.60 0.60 0.36 0.37 0.15 0.22 0.60 0.60 0.60 0.60 0.60 0.60 0.60 0.60 0.60 0.60 0.60 0.60 0.60 0.60 0.58 0.60 0.60 0.60 0.57 0.60 0.60 0.60
0.20 0.20 0.20 0.20 0.15 0.20 0.20 0.20 0.19 0.20 0.19 0.19 0.20 0.19 0.19 0.19 0.13 0.19 0.18 0.19 0.19 0.19 0.19 0.19 0.13 0.17 0.19 0.13 0.18 0.19 0.19 0.19 0.19 0.19 0.19 0.19 0.18 0.19 0.18 0.20 0.18 0.21 0.19 0.22 0.22 0.22 0.22 0.22 0.22 0.22 0.22 0.22 1.00 0.23 0.23 0.23 0.23 0.23 0.07 0.07 0.01 0.03 0.19 0.20 0.20 0.20 0.20 0.20 0.20 0.20 0.20 0.20 0.20 0.20 0.20 0.20 0.18 0.20 0.20 0.20 0.18 0.21 0.21 0.21
0.22 0.22 0.22 0.22 0.17 0.22 0.22 0.22 0.21 0.22 0.22 0.21 0.22 0.21 0.21 0.21 0.15 0.21 0.20 0.21 0.21 0.21 0.21 0.21 0.15 0.18 0.21 0.14 0.20 0.21 0.21 0.21 0.21 0.21 0.21 0.21 0.21 0.21 0.21 0.22 0.20 0.23 0.21 0.24 0.24 0.24 0.24 0.24 0.24 0.24 0.24 0.24 1.00 0.25 0.25 0.25 0.25 0.25 0.08 0.08 0.01 0.03 0.21 0.22 0.22 0.22 0.22 0.22 0.22 0.22 0.22 0.22 0.22 0.22 0.22 0.22 0.20 0.22 0.22 0.22 0.19 0.22 0.22 0.22
0.05 0.05 0.05 0.05 0.03 0.05 0.05 0.05 0.04 0.05 0.04 0.04 0.05 0.04 0.04 0.04 0.02 0.04 0.03 0.04 0.04 0.04 0.04 0.04 0.02 0.03 0.04 0.02 0.03 0.04 0.04 0.04 0.04 0.04 0.04 0.04 0.04 0.04 0.04 0.05 0.05 0.07 0.05 0.07 0.07 0.08 0.07 0.07 0.07 0.08 0.08 0.08 1.00 0.09 0.09 0.09 0.09 0.09 0.01 0.01 0.00 0.01 0.04 0.05 0.05 0.05 0.05 0.05 0.05 0.05 0.05 0.05 0.05 0.05 0.05 0.05 0.04 0.05 0.05 0.05 0.04 0.05 0.05 0.05
0.67 0.67 0.67 0.67 0.64 0.67 0.67 0.67 0.66 0.67 0.67 0.67 0.67 0.67 0.67 0.67 0.61 0.67 0.66 0.67 0.67 0.67 0.67 0.67 0.64 0.66 0.67 0.61 0.66 0.67 0.67 0.67 0.67 0.67 0.67 0.67 0.66 0.67 0.66 0.66 0.65 0.67 0.65 0.67 0.67 0.67 0.67 0.67 0.67 0.67 0.67 0.67 1.00 0.67 0.67 0.67 0.67 0.67 0.44 0.44 0.20 0.27 0.66 0.67 0.67 0.67 0.67 0.67 0.67 0.67 0.67 0.67 0.67 0.67 0.67 0.67 0.65 0.67 0.66 0.67 0.64 0.67 0.67 0.67
0.05 0.05 0.05 0.05 0.03 0.05 0.05 0.05 0.05 0.05 0.05 0.05 0.05 0.05 0.05 0.04 0.02 0.04 0.04 0.04 0.05 0.05 0.05 0.04 0.02 0.03 0.04 0.02 0.04 0.04 0.04 0.04 0.04 0.04 0.04 0.04 0.04 0.04 0.04 0.06 0.05 0.07 0.06 0.08 0.08 0.08 0.08 0.08 0.08 0.08 0.08 0.08 1.00 0.10 0.10 0.10 0.10 0.10 0.02 0.01 0.00 0.01 0.05 0.06 0.06 0.06 0.06 0.06 0.06 0.06 0.06 0.06 0.06 0.06 0.06 0.06 0.05 0.06 0.06 0.06 0.04 0.06 0.06 0.06
0.20 0.20 0.20 0.20 0.15 0.20 0.20 0.20 0.19 0.20 0.20 0.20 0.20 0.20 0.20 0.19 0.14 0.19 0.18 0.19 0.20 0.20 0.20 0.19 0.14 0.17 0.19 0.13 0.18 0.19 0.19 0.19 0.19 0.19 0.19 0.19 0.19 0.19 0.19 0.20 0.18 0.21 0.19 0.22 0.22 0.22 0.22 0.22 0.22 0.22 0.22 0.22 1.00 0.23 0.23 0.23 0.23 0.23 0.07 0.07 0.01 0.03 0.19 0.20 0.20 0.20 0.20 0.20 0.20 0.20 0.20 0.20 0.20 0.20 0.20 0.20 0.18 0.20 0.20 0.20 0.17 0.20 0.20 0.20
0.13 0.13 0.13 0.13 0.09 0.13 0.13 0.13 0.12 0.13 0.12 0.12 0.13 0.12 0.12 0.12 0.08 0.12 0.11 0.12 0.12 0.12 0.12 0.12 0.07 0.09 0.12 0.07 0.11 0.12 0.12 0.12 0.12 0.12 0.12 0.12 0.11 0.12 0.11 0.13 0.12 0.14 0.13 0.15 0.15 0.16 0.15 0.15 0.16 0.16 0.16 0.16 1.00 0.17 0.17 0.17 0.17 0.17 0.04 0.04 0.00 0.02 0.12 0.13 0.13 0.13 0.13 0.13 0.13 0.13 0.13 0.13 0.13 0.13 0.13 0.13 0.12 0.13 0.13 0.13 0.11 0.14 0.14 0.14
0.35 0.35 0.35 0.35 0.30 0.35 0.35 0.35 0.34 0.35 0.35 0.35 0.35 0.35 0.35 0.34 0.27 0.35 0.33 0.35 0.35 0.35 0.35 0.35 0.29 0.32 0.35 0.27 0.34 0.35 0.35 0.35 0.35 0.35 0.35 0.35 0.34 0.35 0.34 0.34 0.32 0.35 0.33 0.36 0.36 0.36 0.36 0.36 0.36 0.36 0.36 0.36 1.00 0.36 0.36 0.36 0.36 0.36 0.15 0.15 0.03 0.08 0.34 0.35 0.35 0.35 0.35 0.35 0.35 0.35 0.35 0.35 0.35 0.35 0.35 0.35 0.33 0.35 0.35 0.35 0.31 0.34 0.34 0.34
0.24 0.24 0.24 0.24 0.20 0.24 0.24 0.24 0.23 0.24 0.24 0.23 0.24 0.24 0.24 0.23 0.17 0.23 0.22 0.23 0.24 0.24 0.24 0.23 0.18 0.21 0.23 0.16 0.22 0.23 0.23 0.23 0.23 0.23 0.23 0.23 0.23 0.23 0.23 0.24 0.22 0.25 0.23 0.26 0.26 0.26 0.26 0.26 0.26 0.26 0.26 0.26 1.00 0.27 0.27 0.27 0.27 0.27 0.09 0.09 0.01 0.04 0.23 0.24 0.24 0.24 0.24 0.24 0.24 0.24 0.24 0.24 0.24 0.24 0.24 0.24 0.22 0.24 0.24 0.24 0.21 0.24 0.24 0.24
0.50 0.50 0.50 0.50 0.46 0.50 0.50 0.50 0.50 0.50 0.50 0.50 0.50 0.50 0.50 0.50 0.42 0.50 0.49 0.50 0.50 0.50 0.50 0.50 0.45 0.49 0.50 0.43 0.50 0.50 0.50 0.50 0.50 0.50 0.50 0.50 0.50 0.50 0.50 0.50 0.48 0.51 0.49 0.51 0.51 0.51 0.51 0.51 0.51 0.51 0.51 0.51 1.00 0.51 0.51 0.51 0.51 0.51 0.27 0.27 0.09 0.15 0.50 0.50 0.50 0.50 0.50 0.50 0.50 0.50 0.50 0.50 0.50 0.50 0.50 0.50 0.48 0.50 0.50 0.50 0.47 0.50 0.50 0.50
0.13 0.13 0.13 0.13 0.09 0.13 0.13 0.13 0.12 0.13 0.13 0.12 0.13 0.12 0.13 0.12 0.08 0.12 0.11 0.12 0.12 0.12 0.13 0.12 0.08 0.10 0.12 0.07 0.11 0.12 0.12 0.12 0.12 0.12 0.12 0.12 0.12 0.12 0.12 0.13 0.12 0.15 0.13 0.16 0.16 0.16 0.16 0.15 0.16 0.16 0.16 0.16 1.00 0.17 0.17 0.17 0.17 0.17 0.04 0.04 0.00 0.02 0.13 0.14 0.14 0.14 0.14 0.14 0.14 0.14 0.14 0.13 0.14 0.13 0.13 0.13 0.12 0.14 0.14 0.14 0.11 0.14 0.14 0.14
0.17 0.16 0.16 0.16 0.12 0.16 0.16 0.16 0.15 0.16 0.16 0.16 0.16 0.16 0.16 0.15 0.10 0.15 0.14 0.16 0.16 0.16 0.16 0.15 0.11 0.13 0.16 0.10 0.14 0.16 0.15 0.15 0.15 0.16 0.15 0.15 0.15 0.16 0.15 0.17 0.15 0.18 0.16 0.19 0.19 0.19 0.19 0.19 0.19 0.19 0.19 0.19 1.00 0.20 0.20 0.20 0.20 0.20 0.06 0.05 0.01 0.02 0.15 0.17 0.17 0.17 0.17 0.17 0.17 0.17 0.17 0.17 0.17 0.17 0.17 0.17 0.15 0.17 0.17 0.17 0.14 0.17 0.17 0.17
0.13 0.13 0.13 0.13 0.09 0.13 0.13 0.13 0.12 0.13 0.13 0.12 0.13 0.12 0.13 0.12 0.08 0.12 0.11 0.12 0.12 0.12 0.12 0.12 0.08 0.10 0.12 0.07 0.11 0.12 0.12 0.12 0.12 0.12 0.12 0.12 0.12 0.12 0.12 0.14 0.12 0.14 0.13 0.15 0.15 0.15 0.15 0.15 0.15 0.15 0.15 0.15 1.00 0.17 0.17 0.17 0.17 0.17 0.04 0.04 0.01 0.02 0.12 0.14 0.14 0.14 0.14 0.14 0.13 0.14 0.14 0.13 0.14 0.13 0.13 0.13 0.12 0.13 0.13 0.13 0.11 0.14 0.14 0.14
0.11 0.11 0.11 0.11 0.07 0.11 0.11 0.10 0.10 0.10 0.10 0.10 0.10 0.10 0.10 0.10 0.06 0.10 0.09 0.10 0.10 0.10 0.10 0.10 0.06 0.08 0.10 0.05 0.09 0.10 0.10 0.10 0.10 0.10 0.10 0.10 0.09 0.10 0.09 0.11 0.10 0.13 0.11 0.14 0.14 0.14 0.14 0.13 0.14 0.14 0.14 0.14 1.00 0.15 0.15 0.15 0.15 0.15 0.04 0.03 0.00 0.02 0.10 0.11 0.11 0.11 0.11 0.11 0.11 0.11 0.11 0.11 0.11 0.11 0.11 0.11 0.10 0.11 0.11 0.11 0.09 0.11 0.11 0.11
0.14 0.14 0.14 0.14 0.10 0.14 0.14 0.14 0.13 0.14 0.14 0.14 0.14 0.14 0.14 0.13 0.09 0.13 0.12 0.13 0.14 0.14 0.14 0.13 0.09 0.11 0.13 0.08 0.12 0.13 0.13 0.13 0.13 0.13 0.13 0.13 0.13 0.13 0.13 0.14 0.13 0.16 0.14 0.17 0.17 0.17 0.17 0.17 0.17 0.17 0.17 0.17 1.00 0.18 0.18 0.18 0.18 0.18 0.05 0.04 0.00 0.02 0.14 0.15 0.15 0.15 0.15 0.15 0.15 0.15 0.15 0.15 0.15 0.15 0.14 0.15 0.13 0.15 0.15 0.15 0.12 0.15 0.15 0.15
0.14 0.14 0.14 0.14 0.10 0.14 0.14 0.14 0.13 0.14 0.14 0.14 0.14 0.13 0.13 0.13 0.08 0.13 0.12 0.13 0.13 0.13 0.13 0.13 0.09 0.11 0.13 0.08 0.12 0.13 0.13 0.13 0.13 0.13 0.13 0.13 0.12 0.13 0.12 0.14 0.13 0.15 0.14 0.16 0.16 0.17 0.16 0.16 0.17 0.17 0.17 0.17 1.00 0.17 0.17 0.17 0.17 0.17 0.05 0.04 0.01 0.02 0.13 0.14 0.14 0.14 0.14 0.14 0.14 0.14 0.14 0.14 0.14 0.14 0.14 0.14 0.13 0.14 0.14 0.14 0.12 0.14 0.14 0.14
0.15 0.15 0.15 0.15 0.11 0.15 0.15 0.15 0.14 0.15 0.15 0.15 0.15 0.15 0.15 0.14 0.10 0.14 0.13 0.14 0.15 0.15 0.15 0.14 0.10 0.12 0.14 0.09 0.13 0.14 0.14 0.14 0.14 0.14 0.14 0.14 0.14 0.14 0.14 0.15 0.14 0.17 0.15 0.18 0.18 0.18 0.18 0.18 0.18 0.18 0.18 0.18 1.00 0.19 0.19 0.19 0.19 0.19 0.05 0.05 0.01 0.02 0.14 0.16 0.16 0.16 0.16 0.16 0.16 0.16 0.16 0.16 0.16 0.16 0.16 0.16 0.14 0.16 0.16 0.16 0.13 0.16 0.16 0.16
0.15 0.15 0.15 0.15 0.11 0.15 0.15 0.15 0.14 0.15 0.14 0.14 0.15 0.14 0.14 0.14 0.09 0.14 0.13 0.14 0.14 0.14 0.14 0.14 0.09 0.11 0.14 0.09 0.13 0.14 0.14 0.14 0.14 0.14 0.14 0.14 0.13 0.14 0.13 0.15 0.14 0.17 0.15 0.18 0.18 0.18 0.18 0.17 0.18 0.18 0.18 0.18 1.00 0.19 0.19 0.19 0.19 0.19 0.06 0.05 0.01 0.02 0.14 0.15 0.15 0.15 0.15 0.15 0.15 0.15 0.15 0.15 0.15 0.15 0.15 0.15 0.14 0.15 0.15 0.15 0.13 0.15 0.15 0.15
0.04 0.04 0.04 0.04 0.02 0.04 0.04 0.04 0.04 0.04 0.04 0.04 0.04 0.04 0.04 0.03 0.02 0.03 0.03 0.03 0.04 0.04 0.04 0.03 0.02 0.02 0.03 0.01 0.03 0.03 0.03 0.03 0.03 0.03 0.03 0.03 0.03 0.03 0.03 0.05 0.04 0.06 0.05 0.07 0.07 0.07 0.07 0.07 0.07 0.07 0.07 0.07 1.00 0.08 0.08 0.08 0.08 0.08 0.01 0.01 0.00 0.00 0.04 0.04 0.04 0.04 0.04 0.05 0.05 0.05 0.05 0.04 0.04 0.04 0.04 0.04 0.04 0.05 0.05 0.05 0.04 0.05 0.05 0.05
0.44 0.44 0.44 0.44 0.40 0.44 0.44 0.44 0.43 0.44 0.44 0.44 0.44 0.44 0.44 0.44 0.36 0.44 0.43 0.44 0.44 0.44 0.44 0.44 0.39 0.42 0.44 0.37 0.43 0.44 0.44 0.44 0.44 0.44 0.44 0.44 0.43 0.44 0.43 0.43 0.42 0.44 0.42 0.45 0.45 0.45 0.45 0.45 0.45 0.45 0.45 0.45 1.00 0.45 0.45 0.45 0.45 0.45 0.22 0.22 0.06 0.12 0.43 0.44 0.44 0.44 0.44 0.44 0.44 0.44 0.44 0.44 0.44 0.44 0.44 0.44 0.42 0.44 0.44 0.44 0.41 0.44 0.44 0.44
0.60 0.60 0.60 0.60 0.57 0.60 0.60 0.60 0.59 0.60 0.60 0.60 0.60 0.60 0.60 0.60 0.53 0.60 0.59 0.60 0.60 0.60 0.60 0.60 0.57 0.59 0.60 0.54 0.59 0.60 0.60 0.60 0.60 0.60 0.60 0.60 0.59 0.60 0.59 0.59 0.58 0.60 0.58 0.60 0.60 0.60 0.60 0.60 0.60 0.60 0.60 0.60 1.00 0.60 0.60 0.60 0.60 0.60 0.36 0.37 0.15 0.22 0.59 0.60 0.60 0.60 0.60 0.60 0.60 0.60 0.60 0.60 0.60 0.60 0.60 0.60 0.58 0.60 0.59 0.60 0.57 0.60 0.60 0.60
0.31 0.31 0.31 0.31 0.26 0.31 0.31 0.31 0.30 0.31 0.31 0.31 0.31 0.31 0.31 0.31 0.23 0.31 0.30 0.31 0.31 0.31 0.31 0.31 0.25 0.28 0.31 0.23 0.30 0.31 0.31 0.31 0.31 0.31 0.31 0.31 0.30 0.31 0.30 0.31 0.29 0.32 0.30 0.33 0.33 0.33 0.33 0.33 0.33 0.33 0.33 0.33 1.00 0.33 0.33 0.33 0.33 0.33 0.13 0.14 0.03 0.06 0.31 0.32 0.32 0.32 0.32 0.32 0.32 0.32 0.32 0.31 0.32 0.31 0.31 0.31 0.29 0.31 0.31 0.31 0.28 0.31 0.31 0.31
0.05 0.05 0.05 0.05 0.03 0.05 0.05 0.05 0.05 0.05 0.05 0.05 0.05 0.04 0.04 0.04 0.02 0.04 0.04 0.04 0.04 0.04 0.04 0.04 0.02 0.03 0.04 0.02 0.03 0.04 0.04 0.04 0.04 0.04 0.04 0.04 0.04 0.04 0.04 0.06 0.05 0.07 0.06 0.08 0.08 0.08 0.08 0.08 0.08 0.08 0.08 0.08 1.00 0.09 0.09 0.09 0.09 0.09 0.01 0.01 0.00 0.01 0.04 0.05 0.05 0.05 0.05 0.06 0.06 0.06 0.06 0.05 0.05 0.05 0.05 0.05 0.05 0.06 0.06 0.06 0.04 0.06 0.06 0.06
0.10 0.10 0.10 0.10 0.06 0.10 0.10 0.09 0.09 0.09 0.09 0.09 0.09 0.09 0.09 0.09 0.05 0.09 0.08 0.09 0.09 0.09 0.09 0.09 0.05 0.06 0.09 0.05 0.08 0.09 0.09 0.09 0.09 0.09 0.09 0.09 0.08 0.09 0.08 0.10 0.09 0.11 0.10 0.12 0.12 0.13 0.12 0.12 0.13 0.13 0.13 0.13 1.00 0.13 0.13 0.13 0.13 0.13 0.03 0.03 0.00 0.01 0.09 0.10 0.10 0.10 0.10 0.10 0.10 0.10 0.10 0.10 0.10 0.10 0.10 0.10 0.09 0.10 0.10 0.10 0.08 0.10 0.10 0.10
0.53 0.53 0.53 0.53 0.49 0.53 0.53 0.53 0.53 0.53 0.53 0.53 0.53 0.53 0.53 0.53 0.46 0.53 0.53 0.53 0.53 0.53 0.53 0.53 0.49 0.52 0.53 0.47 0.53 0.53 0.53 0.53 0.53 0.53 0.53 0.53 0.53 0.53 0.53 0.53 0.51 0.54 0.52 0.54 0.54 0.54 0.54 0.54 0.54 0.54 0.54 0.54 1.00 0.54 0.54 0.54 0.54 0.54 0.30 0.30 0.10 0.17 0.53 0.54 0.54 0.54 0.54 0.54 0.54 0.54 0.54 0.53 0.54 0.53 0.53 0.53 0.52 0.53 0.53 0.53 0.50 0.53 0.53 0.53
0.42 0.43 0.43 0.43 0.38 0.43 0.43 0.43 0.42 0.43 0.43 0.42 0.43 0.43 0.43 0.42 0.34 0.42 0.41 0.43 0.43 0.43 0.43 0.42 0.37 0.41 0.43 0.35 0.42 0.43 0.42 0.42 0.42 0.43 0.42 0.42 0.42 0.43 0.42 0.42 0.41 0.43 0.41 0.44 0.44 0.44 0.44 0.44 0.44 0.44 0.44 0.44 1.00 0.44 0.44 0.44 0.44 0.44 0.21 0.21 0.05 0.11 0.42 0.43 0.43 0.43 0.43 0.43 0.43 0.43 0.43 0.43 0.43 0.43 0.43 0.43 0.40 0.42 0.42 0.42 0.39 0.42 0.42 0.42
0.10 0.10 0.10 0.10 0.07 0.10 0.10 0.10 0.10 0.10 0.10 0.09 0.10 0.09 0.09 0.09 0.05 0.09 0.08 0.09 0.09 0.09 0.09 0.09 0.05 0.07 0.09 0.05 0.08 0.09 0.09 0.09 0.09 0.09 0.09 0.09 0.08 0.09 0.08 0.11 0.10 0.12 0.10 0.13 0.13 0.13 0.13 0.13 0.13 0.13 0.13 0.13 1.00 0.14 0.14 0.14 0.14 0.14 0.03 0.03 0.00 0.01 0.09 0.11 0.11 0.11 0.11 0.11 0.11 0.11 0.11 0.10 0.11 0.10 0.10 0.10 0.09 0.11 0.11 0.11 0.09 0.11 0.11 0.11
0.53 0.53 0.53 0.53 0.50 0.53 0.53 0.53 0.53 0.53 0.53 0.53 0.53 0.53 0.53 0.53 0.46 0.53 0.52 0.53 0.53 0.53 0.53 0.53 0.49 0.52 0.53 0.46 0.53 0.53 0.53 0.53 0.53 0.53 0.53 0.53 0.53 0.53 0.53 0.53 0.51 0.53 0.52 0.54 0.54 0.54 0.54 0.54 0.54 0.54 0.54 0.54 1.00 0.54 0.54 0.54 0.54 0.54 0.29 0.31 0.10 0.17 0.53 0.53 0.53 0.53 0.53 0.53 0.53 0.53 0.53 0.53 0.53 0.53 0.53 0.53 0.51 0.53 0.53 0.53 0.50 0.53 0.53 0.53
0.24 0.24 0.24 0.24 0.19 0.24 0.24 0.24 0.23 0.24 0.24 0.24 0.24 0.24 0.24 0.24 0.18 0.24 0.23 0.24 0.24 0.24 0.24 0.24 0.18 0.21 0.24 0.17 0.23 0.24 0.24 0.24 0.24 0.24 0.24 0.24 0.23 0.24 0.23 0.24 0.22 0.25 0.23 0.26 0.26 0.26 0.26 0.26 0.26 0.26 0.26 0.26 1.00 0.27 0.27 0.27 0.27 0.27 0.10 0.09 0.01 0.04 0.24 0.25 0.25 0.25 0.25 0.25 0.24 0.25 0.25 0.24 0.25 0.24 0.24 0.24 0.22 0.24 0.24 0.25 0.21 0.24 0.24 0.24
0.67 0.67 0.67 0.67 0.65 0.67 0.67 0.67 0.67 0.67 0.67 0.67 0.67 0.67 0.67 0.67 0.62 0.67 0.67 0.67 0.67 0.67 0.67 0.67 0.64 0.67 0.67 0.62 0.67 0.67 0.67 0.67 0.67 0.67 0.67 0.67 0.67 0.67 0.67 0.67 0.66 0.67 0.66 0.67 0.67 0.67 0.67 0.67 0.67 0.67 0.67 0.67 1.00 0.67 0.67 0.67 0.67 0.67 0.43 0.45 0.20 0.28 0.67 0.67 0.67 0.67 0.67 0.67 0.67 0.67 0.67 0.67 0.67 0.67 0.67 0.67 0.66 0.67 0.67 0.67 0.65 0.67 0.67 0.67
0.57 0.57 0.57 0.57 0.54 0.57 0.57 0.57 0.57 0.57 0.57 0.57 0.57 0.57 0.57 0.57 0.50 0.57 0.56 0.57 0.57 0.57 0.57 0.57 0.54 0.56 0.57 0.51 0.57 0.57 0.57 0.57 0.57 0.57 0.57 0.57 0.57 0.57 0.57 0.57 0.55 0.57 0.56 0.58 0.58 0.58 0.58 0.58 0.58 0.58 0.58 0.58 1.00 0.58 0.58 0.58 0.58 0.58 0.34 0.34 0.13 0.20 0.57 0.58 0.58 0.58 0.58 0.58 0.57 0.58 0.58 0.57 0.58 0.57 0.57 0.57 0.56 0.57 0.57 0.57 0.55 0.57 0.57 0.57
0.06 0.06 0.06 0.06 0.03 0.06 0.06 0.06 0.05 0.06 0.05 0.05 0.06 0.05 0.05 0.05 0.02 0.05 0.05 0.05 0.05 0.05 0.05 0.05 0.03 0.04 0.05 0.02 0.04 0.05 0.05 0.05 0.05 0.05 0.05 0.05 0.05 0.05 0.05 0.06 0.06 0.08 0.06 0.09 0.09 0.09 0.09 0.09 0.09 0.09 0.09 0.09 1.00 0.10 0.10 0.10 0.10 0.10 0.02 0.02 0.00 0.01 0.06 0.06 0.06 0.06 0.06 0.07 0.07 0.07 0.07 0.06 0.06 0.06 0.06 0.06 0.05 0.06 0.07 0.06 0.05 0.07 0.07 0.07
0.49 0.49 0.49 0.49 0.45 0.49 0.49 0.49 0.49 0.49 0.49 0.49 0.49 0.49 0.49 0.49 0.42 0.49 0.48 0.49 0.49 0.49 0.49 0.49 0.44 0.47 0.49 0.41 0.48 0.49 0.49 0.49 0.49 0.49 0.49 0.49 0.49 0.49 0.49 0.48 0.47 0.49 0.47 0.49 0.49 0.50 0.49 0.49 0.50 0.50 0.50 0.50 1.00 0.50 0.50 0.50 0.50 0.50 0.26 0.25 0.08 0.14 0.49 0.49 0.49 0.49 0.49 0.49 0.49 0.49 0.49 0.49 0.49 0.49 0.49 0.49 0.47 0.49 0.48 0.49 0.46 0.49 0.49 0.49
0.61 0.62 0.62 0.62 0.59 0.62 0.62 0.62 0.61 0.62 0.62 0.61 0.62 0.62 0.62 0.62 0.55 0.62 0.61 0.62 0.62 0.62 0.62 0.62 0.58 0.60 0.62 0.56 0.61 0.62 0.62 0.62 0.62 0.62 0.62 0.62 0.61 0.62 0.61 0.61 0.60 0.62 0.60 0.62 0.62 0.62 0.62 0.62 0.62 0.62 0.62 0.62 1.00 0.62 0.62 0.62 0.62 0.62 0.37 0.38 0.16 0.23 0.61 0.62 0.62 0.62 0.62 0.62 0.62 0.62 0.62 0.62 0.62 0.62 0.62 0.62 0.60 0.61 0.61 0.61 0.59 0.61 0.61 0.61
0.20 0.20 0.20 0.20 0.15 0.20 0.20 0.19 0.19 0.19 0.19 0.19 0.19 0.19 0.19 0.19 0.13 0.19 0.18 0.19 0.19 0.19 0.19 0.19 0.13 0.16 0.19 0.13 0.18 0.19 0.19 0.19 0.19 0.19 0.19 0.19 0.18 0.19 0.18 0.19 0.17 0.21 0.19 0.21 0.21 0.22 0.21 0.21 0.22 0.22 0.22 0.22 1.00 0.23 0.23 0.23 0.23 0.23 0.07 0.07 0.01 0.03 0.19 0.20 0.20 0.20 0.20 0.20 0.20 0.20 0.20 0.20 0.20 0.20 0.20 0.20 0.18 0.20 0.20 0.20 0.17 0.20 0.20 0.20
0.05 0.06 0.06 0.06 0.03 0.05 0.06 0.05 0.05 0.05 0.05 0.05 0.05 0.05 0.05 0.05 0.02 0.04 0.04 0.04 0.05 0.05 0.05 0.04 0.02 0.03 0.04 0.02 0.04 0.04 0.04 0.04 0.04 0.04 0.04 0.04 0.04 0.04 0.04 0.06 0.06 0.07 0.06 0.08 0.08 0.08 0.08 0.08 0.08 0.08 0.08 0.08 1.00 0.10 0.10 0.10 0.10 0.10 0.02 0.02 0.00 0.01 0.05 0.06 0.06 0.06 0.06 0.06 0.06 0.06 0.06 0.06 0.06 0.05 0.06 0.05 0.05 0.06 0.06 0.06 0.05 0.06 0.06 0.06
0.16 0.16 0.16 0.16 0.12 0.16 0.16 0.16 0.15 0.16 0.16 0.16 0.16 0.16 0.16 0.15 0.10 0.15 0.14 0.15 0.16 0.16 0.16 0.15 0.11 0.13 0.15 0.10 0.14 0.15 0.15 0.15 0.15 0.15 0.15 0.15 0.15 0.15 0.15 0.16 0.15 0.18 0.15 0.18 0.18 0.19 0.18 0.18 0.19 0.19 0.19 0.19 1.00 0.20 0.20 0.20 0.20 0.20 0.06 0.05 0.01 0.03 0.15 0.17 0.17 0.17 0.17 0.17 0.16 0.17 0.17 0.16 0.17 0.16 0.16 0.16 0.15 0.16 0.16 0.16 0.14 0.17 0.17 0.17
0.10 0.10 0.10 0.10 0.06 0.10 0.10 0.09 0.09 0.10 0.09 0.09 0.10 0.09 0.09 0.09 0.06 0.09 0.08 0.09 0.09 0.09 0.09 0.09 0.05 0.07 0.09 0.05 0.08 0.09 0.09 0.09 0.09 0.09 0.09 0.09 0.08 0.09 0.08 0.10 0.09 0.12 0.10 0.12 0.12 0.13 0.12 0.12 0.13 0.13 0.13 0.13 1.00 0.14 0.14 0.14 0.14 0.14 0.03 0.03 0.00 0.01 0.09 0.10 0.10 0.10 0.10 0.10 0.10 0.10 0.10 0.10 0.10 0.10 0.10 0.10 0.09 0.10 0.10 0.10 0.08 0.10 0.10 0.10
0.15 0.16 0.16 0.15 0.11 0.15 0.16 0.15 0.15 0.15 0.15 0.15 0.15 0.15 0.15 0.15 0.10 0.15 0.13 0.15 0.15 0.15 0.15 0.15 0.09 0.12 0.15 0.09 0.13 0.15 0.14 0.14 0.15 0.15 0.14 0.14 0.14 0.15 0.14 0.16 0.14 0.17 0.15 0.18 0.18 0.18 0.18 0.18 0.18 0.18 0.18 0.18 1.00 0.19 0.19 0.19 0.19 0.19 0.05 0.05 0.01 0.02 0.14 0.16 0.16 0.16 0.16 0.16 0.16 0.16 0.16 0.15 0.16 0.15 0.16 0.16 0.14 0.16 0.16 0.16 0.13 0.16 0.16 0.16
0.25 0.25 0.25 0.25 0.20 0.25 0.25 0.25 0.25 0.25 0.25 0.25 0.25 0.25 0.25 0.25 0.18 0.25 0.23 0.25 0.25 0.25 0.25 0.25 0.19 0.22 0.25 0.18 0.24 0.25 0.25 0.25 0.25 0.25 0.25 0.25 0.24 0.25 0.24 0.25 0.23 0.26 0.24 0.27 0.27 0.27 0.27 0.27 0.27 0.27 0.27 0.27 1.00 0.28 0.28 0.28 0.28 0.28 0.10 0.10 0.02 0.05 0.25 0.26 0.26 0.26 0.26 0.26 0.26 0.26 0.26 0.26 0.26 0.25 0.26 0.26 0.24 0.25 0.25 0.25 0.22 0.25 0.25 0.25
0.19 0.19 0.19 0.19 0.15 0.19 0.19 0.19 0.18 0.19 0.19 0.19 0.19 0.19 0.19 0.19 0.12 0.19 0.17 0.19 0.19 0.19 0.19 0.19 0.13 0.16 0.19 0.12 0.17 0.19 0.18 0.18 0.19 0.19 0.18 0.18 0.18 0.19 0.18 0.19 0.17 0.21 0.18 0.21 0.21 0.21 0.21 0.21 0.22 0.21 0.21 0.21 1.00 0.23 0.23 0.23 0.23 0.23 0.07 0.07 0.01 0.03 0.18 0.20 0.20 0.20 0.20 0.20 0.20 0.20 0.20 0.20 0.20 0.19 0.20 0.20 0.17 0.19 0.19 0.19 0.16 0.19 0.19 0.19
0.38 0.38 0.38 0.38 0.34 0.38 0.38 0.38 0.38 0.38 0.38 0.38 0.38 0.38 0.38 0.38 0.31 0.38 0.37 0.38 0.38 0.38 0.38 0.38 0.32 0.36 0.38 0.30 0.37 0.38 0.38 0.38 0.38 0.38 0.38 0.38 0.38 0.38 0.38 0.38 0.35 0.39 0.36 0.39 0.39 0.39 0.39 0.39 0.39 0.39 0.39 0.39 1.00 0.40 0.40 0.40 0.40 0.40 0.17 0.18 0.04 0.09 0.37 0.38 0.38 0.38 0.38 0.38 0.38 0.38 0.38 0.38 0.38 0.38 0.38 0.38 0.36 0.38 0.38 0.38 0.35 0.38 0.38 0.38
0.07 0.07 0.07 0.07 0.04 0.07 0.07 0.07 0.06 0.07 0.07 0.07 0.07 0.06 0.06 0.06 0.04 0.06 0.05 0.06 0.06 0.06 0.06 0.06 0.03 0.04 0.06 0.03 0.05 0.06 0.06 0.06 0.06 0.06 0.06 0.06 0.06 0.06 0.06 0.08 0.07 0.09 0.07 0.10 0.10 0.10 0.10 0.10 0.10 0.10 0.10 0.10 1.00 0.11 0.11 0.11 0.11 0.11 0.02 0.02 0.00 0.01 0.07 0.08 0.08 0.08 0.08 0.08 0.08 0.08 0.08 0.07 0.08 0.08 0.08 0.08 0.06 0.08 0.08 0.08 0.06 0.08 0.08 0.08
0.12 0.12 0.12 0.12 0.08 0.12 0.12 0.12 0.11 0.12 0.11 0.11 0.12 0.11 0.11 0.11 0.07 0.11 0.10 0.11 0.11 0.11 0.11 0.11 0.07 0.09 0.11 0.07 0.10 0.11 0.11 0.11 0.11 0.11 0.11 0.11 0.10 0.11 0.10 0.12 0.11 0.14 0.12 0.15 0.15 0.15 0.15 0.15 0.15 0.15 0.15 0.15 1.00 0.16 0.16 0.16 0.16 0.16 0.04 0.03 0.00 0.02 0.11 0.12 0.12 0.12 0.12 0.12 0.12 0.12 0.12 0.12 0.12 0.12 0.12 0.12 0.11 0.12 0.12 0.12 0.10 0.12 0.12 0.12
0.24 0.24 0.24 0.24 0.20 0.24 0.24 0.24 0.23 0.24 0.24 0.24 0.24 0.24 0.24 0.24 0.17 0.24 0.23 0.24 0.24 0.24 0.24 0.24 0.18 0.21 0.24 0.17 0.23 0.24 0.24 0.24 0.24 0.24 0.24 0.24 0.23 0.24 0.23 0.24 0.22 0.25 0.23 0.26 0.26 0.27 0.26 0.26 0.26 0.27 0.27 0.27 1.00 0.27 0.27 0.27 0.27 0.27 0.09 0.09 0.01 0.05 0.23 0.25 0.25 0.25 0.25 0.25 0.25 0.25 0.25 0.24 0.25 0.24 0.24 0.24 0.22 0.24 0.24 0.24 0.21 0.24 0.24 0.24
0.67 0.67 0.67 0.67 0.65 0.67 0.67 0.67 0.67 0.67 0.67 0.67 0.67 0.67 0.67 0.67 0.62 0.67 0.67 0.67 0.67 0.67 0.67 0.67 0.65 0.67 0.67 0.63 0.67 0.67 0.67 0.67 0.67 0.67 0.67 0.67 0.67 0.67 0.67 0.67 0.66 0.67 0.66 0.67 0.67 0.67 0.67 0.67 0.67 0.67 0.67 0.67 1.00 0.67 0.67 0.67 0.67 0.67 0.44 0.45 0.20 0.27 0.67 0.67 0.67 0.67 0.67 0.67 0.67 0.67 0.67 0.67 0.67 0.67 0.67 0.67 0.66 0.67 0.67 0.67 0.65 0.67 0.67 0.67
0.43 0.43 0.43 0.43 0.39 0.43 0.43 0.43 0.43 0.43 0.43 0.43 0.43 0.43 0.43 0.43 0.35 0.43 0.42 0.43 0.43 0.43 0.43 0.43 0.37 0.41 0.43 0.35 0.42 0.43 0.43 0.43 0.43 0.43 0.43 0.43 0.43 0.43 0.43 0.43 0.40 0.44 0.41 0.44 0.44 0.44 0.44 0.44 0.44 0.44 0.44 0.44 1.00 0.44 0.44 0.44 0.44 0.44 0.21 0.22 0.06 0.12 0.42 0.43 0.43 0.43 0.43 0.43 0.43 0.43 0.43 0.43 0.43 0.43 0.43 0.43 0.41 0.43 0.43 0.43 0.40 0.43 0.43 0.43
0.07 0.07 0.07 0.07 0.04 0.07 0.07 0.07 0.06 0.06 0.06 0.06 0.06 0.06 0.06 0.06 0.03 0.06 0.05 0.06 0.06 0.06 0.06 0.06 0.03 0.04 0.06 0.03 0.05 0.06 0.06 0.06 0.06 0.06 0.06 0.06 0.05 0.06 0.05 0.07 0.07 0.09 0.07 0.10 0.10 0.10 0.10 0.09 0.10 0.10 0.10 0.10 1.00 0.11 0.11 0.11 0.11 0.11 0.02 0.02 0.00 0.01 0.06 0.07 0.07 0.07 0.07 0.07 0.07 0.07 0.07 0.07 0.07 0.07 0.07 0.07 0.06 0.07 0.07 0.07 0.06 0.08 0.08 0.08
0.21 0.21 0.21 0.21 0.16 0.21 0.21 0.21 0.20 0.21 0.21 0.21 0.21 0.21 0.21 0.20 0.14 0.20 0.19 0.20 0.21 0.21 0.21 0.20 0.15 0.18 0.20 0.14 0.19 0.20 0.20 0.20 0.20 0.20 0.20 0.20 0.20 0.20 0.20 0.21 0.19 0.23 0.20 0.23 0.23 0.24 0.23 0.23 0.23 0.24 0.24 0.24 1.00 0.24 0.24 0.24 0.24 0.24 0.08 0.07 0.01 0.04 0.20 0.22 0.22 0.22 0.22 0.22 0.22 0.22 0.22 0.21 0.22 0.21 0.21 0.21 0.19 0.21 0.21 0.21 0.18 0.21 0.21 0.21
0.11 0.11 0.11 0.11 0.08 0.11 0.11 0.11 0.10 0.11 0.11 0.10 0.11 0.10 0.10 0.10 0.06 0.10 0.09 0.10 0.10 0.10 0.10 0.10 0.06 0.08 0.10 0.06 0.09 0.10 0.10 0.10 0.10 0.10 0.10 0.10 0.10 0.10 0.10 0.11 0.10 0.13 0.11 0.14 0.14 0.14 0.14 0.14 0.14 0.14 0.14 0.14 1.00 0.15 0.15 0.15 0.15 0.15 0.04 0.03 0.00 0.01 0.10 0.12 0.12 0.12 0.12 0.12 0.12 0.12 0.12 0.11 0.12 0.11 0.11 0.11 0.10 0.11 0.12 0.12 0.09 0.12 0.12 0.12
0.37 0.37 0.37 0.37 0.32 0.37 0.37 0.37 0.36 0.37 0.37 0.37 0.37 0.37 0.37 0.37 0.29 0.37 0.35 0.37 0.37 0.37 0.37 0.37 0.31 0.35 0.37 0.29 0.36 0.37 0.37 0.37 0.37 0.37 0.37 0.37 0.36 0.37 0.36 0.37 0.34 0.38 0.35 0.38 0.38 0.38 0.38 0.38 0.38 0.38 0.38 0.38 1.00 0.39 0.39 0.39 0.39 0.39 0.17 0.17 0.04 0.08 0.36 0.37 0.37 0.37 0.37 0.37 0.37 0.37 0.37 0.37 0.37 0.37 0.37 0.37 0.35 0.37 0.37 0.37 0.34 0.37 0.37 0.37
0.05 0.04 0.04 0.04 0.03 0.05 0.04 0.04 0.04 0.04 0.04 0.04 0.04 0.04 0.04 0.04 0.02 0.03 0.03 0.03 0.04 0.04 0.04 0.03 0.02 0.02 0.03 0.02 0.03 0.03 0.03 0.03 0.03 0.03 0.03 0.03 0.03 0.03 0.03 0.05 0.05 0.06 0.05 0.07 0.07 0.07 0.07 0.07 0.07 0.07 0.07 0.07 1.00 0.08 0.08 0.08 0.08 0.08 0.01 0.01 0.00 0.01 0.04 0.05 0.05 0.05 0.05 0.05 0.05 0.05 0.05 0.05 0.05 0.05 0.05 0.04 0.04 0.05 0.05 0.05 0.04 0.05 0.05 0.05
0.11 0.11 0.11 0.11 0.08 0.11 0.11 0.11 0.10 0.11 0.10 0.10 0.11 0.10 0.10 0.10 0.06 0.10 0.09 0.10 0.10 0.10 0.10 0.10 0.06 0.08 0.10 0.06 0.09 0.10 0.10 0.10 0.10 0.10 0.10 0.10 0.09 0.10 0.09 0.11 0.10 0.13 0.11 0.14 0.14 0.14 0.14 0.13 0.14 0.14 0.14 0.14 1.00 0.15 0.15 0.15 0.15 0.15 0.04 0.03 0.00 0.02 0.10 0.11 0.11 0.11 0.11 0.11 0.11 0.11 0.11 0.11 0.11 0.11 0.11 0.11 0.10 0.11 0.12 0.12 0.09 0.11 0.11 0.11
0.66 0.66 0.66 0.66 0.64 0.66 0.66 0.66 0.66 0.66 0.66 0.66 0.66 0.66 0.66 0.66 0.60 0.66 0.65 0.66 0.66 0.66 0.66 0.66 0.63 0.65 0.66 0.61 0.66 0.66 0.66 0.66 0.66 0.66 0.66 0.66 0.66 0.66 0.66 0.66 0.65 0.66 0.65 0.66 0.66 0.66 0.66 0.66 0.66 0.66 0.66 0.66 1.00 0.66 0.66 0.66 0.66 0.66 0.43 0.43 0.19 0.27 0.66 0.66 0.66 0.66 0.66 0.66 0.66 0.66 0.66 0.66 0.66 0.66 0.66 0.66 0.65 0.66 0.66 0.66 0.64 0.66 0.66 0.66
0.04 0.04 0.04 0.04 0.02 0.04 0.04 0.04 0.03 0.03 0.03 0.03 0.03 0.03 0.03 0.03 0.02 0.03 0.03 0.03 0.03 0.03 0.03 0.03 0.01 0.02 0.03 0.01 0.02 0.03 0.03 0.03 0.03 0.03 0.03 0.03 0.03 0.03 0.03 0.04 0.04 0.05 0.04 0.06 0.06 0.06 0.06 0.06 0.06 0.06 0.06 0.06 1.00 0.07 0.07 0.07 0.07 0.07 0.01 0.01 0.00 0.00 0.03 0.04 0.04 0.04 0.04 0.04 0.04 0.04 0.04 0.04 0.04 0.04 0.04 0.04 0.03 0.04 0.04 0.04 0.03 0.04 0.04 0.04
0.17 0.17 0.17 0.17 0.12 0.16 0.17 0.16 0.16 0.16 0.16 0.16 0.16 0.16 0.16 0.16 0.10 0.15 0.14 0.16 0.16 0.16 0.16 0.15 0.11 0.13 0.16 0.10 0.14 0.16 0.15 0.15 0.15 0.16 0.15 0.15 0.15 0.16 0.15 0.17 0.15 0.18 0.16 0.19 0.19 0.19 0.19 0.19 0.19 0.19 0.19 0.19 1.00 0.20 0.20 0.20 0.20 0.20 0.06 0.06 0.01 0.02 0.16 0.17 0.17 0.17 0.17 0.17 0.17 0.17 0.17 0.17 0.17 0.17 0.17 0.17 0.15 0.17 0.17 0.17 0.15 0.17 0.17 0.17
0.39 0.39 0.39 0.40 0.35 0.39 0.39 0.39 0.39 0.39 0.39 0.39 0.39 0.39 0.39 0.39 0.31 0.39 0.38 0.39 0.39 0.39 0.39 0.39 0.33 0.37 0.39 0.31 0.39 0.39 0.39 0.39 0.39 0.39 0.39 0.39 0.39 0.39 0.39 0.39 0.37 0.40 0.38 0.40 0.40 0.40 0.40 0.40 0.40 0.40 0.40 0.40 1.00 0.41 0.41 0.41 0.41 0.41 0.18 0.19 0.05 0.09 0.39 0.40 0.40 0.40 0.40 0.40 0.39 0.40 0.40 0.40 0.40 0.39 0.40 0.39 0.37 0.39 0.39 0.39 0.36 0.39 0.39 0.39
0.34 0.34 0.34 0.34 0.29 0.34 0.34 0.34 0.33 0.34 0.34 0.34 0.34 0.34 0.34 0.33 0.26 0.34 0.32 0.34 0.34 0.34 0.34 0.34 0.28 0.31 0.34 0.26 0.33 0.34 0.34 0.34 0.34 0.34 0.34 0.34 0.33 0.34 0.33 0.33 0.31 0.34 0.32 0.35 0.35 0.35 0.35 0.35 0.35 0.35 0.35 0.35 1.00 0.36 0.36 0.36 0.36 0.36 0.15 0.15 0.03 0.07 0.33 0.34 0.34 0.34 0.34 0.34 0.34 0.34 0.34 0.34 0.34 0.34 0.34 0.34 0.32 0.34 0.34 0.34 0.31 0.34 0.34 0.34
0.10 0.10 0.10 0.10 0.07 0.10 0.10 0.10 0.09 0.10 0.09 0.09 0.10 0.09 0.09 0.09 0.05 0.09 0.08 0.09 0.09 0.09 0.09 0.09 0.05 0.07 0.09 0.05 0.08 0.09 0.09 0.09 0.09 0.09 0.09 0.09 0.08 0.09 0.08 0.10 0.09 0.12 0.10 0.12 0.12 0.12 0.12 0.12 0.12 0.12 0.12 0.12 1.00 0.13 0.13 0.13 0.13 0.13 0.04 0.03 0.00 0.01 0.09 0.10 0.10 0.10 0.10 0.10 0.10 0.10 0.10 0.10 0.10 0.10 0.10 0.10 0.09 0.10 0.10 0.10 0.08 0.10 0.10 0.10
0.17 0.17 0.17 0.17 0.13 0.17 0.17 0.17 0.17 0.17 0.17 0.17 0.17 0.17 0.17 0.17 0.11 0.17 0.15 0.17 0.17 0.17 0.17 0.17 0.11 0.14 0.17 0.11 0.16 0.17 0.17 0.17 0.17 0.17 0.17 0.17 0.16 0.17 0.16 0.17 0.16 0.19 0.17 0.20 0.20 0.20 0.20 0.20 0.20 0.20 0.20 0.20 1.00 0.21 0.21 0.21 0.21 0.21 0.06 0.06 0.01 0.03 0.17 0.18 0.18 0.18 0.18 0.18 0.18 0.18 0.18 0.18 0.18 0.18 0.18 0.18 0.16 0.18 0.18 0.18 0.15 0.18 0.18 0.18
0.12 0.12 0.12 0.12 0.08 0.12 0.12 0.12 0.11 0.12 0.12 0.12 0.12 0.11 0.12 0.11 0.07 0.11 0.10 0.11 0.11 0.11 0.11 0.11 0.07 0.09 0.11 0.07 0.10 0.11 0.11 0.11 0.11 0.11 0.11 0.11 0.11 0.11 0.11 0.12 0.11 0.14 0.12 0.15 0.15 0.15 0.15 0.15 0.15 0.15 0.15 0.15 1.00 0.16 0.16 0.16 0.16 0.16 0.04 0.04 0.00 0.02 0.11 0.13 0.13 0.13 0.13 0.13 0.12 0.13 0.13 0.12 0.13 0.12 0.12 0.12 0.11 0.12 0.13 0.13 0.10 0.13 0.13 0.13
0.15 0.15 0.15 0.15 0.11 0.15 0.15 0.15 0.14 0.15 0.14 0.14 0.15 0.14 0.14 0.14 0.09 0.14 0.13 0.14 0.14 0.14 0.14 0.14 0.09 0.11 0.14 0.08 0.13 0.14 0.14 0.14 0.14 0.14 0.14 0.14 0.13 0.14 0.13 0.15 0.14 0.16 0.14 0.17 0.17 0.17 0.17 0.17 0.18 0.17 0.17 0.17 1.00 0.18 0.18 0.18 0.18 0.18 0.05 0.05 0.01 0.02 0.14 0.15 0.15 0.15 0.15 0.15 0.15 0.15 0.15 0.15 0.15 0.15 0.15 0.15 0.13 0.15 0.15 0.15 0.13 0.15 0.15 0.15
0.35 0.35 0.35 0.35 0.30 0.35 0.35 0.35 0.34 0.35 0.35 0.35 0.35 0.35 0.35 0.35 0.27 0.35 0.33 0.35 0.35 0.35 0.35 0.35 0.28 0.32 0.35 0.27 0.34 0.35 0.35 0.35 0.35 0.35 0.35 0.35 0.34 0.35 0.34 0.35 0.32 0.36 0.33 0.36 0.36 0.36 0.36 0.36 0.36 0.36 0.36 0.36 1.00 0.37 0.37 0.37 0.37 0.37 0.15 0.15 0.03 0.08 0.34 0.35 0.35 0.35 0.35 0.35 0.35 0.35 0.35 0.35 0.35 0.35 0.35 0.35 0.33 0.35 0.35 0.35 0.32 0.35 0.35 0.35
0.06 0.06 0.06 0.06 0.03 0.06 0.06 0.05 0.05 0.05 0.05 0.05 0.05 0.05 0.05 0.05 0.03 0.05 0.04 0.05 0.05 0.05 0.05 0.05 0.03 0.03 0.05 0.02 0.04 0.05 0.04 0.05 0.05 0.05 0.04 0.05 0.04 0.05 0.04 0.06 0.05 0.07 0.06 0.08 0.08 0.08 0.08 0.08 0.08 0.08 0.08 0.08 1.00 0.10 0.10 0.10 0.10 0.10 0.02 0.02 0.00 0.01 0.05 0.06 0.06 0.06 0.06 0.06 0.06 0.06 0.06 0.06 0.06 0.06 0.06 0.06 0.05 0.06 0.06 0.06 0.05 0.06 0.06 0.06
0.22 0.22 0.22 0.22 0.17 0.22 0.22 0.22 0.21 0.22 0.22 0.21 0.22 0.21 0.22 0.21 0.15 0.21 0.20 0.21 0.21 0.21 0.21 0.21 0.15 0.18 0.21 0.14 0.20 0.21 0.21 0.21 0.21 0.21 0.21 0.21 0.20 0.21 0.20 0.22 0.20 0.23 0.21 0.24 0.24 0.24 0.24 0.24 0.24 0.24 0.24 0.24 1.00 0.26 0.26 0.26 0.26 0.26 0.09 0.08 0.01 0.03 0.21 0.23 0.23 0.23 0.23 0.23 0.22 0.23 0.23 0.22 0.23 0.22 0.22 0.22 0.20 0.22 0.23 0.22 0.19 0.22 0.22 0.22
0.10 0.11 0.11 0.11 0.07 0.10 0.11 0.10 0.10 0.10 0.10 0.10 0.10 0.10 0.10 0.10 0.06 0.10 0.09 0.09 0.10 0.10 0.10 0.10 0.06 0.07 0.09 0.05 0.09 0.09 0.09 0.09 0.10 0.09 0.09 0.09 0.09 0.09 0.09 0.11 0.10 0.13 0.11 0.13 0.13 0.14 0.13 0.13 0.14 0.14 0.14 0.14 1.00 0.15 0.15 0.15 0.15 0.15 0.04 0.03 0.00 0.01 0.09 0.11 0.11 0.11 0.11 0.11 0.11 0.11 0.11 0.11 0.11 0.11 0.11 0.11 0.09 0.11 0.11 0.11 0.09 0.11 0.11 0.11
0.61 0.61 0.61 0.61 0.58 0.61 0.61 0.61 0.60 0.61 0.61 0.61 0.61 0.61 0.61 0.61 0.55 0.61 0.60 0.61 0.61 0.61 0.61 0.61 0.57 0.60 0.61 0.55 0.61 0.61 0.61 0.61 0.61 0.61 0.61 0.61 0.61 0.61 0.61 0.60 0.59 0.61 0.59 0.61 0.61 0.61 0.61 0.61 0.61 0.61 0.61 0.61 1.00 0.61 0.61 0.61 0.61 0.61 0.37 0.37 0.16 0.22 0.61 0.61 0.61 0.61 0.61 0.61 0.61 0.61 0.61 0.61 0.61 0.61 0.61 0.61 0.59 0.61 0.60 0.61 0.58 0.60 0.60 0.60
0.61 0.61 0.61 0.61 0.58 0.61 0.61 0.61 0.61 0.61 0.61 0.61 0.61 0.61 0.61 0.61 0.55 0.61 0.60 0.61 0.61 0.61 0.61 0.61 0.58 0.60 0.61 0.56 0.61 0.61 0.61 0.61 0.61 0.61 0.61 0.61 0.61 0.61 0.61 0.61 0.59 0.61 0.60 0.61 0.61 0.61 0.61 0.61 0.61 0.61 0.61 0.61 1.00 0.62 0.62 0.62 0.62 0.62 0.38 0.39 0.16 0.23 0.61 0.61 0.61 0.61 0.61 0.61 0.61 0.61 0.61 0.61 0.61 0.61 0.61 0.61 0.60 0.61 0.61 0.61 0.58 0.61 0.61 0.61
0.19 0.19 0.19 0.19 0.14 0.19 0.19 0.19 0.18 0.19 0.19 0.19 0.19 0.19 0.19 0.18 0.13 0.18 0.17 0.18 0.19 0.19 0.19 0.18 0.13 0.15 0.18 0.12 0.17 0.18 0.18 0.18 0.18 0.18 0.18 0.18 0.18 0.18 0.18 0.19 0.17 0.20 0.18 0.21 0.21 0.21 0.21 0.21 0.21 0.21 0.21 0.21 1.00 0.22 0.22 0.22 0.22 0.22 0.07 0.06 0.01 0.03 0.18 0.20 0.20 0.20 0.20 0.20 0.19 0.20 0.20 0.19 0.20 0.19 0.19 0.19 0.17 0.19 0.19 0.19 0.16 0.19 0.19 0.19
0.40 0.40 0.40 0.40 0.35 0.40 0.40 0.40 0.39 0.40 0.40 0.40 0.40 0.40 0.40 0.40 0.32 0.40 0.38 0.40 0.40 0.40 0.40 0.40 0.34 0.38 0.40 0.32 0.39 0.40 0.40 0.40 0.40 0.40 0.40 0.40 0.39 0.40 0.39 0.39 0.37 0.40 0.38 0.41 0.41 0.41 0.41 0.41 0.41 0.41 0.41 0.41 1.00 0.41 0.41 0.41 0.41 0.41 0.18 0.19 0.05 0.09 0.39 0.40 0.40 0.40 0.40 0.40 0.40 0.40 0.40 0.40 0.40 0.40 0.40 0.40 0.38 0.40 0.40 0.40 0.36 0.40 0.40 0.40
0.06 0.06 0.06 0.06 0.04 0.06 0.06 0.06 0.06 0.06 0.06 0.05 0.06 0.05 0.05 0.05 0.03 0.05 0.05 0.05 0.05 0.05 0.05 0.05 0.03 0.04 0.05 0.03 0.04 0.05 0.05 0.05 0.05 0.05 0.05 0.05 0.05 0.05 0.05 0.07 0.06 0.08 0.07 0.09 0.09 0.09 0.09 0.09 0.09 0.09 0.09 0.09 1.00 0.10 0.10 0.10 0.10 0.10 0.02 0.02 0.00 0.01 0.06 0.07 0.07 0.07 0.07 0.07 0.07 0.07 0.07 0.06 0.07 0.06 0.07 0.07 0.06 0.07 0.07 0.07 0.06 0.07 0.07 0.07
0.33 0.33 0.33 0.33 0.28 0.33 0.33 0.33 0.32 0.33 0.32 0.32 0.33 0.32 0.32 0.32 0.25 0.32 0.31 0.32 0.32 0.32 0.32 0.32 0.26 0.30 0.32 0.24 0.31 0.32 0.32 0.32 0.32 0.32 0.32 0.32 0.32 0.32 0.32 0.32 0.30 0.33 0.31 0.34 0.34 0.34 0.34 0.34 0.34 0.34 0.34 0.34 1.00 0.34 0.34 0.34 0.34 0.34 0.14 0.14 0.03 0.07 0.32 0.33 0.33 0.33 0.33 0.33 0.33 0.33 0.33 0.33 0.33 0.33 0.33 0.33 0.30 0.32 0.32 0.32 0.29 0.33 0.33 0.33
0.04 0.04 0.04 0.04 0.02 0.04 0.04 0.04 0.04 0.04 0.03 0.03 0.04 0.03 0.03 0.03 0.02 0.03 0.03 0.03 0.03 0.03 0.03 0.03 0.01 0.02 0.03 0.01 0.03 0.03 0.03 0.03 0.03 0.03 0.03 0.03 0.03 0.03 0.03 0.05 0.04 0.06 0.05 0.06 0.06 0.07 0.06 0.06 0.06 0.07 0.07 0.07 1.00 0.08 0.08 0.08 0.08 0.08 0.01 0.01 0.00 0.00 0.03 0.04 0.04 0.04 0.04 0.04 0.04 0.04 0.04 0.04 0.04 0.04 0.04 0.04 0.03 0.04 0.05 0.04 0.03 0.05 0.05 0.05
0.07 0.07 0.07 0.07 0.04 0.07 0.07 0.07 0.07 0.07 0.06 0.06 0.07 0.06 0.06 0.06 0.03 0.06 0.05 0.06 0.06 0.06 0.06 0.06 0.03 0.04 0.06 0.03 0.05 0.06 0.06 0.06 0.06 0.06 0.06 0.06 0.05 0.06 0.05 0.07 0.07 0.09 0.07 0.10 0.10 0.10 0.10 0.10 0.10 0.10 0.10 0.10 1.00 0.11 0.11 0.11 0.11 0.11 0.02 0.02 0.00 0.01 0.06 0.07 0.07 0.07 0.07 0.07 0.07 0.07 0.07 0.07 0.07 0.07 0.07 0.07 0.06 0.08 0.08 0.08 0.06 0.08 0.08 0.08
0.58 0.58 0.58 0.58 0.54 0.58 0.58 0.58 0.57 0.58 0.58 0.58 0.58 0.58 0.58 0.58 0.51 0.58 0.57 0.58 0.58 0.58 0.58 0.58 0.54 0.56 0.58 0.51 0.57 0.58 0.58 0.58 0.58 0.58 0.58 0.58 0.57 0.58 0.57 0.57 0.56 0.58 0.56 0.58 0.58 0.58 0.58 0.58 0.58 0.58 0.58 0.58 1.00 0.58 0.58 0.58 0.58 0.58 0.34 0.34 0.13 0.19 0.57 0.58 0.58 0.58 0.58 0.58 0.58 0.58 0.58 0.58 0.58 0.58 0.58 0.58 0.56 0.57 0.57 0.57 0.55 0.58 0.58 0.58
0.06 0.06 0.06 0.06 0.04 0.06 0.06 0.06 0.06 0.06 0.06 0.06 0.06 0.05 0.05 0.05 0.03 0.05 0.05 0.05 0.05 0.05 0.05 0.05 0.03 0.04 0.05 0.02 0.05 0.05 0.05 0.05 0.05 0.05 0.05 0.05 0.05 0.05 0.05 0.07 0.06 0.08 0.07 0.09 0.09 0.09 0.09 0.09 0.09 0.09 0.09 0.09 1.00 0.10 0.10 0.10 0.10 0.10 0.02 0.02 0.00 0.01 0.06 0.07 0.07 0.07 0.07 0.07 0.07 0.07 0.07 0.06 0.07 0.06 0.06 0.06 0.06 0.07 0.07 0.07 0.05 0.07 0.07 0.07
0.17 0.17 0.17 0.17 0.12 0.17 0.17 0.17 0.16 0.17 0.16 0.16 0.17 0.16 0.16 0.16 0.11 0.16 0.15 0.16 0.16 0.16 0.16 0.16 0.11 0.14 0.16 0.10 0.15 0.16 0.16 0.16 0.16 0.16 0.16 0.16 0.15 0.16 0.15 0.17 0.16 0.19 0.17 0.19 0.19 0.20 0.19 0.19 0.20 0.20 0.20 0.20 1.00 0.20 0.20 0.20 0.20 0.20 0.06 0.06 0.01 0.03 0.16 0.17 0.17 0.17 0.17 0.18 0.17 0.18 0.18 0.17 0.17 0.17 0.17 0.17 0.15 0.17 0.17 0.17 0.15 0.17 0.17 0.17
0.11 0.11 0.11 0.11 0.07 0.11 0.11 0.11 0.10 0.11 0.11 0.10 0.11 0.10 0.10 0.10 0.06 0.10 0.09 0.10 0.10 0.10 0.10 0.10 0.06 0.08 0.10 0.06 0.09 0.10 0.10 0.10 0.10 0.10 0.10 0.10 0.09 0.10 0.09 0.11 0.10 0.13 0.11 0.14 0.14 0.14 0.14 0.14 0.14 0.14 0.14 0.14 1.00 0.15 0.15 0.15 0.15 0.15 0.04 0.03 0.00 0.02 0.10 0.11 0.11 0.11 0.11 0.11 0.11 0.11 0.11 0.11 0.11 0.11 0.11 0.11 0.10 0.11 0.12 0.11 0.09 0.12 0.12 0.12
0.62 0.62 0.62 0.62 0.59 0.62 0.62 0.62 0.61 0.62 0.62 0.62 0.62 0.62 0.62 0.61 0.55 0.62 0.61 0.62 0.62 0.62 0.62 0.62 0.58 0.61 0.62 0.56 0.61 0.62 0.62 0.62 0.62 0.62 0.62 0.62 0.61 0.62 0.61 0.61 0.60 0.62 0.60 0.62 0.62 0.62 0.62 0.62 0.62 0.62 0.62 0.62 1.00 0.62 0.62 0.62 0.62 0.62 0.38 0.39 0.16 0.23 0.61 0.62 0.62 0.62 0.62 0.62 0.62 0.62 0.62 0.62 0.62 0.62 0.62 0.62 0.60 0.61 0.61 0.61 0.59 0.61 0.61 0.61
0.21 0.21 0.21 0.21 0.16 0.21 0.21 0.21 0.20 0.21 0.20 0.20 0.21 0.20 0.20 0.20 0.14 0.20 0.19 0.20 0.20 0.20 0.20 0.20 0.14 0.17 0.20 0.13 0.19 0.20 0.20 0.20 0.20 0.20 0.20 0.20 0.19 0.20 0.19 0.21 0.19 0.22 0.20 0.23 0.23 0.23 0.23 0.23 0.23 0.23 0.23 0.23 1.00 0.24 0.24 0.24 0.24 0.24 0.08 0.08 0.01 0.03 0.20 0.21 0.21 0.21 0.21 0.21 0.21 0.21 0.21 0.21 0.21 0.21 0.21 0.21 0.19 0.21 0.21 0.21 0.18 0.21 0.21 0.21
0.64 0.64 0.64 0.64 0.61 0.64 0.64 0.64 0.64 0.64 0.64 0.64 0.64 0.64 0.64 0.64 0.58 0.64 0.63 0.64 0.64 0.64 0.64 0.64 0.61 0.63 0.64 0.58 0.64 0.64 0.64 0.64 0.64 0.64 0.64 0.64 0.64 0.64 0.64 0.63 0.62 0.64 0.63 0.64 0.64 0.64 0.64 0.64 0.64 0.64 0.64 0.64 1.00 0.64 0.64 0.64 0.64 0.64 0.40 0.41 0.17 0.25 0.64 0.64 0.64 0.64 0.64 0.64 0.64 0.64 0.64 0.64 0.64 0.64 0.64 0.64 0.62 0.64 0.64 0.64 0.61 0.64 0.64 0.64
0.16 0.16 0.16 0.16 0.11 0.16 0.16 0.16 0.15 0.16 0.16 0.15 0.16 0.15 0.16 0.15 0.10 0.15 0.14 0.15 0.15 0.15 0.16 0.15 0.10 0.13 0.15 0.09 0.14 0.15 0.15 0.15 0.15 0.15 0.15 0.15 0.15 0.15 0.15 0.16 0.15 0.17 0.15 0.18 0.18 0.18 0.18 0.18 0.18 0.18 0.18 0.18 1.00 0.19 0.19 0.19 0.19 0.19 0.05 0.05 0.01 0.02 0.15 0.17 0.17 0.17 0.17 0.17 0.17 0.17 0.17 0.16 0.17 0.16 0.16 0.16 0.15 0.16 0.16 0.16 0.14 0.17 0.17 0.17
0.54 0.54 0.54 0.54 0.51 0.54 0.54 0.54 0.54 0.54 0.54 0.54 0.54 0.54 0.54 0.54 0.47 0.54 0.53 0.54 0.54 0.54 0.54 0.54 0.50 0.53 0.54 0.48 0.54 0.54 0.54 0.54 0.54 0.54 0.54 0.54 0.54 0.54 0.54 0.54 0.52 0.54 0.53 0.55 0.55 0.55 0.55 0.55 0.55 0.55 0.55 0.55 1.00 0.55 0.55 0.55 0.55 0.55 0.30 0.31 0.11 0.17 0.54 0.54 0.54 0.54 0.54 0.54 0.54 0.54 0.54 0.54 0.54 0.54 0.54 0.54 0.53 0.54 0.54 0.54 0.51 0.54 0.54 0.54
0.22 0.22 0.22 0.22 0.17 0.22 0.22 0.22 0.21 0.22 0.22 0.21 0.22 0.22 0.22 0.21 0.15 0.21 0.20 0.21 0.22 0.22 0.22 0.21 0.16 0.19 0.21 0.14 0.21 0.22 0.21 0.21 0.21 0.22 0.21 0.21 0.21 0.22 0.21 0.22 0.20 0.23 0.21 0.24 0.24 0.24 0.24 0.24 0.24 0.24 0.24 0.24 1.00 0.25 0.25 0.25 0.25 0.25 0.08 0.08 0.01 0.04 0.21 0.22 0.22 0.22 0.22 0.22 0.22 0.22 0.22 0.22 0.22 0.22 0.22 0.22 0.20 0.22 0.22 0.22 0.19 0.22 0.22 0.22
0.05 0.05 0.05 0.05 0.03 0.04 0.05 0.04 0.04 0.04 0.04 0.04 0.04 0.04 0.04 0.04 0.02 0.04 0.03 0.04 0.04 0.04 0.04 0.04 0.02 0.02 0.04 0.02 0.03 0.04 0.04 0.04 0.04 0.04 0.04 0.04 0.03 0.04 0.03 0.05 0.04 0.06 0.05 0.07 0.07 0.07 0.07 0.07 0.07 0.07 0.07 0.07 1.00 0.08 0.08 0.08 0.08 0.08 0.01 0.01 0.00 0.01 0.04 0.05 0.05 0.05 0.05 0.05 0.05 0.05 0.05 0.05 0.05 0.05 0.05 0.05 0.04 0.05 0.05 0.05 0.04 0.06 0.06 0.06
0.06 0.06 0.06 0.06 0.03 0.06 0.06 0.06 0.05 0.05 0.05 0.05 0.05 0.05 0.05 0.05 0.03 0.05 0.04 0.05 0.05 0.05 0.05 0.05 0.02 0.03 0.05 0.02 0.04 0.05 0.05 0.05 0.05 0.05 0.05 0.05 0.04 0.05 0.04 0.06 0.06 0.08 0.06 0.08 0.08 0.09 0.08 0.08 0.09 0.09 0.09 0.09 1.00 0.10 0.10 0.10 0.10 0.10 0.02 0.02 0.00 0.01 0.05 0.06 0.06 0.06 0.06 0.06 0.06 0.06 0.06 0.06 0.06 0.06 0.06 0.06 0.05 0.06 0.06 0.06 0.05 0.07 0.07 0.07
0.60 0.60 0.60 0.60 0.57 0.60 0.60 0.60 0.60 0.60 0.60 0.60 0.60 0.60 0.60 0.60 0.54 0.60 0.60 0.60 0.60 0.60 0.60 0.60 0.57 0.59 0.60 0.55 0.60 0.60 0.60 0.60 0.60 0.60 0.60 0.60 0.60 0.60 0.60 0.60 0.59 0.60 0.59 0.61 0.61 0.61 0.61 0.61 0.61 0.61 0.61 0.61 1.00 0.61 0.61 0.61 0.61 0.61 0.37 0.38 0.15 0.22 0.60 0.60 0.60 0.60 0.60 0.60 0.60 0.60 0.60 0.60 0.60 0.60 0.60 0.60 0.59 0.60 0.60 0.60 0.58 0.60 0.60 0.60
0.16 0.16 0.16 0.16 0.12 0.16 0.16 0.16 0.15 0.16 0.16 0.16 0.16 0.16 0.16 0.15 0.10 0.15 0.14 0.15 0.16 0.16 0.16 0.15 0.10 0.13 0.15 0.10 0.14 0.15 0.15 0.15 0.15 0.15 0.15 0.15 0.15 0.15 0.15 0.16 0.15 0.18 0.16 0.18 0.18 0.19 0.18 0.18 0.19 0.19 0.19 0.19 1.00 0.19 0.19 0.19 0.19 0.19 0.06 0.05 0.01 0.03 0.15 0.16 0.16 0.16 0.16 0.16 0.16 0.16 0.16 0.16 0.16 0.16 0.16 0.16 0.15 0.16 0.16 0.16 0.14 0.17 0.17 0.17
0.22 0.22 0.22 0.22 0.17 0.22 0.22 0.22 0.21 0.22 0.21 0.21 0.22 0.21 0.21 0.21 0.15 0.21 0.20 0.21 0.21 0.21 0.21 0.21 0.16 0.19 0.21 0.15 0.20 0.21 0.21 0.21 0.21 0.21 0.21 0.21 0.21 0.21 0.21 0.22 0.19 0.23 0.21 0.24 0.24 0.24 0.24 0.24 0.24 0.24 0.24 0.24 1.00 0.25 0.25 0.25 0.25 0.25 0.08 0.08 0.01 0.04 0.21 0.22 0.22 0.22 0.22 0.22 0.22 0.22 0.22 0.22 0.22 0.22 0.22 0.22 0.20 0.21 0.22 0.22 0.19 0.22 0.22 0.22
0.13 0.13 0.13 0.13 0.09 0.13 0.13 0.13 0.12 0.13 0.13 0.12 0.13 0.12 0.12 0.12 0.07 0.12 0.11 0.12 0.12 0.12 0.12 0.12 0.07 0.09 0.12 0.07 0.11 0.12 0.12 0.12 0.12 0.12 0.12 0.12 0.11 0.12 0.11 0.13 0.12 0.14 0.13 0.15 0.15 0.16 0.15 0.15 0.16 0.16 0.16 0.16 1.00 0.17 0.17 0.17 0.17 0.17 0.04 0.04 0.00 0.02 0.12 0.13 0.13 0.13 0.13 0.13 0.13 0.13 0.13 0.13 0.13 0.13 0.13 0.13 0.12 0.13 0.13 0.13 0.11 0.13 0.13 0.13
0.30 0.30 0.30 0.30 0.26 0.30 0.30 0.30 0.30 0.30 0.30 0.30 0.30 0.30 0.30 0.30 0.23 0.30 0.29 0.30 0.30 0.30 0.30 0.30 0.24 0.28 0.30 0.22 0.29 0.30 0.30 0.30 0.30 0.30 0.30 0.30 0.29 0.30 0.29 0.30 0.28 0.31 0.29 0.32 0.32 0.32 0.32 0.32 0.32 0.32 0.32 0.32 1.00 0.33 0.33 0.33 0.33 0.33 0.13 0.13 0.03 0.06 0.30 0.31 0.31 0.31 0.31 0.31 0.30 0.31 0.31 0.31 0.31 0.30 0.30 0.30 0.28 0.30 0.30 0.30 0.27 0.30 0.30 0.30
