0.78 0.77 0.77 0.76 0.54 0.78 0.77 0.75 0.72 0.76 0.74 0.73 0.76 0.73 0.73 0.71 0.46 0.71 0.66 0.72 0.73 0.73 0.73 0.71 0.46 0.59 0.72 0.43 0.67 0.72 0.71 0.71 0.71 0.72 0.71 0.71 0.68 0.72 0.68 0.72 0.61 0.75 0.65 0.78 0.78 0.77 0.78 0.79 0.76 0.77 0.77 0.77 0.14 0.70 0.70 0.70 0.70 0.70 0.19 0.18 0.02 0.09 0.73 0.80 0.80 0.80 0.80 0.81 0.83 0.81 0.81 0.78 0.80 0.78 0.78 0.78 0.73 0.89 1.00 0.89 0.57 0.59 0.59 0.59
0.81 0.79 0.79 0.78 0.56 0.80 0.79 0.77 0.74 0.78 0.77 0.76 0.78 0.76 0.76 0.75 0.50 0.75 0.70 0.76 0.76 0.76 0.76 0.75 0.49 0.62 0.76 0.46 0.70 0.75 0.75 0.75 0.75 0.75 0.75 0.75 0.72 0.75 0.72 0.73 0.64 0.77 0.68 0.80 0.80 0.78 0.80 0.80 0.77 0.78 0.78 0.78 0.16 0.71 0.71 0.71 0.71 0.71 0.21 0.19 0.03 0.10 0.77 0.83 0.83 0.83 0.83 0.83 0.84 0.83 0.83 0.80 0.83 0.81 0.80 0.80 0.75 0.90 1.00 0.90 0.60 0.62 0.62 0.62
0.83 0.81 0.81 0.80 0.59 0.82 0.81 0.79 0.76 0.81 0.79 0.78 0.81 0.79 0.78 0.77 0.51 0.77 0.72 0.78 0.79 0.79 0.79 0.77 0.53 0.64 0.78 0.49 0.72 0.77 0.77 0.77 0.77 0.77 0.77 0.77 0.74 0.77 0.74 0.76 0.65 0.78 0.69 0.80 0.80 0.79 0.80 0.81 0.78 0.79 0.79 0.79 0.17 0.72 0.72 0.72 0.72 0.72 0.20 0.20 0.03 0.11 0.78 0.84 0.84 0.84 0.84 0.85 0.86 0.85 0.85 0.82 0.84 0.82 0.81 0.82 0.75 0.92 1.00 0.91 0.62 0.65 0.65 0.65
0.80 0.78 0.78 0.78 0.55 0.79 0.78 0.77 0.74 0.78 0.76 0.76 0.78 0.76 0.75 0.74 0.49 0.74 0.68 0.74 0.76 0.76 0.76 0.74 0.49 0.61 0.74 0.45 0.69 0.74 0.74 0.74 0.74 0.74 0.74 0.74 0.71 0.74 0.71 0.74 0.63 0.77 0.67 0.79 0.79 0.77 0.79 0.79 0.77 0.77 0.77 0.77 0.15 0.71 0.71 0.71 0.71 0.71 0.19 0.19 0.02 0.10 0.76 0.82 0.82 0.82 0.82 0.83 0.84 0.83 0.83 0.80 0.82 0.80 0.80 0.80 0.74 0.91 1.00 0.91 0.59 0.61 0.61 0.61
0.71 0.67 0.67 0.66 0.42 0.69 0.67 0.64 0.61 0.66 0.63 0.62 0.66 0.62 0.62 0.60 0.36 0.59 0.55 0.60 0.62 0.62 0.62 0.59 0.34 0.44 0.60 0.32 0.53 0.60 0.59 0.59 0.59 0.60 0.59 0.59 0.56 0.60 0.56 0.63 0.52 0.68 0.57 0.72 0.72 0.70 0.72 0.73 0.69 0.70 0.70 0.70 0.10 0.61 0.61 0.61 0.61 0.61 0.13 0.12 0.01 0.07 0.65 0.73 0.73 0.73 0.73 0.74 0.76 0.74 0.74 0.70 0.73 0.70 0.69 0.69 0.65 0.86 1.00 0.85 0.48 0.49 0.49 0.49
0.59 0.52 0.52 0.51 0.28 0.56 0.52 0.49 0.45 0.53 0.48 0.46 0.53 0.46 0.46 0.43 0.23 0.42 0.39 0.43 0.46 0.46 0.46 0.42 0.20 0.28 0.43 0.19 0.35 0.43 0.41 0.41 0.42 0.43 0.41 0.41 0.38 0.43 0.38 0.50 0.40 0.57 0.46 0.63 0.63 0.60 0.63 0.64 0.58 0.60 0.60 0.60 0.05 0.50 0.50 0.50 0.50 0.50 0.09 0.07 0.00 0.04 0.50 0.62 0.62 0.62 0.62 0.64 0.67 0.64 0.64 0.57 0.62 0.58 0.56 0.57 0.56 0.81 1.00 0.80 0.35 0.35 0.35 0.35
0.87 0.86 0.86 0.86 0.68 0.87 0.86 0.85 0.83 0.86 0.85 0.85 0.86 0.85 0.85 0.84 0.61 0.84 0.79 0.84 0.85 0.85 0.85 0.84 0.62 0.74 0.84 0.58 0.80 0.84 0.84 0.84 0.84 0.84 0.84 0.84 0.82 0.84 0.82 0.81 0.72 0.83 0.75 0.85 0.85 0.84 0.85 0.85 0.84 0.84 0.84 0.84 0.23 0.79 0.79 0.79 0.79 0.79 0.27 0.27 0.05 0.14 0.84 0.88 0.88 0.88 0.88 0.89 0.89 0.89 0.89 0.87 0.88 0.87 0.87 0.87 0.81 0.93 1.00 0.93 0.70 0.73 0.73 0.73
0.82 0.80 0.80 0.80 0.58 0.81 0.80 0.79 0.76 0.80 0.78 0.78 0.80 0.78 0.78 0.76 0.52 0.76 0.72 0.77 0.78 0.78 0.78 0.76 0.52 0.64 0.77 0.48 0.72 0.77 0.76 0.76 0.76 0.77 0.76 0.76 0.74 0.77 0.74 0.75 0.65 0.78 0.69 0.80 0.80 0.79 0.80 0.81 0.78 0.79 0.79 0.79 0.17 0.73 0.73 0.73 0.73 0.73 0.22 0.20 0.03 0.10 0.78 0.84 0.84 0.84 0.84 0.84 0.85 0.84 0.84 0.82 0.84 0.82 0.81 0.81 0.76 0.91 1.00 0.91 0.62 0.64 0.64 0.64
0.62 0.57 0.57 0.55 0.32 0.60 0.57 0.54 0.50 0.56 0.53 0.51 0.56 0.50 0.50 0.48 0.26 0.47 0.43 0.49 0.50 0.50 0.50 0.47 0.24 0.33 0.49 0.22 0.41 0.48 0.47 0.47 0.47 0.48 0.47 0.47 0.44 0.48 0.44 0.53 0.44 0.60 0.49 0.65 0.65 0.63 0.65 0.66 0.61 0.63 0.63 0.63 0.06 0.53 0.53 0.53 0.53 0.53 0.09 0.08 0.01 0.05 0.54 0.65 0.65 0.65 0.65 0.67 0.69 0.67 0.67 0.61 0.65 0.62 0.60 0.60 0.59 0.82 1.00 0.81 0.39 0.39 0.39 0.39
0.77 0.75 0.75 0.74 0.51 0.76 0.75 0.73 0.70 0.74 0.72 0.72 0.74 0.71 0.71 0.70 0.45 0.69 0.64 0.70 0.71 0.71 0.71 0.69 0.44 0.55 0.70 0.41 0.64 0.70 0.69 0.69 0.69 0.70 0.69 0.69 0.66 0.70 0.66 0.70 0.59 0.73 0.63 0.76 0.76 0.75 0.76 0.77 0.74 0.75 0.75 0.75 0.14 0.67 0.67 0.67 0.67 0.67 0.17 0.16 0.02 0.09 0.72 0.79 0.79 0.79 0.79 0.80 0.82 0.80 0.80 0.77 0.79 0.77 0.76 0.76 0.71 0.89 1.00 0.89 0.55 0.56 0.56 0.56
0.77 0.74 0.74 0.74 0.51 0.76 0.74 0.72 0.69 0.74 0.72 0.71 0.74 0.71 0.71 0.69 0.44 0.69 0.64 0.69 0.71 0.71 0.71 0.69 0.44 0.55 0.69 0.41 0.63 0.69 0.68 0.68 0.69 0.69 0.68 0.68 0.66 0.69 0.66 0.69 0.60 0.73 0.64 0.76 0.76 0.75 0.76 0.77 0.74 0.75 0.75 0.75 0.13 0.68 0.68 0.68 0.68 0.68 0.17 0.16 0.02 0.09 0.72 0.79 0.79 0.79 0.79 0.80 0.81 0.80 0.80 0.77 0.79 0.77 0.76 0.76 0.71 0.89 1.00 0.88 0.56 0.57 0.57 0.57
0.82 0.80 0.80 0.80 0.59 0.82 0.80 0.79 0.76 0.80 0.79 0.78 0.80 0.78 0.78 0.76 0.52 0.77 0.71 0.77 0.78 0.78 0.78 0.77 0.51 0.65 0.77 0.48 0.72 0.77 0.76 0.76 0.77 0.77 0.76 0.76 0.74 0.77 0.74 0.75 0.65 0.78 0.69 0.80 0.80 0.79 0.80 0.81 0.78 0.79 0.79 0.79 0.17 0.72 0.72 0.72 0.72 0.72 0.21 0.20 0.03 0.10 0.78 0.84 0.84 0.84 0.84 0.84 0.85 0.84 0.84 0.82 0.84 0.82 0.82 0.82 0.76 0.91 1.00 0.91 0.62 0.64 0.64 0.64
0.79 0.77 0.77 0.76 0.54 0.78 0.77 0.75 0.72 0.77 0.75 0.74 0.77 0.75 0.75 0.73 0.48 0.73 0.67 0.73 0.75 0.75 0.75 0.73 0.48 0.60 0.73 0.44 0.68 0.73 0.72 0.72 0.73 0.73 0.72 0.72 0.70 0.73 0.70 0.72 0.62 0.75 0.66 0.78 0.78 0.76 0.78 0.79 0.75 0.76 0.76 0.76 0.14 0.69 0.69 0.69 0.69 0.69 0.18 0.18 0.02 0.09 0.74 0.81 0.81 0.81 0.81 0.82 0.83 0.82 0.82 0.79 0.81 0.79 0.78 0.78 0.74 0.90 1.00 0.90 0.59 0.60 0.60 0.60
0.62 0.57 0.57 0.56 0.32 0.60 0.57 0.54 0.51 0.57 0.53 0.51 0.57 0.50 0.50 0.48 0.26 0.47 0.43 0.48 0.50 0.50 0.50 0.47 0.24 0.32 0.48 0.22 0.41 0.48 0.46 0.46 0.47 0.48 0.46 0.46 0.43 0.48 0.43 0.53 0.43 0.59 0.48 0.65 0.65 0.62 0.65 0.66 0.61 0.62 0.62 0.62 0.06 0.53 0.53 0.53 0.53 0.53 0.10 0.09 0.01 0.05 0.53 0.65 0.65 0.65 0.65 0.67 0.70 0.67 0.67 0.61 0.65 0.62 0.60 0.60 0.60 0.83 1.00 0.82 0.39 0.38 0.38 0.38
0.99 0.99 0.99 0.99 0.94 0.99 0.99 0.99 0.98 0.99 0.99 0.99 0.99 0.99 0.99 0.99 0.89 0.99 0.98 0.99 0.99 0.99 0.99 0.99 0.93 0.97 0.99 0.89 0.98 0.99 0.99 0.99 0.99 0.99 0.99 0.99 0.98 0.99 0.98 0.97 0.95 0.98 0.96 0.98 0.98 0.98 0.98 0.98 0.98 0.98 0.98 0.98 0.62 0.96 0.96 0.96 0.96 0.96 0.59 0.60 0.26 0.37 0.98 0.99 0.99 0.99 0.99 0.99 0.99 0.99 0.99 0.99 0.99 0.99 0.99 0.99 0.97 0.99 1.00 0.99 0.94 0.96 0.96 0.96
0.65 0.60 0.60 0.59 0.35 0.63 0.60 0.58 0.54 0.60 0.56 0.55 0.60 0.55 0.55 0.52 0.30 0.51 0.47 0.52 0.55 0.55 0.55 0.51 0.27 0.36 0.52 0.25 0.45 0.52 0.50 0.50 0.51 0.52 0.50 0.50 0.47 0.52 0.47 0.57 0.47 0.63 0.52 0.68 0.68 0.66 0.68 0.69 0.64 0.66 0.66 0.66 0.07 0.57 0.57 0.57 0.57 0.57 0.11 0.10 0.01 0.06 0.58 0.68 0.68 0.68 0.68 0.70 0.73 0.70 0.70 0.64 0.68 0.65 0.64 0.64 0.62 0.85 1.00 0.84 0.42 0.42 0.42 0.42
0.59 0.53 0.53 0.52 0.29 0.56 0.53 0.50 0.46 0.53 0.49 0.47 0.53 0.46 0.46 0.44 0.23 0.42 0.39 0.44 0.46 0.46 0.46 0.42 0.20 0.28 0.44 0.19 0.36 0.43 0.41 0.41 0.42 0.43 0.41 0.41 0.38 0.43 0.38 0.50 0.41 0.58 0.47 0.64 0.64 0.61 0.64 0.65 0.59 0.61 0.61 0.61 0.05 0.52 0.52 0.52 0.52 0.52 0.09 0.07 0.00 0.05 0.50 0.62 0.62 0.62 0.62 0.64 0.67 0.64 0.64 0.58 0.62 0.58 0.57 0.57 0.57 0.81 1.00 0.80 0.36 0.36 0.36 0.36
0.92 0.92 0.92 0.92 0.77 0.92 0.92 0.91 0.90 0.92 0.91 0.91 0.92 0.91 0.91 0.91 0.70 0.91 0.88 0.91 0.91 0.91 0.91 0.91 0.76 0.85 0.91 0.71 0.89 0.91 0.91 0.91 0.91 0.91 0.91 0.91 0.90 0.91 0.90 0.88 0.82 0.89 0.84 0.90 0.90 0.89 0.90 0.90 0.89 0.89 0.89 0.89 0.33 0.86 0.86 0.86 0.86 0.86 0.35 0.35 0.08 0.18 0.90 0.93 0.93 0.93 0.93 0.93 0.93 0.93 0.93 0.92 0.93 0.92 0.92 0.92 0.87 0.96 1.00 0.96 0.79 0.82 0.82 0.82
0.71 0.67 0.67 0.66 0.42 0.69 0.67 0.65 0.61 0.67 0.63 0.62 0.67 0.62 0.62 0.60 0.36 0.59 0.55 0.60 0.62 0.62 0.62 0.59 0.34 0.45 0.60 0.33 0.53 0.60 0.59 0.59 0.59 0.60 0.59 0.59 0.55 0.60 0.55 0.63 0.52 0.67 0.57 0.71 0.71 0.70 0.71 0.72 0.69 0.70 0.70 0.70 0.09 0.62 0.62 0.62 0.62 0.62 0.14 0.12 0.01 0.07 0.64 0.74 0.74 0.74 0.74 0.75 0.77 0.75 0.75 0.70 0.74 0.71 0.70 0.70 0.65 0.86 1.00 0.86 0.48 0.48 0.48 0.48
0.74 0.71 0.71 0.70 0.47 0.73 0.71 0.69 0.65 0.71 0.68 0.67 0.71 0.67 0.67 0.65 0.41 0.65 0.60 0.66 0.67 0.67 0.67 0.65 0.40 0.52 0.66 0.37 0.59 0.66 0.65 0.65 0.65 0.66 0.65 0.65 0.62 0.66 0.62 0.66 0.56 0.71 0.61 0.75 0.75 0.73 0.75 0.75 0.72 0.73 0.73 0.73 0.12 0.66 0.66 0.66 0.66 0.66 0.16 0.15 0.02 0.08 0.68 0.77 0.77 0.77 0.77 0.77 0.79 0.77 0.77 0.74 0.77 0.74 0.73 0.73 0.68 0.88 1.00 0.87 0.52 0.53 0.53 0.53
0.83 0.82 0.82 0.82 0.61 0.83 0.82 0.81 0.78 0.82 0.80 0.80 0.82 0.80 0.80 0.79 0.53 0.78 0.74 0.79 0.80 0.80 0.80 0.78 0.54 0.67 0.79 0.51 0.74 0.79 0.78 0.78 0.78 0.79 0.78 0.78 0.76 0.79 0.76 0.77 0.67 0.80 0.71 0.82 0.82 0.81 0.82 0.82 0.80 0.81 0.81 0.81 0.19 0.75 0.75 0.75 0.75 0.75 0.23 0.22 0.03 0.12 0.79 0.85 0.85 0.85 0.85 0.86 0.87 0.86 0.86 0.83 0.85 0.84 0.83 0.83 0.77 0.92 1.00 0.92 0.64 0.66 0.66 0.66
0.95 0.95 0.95 0.95 0.84 0.95 0.95 0.95 0.94 0.95 0.95 0.95 0.95 0.95 0.95 0.95 0.78 0.95 0.92 0.95 0.95 0.95 0.95 0.95 0.82 0.90 0.95 0.77 0.93 0.95 0.95 0.95 0.95 0.95 0.95 0.95 0.94 0.95 0.94 0.92 0.86 0.93 0.88 0.93 0.93 0.93 0.93 0.93 0.93 0.93 0.93 0.93 0.42 0.90 0.90 0.90 0.90 0.90 0.42 0.42 0.11 0.23 0.94 0.96 0.96 0.96 0.96 0.96 0.96 0.96 0.96 0.95 0.96 0.95 0.95 0.95 0.91 0.97 1.00 0.98 0.85 0.88 0.88 0.88
0.95 0.95 0.95 0.95 0.84 0.95 0.95 0.95 0.94 0.95 0.95 0.95 0.95 0.95 0.95 0.95 0.77 0.95 0.92 0.95 0.95 0.95 0.95 0.95 0.82 0.90 0.95 0.77 0.93 0.95 0.95 0.95 0.95 0.95 0.95 0.95 0.94 0.95 0.94 0.92 0.86 0.93 0.88 0.94 0.94 0.93 0.94 0.94 0.93 0.93 0.93 0.93 0.41 0.90 0.90 0.90 0.90 0.90 0.42 0.42 0.11 0.23 0.94 0.96 0.96 0.96 0.96 0.96 0.96 0.96 0.96 0.95 0.96 0.95 0.95 0.95 0.91 0.97 1.00 0.97 0.85 0.88 0.88 0.88
0.88 0.87 0.87 0.86 0.68 0.88 0.87 0.86 0.83 0.87 0.86 0.85 0.87 0.86 0.86 0.85 0.61 0.85 0.80 0.85 0.86 0.86 0.86 0.85 0.64 0.75 0.85 0.59 0.81 0.85 0.85 0.85 0.85 0.85 0.85 0.85 0.83 0.85 0.83 0.82 0.73 0.83 0.76 0.85 0.85 0.84 0.85 0.85 0.84 0.84 0.84 0.84 0.23 0.79 0.79 0.79 0.79 0.79 0.27 0.27 0.05 0.14 0.84 0.89 0.89 0.89 0.89 0.89 0.90 0.89 0.89 0.88 0.89 0.88 0.87 0.87 0.82 0.94 1.00 0.94 0.70 0.73 0.73 0.73
0.93 0.92 0.92 0.92 0.78 0.93 0.92 0.92 0.90 0.92 0.92 0.92 0.92 0.92 0.92 0.91 0.72 0.91 0.88 0.92 0.92 0.92 0.92 0.91 0.76 0.85 0.92 0.71 0.89 0.92 0.92 0.91 0.91 0.92 0.92 0.92 0.90 0.92 0.90 0.89 0.82 0.90 0.84 0.91 0.91 0.90 0.91 0.91 0.90 0.90 0.90 0.90 0.35 0.87 0.87 0.87 0.87 0.87 0.37 0.36 0.08 0.19 0.91 0.93 0.93 0.93 0.93 0.93 0.94 0.93 0.93 0.93 0.93 0.93 0.93 0.92 0.88 0.96 1.00 0.96 0.79 0.83 0.83 0.83
0.77 0.75 0.75 0.73 0.51 0.76 0.75 0.72 0.69 0.75 0.72 0.72 0.75 0.71 0.71 0.70 0.45 0.69 0.64 0.70 0.71 0.71 0.71 0.69 0.44 0.56 0.70 0.41 0.64 0.70 0.69 0.69 0.69 0.70 0.69 0.69 0.66 0.70 0.66 0.69 0.59 0.73 0.64 0.76 0.76 0.75 0.76 0.76 0.74 0.75 0.75 0.75 0.13 0.68 0.68 0.68 0.68 0.68 0.18 0.16 0.02 0.09 0.71 0.79 0.79 0.79 0.79 0.80 0.81 0.80 0.80 0.77 0.79 0.77 0.76 0.76 0.71 0.89 1.00 0.89 0.55 0.57 0.57 0.57
0.58 0.53 0.53 0.51 0.29 0.56 0.53 0.49 0.45 0.52 0.48 0.47 0.52 0.45 0.45 0.43 0.22 0.42 0.39 0.43 0.45 0.45 0.45 0.42 0.19 0.28 0.43 0.18 0.35 0.43 0.41 0.41 0.42 0.43 0.41 0.41 0.38 0.43 0.38 0.50 0.41 0.57 0.47 0.63 0.63 0.60 0.63 0.64 0.59 0.60 0.60 0.60 0.05 0.51 0.51 0.51 0.51 0.51 0.08 0.07 0.01 0.05 0.50 0.62 0.62 0.62 0.62 0.64 0.67 0.64 0.64 0.57 0.62 0.59 0.56 0.57 0.57 0.81 1.00 0.80 0.36 0.36 0.36 0.36
0.58 0.51 0.51 0.49 0.26 0.55 0.51 0.48 0.44 0.51 0.46 0.45 0.51 0.44 0.44 0.42 0.22 0.40 0.37 0.42 0.44 0.44 0.43 0.40 0.19 0.26 0.42 0.17 0.34 0.41 0.39 0.39 0.40 0.41 0.39 0.39 0.37 0.41 0.37 0.48 0.40 0.56 0.45 0.62 0.62 0.60 0.62 0.64 0.58 0.60 0.60 0.60 0.05 0.50 0.50 0.50 0.50 0.50 0.08 0.07 0.01 0.04 0.49 0.61 0.61 0.61 0.61 0.63 0.66 0.63 0.63 0.56 0.61 0.57 0.55 0.56 0.55 0.80 1.00 0.79 0.35 0.34 0.34 0.34
0.60 0.55 0.55 0.54 0.30 0.58 0.55 0.52 0.49 0.55 0.51 0.49 0.55 0.48 0.48 0.46 0.25 0.45 0.41 0.46 0.48 0.48 0.48 0.45 0.21 0.30 0.46 0.20 0.38 0.45 0.44 0.44 0.45 0.45 0.44 0.44 0.41 0.45 0.41 0.52 0.42 0.59 0.47 0.64 0.64 0.62 0.64 0.66 0.60 0.62 0.62 0.62 0.06 0.53 0.53 0.53 0.53 0.53 0.09 0.08 0.01 0.05 0.52 0.64 0.64 0.64 0.64 0.65 0.68 0.65 0.65 0.59 0.64 0.60 0.58 0.58 0.58 0.82 1.00 0.80 0.38 0.37 0.37 0.37
0.56 0.50 0.50 0.49 0.26 0.53 0.50 0.47 0.44 0.50 0.45 0.44 0.50 0.42 0.42 0.40 0.20 0.39 0.36 0.41 0.42 0.42 0.42 0.39 0.18 0.25 0.41 0.17 0.33 0.40 0.38 0.38 0.39 0.40 0.38 0.38 0.35 0.40 0.35 0.47 0.39 0.55 0.45 0.61 0.61 0.58 0.61 0.62 0.57 0.58 0.58 0.58 0.04 0.49 0.49 0.49 0.49 0.49 0.08 0.06 0.01 0.04 0.48 0.60 0.60 0.60 0.60 0.62 0.65 0.62 0.62 0.55 0.60 0.56 0.54 0.55 0.55 0.80 1.00 0.79 0.33 0.33 0.33 0.33
0.65 0.61 0.61 0.60 0.37 0.64 0.61 0.59 0.55 0.61 0.57 0.56 0.61 0.55 0.55 0.54 0.30 0.53 0.48 0.53 0.55 0.55 0.55 0.53 0.28 0.38 0.53 0.25 0.46 0.53 0.52 0.51 0.53 0.53 0.52 0.52 0.48 0.53 0.48 0.58 0.48 0.64 0.53 0.69 0.69 0.67 0.69 0.70 0.65 0.67 0.67 0.67 0.08 0.57 0.57 0.57 0.57 0.57 0.11 0.10 0.01 0.06 0.57 0.68 0.68 0.68 0.68 0.70 0.72 0.70 0.70 0.65 0.68 0.65 0.64 0.64 0.61 0.83 1.00 0.83 0.42 0.42 0.42 0.42
0.59 0.52 0.52 0.51 0.28 0.56 0.52 0.49 0.45 0.52 0.47 0.46 0.52 0.45 0.45 0.42 0.22 0.41 0.38 0.43 0.45 0.45 0.45 0.41 0.20 0.27 0.43 0.19 0.35 0.42 0.40 0.40 0.41 0.42 0.40 0.40 0.37 0.42 0.37 0.51 0.41 0.57 0.46 0.63 0.63 0.60 0.63 0.64 0.59 0.60 0.60 0.60 0.05 0.51 0.51 0.51 0.51 0.51 0.08 0.07 0.00 0.04 0.50 0.62 0.62 0.62 0.62 0.64 0.67 0.64 0.64 0.57 0.62 0.58 0.56 0.56 0.56 0.81 1.00 0.80 0.36 0.35 0.35 0.35
0.91 0.91 0.91 0.91 0.75 0.91 0.91 0.90 0.88 0.91 0.90 0.90 0.91 0.90 0.90 0.89 0.69 0.89 0.86 0.90 0.90 0.90 0.90 0.89 0.71 0.82 0.90 0.67 0.87 0.90 0.90 0.90 0.89 0.90 0.90 0.90 0.88 0.90 0.88 0.87 0.79 0.88 0.81 0.89 0.89 0.89 0.89 0.89 0.88 0.89 0.89 0.89 0.31 0.84 0.84 0.84 0.84 0.84 0.33 0.34 0.07 0.17 0.89 0.92 0.92 0.92 0.92 0.93 0.93 0.93 0.93 0.92 0.92 0.92 0.91 0.91 0.86 0.96 1.00 0.96 0.77 0.80 0.80 0.80
0.99 0.99 0.99 0.99 0.94 0.99 0.99 0.99 0.98 0.99 0.99 0.99 0.99 0.99 0.99 0.98 0.88 0.99 0.98 0.99 0.99 0.99 0.99 0.99 0.93 0.97 0.99 0.89 0.98 0.99 0.99 0.99 0.99 0.99 0.99 0.99 0.98 0.99 0.98 0.97 0.94 0.97 0.95 0.98 0.98 0.98 0.98 0.98 0.98 0.98 0.98 0.98 0.62 0.96 0.96 0.96 0.96 0.96 0.59 0.59 0.25 0.35 0.98 0.99 0.99 0.99 0.99 0.99 0.99 0.99 0.99 0.99 0.99 0.99 0.99 0.99 0.96 0.99 1.00 0.99 0.94 0.96 0.96 0.96
0.80 0.78 0.78 0.78 0.56 0.79 0.78 0.77 0.73 0.78 0.76 0.76 0.78 0.75 0.76 0.74 0.49 0.74 0.69 0.75 0.75 0.75 0.76 0.74 0.49 0.61 0.75 0.45 0.69 0.75 0.74 0.74 0.74 0.75 0.74 0.74 0.71 0.75 0.71 0.74 0.63 0.77 0.67 0.80 0.80 0.78 0.80 0.80 0.78 0.78 0.78 0.78 0.16 0.72 0.72 0.72 0.72 0.72 0.19 0.19 0.03 0.10 0.75 0.82 0.82 0.82 0.82 0.82 0.83 0.82 0.82 0.80 0.82 0.80 0.79 0.79 0.74 0.90 1.00 0.90 0.59 0.61 0.61 0.61
0.59 0.52 0.52 0.51 0.28 0.56 0.52 0.49 0.45 0.52 0.47 0.46 0.52 0.45 0.45 0.43 0.23 0.42 0.38 0.43 0.45 0.45 0.45 0.42 0.20 0.27 0.43 0.19 0.36 0.42 0.41 0.41 0.42 0.42 0.41 0.41 0.38 0.42 0.38 0.49 0.40 0.57 0.46 0.63 0.63 0.60 0.63 0.64 0.59 0.60 0.60 0.60 0.05 0.50 0.50 0.50 0.50 0.50 0.08 0.07 0.00 0.04 0.49 0.62 0.62 0.62 0.62 0.63 0.67 0.63 0.63 0.57 0.62 0.58 0.56 0.56 0.57 0.80 1.00 0.79 0.36 0.35 0.35 0.35
0.60 0.55 0.55 0.53 0.30 0.58 0.55 0.51 0.48 0.55 0.50 0.49 0.55 0.48 0.48 0.46 0.24 0.44 0.41 0.45 0.48 0.48 0.48 0.44 0.21 0.30 0.45 0.20 0.38 0.45 0.44 0.43 0.44 0.45 0.44 0.44 0.40 0.45 0.40 0.51 0.43 0.58 0.48 0.65 0.65 0.62 0.65 0.66 0.61 0.62 0.62 0.62 0.06 0.53 0.53 0.53 0.53 0.53 0.10 0.08 0.01 0.05 0.51 0.63 0.63 0.63 0.63 0.65 0.68 0.65 0.65 0.59 0.63 0.60 0.58 0.58 0.58 0.81 1.00 0.81 0.38 0.37 0.37 0.37
0.98 0.98 0.98 0.98 0.92 0.98 0.98 0.98 0.97 0.98 0.98 0.98 0.98 0.98 0.98 0.98 0.86 0.98 0.96 0.98 0.98 0.98 0.98 0.98 0.91 0.96 0.98 0.86 0.97 0.98 0.98 0.98 0.98 0.98 0.98 0.98 0.97 0.98 0.97 0.96 0.92 0.97 0.94 0.97 0.97 0.97 0.97 0.97 0.97 0.97 0.97 0.97 0.56 0.95 0.95 0.95 0.95 0.95 0.54 0.55 0.20 0.32 0.97 0.98 0.98 0.98 0.98 0.98 0.98 0.98 0.98 0.98 0.98 0.98 0.98 0.98 0.95 0.99 1.00 0.99 0.91 0.95 0.95 0.95
0.91 0.91 0.91 0.90 0.75 0.91 0.91 0.90 0.88 0.91 0.90 0.90 0.91 0.90 0.90 0.89 0.68 0.89 0.86 0.90 0.90 0.90 0.90 0.89 0.72 0.82 0.90 0.67 0.87 0.90 0.90 0.90 0.89 0.90 0.90 0.90 0.88 0.90 0.88 0.86 0.78 0.88 0.81 0.89 0.89 0.88 0.89 0.89 0.88 0.88 0.88 0.88 0.30 0.84 0.84 0.84 0.84 0.84 0.33 0.33 0.07 0.17 0.89 0.92 0.92 0.92 0.92 0.92 0.92 0.92 0.92 0.91 0.92 0.91 0.91 0.91 0.85 0.95 1.00 0.95 0.77 0.80 0.80 0.80
0.96 0.96 0.96 0.96 0.86 0.96 0.96 0.96 0.94 0.96 0.96 0.96 0.96 0.96 0.96 0.95 0.79 0.96 0.93 0.96 0.96 0.96 0.96 0.96 0.84 0.92 0.96 0.79 0.94 0.96 0.96 0.96 0.96 0.96 0.96 0.96 0.95 0.96 0.95 0.93 0.88 0.94 0.89 0.94 0.94 0.94 0.94 0.94 0.94 0.94 0.94 0.94 0.44 0.91 0.91 0.91 0.91 0.91 0.45 0.45 0.13 0.25 0.95 0.96 0.96 0.96 0.96 0.97 0.97 0.97 0.97 0.96 0.96 0.96 0.96 0.96 0.92 0.98 1.00 0.98 0.86 0.90 0.90 0.90
0.58 0.51 0.51 0.50 0.27 0.55 0.51 0.48 0.44 0.51 0.47 0.45 0.51 0.44 0.44 0.42 0.22 0.41 0.37 0.42 0.44 0.44 0.44 0.41 0.19 0.27 0.42 0.18 0.34 0.41 0.40 0.40 0.41 0.41 0.40 0.40 0.37 0.41 0.37 0.49 0.40 0.56 0.45 0.62 0.62 0.60 0.62 0.64 0.58 0.60 0.60 0.60 0.05 0.50 0.50 0.50 0.50 0.50 0.08 0.06 0.01 0.05 0.49 0.61 0.61 0.61 0.61 0.62 0.66 0.62 0.62 0.56 0.61 0.57 0.54 0.55 0.55 0.80 1.00 0.80 0.34 0.33 0.33 0.33
0.57 0.52 0.52 0.50 0.27 0.55 0.52 0.48 0.45 0.52 0.47 0.45 0.52 0.44 0.45 0.42 0.21 0.41 0.38 0.42 0.44 0.44 0.44 0.41 0.19 0.27 0.42 0.17 0.34 0.42 0.40 0.40 0.41 0.42 0.40 0.40 0.37 0.42 0.37 0.49 0.40 0.56 0.45 0.62 0.62 0.60 0.62 0.64 0.58 0.60 0.60 0.60 0.05 0.50 0.50 0.50 0.50 0.50 0.08 0.07 0.00 0.04 0.49 0.61 0.61 0.61 0.61 0.63 0.66 0.63 0.63 0.56 0.61 0.57 0.55 0.55 0.55 0.80 1.00 0.79 0.34 0.33 0.33 0.33
0.86 0.85 0.85 0.85 0.66 0.86 0.85 0.84 0.82 0.85 0.84 0.84 0.85 0.84 0.84 0.83 0.58 0.83 0.78 0.83 0.84 0.84 0.84 0.83 0.60 0.72 0.83 0.56 0.79 0.83 0.83 0.83 0.83 0.83 0.83 0.83 0.81 0.83 0.81 0.81 0.71 0.83 0.74 0.84 0.84 0.84 0.84 0.85 0.83 0.84 0.84 0.84 0.21 0.78 0.78 0.78 0.78 0.78 0.25 0.24 0.04 0.13 0.82 0.88 0.88 0.88 0.88 0.88 0.88 0.88 0.88 0.86 0.88 0.86 0.86 0.86 0.80 0.93 1.00 0.93 0.68 0.71 0.71 0.71
0.86 0.86 0.86 0.85 0.66 0.86 0.86 0.84 0.82 0.85 0.84 0.84 0.85 0.84 0.84 0.83 0.59 0.83 0.78 0.83 0.84 0.84 0.84 0.83 0.61 0.73 0.83 0.56 0.79 0.83 0.83 0.83 0.83 0.83 0.83 0.83 0.81 0.83 0.81 0.81 0.71 0.83 0.74 0.84 0.84 0.83 0.84 0.84 0.83 0.83 0.83 0.83 0.22 0.78 0.78 0.78 0.78 0.78 0.26 0.25 0.04 0.13 0.83 0.88 0.88 0.88 0.88 0.88 0.89 0.88 0.88 0.87 0.88 0.87 0.86 0.86 0.80 0.93 1.00 0.93 0.69 0.72 0.72 0.72
0.84 0.82 0.82 0.82 0.61 0.84 0.82 0.81 0.78 0.82 0.81 0.80 0.82 0.80 0.80 0.79 0.53 0.79 0.74 0.79 0.80 0.80 0.80 0.79 0.55 0.69 0.79 0.52 0.75 0.80 0.79 0.79 0.79 0.80 0.79 0.79 0.77 0.80 0.77 0.78 0.68 0.81 0.72 0.83 0.83 0.82 0.83 0.83 0.81 0.82 0.82 0.82 0.20 0.76 0.76 0.76 0.76 0.76 0.23 0.23 0.03 0.12 0.80 0.85 0.85 0.85 0.85 0.86 0.87 0.86 0.86 0.84 0.85 0.84 0.83 0.83 0.78 0.92 1.00 0.92 0.64 0.67 0.67 0.67
0.78 0.76 0.76 0.75 0.52 0.77 0.76 0.74 0.70 0.75 0.73 0.72 0.75 0.72 0.72 0.70 0.45 0.70 0.65 0.71 0.72 0.72 0.72 0.70 0.44 0.57 0.71 0.42 0.65 0.71 0.70 0.70 0.70 0.71 0.70 0.70 0.67 0.71 0.67 0.70 0.60 0.74 0.64 0.77 0.77 0.75 0.77 0.77 0.74 0.75 0.75 0.75 0.13 0.68 0.68 0.68 0.68 0.68 0.18 0.16 0.02 0.09 0.72 0.80 0.80 0.80 0.80 0.81 0.82 0.81 0.81 0.78 0.80 0.78 0.77 0.77 0.72 0.90 1.00 0.90 0.56 0.58 0.58 0.58
0.98 0.98 0.98 0.98 0.93 0.98 0.98 0.98 0.98 0.98 0.98 0.98 0.98 0.98 0.98 0.98 0.87 0.98 0.97 0.98 0.98 0.98 0.98 0.98 0.92 0.97 0.98 0.88 0.98 0.98 0.98 0.98 0.98 0.98 0.98 0.98 0.98 0.98 0.98 0.97 0.94 0.97 0.95 0.97 0.97 0.97 0.97 0.97 0.97 0.97 0.97 0.97 0.58 0.95 0.95 0.95 0.95 0.95 0.55 0.57 0.23 0.34 0.98 0.99 0.99 0.99 0.99 0.99 0.99 0.99 0.99 0.98 0.99 0.98 0.98 0.98 0.96 0.99 1.00 0.99 0.93 0.95 0.95 0.95
0.82 0.81 0.81 0.80 0.58 0.82 0.81 0.79 0.76 0.80 0.79 0.78 0.80 0.78 0.78 0.77 0.53 0.77 0.72 0.78 0.78 0.78 0.78 0.77 0.53 0.65 0.78 0.49 0.72 0.77 0.77 0.77 0.77 0.77 0.77 0.77 0.74 0.77 0.74 0.75 0.65 0.78 0.69 0.81 0.81 0.79 0.81 0.81 0.79 0.79 0.79 0.79 0.17 0.73 0.73 0.73 0.73 0.73 0.21 0.20 0.03 0.11 0.77 0.84 0.84 0.84 0.84 0.84 0.85 0.84 0.84 0.82 0.84 0.82 0.81 0.81 0.75 0.91 1.00 0.91 0.61 0.63 0.63 0.63
0.93 0.93 0.93 0.93 0.80 0.94 0.93 0.93 0.91 0.93 0.93 0.92 0.93 0.93 0.93 0.92 0.72 0.93 0.89 0.93 0.93 0.93 0.93 0.93 0.77 0.86 0.93 0.72 0.90 0.93 0.93 0.93 0.93 0.93 0.93 0.93 0.91 0.93 0.91 0.90 0.82 0.91 0.84 0.91 0.91 0.91 0.91 0.91 0.90 0.91 0.91 0.91 0.35 0.87 0.87 0.87 0.87 0.87 0.37 0.38 0.08 0.19 0.92 0.94 0.94 0.94 0.94 0.94 0.95 0.94 0.94 0.94 0.94 0.93 0.93 0.93 0.88 0.97 1.00 0.97 0.81 0.84 0.84 0.84
0.76 0.73 0.73 0.72 0.48 0.75 0.73 0.71 0.68 0.73 0.70 0.69 0.73 0.70 0.70 0.67 0.43 0.67 0.63 0.69 0.70 0.70 0.70 0.67 0.42 0.54 0.69 0.40 0.62 0.69 0.67 0.67 0.67 0.69 0.67 0.67 0.64 0.69 0.64 0.69 0.57 0.72 0.62 0.76 0.76 0.74 0.76 0.76 0.73 0.74 0.74 0.74 0.12 0.67 0.67 0.67 0.67 0.67 0.17 0.15 0.02 0.08 0.70 0.78 0.78 0.78 0.78 0.78 0.80 0.78 0.78 0.75 0.78 0.75 0.74 0.74 0.70 0.88 1.00 0.88 0.54 0.55 0.55 0.55
0.79 0.77 0.77 0.76 0.55 0.79 0.77 0.75 0.72 0.77 0.75 0.74 0.77 0.74 0.74 0.72 0.48 0.72 0.67 0.73 0.74 0.74 0.74 0.72 0.47 0.59 0.73 0.44 0.67 0.73 0.72 0.72 0.72 0.73 0.72 0.72 0.69 0.73 0.69 0.73 0.62 0.76 0.66 0.78 0.78 0.77 0.78 0.79 0.76 0.77 0.77 0.77 0.15 0.70 0.70 0.70 0.70 0.70 0.19 0.19 0.02 0.10 0.74 0.81 0.81 0.81 0.81 0.82 0.83 0.82 0.82 0.79 0.81 0.80 0.79 0.78 0.73 0.90 1.00 0.90 0.59 0.60 0.60 0.60
0.84 0.82 0.82 0.82 0.61 0.83 0.82 0.81 0.78 0.82 0.81 0.80 0.82 0.81 0.80 0.79 0.54 0.79 0.74 0.80 0.81 0.81 0.81 0.79 0.55 0.67 0.80 0.52 0.74 0.79 0.79 0.79 0.79 0.79 0.79 0.79 0.76 0.79 0.76 0.77 0.67 0.80 0.71 0.82 0.82 0.81 0.82 0.83 0.80 0.81 0.81 0.81 0.19 0.75 0.75 0.75 0.75 0.75 0.23 0.22 0.03 0.11 0.79 0.85 0.85 0.85 0.85 0.86 0.87 0.86 0.86 0.84 0.85 0.84 0.83 0.83 0.78 0.92 1.00 0.92 0.65 0.67 0.67 0.67
0.69 0.65 0.65 0.64 0.39 0.67 0.65 0.62 0.58 0.65 0.61 0.60 0.65 0.60 0.60 0.57 0.34 0.56 0.52 0.57 0.60 0.60 0.59 0.56 0.32 0.42 0.57 0.30 0.50 0.57 0.56 0.56 0.56 0.57 0.56 0.56 0.53 0.57 0.53 0.60 0.49 0.65 0.54 0.69 0.69 0.68 0.69 0.70 0.66 0.68 0.68 0.68 0.09 0.60 0.60 0.60 0.60 0.60 0.12 0.11 0.01 0.06 0.62 0.72 0.72 0.72 0.72 0.73 0.75 0.73 0.73 0.68 0.72 0.68 0.67 0.67 0.65 0.85 1.00 0.85 0.45 0.46 0.46 0.46
0.82 0.80 0.80 0.80 0.58 0.81 0.80 0.79 0.76 0.80 0.78 0.78 0.80 0.78 0.78 0.76 0.51 0.76 0.71 0.77 0.78 0.78 0.78 0.76 0.52 0.64 0.77 0.49 0.71 0.77 0.76 0.76 0.76 0.77 0.76 0.76 0.74 0.77 0.74 0.75 0.65 0.78 0.69 0.81 0.81 0.80 0.81 0.81 0.79 0.80 0.80 0.80 0.17 0.73 0.73 0.73 0.73 0.73 0.22 0.21 0.03 0.11 0.77 0.84 0.84 0.84 0.84 0.84 0.85 0.84 0.84 0.81 0.84 0.82 0.81 0.81 0.76 0.91 1.00 0.91 0.61 0.64 0.64 0.64
0.58 0.51 0.51 0.50 0.27 0.55 0.51 0.48 0.44 0.51 0.46 0.45 0.51 0.44 0.44 0.42 0.21 0.40 0.37 0.42 0.44 0.44 0.44 0.40 0.18 0.26 0.42 0.18 0.34 0.41 0.40 0.39 0.40 0.41 0.40 0.40 0.37 0.41 0.37 0.49 0.40 0.57 0.45 0.63 0.63 0.60 0.63 0.64 0.59 0.60 0.60 0.60 0.05 0.51 0.51 0.51 0.51 0.51 0.08 0.07 0.01 0.05 0.49 0.62 0.62 0.62 0.62 0.63 0.66 0.63 0.63 0.56 0.62 0.57 0.55 0.56 0.56 0.80 1.00 0.79 0.34 0.34 0.34 0.34
0.96 0.96 0.96 0.95 0.85 0.96 0.96 0.95 0.94 0.96 0.95 0.95 0.96 0.95 0.95 0.95 0.78 0.95 0.92 0.95 0.95 0.95 0.95 0.95 0.83 0.91 0.95 0.78 0.94 0.95 0.95 0.95 0.95 0.95 0.95 0.95 0.95 0.95 0.95 0.93 0.86 0.93 0.88 0.94 0.94 0.93 0.94 0.94 0.93 0.93 0.93 0.93 0.42 0.91 0.91 0.91 0.91 0.91 0.43 0.44 0.12 0.24 0.95 0.96 0.96 0.96 0.96 0.96 0.96 0.96 0.96 0.96 0.96 0.96 0.96 0.96 0.91 0.97 1.00 0.98 0.85 0.89 0.89 0.89
0.76 0.74 0.74 0.73 0.50 0.76 0.74 0.72 0.69 0.74 0.72 0.71 0.74 0.71 0.71 0.69 0.44 0.69 0.64 0.70 0.71 0.71 0.71 0.69 0.43 0.55 0.70 0.40 0.64 0.69 0.68 0.68 0.69 0.69 0.68 0.68 0.66 0.69 0.66 0.70 0.60 0.74 0.64 0.77 0.77 0.76 0.77 0.78 0.75 0.76 0.76 0.76 0.13 0.69 0.69 0.69 0.69 0.69 0.17 0.16 0.02 0.09 0.71 0.79 0.79 0.79 0.79 0.79 0.81 0.79 0.79 0.76 0.79 0.76 0.75 0.76 0.72 0.89 1.00 0.89 0.56 0.57 0.57 0.57
0.55 0.48 0.48 0.46 0.24 0.52 0.48 0.44 0.41 0.48 0.43 0.41 0.48 0.40 0.40 0.38 0.19 0.37 0.34 0.38 0.40 0.40 0.40 0.37 0.16 0.23 0.38 0.15 0.30 0.38 0.36 0.36 0.37 0.38 0.36 0.36 0.33 0.38 0.33 0.46 0.37 0.54 0.42 0.60 0.60 0.57 0.60 0.62 0.55 0.57 0.57 0.57 0.04 0.47 0.47 0.47 0.47 0.47 0.07 0.06 0.00 0.04 0.46 0.59 0.59 0.59 0.59 0.61 0.65 0.61 0.61 0.53 0.59 0.54 0.52 0.52 0.53 0.79 1.00 0.78 0.32 0.30 0.30 0.30
0.97 0.98 0.98 0.98 0.91 0.98 0.98 0.97 0.97 0.98 0.97 0.97 0.98 0.98 0.98 0.97 0.85 0.97 0.96 0.97 0.98 0.98 0.98 0.97 0.90 0.95 0.97 0.85 0.97 0.97 0.97 0.97 0.97 0.97 0.97 0.97 0.97 0.97 0.97 0.95 0.92 0.96 0.93 0.96 0.96 0.96 0.96 0.96 0.96 0.96 0.96 0.96 0.53 0.94 0.94 0.94 0.94 0.94 0.53 0.52 0.19 0.30 0.97 0.98 0.98 0.98 0.98 0.98 0.98 0.98 0.98 0.98 0.98 0.98 0.97 0.97 0.94 0.98 1.00 0.98 0.91 0.93 0.93 0.93
0.68 0.64 0.64 0.62 0.38 0.66 0.64 0.61 0.58 0.63 0.60 0.59 0.63 0.58 0.58 0.55 0.32 0.55 0.51 0.56 0.58 0.58 0.58 0.55 0.30 0.41 0.56 0.28 0.49 0.56 0.55 0.55 0.55 0.56 0.55 0.55 0.51 0.56 0.51 0.60 0.50 0.65 0.55 0.70 0.70 0.68 0.70 0.71 0.67 0.68 0.68 0.68 0.08 0.59 0.59 0.59 0.59 0.59 0.12 0.11 0.01 0.06 0.60 0.71 0.71 0.71 0.71 0.72 0.74 0.72 0.72 0.67 0.71 0.68 0.66 0.66 0.64 0.85 1.00 0.84 0.45 0.46 0.46 0.46
0.75 0.72 0.72 0.71 0.48 0.74 0.72 0.70 0.67 0.72 0.69 0.69 0.72 0.68 0.68 0.67 0.42 0.66 0.61 0.67 0.68 0.68 0.69 0.66 0.41 0.52 0.67 0.38 0.61 0.67 0.66 0.66 0.66 0.67 0.66 0.66 0.63 0.67 0.63 0.68 0.56 0.71 0.61 0.74 0.74 0.73 0.74 0.75 0.72 0.73 0.73 0.73 0.12 0.65 0.65 0.65 0.65 0.65 0.16 0.14 0.02 0.08 0.69 0.77 0.77 0.77 0.77 0.78 0.80 0.78 0.78 0.75 0.77 0.75 0.74 0.74 0.70 0.88 1.00 0.87 0.53 0.55 0.55 0.55
0.88 0.87 0.87 0.86 0.68 0.87 0.87 0.86 0.83 0.86 0.85 0.85 0.86 0.85 0.85 0.84 0.61 0.84 0.79 0.85 0.85 0.85 0.85 0.84 0.62 0.74 0.85 0.58 0.81 0.85 0.84 0.84 0.84 0.85 0.84 0.84 0.82 0.85 0.82 0.81 0.71 0.83 0.75 0.85 0.85 0.84 0.85 0.85 0.84 0.84 0.84 0.84 0.23 0.79 0.79 0.79 0.79 0.79 0.27 0.26 0.05 0.14 0.84 0.89 0.89 0.89 0.89 0.89 0.90 0.89 0.89 0.87 0.89 0.87 0.87 0.87 0.81 0.93 1.00 0.93 0.69 0.73 0.73 0.73
0.61 0.56 0.56 0.56 0.31 0.60 0.56 0.54 0.50 0.56 0.52 0.51 0.56 0.51 0.50 0.48 0.26 0.47 0.43 0.48 0.51 0.51 0.50 0.47 0.23 0.31 0.48 0.22 0.40 0.48 0.46 0.46 0.47 0.48 0.46 0.46 0.43 0.48 0.43 0.54 0.44 0.60 0.49 0.66 0.66 0.63 0.66 0.67 0.61 0.63 0.63 0.63 0.06 0.54 0.54 0.54 0.54 0.54 0.09 0.08 0.01 0.05 0.53 0.64 0.64 0.64 0.64 0.66 0.69 0.66 0.66 0.60 0.64 0.61 0.59 0.59 0.58 0.82 1.00 0.81 0.38 0.38 0.38 0.38
0.98 0.98 0.98 0.98 0.92 0.98 0.98 0.98 0.98 0.98 0.98 0.98 0.98 0.98 0.98 0.98 0.86 0.98 0.97 0.98 0.98 0.98 0.98 0.98 0.91 0.96 0.98 0.87 0.98 0.98 0.98 0.98 0.98 0.98 0.98 0.98 0.98 0.98 0.98 0.96 0.93 0.97 0.94 0.97 0.97 0.97 0.97 0.97 0.97 0.97 0.97 0.97 0.56 0.95 0.95 0.95 0.95 0.95 0.55 0.57 0.21 0.33 0.98 0.98 0.98 0.98 0.98 0.98 0.98 0.98 0.98 0.98 0.98 0.98 0.98 0.98 0.96 0.99 1.00 0.99 0.92 0.95 0.95 0.95
0.93 0.93 0.93 0.93 0.80 0.93 0.93 0.93 0.91 0.93 0.93 0.93 0.93 0.93 0.93 0.92 0.73 0.93 0.89 0.93 0.93 0.93 0.93 0.93 0.78 0.86 0.93 0.73 0.90 0.93 0.92 0.92 0.93 0.93 0.92 0.92 0.91 0.93 0.91 0.89 0.82 0.90 0.85 0.91 0.91 0.91 0.91 0.91 0.90 0.91 0.91 0.91 0.35 0.87 0.87 0.87 0.87 0.87 0.37 0.36 0.09 0.19 0.92 0.94 0.94 0.94 0.94 0.94 0.94 0.94 0.94 0.93 0.94 0.93 0.93 0.93 0.88 0.97 1.00 0.97 0.81 0.84 0.84 0.84
0.90 0.90 0.90 0.90 0.74 0.90 0.90 0.89 0.87 0.90 0.89 0.89 0.90 0.89 0.89 0.88 0.66 0.88 0.85 0.89 0.89 0.89 0.89 0.88 0.69 0.81 0.89 0.65 0.86 0.89 0.89 0.89 0.88 0.89 0.89 0.89 0.87 0.89 0.87 0.85 0.77 0.87 0.80 0.88 0.88 0.87 0.88 0.88 0.87 0.87 0.87 0.87 0.29 0.83 0.83 0.83 0.83 0.83 0.31 0.32 0.06 0.16 0.88 0.91 0.91 0.91 0.91 0.91 0.92 0.91 0.91 0.90 0.91 0.90 0.90 0.90 0.85 0.95 1.00 0.95 0.76 0.78 0.78 0.78
0.94 0.94 0.94 0.94 0.81 0.94 0.94 0.93 0.92 0.94 0.93 0.93 0.94 0.94 0.94 0.93 0.74 0.93 0.90 0.93 0.94 0.94 0.94 0.93 0.78 0.87 0.93 0.73 0.91 0.93 0.93 0.93 0.93 0.93 0.93 0.93 0.92 0.93 0.92 0.90 0.84 0.91 0.86 0.92 0.92 0.91 0.92 0.92 0.91 0.91 0.91 0.91 0.37 0.88 0.88 0.88 0.88 0.88 0.39 0.39 0.09 0.21 0.92 0.95 0.95 0.95 0.95 0.95 0.95 0.95 0.95 0.94 0.95 0.94 0.94 0.94 0.89 0.97 1.00 0.97 0.82 0.86 0.86 0.86
0.98 0.98 0.98 0.98 0.93 0.98 0.98 0.98 0.98 0.98 0.98 0.98 0.98 0.98 0.98 0.98 0.87 0.98 0.97 0.98 0.98 0.98 0.98 0.98 0.92 0.96 0.98 0.89 0.97 0.98 0.98 0.98 0.98 0.98 0.98 0.98 0.98 0.98 0.98 0.96 0.94 0.97 0.95 0.97 0.97 0.97 0.97 0.97 0.97 0.97 0.97 0.97 0.59 0.96 0.96 0.96 0.96 0.96 0.56 0.58 0.23 0.34 0.98 0.98 0.98 0.98 0.98 0.98 0.98 0.98 0.98 0.98 0.98 0.98 0.98 0.98 0.96 0.99 1.00 0.99 0.93 0.95 0.95 0.95
0.89 0.89 0.89 0.88 0.72 0.89 0.89 0.88 0.86 0.88 0.88 0.88 0.88 0.88 0.88 0.87 0.65 0.87 0.83 0.87 0.88 0.88 0.88 0.87 0.67 0.78 0.87 0.62 0.84 0.87 0.87 0.87 0.87 0.87 0.87 0.87 0.85 0.87 0.85 0.84 0.76 0.86 0.79 0.87 0.87 0.86 0.87 0.87 0.86 0.86 0.86 0.86 0.27 0.81 0.81 0.81 0.81 0.81 0.30 0.30 0.05 0.16 0.87 0.91 0.91 0.91 0.91 0.91 0.91 0.91 0.91 0.89 0.91 0.89 0.89 0.89 0.83 0.95 1.00 0.95 0.73 0.76 0.76 0.76
0.98 0.98 0.98 0.98 0.92 0.98 0.98 0.98 0.97 0.98 0.98 0.98 0.98 0.98 0.98 0.98 0.86 0.98 0.97 0.98 0.98 0.98 0.98 0.98 0.92 0.96 0.98 0.88 0.97 0.98 0.98 0.98 0.98 0.98 0.98 0.98 0.98 0.98 0.98 0.96 0.93 0.97 0.94 0.97 0.97 0.97 0.97 0.97 0.97 0.97 0.97 0.97 0.57 0.95 0.95 0.95 0.95 0.95 0.54 0.56 0.21 0.32 0.98 0.98 0.98 0.98 0.98 0.98 0.98 0.98 0.98 0.98 0.98 0.98 0.98 0.98 0.96 0.99 1.00 0.99 0.92 0.95 0.95 0.95
0.99 0.99 0.99 0.99 0.94 0.99 0.99 0.99 0.98 0.99 0.99 0.99 0.99 0.99 0.99 0.99 0.90 0.99 0.98 0.99 0.99 0.99 0.99 0.99 0.94 0.98 0.99 0.90 0.98 0.99 0.99 0.99 0.99 0.99 0.99 0.99 0.99 0.99 0.99 0.97 0.95 0.98 0.96 0.98 0.98 0.98 0.98 0.98 0.98 0.98 0.98 0.98 0.63 0.97 0.97 0.97 0.97 0.97 0.59 0.61 0.26 0.36 0.98 0.99 0.99 0.99 0.99 0.99 0.99 0.99 0.99 0.99 0.99 0.99 0.99 0.99 0.97 0.99 1.00 0.99 0.95 0.97 0.97 0.97
0.58 0.52 0.52 0.51 0.28 0.55 0.52 0.49 0.45 0.52 0.47 0.46 0.52 0.44 0.45 0.43 0.22 0.42 0.39 0.43 0.44 0.44 0.45 0.42 0.19 0.28 0.43 0.18 0.35 0.43 0.41 0.41 0.42 0.43 0.41 0.41 0.38 0.43 0.38 0.50 0.40 0.57 0.46 0.63 0.63 0.60 0.63 0.65 0.59 0.60 0.60 0.60 0.05 0.51 0.51 0.51 0.51 0.51 0.08 0.07 0.01 0.04 0.49 0.61 0.61 0.61 0.61 0.63 0.67 0.63 0.63 0.57 0.61 0.58 0.56 0.56 0.56 0.81 1.00 0.80 0.34 0.34 0.34 0.34
0.85 0.84 0.84 0.83 0.64 0.85 0.84 0.83 0.80 0.84 0.82 0.82 0.84 0.83 0.82 0.81 0.57 0.81 0.77 0.82 0.83 0.83 0.82 0.81 0.59 0.71 0.82 0.55 0.77 0.82 0.81 0.81 0.81 0.82 0.81 0.81 0.78 0.82 0.78 0.79 0.69 0.82 0.73 0.84 0.84 0.83 0.84 0.84 0.82 0.83 0.83 0.83 0.20 0.76 0.76 0.76 0.76 0.76 0.25 0.24 0.04 0.13 0.82 0.87 0.87 0.87 0.87 0.87 0.88 0.87 0.87 0.85 0.87 0.85 0.85 0.84 0.79 0.93 1.00 0.93 0.66 0.69 0.69 0.69
0.77 0.75 0.75 0.74 0.50 0.76 0.75 0.72 0.69 0.74 0.72 0.71 0.74 0.71 0.71 0.69 0.44 0.69 0.64 0.70 0.71 0.71 0.71 0.69 0.43 0.55 0.70 0.40 0.63 0.70 0.68 0.68 0.69 0.70 0.68 0.68 0.65 0.70 0.65 0.69 0.59 0.73 0.63 0.76 0.76 0.75 0.76 0.77 0.74 0.75 0.75 0.75 0.13 0.67 0.67 0.67 0.67 0.67 0.17 0.16 0.02 0.09 0.72 0.79 0.79 0.79 0.79 0.80 0.81 0.80 0.80 0.77 0.79 0.77 0.76 0.76 0.71 0.89 1.00 0.89 0.54 0.55 0.55 0.55
0.81 0.79 0.79 0.78 0.57 0.80 0.79 0.77 0.74 0.79 0.77 0.76 0.79 0.76 0.76 0.75 0.51 0.75 0.69 0.75 0.76 0.76 0.76 0.75 0.50 0.62 0.75 0.47 0.70 0.75 0.75 0.74 0.75 0.75 0.75 0.75 0.72 0.75 0.72 0.73 0.64 0.77 0.68 0.80 0.80 0.78 0.80 0.80 0.77 0.78 0.78 0.78 0.16 0.71 0.71 0.71 0.71 0.71 0.21 0.20 0.03 0.10 0.76 0.83 0.83 0.83 0.83 0.83 0.85 0.83 0.83 0.81 0.83 0.80 0.80 0.80 0.75 0.91 1.00 0.90 0.60 0.62 0.62 0.62
0.90 0.89 0.89 0.89 0.72 0.90 0.89 0.88 0.86 0.89 0.88 0.88 0.89 0.89 0.88 0.87 0.64 0.88 0.83 0.88 0.89 0.89 0.89 0.88 0.68 0.80 0.88 0.63 0.85 0.88 0.88 0.88 0.88 0.88 0.88 0.88 0.86 0.88 0.86 0.84 0.76 0.86 0.79 0.87 0.87 0.87 0.87 0.88 0.86 0.87 0.87 0.87 0.27 0.82 0.82 0.82 0.82 0.82 0.30 0.29 0.06 0.16 0.87 0.91 0.91 0.91 0.91 0.91 0.92 0.91 0.91 0.89 0.91 0.90 0.89 0.89 0.83 0.95 1.00 0.95 0.73 0.77 0.77 0.77
0.56 0.50 0.50 0.48 0.26 0.53 0.50 0.46 0.43 0.49 0.45 0.43 0.49 0.42 0.42 0.40 0.20 0.38 0.35 0.39 0.42 0.42 0.42 0.38 0.17 0.24 0.39 0.16 0.31 0.39 0.37 0.37 0.38 0.39 0.37 0.37 0.34 0.39 0.34 0.48 0.39 0.55 0.44 0.61 0.61 0.59 0.61 0.63 0.57 0.59 0.59 0.59 0.04 0.49 0.49 0.49 0.49 0.49 0.08 0.06 0.00 0.04 0.47 0.59 0.59 0.59 0.59 0.61 0.65 0.61 0.61 0.54 0.59 0.55 0.53 0.53 0.54 0.79 1.00 0.79 0.32 0.31 0.31 0.31
0.95 0.95 0.95 0.95 0.85 0.96 0.95 0.95 0.94 0.95 0.95 0.95 0.95 0.95 0.95 0.95 0.79 0.95 0.93 0.95 0.95 0.95 0.95 0.95 0.83 0.91 0.95 0.78 0.94 0.95 0.95 0.95 0.95 0.95 0.95 0.95 0.94 0.95 0.94 0.92 0.87 0.93 0.89 0.94 0.94 0.93 0.94 0.94 0.93 0.93 0.93 0.93 0.44 0.91 0.91 0.91 0.91 0.91 0.44 0.46 0.13 0.24 0.94 0.96 0.96 0.96 0.96 0.96 0.96 0.96 0.96 0.96 0.96 0.95 0.95 0.95 0.91 0.98 1.00 0.98 0.86 0.89 0.89 0.89
0.79 0.77 0.77 0.76 0.53 0.78 0.77 0.75 0.72 0.76 0.75 0.74 0.76 0.74 0.74 0.72 0.47 0.72 0.67 0.73 0.74 0.74 0.74 0.72 0.46 0.59 0.73 0.43 0.67 0.72 0.71 0.71 0.72 0.72 0.71 0.71 0.69 0.72 0.69 0.71 0.61 0.75 0.65 0.78 0.78 0.76 0.78 0.78 0.75 0.76 0.76 0.76 0.14 0.69 0.69 0.69 0.69 0.69 0.19 0.18 0.02 0.09 0.74 0.81 0.81 0.81 0.81 0.82 0.83 0.82 0.82 0.79 0.81 0.79 0.78 0.78 0.74 0.90 1.00 0.90 0.58 0.61 0.61 0.61
0.68 0.64 0.64 0.63 0.40 0.67 0.64 0.62 0.58 0.64 0.60 0.59 0.64 0.59 0.59 0.57 0.33 0.56 0.51 0.58 0.59 0.59 0.59 0.56 0.31 0.41 0.58 0.29 0.50 0.58 0.56 0.56 0.56 0.58 0.56 0.56 0.52 0.58 0.52 0.61 0.50 0.66 0.55 0.71 0.71 0.69 0.71 0.72 0.68 0.69 0.69 0.69 0.08 0.60 0.60 0.60 0.60 0.60 0.13 0.11 0.01 0.06 0.61 0.71 0.71 0.71 0.71 0.73 0.75 0.73 0.73 0.68 0.71 0.69 0.67 0.67 0.64 0.86 1.00 0.85 0.44 0.45 0.45 0.45
0.58 0.52 0.52 0.51 0.27 0.55 0.52 0.49 0.46 0.52 0.47 0.45 0.52 0.45 0.45 0.43 0.22 0.42 0.38 0.43 0.45 0.45 0.45 0.42 0.19 0.27 0.43 0.18 0.35 0.42 0.41 0.41 0.42 0.42 0.41 0.41 0.38 0.42 0.38 0.49 0.40 0.56 0.46 0.62 0.62 0.59 0.62 0.63 0.57 0.59 0.59 0.59 0.05 0.50 0.50 0.50 0.50 0.50 0.07 0.07 0.00 0.04 0.49 0.61 0.61 0.61 0.61 0.63 0.66 0.63 0.63 0.57 0.61 0.58 0.56 0.56 0.56 0.81 1.00 0.80 0.35 0.35 0.35 0.35
0.77 0.75 0.75 0.74 0.51 0.76 0.75 0.73 0.69 0.74 0.72 0.72 0.74 0.72 0.72 0.70 0.44 0.69 0.64 0.70 0.72 0.72 0.72 0.69 0.44 0.56 0.70 0.40 0.64 0.70 0.69 0.69 0.69 0.70 0.69 0.69 0.66 0.70 0.66 0.70 0.59 0.73 0.63 0.76 0.76 0.74 0.76 0.76 0.73 0.74 0.74 0.74 0.13 0.67 0.67 0.67 0.67 0.67 0.17 0.15 0.02 0.08 0.71 0.79 0.79 0.79 0.79 0.80 0.81 0.80 0.80 0.76 0.79 0.77 0.76 0.76 0.71 0.89 1.00 0.88 0.55 0.57 0.57 0.57
0.98 0.98 0.98 0.98 0.92 0.98 0.98 0.98 0.98 0.98 0.98 0.98 0.98 0.98 0.98 0.98 0.87 0.98 0.97 0.98 0.98 0.98 0.98 0.98 0.92 0.97 0.98 0.88 0.98 0.98 0.98 0.98 0.98 0.98 0.98 0.98 0.98 0.98 0.98 0.97 0.94 0.97 0.95 0.97 0.97 0.97 0.97 0.97 0.97 0.97 0.97 0.97 0.58 0.95 0.95 0.95 0.95 0.95 0.56 0.56 0.22 0.33 0.98 0.98 0.98 0.98 0.98 0.98 0.98 0.98 0.98 0.98 0.98 0.98 0.98 0.98 0.96 0.99 1.00 0.99 0.92 0.95 0.95 0.95
0.68 0.64 0.64 0.63 0.39 0.66 0.64 0.61 0.58 0.64 0.61 0.60 0.64 0.59 0.59 0.57 0.33 0.56 0.52 0.57 0.59 0.59 0.59 0.56 0.31 0.41 0.57 0.29 0.49 0.57 0.55 0.55 0.56 0.57 0.55 0.55 0.52 0.57 0.52 0.60 0.50 0.66 0.55 0.70 0.70 0.68 0.70 0.71 0.67 0.68 0.68 0.68 0.08 0.59 0.59 0.59 0.59 0.59 0.12 0.11 0.01 0.06 0.61 0.71 0.71 0.71 0.71 0.72 0.74 0.72 0.72 0.67 0.71 0.68 0.67 0.67 0.64 0.85 1.00 0.84 0.46 0.46 0.46 0.46
0.82 0.80 0.80 0.80 0.59 0.81 0.80 0.79 0.76 0.80 0.78 0.78 0.80 0.78 0.78 0.76 0.51 0.76 0.72 0.77 0.78 0.78 0.78 0.76 0.52 0.64 0.77 0.48 0.72 0.77 0.76 0.76 0.76 0.77 0.76 0.76 0.74 0.77 0.74 0.75 0.65 0.78 0.70 0.81 0.81 0.79 0.81 0.81 0.79 0.79 0.79 0.79 0.18 0.73 0.73 0.73 0.73 0.73 0.21 0.21 0.03 0.11 0.78 0.84 0.84 0.84 0.84 0.84 0.85 0.84 0.84 0.82 0.84 0.82 0.81 0.81 0.76 0.92 1.00 0.91 0.61 0.64 0.64 0.64
0.93 0.93 0.93 0.93 0.79 0.93 0.93 0.92 0.91 0.93 0.92 0.92 0.93 0.92 0.92 0.91 0.72 0.92 0.88 0.92 0.92 0.92 0.92 0.92 0.75 0.86 0.92 0.70 0.90 0.92 0.92 0.92 0.92 0.92 0.92 0.92 0.90 0.92 0.90 0.89 0.81 0.90 0.84 0.91 0.91 0.90 0.91 0.91 0.90 0.90 0.90 0.90 0.34 0.86 0.86 0.86 0.86 0.86 0.36 0.35 0.08 0.18 0.91 0.94 0.94 0.94 0.94 0.94 0.94 0.94 0.94 0.93 0.94 0.93 0.93 0.93 0.87 0.96 1.00 0.96 0.79 0.83 0.83 0.83
0.55 0.49 0.49 0.47 0.25 0.52 0.49 0.45 0.42 0.48 0.43 0.43 0.48 0.41 0.41 0.39 0.20 0.37 0.34 0.38 0.41 0.41 0.40 0.37 0.16 0.23 0.38 0.15 0.31 0.38 0.36 0.36 0.37 0.38 0.36 0.36 0.33 0.38 0.33 0.46 0.38 0.54 0.43 0.60 0.60 0.57 0.60 0.62 0.56 0.57 0.57 0.57 0.04 0.48 0.48 0.48 0.48 0.48 0.07 0.06 0.01 0.03 0.46 0.58 0.58 0.58 0.58 0.60 0.64 0.60 0.60 0.54 0.58 0.55 0.53 0.53 0.54 0.79 1.00 0.78 0.32 0.31 0.31 0.31
0.88 0.87 0.87 0.86 0.69 0.87 0.87 0.86 0.83 0.87 0.86 0.86 0.87 0.86 0.86 0.85 0.61 0.85 0.80 0.85 0.86 0.86 0.86 0.85 0.65 0.76 0.85 0.60 0.82 0.85 0.85 0.85 0.85 0.85 0.85 0.85 0.83 0.85 0.83 0.82 0.74 0.84 0.77 0.85 0.85 0.85 0.85 0.86 0.84 0.85 0.85 0.85 0.24 0.79 0.79 0.79 0.79 0.79 0.27 0.27 0.05 0.14 0.84 0.89 0.89 0.89 0.89 0.89 0.90 0.89 0.89 0.87 0.89 0.87 0.87 0.87 0.81 0.94 1.00 0.94 0.70 0.74 0.74 0.74
0.82 0.80 0.80 0.80 0.58 0.81 0.80 0.79 0.76 0.80 0.78 0.78 0.80 0.78 0.78 0.76 0.51 0.76 0.71 0.77 0.78 0.78 0.78 0.76 0.52 0.64 0.77 0.48 0.71 0.77 0.76 0.76 0.76 0.77 0.76 0.76 0.73 0.77 0.73 0.76 0.64 0.78 0.68 0.80 0.80 0.79 0.80 0.80 0.78 0.79 0.79 0.79 0.17 0.72 0.72 0.72 0.72 0.72 0.21 0.20 0.03 0.10 0.77 0.84 0.84 0.84 0.84 0.84 0.85 0.84 0.84 0.82 0.84 0.82 0.81 0.82 0.75 0.91 1.00 0.91 0.62 0.64 0.64 0.64
0.80 0.78 0.78 0.77 0.55 0.79 0.78 0.76 0.73 0.77 0.75 0.75 0.77 0.74 0.75 0.73 0.48 0.72 0.68 0.74 0.74 0.74 0.74 0.72 0.48 0.60 0.74 0.44 0.69 0.74 0.73 0.73 0.72 0.74 0.73 0.73 0.70 0.74 0.70 0.73 0.62 0.76 0.66 0.78 0.78 0.77 0.78 0.79 0.76 0.77 0.77 0.77 0.15 0.70 0.70 0.70 0.70 0.70 0.20 0.18 0.02 0.09 0.74 0.82 0.82 0.82 0.82 0.82 0.83 0.82 0.82 0.79 0.82 0.79 0.78 0.78 0.73 0.90 1.00 0.90 0.59 0.60 0.60 0.60
0.89 0.89 0.89 0.89 0.72 0.90 0.89 0.88 0.86 0.89 0.88 0.88 0.89 0.88 0.88 0.87 0.65 0.87 0.83 0.88 0.88 0.88 0.88 0.87 0.66 0.79 0.88 0.62 0.84 0.88 0.87 0.87 0.87 0.88 0.87 0.87 0.85 0.88 0.85 0.85 0.76 0.86 0.78 0.87 0.87 0.86 0.87 0.87 0.86 0.86 0.86 0.86 0.26 0.81 0.81 0.81 0.81 0.81 0.29 0.30 0.05 0.16 0.87 0.91 0.91 0.91 0.91 0.91 0.92 0.91 0.91 0.90 0.91 0.90 0.89 0.89 0.83 0.95 1.00 0.95 0.73 0.76 0.76 0.76
0.67 0.63 0.63 0.62 0.38 0.65 0.63 0.60 0.56 0.62 0.58 0.57 0.62 0.56 0.57 0.55 0.31 0.53 0.50 0.55 0.56 0.56 0.57 0.53 0.28 0.39 0.55 0.27 0.47 0.54 0.53 0.53 0.53 0.54 0.53 0.53 0.50 0.54 0.50 0.58 0.48 0.63 0.53 0.68 0.68 0.66 0.68 0.69 0.65 0.66 0.66 0.66 0.08 0.57 0.57 0.57 0.57 0.57 0.12 0.10 0.01 0.06 0.60 0.70 0.70 0.70 0.70 0.71 0.74 0.71 0.71 0.66 0.70 0.67 0.65 0.65 0.63 0.85 1.00 0.85 0.44 0.44 0.44 0.44
0.58 0.52 0.52 0.50 0.28 0.56 0.52 0.48 0.44 0.52 0.47 0.45 0.52 0.44 0.44 0.42 0.22 0.41 0.38 0.42 0.44 0.44 0.44 0.41 0.19 0.27 0.42 0.18 0.35 0.42 0.40 0.40 0.41 0.42 0.40 0.40 0.37 0.42 0.37 0.49 0.40 0.57 0.46 0.62 0.62 0.60 0.62 0.64 0.58 0.60 0.60 0.60 0.05 0.50 0.50 0.50 0.50 0.50 0.08 0.07 0.01 0.04 0.49 0.61 0.61 0.61 0.61 0.63 0.67 0.63 0.63 0.56 0.61 0.57 0.55 0.55 0.55 0.81 1.00 0.80 0.34 0.33 0.33 0.33
0.92 0.91 0.91 0.91 0.77 0.92 0.91 0.91 0.89 0.91 0.91 0.91 0.91 0.91 0.91 0.90 0.70 0.90 0.87 0.91 0.91 0.91 0.91 0.90 0.73 0.83 0.91 0.68 0.88 0.91 0.90 0.90 0.90 0.91 0.90 0.90 0.89 0.91 0.89 0.87 0.80 0.89 0.82 0.89 0.89 0.89 0.89 0.90 0.88 0.89 0.89 0.89 0.32 0.85 0.85 0.85 0.85 0.85 0.34 0.34 0.07 0.17 0.90 0.93 0.93 0.93 0.93 0.93 0.93 0.93 0.93 0.92 0.93 0.92 0.92 0.92 0.86 0.96 1.00 0.96 0.78 0.81 0.81 0.81
0.85 0.84 0.84 0.83 0.64 0.85 0.84 0.83 0.80 0.84 0.82 0.82 0.84 0.82 0.82 0.81 0.56 0.81 0.77 0.82 0.82 0.82 0.82 0.81 0.58 0.70 0.82 0.54 0.77 0.82 0.81 0.81 0.81 0.82 0.81 0.81 0.78 0.82 0.78 0.79 0.68 0.81 0.72 0.84 0.84 0.83 0.84 0.84 0.82 0.83 0.83 0.83 0.20 0.77 0.77 0.77 0.77 0.77 0.24 0.24 0.04 0.12 0.82 0.87 0.87 0.87 0.87 0.87 0.88 0.87 0.87 0.85 0.87 0.85 0.85 0.85 0.79 0.93 1.00 0.92 0.66 0.69 0.69 0.69
0.72 0.69 0.69 0.68 0.44 0.71 0.69 0.66 0.63 0.69 0.66 0.65 0.69 0.64 0.65 0.63 0.39 0.62 0.57 0.63 0.64 0.64 0.64 0.62 0.36 0.48 0.63 0.34 0.57 0.63 0.62 0.62 0.62 0.63 0.62 0.62 0.59 0.63 0.59 0.64 0.53 0.68 0.58 0.72 0.72 0.70 0.72 0.73 0.70 0.70 0.70 0.70 0.11 0.63 0.63 0.63 0.63 0.63 0.14 0.13 0.01 0.08 0.65 0.75 0.75 0.75 0.75 0.76 0.78 0.76 0.76 0.72 0.75 0.72 0.71 0.71 0.68 0.87 1.00 0.86 0.51 0.51 0.51 0.51
0.70 0.65 0.65 0.64 0.41 0.68 0.65 0.63 0.59 0.65 0.62 0.61 0.65 0.60 0.61 0.59 0.34 0.58 0.53 0.59 0.60 0.60 0.61 0.58 0.32 0.42 0.59 0.30 0.52 0.59 0.57 0.57 0.58 0.59 0.57 0.57 0.54 0.59 0.54 0.61 0.50 0.67 0.56 0.71 0.71 0.69 0.71 0.72 0.68 0.69 0.69 0.69 0.08 0.60 0.60 0.60 0.60 0.60 0.13 0.11 0.01 0.07 0.62 0.72 0.72 0.72 0.72 0.73 0.76 0.73 0.73 0.69 0.72 0.69 0.68 0.68 0.65 0.86 1.00 0.85 0.46 0.47 0.47 0.47
0.58 0.52 0.52 0.51 0.28 0.55 0.52 0.49 0.46 0.52 0.48 0.46 0.52 0.44 0.44 0.43 0.22 0.42 0.38 0.42 0.44 0.44 0.44 0.42 0.19 0.27 0.42 0.18 0.35 0.42 0.40 0.40 0.42 0.42 0.40 0.40 0.37 0.42 0.37 0.50 0.40 0.57 0.46 0.63 0.63 0.60 0.63 0.65 0.59 0.60 0.60 0.60 0.05 0.51 0.51 0.51 0.51 0.51 0.08 0.07 0.00 0.04 0.49 0.61 0.61 0.61 0.61 0.63 0.67 0.63 0.63 0.56 0.61 0.58 0.55 0.55 0.55 0.81 1.00 0.79 0.34 0.34 0.34 0.34
0.56 0.50 0.50 0.48 0.25 0.53 0.50 0.46 0.43 0.49 0.45 0.43 0.49 0.41 0.41 0.40 0.20 0.39 0.35 0.39 0.41 0.41 0.41 0.39 0.17 0.24 0.39 0.16 0.32 0.39 0.38 0.37 0.39 0.39 0.38 0.37 0.35 0.39 0.35 0.47 0.38 0.54 0.44 0.61 0.61 0.58 0.61 0.62 0.56 0.58 0.58 0.58 0.05 0.48 0.48 0.48 0.48 0.48 0.07 0.06 0.00 0.04 0.46 0.60 0.60 0.60 0.60 0.62 0.65 0.62 0.62 0.55 0.60 0.56 0.54 0.54 0.55 0.80 1.00 0.79 0.33 0.32 0.32 0.32
0.96 0.97 0.97 0.96 0.88 0.97 0.97 0.96 0.95 0.96 0.96 0.96 0.96 0.96 0.96 0.96 0.82 0.96 0.94 0.96 0.96 0.96 0.96 0.96 0.86 0.93 0.96 0.81 0.95 0.96 0.96 0.96 0.96 0.96 0.96 0.96 0.96 0.96 0.96 0.94 0.89 0.95 0.91 0.95 0.95 0.95 0.95 0.95 0.94 0.95 0.95 0.95 0.47 0.92 0.92 0.92 0.92 0.92 0.47 0.47 0.15 0.25 0.96 0.97 0.97 0.97 0.97 0.97 0.97 0.97 0.97 0.97 0.97 0.97 0.96 0.96 0.93 0.98 1.00 0.98 0.88 0.91 0.91 0.91
0.71 0.67 0.67 0.66 0.43 0.69 0.67 0.65 0.61 0.67 0.64 0.63 0.67 0.62 0.62 0.60 0.35 0.60 0.54 0.60 0.62 0.62 0.62 0.60 0.35 0.45 0.60 0.32 0.54 0.60 0.59 0.59 0.60 0.60 0.59 0.59 0.56 0.60 0.56 0.63 0.52 0.68 0.57 0.72 0.72 0.70 0.72 0.73 0.69 0.70 0.70 0.70 0.10 0.62 0.62 0.62 0.62 0.62 0.14 0.12 0.01 0.07 0.64 0.73 0.73 0.73 0.73 0.74 0.76 0.74 0.74 0.70 0.73 0.71 0.69 0.70 0.66 0.86 1.00 0.86 0.48 0.49 0.49 0.49
0.98 0.98 0.98 0.98 0.93 0.98 0.98 0.98 0.98 0.98 0.98 0.98 0.98 0.98 0.98 0.98 0.87 0.98 0.97 0.98 0.98 0.98 0.98 0.98 0.92 0.96 0.98 0.88 0.98 0.98 0.98 0.98 0.98 0.98 0.98 0.98 0.98 0.98 0.98 0.96 0.94 0.97 0.94 0.97 0.97 0.97 0.97 0.97 0.97 0.97 0.97 0.97 0.58 0.95 0.95 0.95 0.95 0.95 0.56 0.57 0.22 0.33 0.98 0.98 0.98 0.98 0.98 0.98 0.98 0.98 0.98 0.98 0.98 0.98 0.98 0.98 0.96 0.99 1.00 0.99 0.92 0.95 0.95 0.95
0.77 0.75 0.75 0.74 0.52 0.76 0.75 0.73 0.70 0.75 0.73 0.72 0.75 0.72 0.72 0.70 0.46 0.70 0.65 0.71 0.72 0.72 0.72 0.70 0.44 0.56 0.71 0.41 0.65 0.71 0.70 0.70 0.70 0.71 0.70 0.70 0.67 0.71 0.67 0.70 0.59 0.73 0.63 0.76 0.76 0.75 0.76 0.77 0.74 0.75 0.75 0.75 0.14 0.68 0.68 0.68 0.68 0.68 0.17 0.16 0.02 0.08 0.72 0.80 0.80 0.80 0.80 0.80 0.82 0.80 0.80 0.77 0.80 0.78 0.76 0.76 0.71 0.89 1.00 0.89 0.56 0.57 0.57 0.57
0.65 0.60 0.60 0.59 0.34 0.64 0.60 0.57 0.54 0.60 0.56 0.55 0.60 0.54 0.54 0.52 0.29 0.51 0.47 0.52 0.54 0.54 0.54 0.51 0.26 0.37 0.52 0.25 0.45 0.52 0.50 0.50 0.51 0.52 0.50 0.50 0.47 0.52 0.47 0.56 0.46 0.62 0.52 0.67 0.67 0.65 0.67 0.68 0.64 0.65 0.65 0.65 0.07 0.56 0.56 0.56 0.56 0.56 0.11 0.10 0.01 0.06 0.58 0.69 0.69 0.69 0.69 0.70 0.72 0.70 0.70 0.65 0.69 0.65 0.63 0.64 0.61 0.84 1.00 0.83 0.41 0.42 0.42 0.42
0.80 0.78 0.78 0.78 0.56 0.79 0.78 0.76 0.74 0.78 0.76 0.76 0.78 0.76 0.76 0.74 0.49 0.74 0.69 0.75 0.76 0.76 0.76 0.74 0.49 0.61 0.75 0.46 0.69 0.75 0.74 0.74 0.74 0.75 0.74 0.74 0.71 0.75 0.71 0.73 0.63 0.76 0.67 0.78 0.78 0.77 0.78 0.79 0.76 0.77 0.77 0.77 0.16 0.71 0.71 0.71 0.71 0.71 0.20 0.18 0.03 0.10 0.76 0.82 0.82 0.82 0.82 0.83 0.84 0.83 0.83 0.80 0.82 0.81 0.79 0.79 0.75 0.91 1.00 0.90 0.60 0.62 0.62 0.62
0.77 0.75 0.75 0.74 0.51 0.76 0.75 0.73 0.69 0.75 0.72 0.71 0.75 0.71 0.71 0.70 0.44 0.69 0.64 0.70 0.71 0.71 0.71 0.69 0.44 0.56 0.70 0.41 0.64 0.70 0.69 0.69 0.69 0.70 0.69 0.69 0.66 0.70 0.66 0.70 0.59 0.74 0.64 0.77 0.77 0.75 0.77 0.77 0.74 0.75 0.75 0.75 0.14 0.68 0.68 0.68 0.68 0.68 0.17 0.16 0.02 0.09 0.72 0.80 0.80 0.80 0.80 0.80 0.82 0.80 0.80 0.77 0.80 0.77 0.76 0.76 0.71 0.89 1.00 0.89 0.55 0.56 0.56 0.56
0.70 0.67 0.67 0.66 0.43 0.69 0.67 0.65 0.61 0.67 0.64 0.63 0.67 0.63 0.63 0.61 0.36 0.60 0.55 0.61 0.63 0.63 0.63 0.60 0.34 0.45 0.61 0.32 0.54 0.61 0.59 0.59 0.60 0.61 0.59 0.59 0.56 0.61 0.56 0.62 0.51 0.68 0.56 0.71 0.71 0.69 0.71 0.72 0.68 0.69 0.69 0.69 0.10 0.61 0.61 0.61 0.61 0.61 0.14 0.12 0.01 0.07 0.64 0.73 0.73 0.73 0.73 0.74 0.76 0.74 0.74 0.70 0.73 0.70 0.69 0.69 0.66 0.86 1.00 0.86 0.48 0.48 0.48 0.48
0.96 0.96 0.96 0.96 0.87 0.96 0.96 0.96 0.95 0.96 0.96 0.96 0.96 0.96 0.96 0.96 0.80 0.96 0.94 0.96 0.96 0.96 0.96 0.96 0.85 0.92 0.96 0.81 0.95 0.96 0.96 0.96 0.96 0.96 0.96 0.96 0.95 0.96 0.95 0.94 0.89 0.94 0.90 0.95 0.95 0.94 0.95 0.95 0.94 0.94 0.94 0.94 0.46 0.92 0.92 0.92 0.92 0.92 0.45 0.47 0.14 0.26 0.95 0.97 0.97 0.97 0.97 0.97 0.97 0.97 0.97 0.96 0.97 0.96 0.96 0.96 0.92 0.98 1.00 0.98 0.87 0.90 0.90 0.90
0.92 0.92 0.92 0.92 0.76 0.92 0.92 0.91 0.90 0.92 0.91 0.91 0.92 0.91 0.91 0.91 0.70 0.91 0.87 0.91 0.91 0.91 0.91 0.91 0.74 0.84 0.91 0.69 0.88 0.91 0.91 0.91 0.91 0.91 0.91 0.91 0.89 0.91 0.89 0.88 0.80 0.89 0.83 0.90 0.90 0.89 0.90 0.90 0.89 0.89 0.89 0.89 0.32 0.85 0.85 0.85 0.85 0.85 0.35 0.34 0.07 0.18 0.91 0.93 0.93 0.93 0.93 0.93 0.94 0.93 0.93 0.93 0.93 0.92 0.92 0.92 0.87 0.96 1.00 0.96 0.78 0.82 0.82 0.82
0.59 0.53 0.53 0.52 0.28 0.56 0.53 0.50 0.46 0.53 0.49 0.47 0.53 0.47 0.46 0.44 0.23 0.43 0.39 0.44 0.47 0.47 0.46 0.43 0.20 0.28 0.44 0.19 0.36 0.43 0.42 0.41 0.43 0.43 0.42 0.42 0.39 0.43 0.39 0.50 0.41 0.58 0.47 0.63 0.63 0.61 0.63 0.64 0.59 0.61 0.61 0.61 0.05 0.51 0.51 0.51 0.51 0.51 0.08 0.07 0.01 0.05 0.51 0.63 0.63 0.63 0.63 0.64 0.67 0.64 0.64 0.58 0.63 0.59 0.57 0.57 0.57 0.81 1.00 0.80 0.36 0.36 0.36 0.36
0.68 0.65 0.65 0.64 0.40 0.66 0.65 0.62 0.59 0.64 0.61 0.60 0.64 0.59 0.59 0.57 0.33 0.56 0.52 0.57 0.59 0.59 0.59 0.56 0.31 0.41 0.57 0.29 0.50 0.57 0.56 0.55 0.56 0.57 0.56 0.55 0.53 0.57 0.53 0.61 0.50 0.66 0.56 0.70 0.70 0.68 0.70 0.71 0.67 0.68 0.68 0.68 0.08 0.60 0.60 0.60 0.60 0.60 0.13 0.11 0.01 0.06 0.61 0.71 0.71 0.71 0.71 0.72 0.75 0.72 0.72 0.67 0.71 0.68 0.67 0.67 0.63 0.85 1.00 0.85 0.44 0.45 0.45 0.45
0.86 0.85 0.85 0.84 0.66 0.86 0.85 0.84 0.81 0.85 0.83 0.83 0.85 0.84 0.83 0.82 0.58 0.82 0.78 0.83 0.84 0.84 0.84 0.82 0.60 0.72 0.83 0.56 0.78 0.83 0.82 0.82 0.82 0.83 0.82 0.82 0.80 0.83 0.80 0.80 0.70 0.82 0.73 0.84 0.84 0.83 0.84 0.84 0.82 0.83 0.83 0.83 0.22 0.77 0.77 0.77 0.77 0.77 0.25 0.25 0.04 0.13 0.83 0.88 0.88 0.88 0.88 0.88 0.89 0.88 0.88 0.86 0.88 0.86 0.86 0.86 0.80 0.93 1.00 0.93 0.68 0.71 0.71 0.71
0.69 0.65 0.65 0.64 0.39 0.67 0.65 0.62 0.59 0.64 0.61 0.60 0.64 0.59 0.59 0.57 0.33 0.56 0.52 0.58 0.59 0.59 0.59 0.56 0.31 0.42 0.58 0.30 0.50 0.57 0.56 0.56 0.56 0.57 0.56 0.56 0.52 0.57 0.52 0.61 0.50 0.66 0.55 0.70 0.70 0.68 0.70 0.70 0.66 0.68 0.68 0.68 0.08 0.59 0.59 0.59 0.59 0.59 0.12 0.11 0.01 0.06 0.61 0.72 0.72 0.72 0.72 0.73 0.75 0.73 0.73 0.68 0.72 0.69 0.67 0.67 0.64 0.85 1.00 0.85 0.45 0.46 0.46 0.46
0.99 0.99 0.99 0.99 0.94 0.99 0.99 0.99 0.98 0.99 0.99 0.99 0.99 0.99 0.99 0.99 0.89 0.99 0.97 0.99 0.99 0.99 0.99 0.99 0.94 0.97 0.99 0.90 0.98 0.99 0.99 0.99 0.99 0.99 0.99 0.99 0.98 0.99 0.98 0.97 0.95 0.98 0.96 0.98 0.98 0.98 0.98 0.98 0.98 0.98 0.98 0.98 0.64 0.97 0.97 0.97 0.97 0.97 0.60 0.61 0.26 0.38 0.98 0.99 0.99 0.99 0.99 0.99 0.99 0.99 0.99 0.99 0.99 0.99 0.99 0.98 0.97 0.99 1.00 0.99 0.94 0.96 0.96 0.96
0.93 0.94 0.94 0.93 0.81 0.94 0.94 0.93 0.91 0.93 0.93 0.93 0.93 0.93 0.93 0.92 0.74 0.93 0.89 0.93 0.93 0.93 0.93 0.93 0.78 0.87 0.93 0.73 0.91 0.93 0.93 0.93 0.93 0.93 0.93 0.93 0.92 0.93 0.92 0.90 0.83 0.91 0.85 0.92 0.92 0.91 0.92 0.92 0.91 0.91 0.91 0.91 0.36 0.88 0.88 0.88 0.88 0.88 0.39 0.39 0.09 0.20 0.92 0.94 0.94 0.94 0.94 0.94 0.95 0.94 0.94 0.94 0.94 0.93 0.93 0.93 0.88 0.97 1.00 0.97 0.81 0.84 0.84 0.84
0.82 0.81 0.81 0.80 0.59 0.81 0.81 0.79 0.76 0.80 0.79 0.78 0.80 0.78 0.78 0.77 0.52 0.76 0.72 0.77 0.78 0.78 0.78 0.76 0.52 0.65 0.77 0.49 0.72 0.77 0.76 0.76 0.76 0.77 0.76 0.76 0.74 0.77 0.74 0.76 0.66 0.79 0.69 0.81 0.81 0.80 0.81 0.81 0.79 0.80 0.80 0.80 0.17 0.73 0.73 0.73 0.73 0.73 0.22 0.21 0.03 0.11 0.77 0.84 0.84 0.84 0.84 0.84 0.85 0.84 0.84 0.82 0.84 0.82 0.81 0.81 0.76 0.91 1.00 0.91 0.62 0.65 0.65 0.65
0.77 0.75 0.75 0.74 0.52 0.76 0.75 0.73 0.70 0.74 0.72 0.71 0.74 0.71 0.71 0.70 0.45 0.69 0.64 0.69 0.71 0.71 0.71 0.69 0.44 0.56 0.69 0.41 0.64 0.69 0.69 0.69 0.69 0.69 0.69 0.69 0.66 0.69 0.66 0.70 0.60 0.74 0.64 0.77 0.77 0.76 0.77 0.78 0.75 0.76 0.76 0.76 0.13 0.69 0.69 0.69 0.69 0.69 0.18 0.16 0.02 0.08 0.72 0.79 0.79 0.79 0.79 0.80 0.81 0.80 0.80 0.77 0.79 0.77 0.76 0.76 0.71 0.89 1.00 0.89 0.56 0.57 0.57 0.57
0.79 0.76 0.76 0.75 0.53 0.77 0.76 0.74 0.71 0.76 0.74 0.73 0.76 0.73 0.73 0.71 0.47 0.71 0.66 0.72 0.73 0.73 0.73 0.71 0.46 0.58 0.72 0.43 0.66 0.72 0.71 0.71 0.71 0.72 0.71 0.71 0.69 0.72 0.69 0.71 0.60 0.74 0.64 0.77 0.77 0.76 0.77 0.78 0.75 0.76 0.76 0.76 0.14 0.69 0.69 0.69 0.69 0.69 0.18 0.18 0.02 0.10 0.73 0.80 0.80 0.80 0.80 0.81 0.82 0.81 0.81 0.78 0.80 0.78 0.77 0.77 0.73 0.90 1.00 0.90 0.58 0.59 0.59 0.59
0.86 0.85 0.85 0.85 0.65 0.86 0.85 0.84 0.81 0.84 0.83 0.83 0.84 0.84 0.83 0.82 0.59 0.83 0.78 0.83 0.84 0.84 0.84 0.83 0.60 0.72 0.83 0.56 0.78 0.83 0.82 0.82 0.83 0.83 0.82 0.82 0.80 0.83 0.80 0.80 0.71 0.82 0.74 0.84 0.84 0.83 0.84 0.84 0.83 0.83 0.83 0.83 0.22 0.77 0.77 0.77 0.77 0.77 0.26 0.25 0.04 0.13 0.83 0.88 0.88 0.88 0.88 0.88 0.89 0.88 0.88 0.86 0.88 0.86 0.86 0.85 0.79 0.93 1.00 0.93 0.68 0.71 0.71 0.71
0.94 0.94 0.94 0.94 0.82 0.95 0.94 0.94 0.93 0.94 0.94 0.94 0.94 0.94 0.94 0.94 0.76 0.94 0.91 0.94 0.94 0.94 0.94 0.94 0.80 0.89 0.94 0.75 0.92 0.94 0.94 0.94 0.94 0.94 0.94 0.94 0.93 0.94 0.93 0.91 0.84 0.92 0.87 0.92 0.92 0.92 0.92 0.92 0.92 0.92 0.92 0.92 0.39 0.88 0.88 0.88 0.88 0.88 0.40 0.40 0.10 0.22 0.93 0.95 0.95 0.95 0.95 0.95 0.95 0.95 0.95 0.94 0.95 0.94 0.94 0.94 0.90 0.97 1.00 0.97 0.83 0.86 0.86 0.86
0.64 0.59 0.59 0.58 0.34 0.61 0.59 0.56 0.52 0.58 0.54 0.53 0.58 0.53 0.53 0.51 0.29 0.50 0.45 0.50 0.53 0.53 0.53 0.50 0.25 0.35 0.50 0.23 0.43 0.50 0.49 0.49 0.50 0.50 0.49 0.49 0.46 0.50 0.46 0.55 0.45 0.61 0.50 0.66 0.66 0.64 0.66 0.67 0.62 0.64 0.64 0.64 0.06 0.55 0.55 0.55 0.55 0.55 0.10 0.09 0.01 0.06 0.56 0.67 0.67 0.67 0.67 0.68 0.71 0.68 0.68 0.63 0.67 0.64 0.62 0.62 0.60 0.83 1.00 0.82 0.40 0.40 0.40 0.40
0.83 0.82 0.82 0.82 0.62 0.83 0.82 0.81 0.78 0.82 0.80 0.80 0.82 0.80 0.80 0.79 0.55 0.79 0.74 0.80 0.80 0.80 0.80 0.79 0.55 0.68 0.80 0.52 0.74 0.80 0.79 0.79 0.79 0.80 0.79 0.79 0.76 0.80 0.76 0.77 0.67 0.79 0.71 0.81 0.81 0.80 0.81 0.82 0.79 0.80 0.80 0.80 0.20 0.74 0.74 0.74 0.74 0.74 0.23 0.22 0.03 0.12 0.80 0.85 0.85 0.85 0.85 0.86 0.87 0.86 0.86 0.84 0.85 0.84 0.83 0.83 0.78 0.92 1.00 0.92 0.65 0.67 0.67 0.67
0.76 0.73 0.73 0.73 0.50 0.75 0.73 0.71 0.68 0.73 0.71 0.70 0.73 0.70 0.70 0.68 0.42 0.67 0.62 0.68 0.70 0.70 0.70 0.67 0.41 0.53 0.68 0.38 0.61 0.68 0.66 0.66 0.67 0.68 0.66 0.66 0.64 0.68 0.64 0.69 0.58 0.73 0.63 0.76 0.76 0.75 0.76 0.77 0.74 0.75 0.75 0.75 0.12 0.67 0.67 0.67 0.67 0.67 0.17 0.16 0.02 0.08 0.70 0.78 0.78 0.78 0.78 0.79 0.80 0.79 0.79 0.75 0.78 0.75 0.74 0.74 0.70 0.88 1.00 0.88 0.53 0.55 0.55 0.55
0.93 0.93 0.93 0.93 0.79 0.93 0.93 0.93 0.91 0.93 0.93 0.92 0.93 0.93 0.93 0.92 0.73 0.92 0.89 0.93 0.93 0.93 0.93 0.92 0.77 0.86 0.93 0.72 0.90 0.93 0.92 0.92 0.92 0.93 0.92 0.92 0.91 0.93 0.91 0.89 0.82 0.91 0.84 0.91 0.91 0.91 0.91 0.91 0.90 0.91 0.91 0.91 0.35 0.87 0.87 0.87 0.87 0.87 0.37 0.37 0.09 0.19 0.92 0.94 0.94 0.94 0.94 0.94 0.94 0.94 0.94 0.93 0.94 0.93 0.93 0.93 0.88 0.96 1.00 0.97 0.80 0.84 0.84 0.84
0.97 0.97 0.97 0.97 0.90 0.97 0.97 0.97 0.96 0.97 0.97 0.97 0.97 0.97 0.97 0.97 0.83 0.97 0.96 0.97 0.97 0.97 0.97 0.97 0.89 0.95 0.97 0.84 0.96 0.97 0.97 0.97 0.97 0.97 0.97 0.97 0.97 0.97 0.97 0.95 0.91 0.95 0.92 0.96 0.96 0.96 0.96 0.96 0.96 0.96 0.96 0.96 0.51 0.94 0.94 0.94 0.94 0.94 0.51 0.51 0.17 0.29 0.97 0.98 0.98 0.98 0.98 0.98 0.98 0.98 0.98 0.97 0.98 0.97 0.97 0.97 0.94 0.98 1.00 0.98 0.90 0.93 0.93 0.93
0.87 0.87 0.87 0.86 0.69 0.87 0.87 0.86 0.84 0.87 0.86 0.85 0.87 0.85 0.86 0.84 0.61 0.85 0.80 0.85 0.85 0.85 0.86 0.85 0.64 0.75 0.85 0.60 0.81 0.85 0.84 0.84 0.85 0.85 0.84 0.84 0.82 0.85 0.82 0.82 0.73 0.84 0.76 0.85 0.85 0.84 0.85 0.85 0.84 0.84 0.84 0.84 0.23 0.79 0.79 0.79 0.79 0.79 0.28 0.27 0.05 0.14 0.84 0.89 0.89 0.89 0.89 0.89 0.90 0.89 0.89 0.87 0.89 0.88 0.87 0.87 0.82 0.94 1.00 0.94 0.70 0.73 0.73 0.73
0.75 0.72 0.72 0.71 0.47 0.73 0.72 0.69 0.66 0.71 0.69 0.68 0.71 0.68 0.68 0.66 0.41 0.65 0.60 0.66 0.68 0.68 0.68 0.65 0.39 0.51 0.66 0.37 0.59 0.66 0.65 0.65 0.65 0.66 0.65 0.65 0.62 0.66 0.62 0.67 0.56 0.71 0.61 0.75 0.75 0.73 0.75 0.75 0.72 0.73 0.73 0.73 0.12 0.65 0.65 0.65 0.65 0.65 0.16 0.14 0.02 0.08 0.68 0.77 0.77 0.77 0.77 0.78 0.80 0.78 0.78 0.74 0.77 0.74 0.74 0.74 0.70 0.88 1.00 0.87 0.53 0.54 0.54 0.54
0.94 0.94 0.94 0.94 0.82 0.95 0.94 0.94 0.93 0.94 0.94 0.94 0.94 0.94 0.94 0.94 0.75 0.94 0.91 0.94 0.94 0.94 0.94 0.94 0.80 0.89 0.94 0.75 0.92 0.94 0.94 0.94 0.94 0.94 0.94 0.94 0.93 0.94 0.93 0.91 0.84 0.91 0.86 0.92 0.92 0.92 0.92 0.92 0.92 0.92 0.92 0.92 0.37 0.88 0.88 0.88 0.88 0.88 0.40 0.40 0.10 0.21 0.93 0.95 0.95 0.95 0.95 0.95 0.95 0.95 0.95 0.95 0.95 0.95 0.94 0.94 0.89 0.97 1.00 0.97 0.82 0.86 0.86 0.86
0.74 0.71 0.71 0.70 0.47 0.72 0.71 0.68 0.65 0.70 0.67 0.67 0.70 0.67 0.67 0.65 0.39 0.64 0.59 0.65 0.67 0.67 0.67 0.64 0.38 0.50 0.65 0.35 0.59 0.65 0.64 0.64 0.64 0.65 0.64 0.64 0.61 0.65 0.61 0.66 0.55 0.70 0.60 0.74 0.74 0.72 0.74 0.75 0.71 0.72 0.72 0.72 0.11 0.64 0.64 0.64 0.64 0.64 0.15 0.15 0.01 0.08 0.67 0.76 0.76 0.76 0.76 0.77 0.79 0.77 0.77 0.73 0.76 0.73 0.72 0.73 0.69 0.88 1.00 0.87 0.51 0.53 0.53 0.53
0.72 0.69 0.69 0.68 0.44 0.71 0.69 0.66 0.63 0.69 0.66 0.65 0.69 0.65 0.65 0.63 0.38 0.62 0.57 0.63 0.65 0.65 0.65 0.62 0.36 0.49 0.63 0.34 0.57 0.63 0.62 0.62 0.62 0.63 0.62 0.62 0.59 0.63 0.59 0.65 0.54 0.69 0.58 0.72 0.72 0.71 0.72 0.73 0.70 0.71 0.71 0.71 0.10 0.62 0.62 0.62 0.62 0.62 0.14 0.13 0.01 0.07 0.66 0.75 0.75 0.75 0.75 0.76 0.78 0.76 0.76 0.72 0.75 0.72 0.71 0.71 0.68 0.87 1.00 0.86 0.51 0.52 0.52 0.52
0.54 0.48 0.48 0.47 0.25 0.52 0.48 0.45 0.41 0.48 0.43 0.42 0.48 0.41 0.40 0.38 0.19 0.37 0.34 0.38 0.41 0.41 0.40 0.37 0.16 0.22 0.38 0.15 0.30 0.37 0.35 0.35 0.37 0.37 0.35 0.35 0.33 0.37 0.33 0.46 0.38 0.54 0.43 0.60 0.60 0.57 0.60 0.62 0.56 0.57 0.57 0.57 0.04 0.47 0.47 0.47 0.47 0.47 0.07 0.06 0.00 0.04 0.46 0.58 0.58 0.58 0.58 0.60 0.64 0.60 0.60 0.53 0.58 0.54 0.52 0.52 0.54 0.79 1.00 0.78 0.32 0.31 0.31 0.31
0.69 0.65 0.65 0.65 0.40 0.67 0.65 0.63 0.60 0.65 0.62 0.61 0.65 0.60 0.60 0.58 0.33 0.57 0.53 0.59 0.60 0.60 0.60 0.57 0.32 0.43 0.59 0.31 0.51 0.58 0.57 0.57 0.57 0.58 0.57 0.57 0.54 0.58 0.54 0.62 0.51 0.67 0.56 0.71 0.71 0.69 0.71 0.71 0.68 0.69 0.69 0.69 0.09 0.60 0.60 0.60 0.60 0.60 0.13 0.11 0.01 0.07 0.62 0.72 0.72 0.72 0.72 0.73 0.75 0.73 0.73 0.68 0.72 0.69 0.67 0.68 0.64 0.86 1.00 0.85 0.46 0.46 0.46 0.46
0.57 0.52 0.52 0.50 0.28 0.55 0.52 0.48 0.45 0.51 0.47 0.45 0.51 0.44 0.44 0.42 0.22 0.40 0.37 0.42 0.44 0.44 0.44 0.40 0.18 0.26 0.42 0.18 0.34 0.41 0.39 0.39 0.40 0.41 0.39 0.39 0.36 0.41 0.36 0.49 0.40 0.56 0.45 0.63 0.63 0.60 0.63 0.64 0.58 0.60 0.60 0.60 0.05 0.51 0.51 0.51 0.51 0.51 0.08 0.07 0.00 0.04 0.49 0.61 0.61 0.61 0.61 0.63 0.66 0.63 0.63 0.56 0.61 0.57 0.55 0.55 0.56 0.80 1.00 0.79 0.35 0.33 0.33 0.33
0.82 0.81 0.81 0.80 0.59 0.82 0.81 0.79 0.76 0.81 0.79 0.78 0.81 0.78 0.78 0.76 0.52 0.77 0.72 0.78 0.78 0.78 0.78 0.77 0.52 0.65 0.78 0.48 0.72 0.78 0.77 0.77 0.77 0.78 0.77 0.77 0.74 0.78 0.74 0.76 0.66 0.79 0.70 0.81 0.81 0.80 0.81 0.81 0.79 0.80 0.80 0.80 0.17 0.73 0.73 0.73 0.73 0.73 0.21 0.21 0.03 0.11 0.79 0.84 0.84 0.84 0.84 0.85 0.86 0.85 0.85 0.82 0.84 0.82 0.81 0.82 0.77 0.91 1.00 0.91 0.62 0.64 0.64 0.64
0.97 0.97 0.97 0.97 0.89 0.97 0.97 0.97 0.96 0.97 0.97 0.97 0.97 0.97 0.97 0.96 0.81 0.97 0.94 0.97 0.97 0.97 0.97 0.97 0.87 0.94 0.97 0.82 0.96 0.97 0.97 0.97 0.97 0.97 0.97 0.97 0.96 0.97 0.96 0.94 0.89 0.95 0.91 0.95 0.95 0.95 0.95 0.95 0.95 0.95 0.95 0.95 0.48 0.92 0.92 0.92 0.92 0.92 0.48 0.48 0.15 0.27 0.96 0.97 0.97 0.97 0.97 0.97 0.97 0.97 0.97 0.97 0.97 0.97 0.97 0.97 0.93 0.98 1.00 0.98 0.88 0.91 0.91 0.91
0.85 0.84 0.84 0.83 0.63 0.84 0.84 0.82 0.80 0.83 0.82 0.82 0.83 0.82 0.82 0.81 0.55 0.81 0.76 0.81 0.82 0.82 0.82 0.81 0.58 0.70 0.81 0.54 0.76 0.81 0.81 0.80 0.81 0.81 0.81 0.80 0.79 0.81 0.79 0.79 0.69 0.81 0.72 0.83 0.83 0.82 0.83 0.83 0.81 0.82 0.82 0.82 0.20 0.76 0.76 0.76 0.76 0.76 0.24 0.23 0.04 0.12 0.81 0.86 0.86 0.86 0.86 0.87 0.87 0.87 0.87 0.85 0.86 0.85 0.84 0.84 0.78 0.92 1.00 0.92 0.65 0.68 0.68 0.68
0.57 0.50 0.50 0.49 0.27 0.54 0.50 0.47 0.43 0.50 0.45 0.44 0.50 0.43 0.42 0.40 0.20 0.39 0.36 0.40 0.43 0.43 0.42 0.39 0.18 0.25 0.40 0.17 0.33 0.40 0.38 0.38 0.39 0.40 0.38 0.38 0.35 0.40 0.35 0.48 0.39 0.55 0.45 0.61 0.61 0.59 0.61 0.63 0.57 0.59 0.59 0.59 0.04 0.49 0.49 0.49 0.49 0.49 0.08 0.06 0.00 0.04 0.47 0.60 0.60 0.60 0.60 0.62 0.66 0.62 0.62 0.55 0.60 0.56 0.54 0.54 0.55 0.80 1.00 0.79 0.34 0.33 0.33 0.33
0.76 0.74 0.74 0.73 0.50 0.75 0.74 0.72 0.69 0.73 0.71 0.70 0.73 0.70 0.70 0.68 0.44 0.68 0.63 0.69 0.70 0.70 0.70 0.68 0.42 0.54 0.69 0.40 0.62 0.69 0.67 0.67 0.68 0.69 0.67 0.67 0.65 0.69 0.65 0.69 0.59 0.73 0.63 0.76 0.76 0.74 0.76 0.77 0.73 0.74 0.74 0.74 0.13 0.67 0.67 0.67 0.67 0.67 0.17 0.15 0.02 0.08 0.70 0.78 0.78 0.78 0.78 0.79 0.81 0.79 0.79 0.75 0.78 0.76 0.75 0.75 0.71 0.89 1.00 0.89 0.54 0.56 0.56 0.56
0.99 0.99 0.99 0.99 0.95 0.99 0.99 0.99 0.98 0.99 0.99 0.99 0.99 0.99 0.99 0.99 0.90 0.99 0.98 0.99 0.99 0.99 0.99 0.99 0.94 0.98 0.99 0.91 0.98 0.99 0.99 0.99 0.99 0.99 0.99 0.99 0.98 0.99 0.98 0.98 0.96 0.98 0.96 0.98 0.98 0.98 0.98 0.98 0.98 0.98 0.98 0.98 0.65 0.97 0.97 0.97 0.97 0.97 0.61 0.63 0.27 0.38 0.99 0.99 0.99 0.99 0.99 0.99 0.99 0.99 0.99 0.99 0.99 0.99 0.99 0.99 0.97 0.99 1.00 0.99 0.94 0.97 0.97 0.97
0.74 0.71 0.71 0.69 0.46 0.73 0.71 0.68 0.65 0.71 0.68 0.67 0.71 0.67 0.67 0.65 0.40 0.64 0.59 0.65 0.67 0.67 0.67 0.64 0.39 0.50 0.65 0.36 0.58 0.65 0.64 0.64 0.64 0.65 0.64 0.64 0.61 0.65 0.61 0.66 0.55 0.70 0.60 0.74 0.74 0.72 0.74 0.74 0.71 0.72 0.72 0.72 0.11 0.64 0.64 0.64 0.64 0.64 0.15 0.15 0.02 0.08 0.68 0.76 0.76 0.76 0.76 0.77 0.79 0.77 0.77 0.73 0.76 0.74 0.72 0.72 0.69 0.88 1.00 0.88 0.52 0.53 0.53 0.53
0.82 0.81 0.81 0.80 0.59 0.81 0.81 0.79 0.76 0.80 0.79 0.78 0.80 0.78 0.78 0.77 0.52 0.76 0.72 0.77 0.78 0.78 0.78 0.76 0.52 0.64 0.77 0.48 0.72 0.77 0.76 0.76 0.76 0.77 0.76 0.76 0.74 0.77 0.74 0.76 0.65 0.79 0.69 0.81 0.81 0.80 0.81 0.81 0.79 0.80 0.80 0.80 0.17 0.73 0.73 0.73 0.73 0.73 0.21 0.20 0.03 0.11 0.77 0.84 0.84 0.84 0.84 0.84 0.85 0.84 0.84 0.82 0.84 0.82 0.81 0.81 0.76 0.91 1.00 0.91 0.62 0.64 0.64 0.64
0.99 0.99 0.99 0.99 0.94 0.99 0.99 0.99 0.98 0.99 0.99 0.99 0.99 0.99 0.99 0.99 0.89 0.99 0.98 0.99 0.99 0.99 0.99 0.99 0.93 0.97 0.99 0.90 0.98 0.99 0.99 0.99 0.99 0.99 0.99 0.99 0.98 0.99 0.98 0.97 0.95 0.98 0.96 0.98 0.98 0.97 0.98 0.98 0.97 0.97 0.97 0.97 0.62 0.96 0.96 0.96 0.96 0.96 0.59 0.60 0.24 0.36 0.98 0.99 0.99 0.99 0.99 0.99 0.99 0.99 0.99 0.99 0.99 0.99 0.99 0.99 0.96 0.99 1.00 0.99 0.94 0.96 0.96 0.96
0.79 0.76 0.76 0.76 0.53 0.78 0.76 0.74 0.71 0.76 0.74 0.74 0.76 0.74 0.74 0.72 0.46 0.72 0.66 0.73 0.74 0.74 0.74 0.72 0.46 0.58 0.73 0.42 0.66 0.72 0.71 0.71 0.72 0.72 0.71 0.71 0.68 0.72 0.68 0.71 0.61 0.75 0.65 0.78 0.78 0.76 0.78 0.78 0.75 0.76 0.76 0.76 0.14 0.69 0.69 0.69 0.69 0.69 0.18 0.16 0.02 0.09 0.74 0.81 0.81 0.81 0.81 0.82 0.83 0.82 0.82 0.78 0.81 0.78 0.77 0.78 0.73 0.90 1.00 0.89 0.57 0.58 0.58 0.58
0.81 0.79 0.79 0.78 0.57 0.80 0.79 0.77 0.74 0.79 0.77 0.76 0.79 0.76 0.76 0.75 0.50 0.75 0.70 0.76 0.76 0.76 0.76 0.75 0.51 0.63 0.76 0.47 0.71 0.76 0.75 0.75 0.75 0.76 0.75 0.75 0.72 0.76 0.72 0.74 0.65 0.78 0.69 0.80 0.80 0.79 0.80 0.80 0.78 0.79 0.79 0.79 0.17 0.72 0.72 0.72 0.72 0.72 0.21 0.20 0.02 0.10 0.76 0.83 0.83 0.83 0.83 0.83 0.85 0.83 0.83 0.81 0.83 0.81 0.80 0.80 0.75 0.91 1.00 0.91 0.61 0.63 0.63 0.63
0.68 0.63 0.63 0.62 0.39 0.66 0.63 0.61 0.57 0.63 0.59 0.58 0.63 0.58 0.58 0.56 0.33 0.55 0.50 0.56 0.58 0.58 0.58 0.55 0.30 0.41 0.56 0.28 0.49 0.56 0.55 0.54 0.55 0.56 0.55 0.54 0.51 0.56 0.51 0.59 0.50 0.65 0.55 0.69 0.69 0.67 0.69 0.70 0.66 0.67 0.67 0.67 0.08 0.58 0.58 0.58 0.58 0.58 0.12 0.10 0.01 0.06 0.61 0.71 0.71 0.71 0.71 0.72 0.75 0.72 0.72 0.68 0.71 0.68 0.67 0.67 0.63 0.85 1.00 0.84 0.45 0.46 0.46 0.46
0.92 0.91 0.91 0.91 0.76 0.92 0.91 0.91 0.89 0.91 0.91 0.90 0.91 0.91 0.91 0.90 0.69 0.90 0.87 0.91 0.91 0.91 0.91 0.90 0.72 0.83 0.91 0.68 0.88 0.91 0.90 0.90 0.90 0.91 0.90 0.90 0.89 0.91 0.89 0.88 0.79 0.89 0.82 0.89 0.89 0.89 0.89 0.89 0.88 0.89 0.89 0.89 0.30 0.84 0.84 0.84 0.84 0.84 0.34 0.33 0.07 0.17 0.89 0.92 0.92 0.92 0.92 0.93 0.93 0.93 0.93 0.92 0.92 0.91 0.91 0.91 0.85 0.95 1.00 0.95 0.77 0.81 0.81 0.81
0.98 0.98 0.98 0.98 0.93 0.98 0.98 0.98 0.98 0.98 0.98 0.98 0.98 0.98 0.98 0.98 0.87 0.98 0.97 0.98 0.98 0.98 0.98 0.98 0.92 0.96 0.98 0.88 0.97 0.98 0.98 0.98 0.98 0.98 0.98 0.98 0.98 0.98 0.98 0.96 0.94 0.97 0.95 0.97 0.97 0.97 0.97 0.97 0.97 0.97 0.97 0.97 0.59 0.96 0.96 0.96 0.96 0.96 0.57 0.58 0.23 0.34 0.98 0.98 0.98 0.98 0.98 0.98 0.98 0.98 0.98 0.98 0.98 0.98 0.98 0.98 0.95 0.99 1.00 0.99 0.93 0.95 0.95 0.95
0.98 0.98 0.98 0.98 0.91 0.98 0.98 0.98 0.97 0.98 0.98 0.98 0.98 0.98 0.98 0.98 0.85 0.98 0.96 0.98 0.98 0.98 0.98 0.98 0.90 0.95 0.98 0.86 0.97 0.98 0.98 0.98 0.98 0.98 0.98 0.98 0.97 0.98 0.97 0.96 0.92 0.96 0.93 0.97 0.97 0.96 0.97 0.97 0.96 0.96 0.96 0.96 0.54 0.95 0.95 0.95 0.95 0.95 0.53 0.53 0.19 0.31 0.97 0.98 0.98 0.98 0.98 0.98 0.98 0.98 0.98 0.98 0.98 0.98 0.98 0.98 0.95 0.99 1.00 0.99 0.91 0.94 0.94 0.94
0.54 0.48 0.48 0.47 0.25 0.52 0.48 0.45 0.41 0.48 0.43 0.42 0.48 0.40 0.40 0.38 0.19 0.36 0.34 0.38 0.40 0.40 0.40 0.36 0.16 0.23 0.38 0.15 0.30 0.38 0.36 0.35 0.36 0.38 0.36 0.35 0.33 0.38 0.33 0.47 0.37 0.54 0.43 0.60 0.60 0.58 0.60 0.62 0.56 0.58 0.58 0.58 0.04 0.48 0.48 0.48 0.48 0.48 0.07 0.06 0.00 0.04 0.45 0.58 0.58 0.58 0.58 0.60 0.64 0.60 0.60 0.53 0.58 0.54 0.51 0.52 0.54 0.79 1.00 0.78 0.32 0.31 0.31 0.31
0.99 0.99 0.99 0.99 0.94 0.99 0.99 0.99 0.98 0.99 0.99 0.99 0.99 0.99 0.99 0.98 0.88 0.99 0.97 0.99 0.99 0.99 0.99 0.99 0.93 0.97 0.99 0.89 0.98 0.99 0.99 0.99 0.99 0.99 0.99 0.99 0.98 0.99 0.98 0.97 0.94 0.97 0.95 0.98 0.98 0.97 0.98 0.98 0.97 0.97 0.97 0.97 0.59 0.96 0.96 0.96 0.96 0.96 0.58 0.60 0.24 0.35 0.98 0.99 0.99 0.99 0.99 0.99 0.99 0.99 0.99 0.99 0.99 0.99 0.99 0.99 0.96 0.99 1.00 0.99 0.93 0.96 0.96 0.96
0.94 0.94 0.94 0.94 0.82 0.95 0.94 0.94 0.93 0.94 0.94 0.94 0.94 0.94 0.94 0.93 0.75 0.94 0.91 0.94 0.94 0.94 0.94 0.94 0.80 0.89 0.94 0.76 0.92 0.94 0.94 0.94 0.94 0.94 0.94 0.94 0.93 0.94 0.93 0.91 0.85 0.92 0.87 0.92 0.92 0.92 0.92 0.92 0.92 0.92 0.92 0.92 0.39 0.89 0.89 0.89 0.89 0.89 0.40 0.40 0.10 0.21 0.93 0.95 0.95 0.95 0.95 0.95 0.95 0.95 0.95 0.95 0.95 0.94 0.94 0.94 0.89 0.97 1.00 0.97 0.83 0.87 0.87 0.87
0.85 0.85 0.85 0.84 0.65 0.85 0.85 0.83 0.81 0.84 0.83 0.83 0.84 0.83 0.83 0.82 0.58 0.82 0.77 0.82 0.83 0.83 0.83 0.82 0.58 0.72 0.82 0.55 0.78 0.82 0.82 0.82 0.82 0.82 0.82 0.82 0.79 0.82 0.79 0.79 0.69 0.81 0.73 0.83 0.83 0.82 0.83 0.84 0.82 0.82 0.82 0.82 0.21 0.77 0.77 0.77 0.77 0.77 0.25 0.24 0.04 0.13 0.82 0.87 0.87 0.87 0.87 0.87 0.88 0.87 0.87 0.86 0.87 0.85 0.85 0.85 0.80 0.93 1.00 0.93 0.67 0.70 0.70 0.70
0.83 0.81 0.81 0.81 0.59 0.83 0.81 0.80 0.77 0.81 0.79 0.79 0.81 0.79 0.79 0.78 0.53 0.78 0.73 0.78 0.79 0.79 0.80 0.78 0.53 0.66 0.78 0.50 0.73 0.78 0.77 0.77 0.78 0.78 0.77 0.78 0.75 0.78 0.75 0.76 0.66 0.79 0.70 0.81 0.81 0.80 0.81 0.81 0.79 0.80 0.80 0.80 0.17 0.73 0.73 0.73 0.73 0.73 0.21 0.21 0.03 0.10 0.79 0.85 0.85 0.85 0.85 0.85 0.86 0.85 0.85 0.83 0.85 0.83 0.83 0.82 0.77 0.92 1.00 0.91 0.63 0.65 0.65 0.65
0.75 0.72 0.72 0.71 0.48 0.73 0.72 0.69 0.66 0.71 0.69 0.68 0.71 0.68 0.68 0.66 0.42 0.65 0.61 0.66 0.68 0.68 0.68 0.65 0.40 0.51 0.66 0.37 0.60 0.66 0.65 0.65 0.65 0.66 0.65 0.65 0.62 0.66 0.62 0.67 0.57 0.71 0.62 0.75 0.75 0.73 0.75 0.76 0.72 0.73 0.73 0.73 0.11 0.65 0.65 0.65 0.65 0.65 0.16 0.15 0.02 0.08 0.69 0.77 0.77 0.77 0.77 0.78 0.79 0.78 0.78 0.74 0.77 0.74 0.73 0.73 0.70 0.88 1.00 0.88 0.52 0.53 0.53 0.53
0.96 0.96 0.96 0.96 0.87 0.96 0.96 0.96 0.95 0.96 0.96 0.96 0.96 0.96 0.96 0.96 0.81 0.96 0.94 0.96 0.96 0.96 0.96 0.96 0.86 0.92 0.96 0.82 0.95 0.96 0.96 0.96 0.96 0.96 0.96 0.96 0.95 0.96 0.95 0.94 0.89 0.94 0.90 0.95 0.95 0.94 0.95 0.95 0.94 0.94 0.94 0.94 0.46 0.92 0.92 0.92 0.92 0.92 0.46 0.46 0.15 0.26 0.95 0.97 0.97 0.97 0.97 0.97 0.97 0.97 0.97 0.96 0.97 0.96 0.96 0.96 0.93 0.98 1.00 0.98 0.88 0.91 0.91 0.91
0.81 0.80 0.80 0.79 0.58 0.81 0.80 0.78 0.75 0.79 0.78 0.77 0.79 0.77 0.77 0.75 0.50 0.75 0.70 0.76 0.77 0.77 0.77 0.75 0.51 0.63 0.76 0.47 0.70 0.76 0.75 0.75 0.75 0.76 0.75 0.75 0.72 0.76 0.72 0.75 0.65 0.77 0.69 0.80 0.80 0.79 0.80 0.80 0.78 0.79 0.79 0.79 0.17 0.72 0.72 0.72 0.72 0.72 0.20 0.20 0.03 0.10 0.76 0.83 0.83 0.83 0.83 0.83 0.84 0.83 0.83 0.81 0.83 0.81 0.80 0.80 0.75 0.91 1.00 0.91 0.60 0.63 0.63 0.63
0.99 0.99 0.99 0.99 0.94 0.99 0.99 0.99 0.98 0.99 0.99 0.99 0.99 0.99 0.99 0.99 0.89 0.99 0.98 0.99 0.99 0.99 0.99 0.99 0.93 0.97 0.99 0.90 0.98 0.99 0.99 0.99 0.99 0.99 0.99 0.99 0.98 0.99 0.98 0.97 0.95 0.98 0.96 0.98 0.98 0.98 0.98 0.98 0.97 0.98 0.98 0.98 0.62 0.96 0.96 0.96 0.96 0.96 0.59 0.60 0.25 0.36 0.99 0.99 0.99 0.99 0.99 0.99 0.99 0.99 0.99 0.99 0.99 0.99 0.99 0.99 0.96 0.99 1.00 0.99 0.94 0.96 0.96 0.96
0.61 0.55 0.55 0.54 0.31 0.58 0.55 0.52 0.49 0.55 0.51 0.49 0.55 0.48 0.48 0.46 0.24 0.45 0.41 0.46 0.48 0.48 0.48 0.45 0.21 0.30 0.46 0.20 0.39 0.45 0.44 0.44 0.45 0.45 0.44 0.44 0.41 0.45 0.41 0.52 0.43 0.59 0.48 0.64 0.64 0.62 0.64 0.66 0.60 0.62 0.62 0.62 0.06 0.53 0.53 0.53 0.53 0.53 0.09 0.07 0.01 0.05 0.52 0.64 0.64 0.64 0.64 0.65 0.68 0.65 0.65 0.59 0.64 0.60 0.58 0.59 0.58 0.82 1.00 0.81 0.37 0.37 0.37 0.37
0.79 0.77 0.77 0.76 0.54 0.79 0.77 0.75 0.72 0.77 0.74 0.74 0.77 0.74 0.74 0.73 0.48 0.72 0.67 0.73 0.74 0.74 0.74 0.72 0.47 0.59 0.73 0.44 0.67 0.73 0.72 0.72 0.72 0.73 0.72 0.72 0.69 0.73 0.69 0.72 0.62 0.75 0.66 0.78 0.78 0.77 0.78 0.79 0.76 0.77 0.77 0.77 0.15 0.70 0.70 0.70 0.70 0.70 0.19 0.18 0.02 0.10 0.75 0.81 0.81 0.81 0.81 0.82 0.83 0.82 0.82 0.79 0.81 0.79 0.79 0.78 0.73 0.90 1.00 0.90 0.59 0.60 0.60 0.60
0.72 0.69 0.69 0.68 0.46 0.71 0.69 0.67 0.64 0.69 0.66 0.65 0.69 0.65 0.65 0.63 0.39 0.63 0.57 0.63 0.65 0.65 0.65 0.63 0.37 0.48 0.63 0.34 0.57 0.63 0.62 0.62 0.63 0.63 0.62 0.62 0.59 0.63 0.59 0.65 0.55 0.69 0.60 0.73 0.73 0.71 0.73 0.74 0.70 0.71 0.71 0.71 0.10 0.64 0.64 0.64 0.64 0.64 0.14 0.13 0.01 0.08 0.66 0.75 0.75 0.75 0.75 0.76 0.78 0.76 0.76 0.72 0.75 0.73 0.71 0.71 0.68 0.87 1.00 0.87 0.51 0.51 0.51 0.51
0.92 0.92 0.92 0.91 0.77 0.92 0.92 0.91 0.89 0.92 0.91 0.91 0.92 0.91 0.91 0.90 0.69 0.90 0.87 0.91 0.91 0.91 0.91 0.90 0.74 0.84 0.91 0.69 0.88 0.91 0.90 0.90 0.90 0.91 0.90 0.90 0.89 0.91 0.89 0.88 0.80 0.89 0.82 0.90 0.90 0.89 0.90 0.90 0.89 0.89 0.89 0.89 0.32 0.85 0.85 0.85 0.85 0.85 0.35 0.34 0.07 0.18 0.90 0.93 0.93 0.93 0.93 0.93 0.93 0.93 0.93 0.92 0.93 0.92 0.92 0.91 0.87 0.96 1.00 0.96 0.78 0.81 0.81 0.81
0.87 0.86 0.86 0.85 0.67 0.86 0.86 0.84 0.82 0.85 0.84 0.84 0.85 0.84 0.84 0.83 0.60 0.84 0.79 0.84 0.84 0.84 0.84 0.84 0.61 0.74 0.84 0.57 0.80 0.84 0.83 0.83 0.84 0.84 0.83 0.83 0.81 0.84 0.81 0.81 0.71 0.83 0.75 0.85 0.85 0.84 0.85 0.85 0.83 0.84 0.84 0.84 0.23 0.78 0.78 0.78 0.78 0.78 0.26 0.26 0.04 0.13 0.84 0.88 0.88 0.88 0.88 0.88 0.89 0.88 0.88 0.87 0.88 0.87 0.86 0.86 0.80 0.93 1.00 0.93 0.69 0.71 0.71 0.71
0.98 0.98 0.98 0.98 0.90 0.98 0.98 0.97 0.97 0.98 0.98 0.97 0.98 0.98 0.98 0.97 0.84 0.97 0.96 0.98 0.98 0.98 0.98 0.97 0.89 0.95 0.98 0.85 0.97 0.98 0.98 0.98 0.97 0.98 0.98 0.98 0.97 0.98 0.97 0.95 0.91 0.96 0.93 0.96 0.96 0.96 0.96 0.96 0.96 0.96 0.96 0.96 0.53 0.94 0.94 0.94 0.94 0.94 0.52 0.52 0.19 0.29 0.97 0.98 0.98 0.98 0.98 0.98 0.98 0.98 0.98 0.98 0.98 0.98 0.98 0.98 0.94 0.99 1.00 0.99 0.91 0.93 0.93 0.93
0.98 0.98 0.98 0.98 0.91 0.98 0.98 0.97 0.97 0.98 0.97 0.97 0.98 0.98 0.98 0.97 0.85 0.98 0.96 0.98 0.98 0.98 0.98 0.98 0.90 0.95 0.98 0.85 0.97 0.98 0.98 0.98 0.98 0.98 0.98 0.98 0.97 0.98 0.97 0.95 0.92 0.96 0.93 0.96 0.96 0.96 0.96 0.96 0.96 0.96 0.96 0.96 0.54 0.94 0.94 0.94 0.94 0.94 0.52 0.53 0.18 0.30 0.97 0.98 0.98 0.98 0.98 0.98 0.98 0.98 0.98 0.98 0.98 0.97 0.98 0.98 0.94 0.99 1.00 0.99 0.91 0.94 0.94 0.94
0.79 0.77 0.77 0.77 0.56 0.79 0.77 0.76 0.73 0.77 0.75 0.75 0.77 0.75 0.75 0.72 0.47 0.72 0.68 0.73 0.75 0.75 0.75 0.72 0.48 0.60 0.73 0.45 0.68 0.73 0.72 0.72 0.72 0.73 0.72 0.72 0.70 0.73 0.70 0.72 0.63 0.76 0.67 0.79 0.79 0.78 0.79 0.79 0.77 0.78 0.78 0.78 0.15 0.71 0.71 0.71 0.71 0.71 0.19 0.18 0.02 0.10 0.74 0.81 0.81 0.81 0.81 0.82 0.83 0.82 0.82 0.79 0.81 0.79 0.78 0.78 0.73 0.90 1.00 0.90 0.58 0.60 0.60 0.60
0.76 0.73 0.73 0.72 0.48 0.74 0.73 0.71 0.68 0.72 0.70 0.69 0.72 0.69 0.69 0.67 0.42 0.67 0.61 0.67 0.69 0.69 0.69 0.67 0.42 0.53 0.67 0.38 0.61 0.67 0.66 0.66 0.67 0.67 0.66 0.66 0.64 0.67 0.64 0.68 0.57 0.71 0.61 0.75 0.75 0.73 0.75 0.75 0.72 0.73 0.73 0.73 0.12 0.66 0.66 0.66 0.66 0.66 0.16 0.15 0.02 0.08 0.69 0.77 0.77 0.77 0.77 0.78 0.80 0.78 0.78 0.75 0.77 0.75 0.74 0.74 0.70 0.88 1.00 0.88 0.53 0.54 0.54 0.54
0.60 0.54 0.54 0.52 0.29 0.57 0.54 0.51 0.47 0.53 0.49 0.48 0.53 0.47 0.47 0.44 0.23 0.43 0.40 0.44 0.47 0.47 0.47 0.43 0.20 0.28 0.44 0.19 0.36 0.44 0.42 0.42 0.43 0.44 0.42 0.42 0.39 0.44 0.39 0.51 0.41 0.57 0.47 0.63 0.63 0.60 0.63 0.64 0.59 0.60 0.60 0.60 0.05 0.51 0.51 0.51 0.51 0.51 0.09 0.08 0.01 0.05 0.51 0.63 0.63 0.63 0.63 0.65 0.68 0.65 0.65 0.59 0.63 0.60 0.58 0.58 0.58 0.82 1.00 0.81 0.37 0.36 0.36 0.36
0.97 0.97 0.97 0.97 0.88 0.97 0.97 0.97 0.96 0.97 0.96 0.96 0.97 0.97 0.97 0.96 0.81 0.96 0.94 0.96 0.97 0.97 0.97 0.96 0.86 0.93 0.96 0.81 0.95 0.97 0.96 0.96 0.96 0.97 0.96 0.96 0.96 0.97 0.96 0.94 0.89 0.95 0.91 0.95 0.95 0.95 0.95 0.95 0.95 0.95 0.95 0.95 0.48 0.93 0.93 0.93 0.93 0.93 0.47 0.48 0.14 0.27 0.96 0.97 0.97 0.97 0.97 0.97 0.97 0.97 0.97 0.97 0.97 0.97 0.97 0.97 0.93 0.98 1.00 0.98 0.87 0.90 0.90 0.90
0.97 0.97 0.97 0.97 0.89 0.97 0.97 0.97 0.96 0.97 0.97 0.97 0.97 0.97 0.97 0.97 0.83 0.97 0.95 0.97 0.97 0.97 0.97 0.97 0.88 0.94 0.97 0.83 0.96 0.97 0.97 0.97 0.97 0.97 0.97 0.97 0.96 0.97 0.96 0.95 0.90 0.95 0.92 0.96 0.96 0.95 0.96 0.96 0.95 0.95 0.95 0.95 0.50 0.93 0.93 0.93 0.93 0.93 0.49 0.50 0.17 0.28 0.97 0.98 0.98 0.98 0.98 0.98 0.98 0.98 0.98 0.97 0.98 0.97 0.97 0.97 0.94 0.99 1.00 0.99 0.89 0.93 0.93 0.93
0.96 0.96 0.96 0.96 0.87 0.96 0.96 0.96 0.95 0.96 0.96 0.96 0.96 0.96 0.96 0.96 0.79 0.96 0.93 0.96 0.96 0.96 0.96 0.96 0.85 0.92 0.96 0.80 0.95 0.96 0.96 0.96 0.96 0.96 0.96 0.96 0.95 0.96 0.95 0.93 0.88 0.94 0.90 0.95 0.95 0.94 0.95 0.95 0.94 0.94 0.94 0.94 0.44 0.91 0.91 0.91 0.91 0.91 0.45 0.46 0.14 0.26 0.95 0.97 0.97 0.97 0.97 0.97 0.97 0.97 0.97 0.96 0.97 0.96 0.96 0.96 0.93 0.98 1.00 0.98 0.87 0.90 0.90 0.90
0.95 0.96 0.96 0.95 0.85 0.96 0.96 0.95 0.94 0.95 0.95 0.95 0.95 0.95 0.95 0.95 0.78 0.95 0.92 0.95 0.95 0.95 0.95 0.95 0.83 0.91 0.95 0.78 0.94 0.95 0.95 0.95 0.95 0.95 0.95 0.95 0.94 0.95 0.94 0.92 0.87 0.93 0.89 0.94 0.94 0.93 0.94 0.94 0.93 0.93 0.93 0.93 0.42 0.90 0.90 0.90 0.90 0.90 0.43 0.44 0.12 0.23 0.94 0.96 0.96 0.96 0.96 0.96 0.96 0.96 0.96 0.95 0.96 0.95 0.95 0.95 0.91 0.97 1.00 0.97 0.85 0.88 0.88 0.88
0.78 0.76 0.76 0.76 0.54 0.77 0.76 0.74 0.71 0.76 0.74 0.73 0.76 0.74 0.74 0.71 0.46 0.72 0.66 0.72 0.74 0.74 0.74 0.72 0.47 0.58 0.72 0.44 0.66 0.72 0.71 0.71 0.72 0.72 0.71 0.71 0.68 0.72 0.68 0.71 0.61 0.75 0.65 0.78 0.78 0.76 0.78 0.78 0.76 0.76 0.76 0.76 0.14 0.69 0.69 0.69 0.69 0.69 0.18 0.18 0.02 0.09 0.73 0.80 0.80 0.80 0.80 0.81 0.82 0.81 0.81 0.77 0.80 0.78 0.77 0.77 0.72 0.90 1.00 0.89 0.57 0.58 0.58 0.58
0.80 0.78 0.78 0.77 0.56 0.79 0.78 0.76 0.74 0.78 0.76 0.75 0.78 0.76 0.76 0.74 0.49 0.74 0.68 0.75 0.76 0.76 0.76 0.74 0.49 0.61 0.75 0.46 0.69 0.74 0.73 0.73 0.74 0.74 0.73 0.73 0.71 0.74 0.71 0.74 0.63 0.76 0.67 0.79 0.79 0.77 0.79 0.79 0.77 0.77 0.77 0.77 0.16 0.71 0.71 0.71 0.71 0.71 0.20 0.20 0.02 0.10 0.75 0.82 0.82 0.82 0.82 0.82 0.83 0.82 0.82 0.80 0.82 0.80 0.79 0.79 0.74 0.90 1.00 0.90 0.59 0.61 0.61 0.61
0.62 0.57 0.57 0.56 0.32 0.60 0.57 0.54 0.50 0.57 0.53 0.51 0.57 0.50 0.50 0.49 0.26 0.47 0.43 0.48 0.50 0.50 0.50 0.47 0.24 0.32 0.48 0.22 0.41 0.48 0.46 0.46 0.47 0.48 0.46 0.46 0.43 0.48 0.43 0.54 0.45 0.60 0.50 0.66 0.66 0.64 0.66 0.67 0.62 0.64 0.64 0.64 0.06 0.54 0.54 0.54 0.54 0.54 0.10 0.08 0.01 0.05 0.53 0.65 0.65 0.65 0.65 0.67 0.70 0.67 0.67 0.61 0.65 0.62 0.60 0.60 0.59 0.82 1.00 0.81 0.39 0.38 0.38 0.38
0.94 0.94 0.94 0.94 0.82 0.94 0.94 0.94 0.93 0.94 0.94 0.94 0.94 0.94 0.94 0.93 0.74 0.94 0.90 0.94 0.94 0.94 0.94 0.94 0.79 0.88 0.94 0.74 0.92 0.94 0.93 0.93 0.94 0.94 0.93 0.93 0.93 0.94 0.93 0.90 0.84 0.91 0.86 0.92 0.92 0.91 0.92 0.92 0.91 0.91 0.91 0.91 0.37 0.88 0.88 0.88 0.88 0.88 0.38 0.39 0.10 0.21 0.93 0.95 0.95 0.95 0.95 0.95 0.95 0.95 0.95 0.94 0.95 0.94 0.94 0.94 0.89 0.97 1.00 0.97 0.82 0.85 0.85 0.85
0.66 0.61 0.61 0.59 0.35 0.63 0.61 0.58 0.54 0.60 0.57 0.55 0.60 0.54 0.55 0.52 0.29 0.52 0.48 0.53 0.54 0.54 0.55 0.52 0.27 0.37 0.53 0.26 0.45 0.53 0.51 0.51 0.52 0.53 0.51 0.51 0.47 0.53 0.47 0.56 0.47 0.62 0.52 0.67 0.67 0.65 0.67 0.69 0.64 0.65 0.65 0.65 0.07 0.56 0.56 0.56 0.56 0.56 0.10 0.09 0.01 0.06 0.58 0.69 0.69 0.69 0.69 0.70 0.73 0.70 0.70 0.65 0.69 0.65 0.64 0.64 0.62 0.84 1.00 0.83 0.42 0.43 0.43 0.43
0.78 0.75 0.75 0.74 0.52 0.77 0.75 0.73 0.70 0.75 0.73 0.72 0.75 0.72 0.72 0.70 0.46 0.70 0.65 0.70 0.72 0.72 0.72 0.70 0.44 0.58 0.70 0.41 0.65 0.70 0.70 0.70 0.70 0.70 0.70 0.70 0.67 0.70 0.67 0.70 0.59 0.74 0.64 0.77 0.77 0.75 0.77 0.77 0.74 0.75 0.75 0.75 0.14 0.68 0.68 0.68 0.68 0.68 0.18 0.17 0.02 0.09 0.72 0.80 0.80 0.80 0.80 0.81 0.82 0.81 0.81 0.77 0.80 0.77 0.77 0.77 0.71 0.89 1.00 0.89 0.56 0.58 0.58 0.58
0.69 0.65 0.65 0.63 0.40 0.67 0.65 0.62 0.59 0.64 0.61 0.60 0.64 0.59 0.59 0.58 0.34 0.57 0.53 0.57 0.59 0.59 0.59 0.57 0.32 0.42 0.57 0.29 0.51 0.57 0.56 0.56 0.57 0.57 0.56 0.56 0.53 0.57 0.53 0.60 0.49 0.66 0.55 0.70 0.70 0.68 0.70 0.71 0.67 0.68 0.68 0.68 0.09 0.59 0.59 0.59 0.59 0.59 0.12 0.12 0.01 0.07 0.61 0.71 0.71 0.71 0.71 0.72 0.75 0.72 0.72 0.68 0.71 0.69 0.67 0.67 0.64 0.85 1.00 0.84 0.45 0.46 0.46 0.46
0.66 0.62 0.62 0.61 0.37 0.64 0.62 0.59 0.56 0.61 0.58 0.57 0.61 0.56 0.56 0.54 0.31 0.53 0.49 0.54 0.56 0.56 0.56 0.53 0.28 0.39 0.54 0.27 0.47 0.54 0.53 0.52 0.53 0.54 0.53 0.52 0.49 0.54 0.49 0.58 0.48 0.64 0.54 0.68 0.68 0.66 0.68 0.69 0.65 0.66 0.66 0.66 0.08 0.57 0.57 0.57 0.57 0.57 0.12 0.11 0.01 0.05 0.58 0.69 0.69 0.69 0.69 0.70 0.72 0.70 0.70 0.65 0.69 0.65 0.64 0.64 0.62 0.84 1.00 0.83 0.43 0.43 0.43 0.43
0.80 0.78 0.78 0.77 0.56 0.79 0.78 0.76 0.73 0.78 0.76 0.75 0.78 0.76 0.76 0.74 0.48 0.74 0.69 0.75 0.76 0.76 0.76 0.74 0.48 0.61 0.75 0.45 0.69 0.74 0.74 0.73 0.74 0.74 0.74 0.73 0.71 0.74 0.71 0.73 0.62 0.76 0.67 0.79 0.79 0.77 0.79 0.79 0.76 0.77 0.77 0.77 0.15 0.70 0.70 0.70 0.70 0.70 0.18 0.18 0.02 0.10 0.75 0.82 0.82 0.82 0.82 0.83 0.84 0.83 0.83 0.80 0.82 0.80 0.80 0.79 0.74 0.90 1.00 0.90 0.59 0.61 0.61 0.61
0.85 0.84 0.84 0.84 0.64 0.85 0.84 0.83 0.80 0.84 0.83 0.82 0.84 0.82 0.82 0.81 0.56 0.81 0.76 0.82 0.82 0.82 0.82 0.81 0.58 0.70 0.82 0.55 0.77 0.82 0.81 0.81 0.81 0.82 0.81 0.81 0.79 0.82 0.79 0.79 0.69 0.81 0.73 0.83 0.83 0.82 0.83 0.83 0.81 0.82 0.82 0.82 0.20 0.76 0.76 0.76 0.76 0.76 0.23 0.23 0.03 0.12 0.81 0.87 0.87 0.87 0.87 0.87 0.88 0.87 0.87 0.85 0.87 0.85 0.85 0.85 0.79 0.93 1.00 0.93 0.66 0.69 0.69 0.69
0.86 0.85 0.85 0.85 0.66 0.86 0.85 0.84 0.82 0.85 0.84 0.84 0.85 0.84 0.84 0.83 0.59 0.83 0.78 0.83 0.84 0.84 0.84 0.83 0.61 0.73 0.83 0.57 0.79 0.83 0.82 0.82 0.83 0.83 0.82 0.82 0.81 0.83 0.81 0.81 0.72 0.83 0.75 0.85 0.85 0.84 0.85 0.85 0.83 0.84 0.84 0.84 0.23 0.78 0.78 0.78 0.78 0.78 0.27 0.26 0.04 0.13 0.83 0.87 0.87 0.87 0.87 0.88 0.89 0.88 0.88 0.86 0.87 0.86 0.86 0.85 0.80 0.93 1.00 0.93 0.69 0.71 0.71 0.71
0.74 0.71 0.71 0.70 0.47 0.73 0.71 0.69 0.66 0.71 0.68 0.67 0.71 0.68 0.68 0.66 0.41 0.65 0.60 0.66 0.68 0.68 0.68 0.65 0.39 0.51 0.66 0.36 0.60 0.66 0.65 0.65 0.65 0.66 0.65 0.65 0.62 0.66 0.62 0.67 0.56 0.71 0.60 0.74 0.74 0.73 0.74 0.75 0.71 0.73 0.73 0.73 0.12 0.65 0.65 0.65 0.65 0.65 0.16 0.14 0.01 0.08 0.68 0.77 0.77 0.77 0.77 0.78 0.79 0.78 0.78 0.74 0.77 0.74 0.74 0.73 0.69 0.88 1.00 0.88 0.52 0.53 0.53 0.53
0.80 0.78 0.78 0.77 0.56 0.80 0.78 0.76 0.73 0.78 0.76 0.76 0.78 0.75 0.76 0.74 0.49 0.74 0.69 0.75 0.75 0.75 0.76 0.74 0.49 0.61 0.75 0.46 0.69 0.74 0.73 0.73 0.74 0.74 0.73 0.73 0.71 0.74 0.71 0.73 0.62 0.76 0.67 0.79 0.79 0.78 0.79 0.79 0.77 0.78 0.78 0.78 0.15 0.71 0.71 0.71 0.71 0.71 0.20 0.19 0.03 0.10 0.75 0.82 0.82 0.82 0.82 0.83 0.84 0.83 0.83 0.80 0.82 0.80 0.79 0.79 0.74 0.91 1.00 0.91 0.59 0.62 0.62 0.62
0.98 0.98 0.98 0.98 0.93 0.98 0.98 0.98 0.98 0.98 0.98 0.98 0.98 0.98 0.98 0.98 0.87 0.98 0.97 0.98 0.98 0.98 0.98 0.98 0.92 0.97 0.98 0.88 0.98 0.98 0.98 0.98 0.98 0.98 0.98 0.98 0.98 0.98 0.98 0.96 0.93 0.97 0.94 0.97 0.97 0.97 0.97 0.97 0.97 0.97 0.97 0.97 0.59 0.95 0.95 0.95 0.95 0.95 0.57 0.57 0.22 0.33 0.98 0.98 0.98 0.98 0.98 0.98 0.98 0.98 0.98 0.98 0.98 0.98 0.98 0.98 0.96 0.99 1.00 0.99 0.93 0.95 0.95 0.95
0.86 0.86 0.86 0.85 0.66 0.86 0.86 0.84 0.82 0.85 0.84 0.84 0.85 0.84 0.84 0.83 0.60 0.83 0.78 0.83 0.84 0.84 0.84 0.83 0.61 0.73 0.83 0.57 0.79 0.83 0.83 0.83 0.83 0.83 0.83 0.83 0.81 0.83 0.81 0.81 0.71 0.83 0.75 0.85 0.85 0.84 0.85 0.85 0.83 0.84 0.84 0.84 0.22 0.78 0.78 0.78 0.78 0.78 0.26 0.25 0.04 0.13 0.83 0.88 0.88 0.88 0.88 0.88 0.89 0.88 0.88 0.86 0.88 0.86 0.86 0.86 0.80 0.93 1.00 0.93 0.69 0.72 0.72 0.72
0.79 0.77 0.77 0.76 0.54 0.78 0.77 0.74 0.72 0.76 0.74 0.73 0.76 0.74 0.74 0.72 0.47 0.72 0.67 0.72 0.74 0.74 0.74 0.72 0.46 0.59 0.72 0.43 0.67 0.72 0.71 0.71 0.72 0.72 0.71 0.71 0.69 0.72 0.69 0.72 0.61 0.75 0.65 0.78 0.78 0.76 0.78 0.78 0.75 0.76 0.76 0.76 0.14 0.69 0.69 0.69 0.69 0.69 0.18 0.17 0.02 0.09 0.73 0.81 0.81 0.81 0.81 0.81 0.83 0.81 0.81 0.79 0.81 0.79 0.78 0.78 0.73 0.90 1.00 0.89 0.58 0.60 0.60 0.60
0.91 0.91 0.91 0.90 0.75 0.91 0.91 0.90 0.88 0.90 0.90 0.90 0.90 0.90 0.90 0.89 0.67 0.89 0.85 0.90 0.90 0.90 0.90 0.89 0.71 0.82 0.90 0.66 0.86 0.90 0.89 0.89 0.89 0.90 0.89 0.89 0.88 0.90 0.88 0.86 0.78 0.87 0.81 0.89 0.89 0.88 0.89 0.89 0.87 0.88 0.88 0.88 0.29 0.83 0.83 0.83 0.83 0.83 0.32 0.32 0.07 0.17 0.88 0.92 0.92 0.92 0.92 0.92 0.93 0.92 0.92 0.91 0.92 0.91 0.91 0.91 0.85 0.95 1.00 0.95 0.77 0.80 0.80 0.80
0.80 0.78 0.78 0.77 0.54 0.79 0.78 0.76 0.73 0.77 0.76 0.75 0.77 0.75 0.75 0.73 0.49 0.73 0.68 0.74 0.75 0.75 0.75 0.73 0.48 0.60 0.74 0.45 0.68 0.74 0.73 0.73 0.73 0.74 0.73 0.73 0.70 0.74 0.70 0.73 0.62 0.76 0.66 0.78 0.78 0.77 0.78 0.79 0.76 0.77 0.77 0.77 0.15 0.70 0.70 0.70 0.70 0.70 0.20 0.18 0.02 0.10 0.75 0.81 0.81 0.81 0.81 0.82 0.83 0.82 0.82 0.80 0.81 0.79 0.79 0.78 0.74 0.90 1.00 0.90 0.59 0.62 0.62 0.62
0.59 0.54 0.54 0.53 0.29 0.57 0.54 0.51 0.47 0.54 0.49 0.47 0.54 0.46 0.46 0.45 0.23 0.43 0.39 0.44 0.46 0.46 0.46 0.43 0.20 0.28 0.44 0.19 0.36 0.44 0.42 0.42 0.43 0.44 0.42 0.42 0.39 0.44 0.39 0.51 0.42 0.58 0.47 0.64 0.64 0.61 0.64 0.65 0.59 0.61 0.61 0.61 0.05 0.51 0.51 0.51 0.51 0.51 0.08 0.07 0.01 0.04 0.50 0.62 0.62 0.62 0.62 0.64 0.68 0.64 0.64 0.58 0.62 0.59 0.57 0.57 0.56 0.81 1.00 0.80 0.35 0.35 0.35 0.35
0.86 0.85 0.85 0.84 0.65 0.85 0.85 0.83 0.81 0.84 0.83 0.82 0.84 0.83 0.83 0.82 0.58 0.82 0.77 0.82 0.83 0.83 0.83 0.82 0.60 0.71 0.82 0.56 0.78 0.82 0.82 0.81 0.82 0.82 0.82 0.81 0.79 0.82 0.79 0.80 0.71 0.82 0.74 0.84 0.84 0.83 0.84 0.85 0.83 0.83 0.83 0.83 0.22 0.78 0.78 0.78 0.78 0.78 0.25 0.24 0.04 0.13 0.82 0.87 0.87 0.87 0.87 0.88 0.88 0.88 0.88 0.86 0.87 0.86 0.85 0.85 0.80 0.93 1.00 0.93 0.68 0.70 0.70 0.70
0.83 0.81 0.81 0.81 0.59 0.82 0.81 0.80 0.77 0.81 0.80 0.79 0.81 0.79 0.79 0.78 0.52 0.77 0.73 0.78 0.79 0.79 0.79 0.77 0.53 0.66 0.78 0.49 0.73 0.78 0.78 0.77 0.77 0.78 0.78 0.77 0.75 0.78 0.75 0.76 0.66 0.79 0.70 0.81 0.81 0.80 0.81 0.81 0.79 0.80 0.80 0.80 0.17 0.74 0.74 0.74 0.74 0.74 0.21 0.20 0.03 0.11 0.78 0.85 0.85 0.85 0.85 0.85 0.86 0.85 0.85 0.83 0.85 0.83 0.82 0.82 0.77 0.92 1.00 0.92 0.63 0.65 0.65 0.65
0.86 0.85 0.85 0.84 0.64 0.85 0.85 0.83 0.81 0.84 0.83 0.83 0.84 0.83 0.83 0.82 0.58 0.82 0.77 0.83 0.83 0.83 0.83 0.82 0.59 0.71 0.83 0.55 0.78 0.82 0.82 0.82 0.82 0.82 0.82 0.82 0.80 0.82 0.80 0.80 0.70 0.82 0.74 0.84 0.84 0.83 0.84 0.84 0.82 0.83 0.83 0.83 0.21 0.77 0.77 0.77 0.77 0.77 0.25 0.25 0.04 0.13 0.82 0.87 0.87 0.87 0.87 0.88 0.88 0.88 0.88 0.86 0.87 0.85 0.85 0.85 0.80 0.93 1.00 0.93 0.67 0.69 0.69 0.69
0.57 0.51 0.51 0.50 0.27 0.53 0.51 0.48 0.44 0.50 0.46 0.44 0.50 0.43 0.43 0.41 0.21 0.40 0.37 0.41 0.43 0.43 0.43 0.40 0.18 0.26 0.41 0.17 0.34 0.41 0.39 0.39 0.40 0.41 0.39 0.39 0.36 0.41 0.36 0.48 0.40 0.56 0.45 0.62 0.62 0.60 0.62 0.64 0.58 0.60 0.60 0.60 0.05 0.50 0.50 0.50 0.50 0.50 0.08 0.06 0.01 0.04 0.48 0.60 0.60 0.60 0.60 0.62 0.66 0.62 0.62 0.56 0.60 0.57 0.54 0.55 0.55 0.80 1.00 0.79 0.34 0.33 0.33 0.33
0.81 0.80 0.80 0.79 0.57 0.81 0.80 0.78 0.75 0.80 0.78 0.77 0.80 0.78 0.78 0.76 0.51 0.76 0.71 0.76 0.78 0.78 0.78 0.76 0.51 0.64 0.76 0.48 0.71 0.76 0.76 0.76 0.76 0.76 0.76 0.76 0.73 0.76 0.73 0.75 0.65 0.78 0.69 0.80 0.80 0.79 0.80 0.81 0.79 0.79 0.79 0.79 0.17 0.73 0.73 0.73 0.73 0.73 0.21 0.20 0.03 0.10 0.77 0.83 0.83 0.83 0.83 0.84 0.85 0.84 0.84 0.81 0.83 0.81 0.81 0.81 0.76 0.91 1.00 0.91 0.62 0.63 0.63 0.63
0.78 0.75 0.75 0.74 0.52 0.77 0.75 0.73 0.70 0.75 0.73 0.72 0.75 0.72 0.72 0.70 0.45 0.70 0.65 0.71 0.72 0.72 0.72 0.70 0.44 0.57 0.71 0.41 0.65 0.71 0.70 0.70 0.70 0.71 0.70 0.70 0.67 0.71 0.67 0.70 0.60 0.74 0.64 0.77 0.77 0.75 0.77 0.77 0.74 0.75 0.75 0.75 0.13 0.68 0.68 0.68 0.68 0.68 0.17 0.17 0.02 0.09 0.72 0.79 0.79 0.79 0.79 0.80 0.82 0.80 0.80 0.77 0.79 0.77 0.76 0.76 0.72 0.89 1.00 0.89 0.56 0.58 0.58 0.58
0.94 0.94 0.94 0.94 0.82 0.94 0.94 0.94 0.93 0.94 0.94 0.94 0.94 0.94 0.94 0.93 0.76 0.94 0.91 0.94 0.94 0.94 0.94 0.94 0.80 0.89 0.94 0.76 0.92 0.94 0.94 0.94 0.94 0.94 0.94 0.94 0.93 0.94 0.93 0.91 0.85 0.92 0.87 0.92 0.92 0.92 0.92 0.93 0.92 0.92 0.92 0.92 0.38 0.89 0.89 0.89 0.89 0.89 0.40 0.40 0.10 0.21 0.93 0.95 0.95 0.95 0.95 0.95 0.95 0.95 0.95 0.94 0.95 0.94 0.94 0.94 0.90 0.97 1.00 0.97 0.83 0.86 0.86 0.86
0.70 0.66 0.66 0.65 0.42 0.68 0.66 0.64 0.60 0.65 0.63 0.62 0.65 0.61 0.61 0.59 0.35 0.58 0.53 0.58 0.61 0.61 0.61 0.58 0.33 0.44 0.58 0.30 0.52 0.58 0.57 0.57 0.58 0.58 0.57 0.57 0.54 0.58 0.54 0.62 0.52 0.68 0.57 0.72 0.72 0.70 0.72 0.73 0.69 0.70 0.70 0.70 0.09 0.62 0.62 0.62 0.62 0.62 0.14 0.12 0.01 0.07 0.63 0.72 0.72 0.72 0.72 0.73 0.75 0.73 0.73 0.69 0.72 0.69 0.67 0.68 0.65 0.85 1.00 0.85 0.47 0.48 0.48 0.48
0.72 0.69 0.69 0.68 0.44 0.71 0.69 0.67 0.64 0.69 0.66 0.65 0.69 0.65 0.65 0.63 0.38 0.62 0.57 0.63 0.65 0.65 0.65 0.62 0.37 0.49 0.63 0.34 0.57 0.63 0.62 0.62 0.62 0.63 0.62 0.62 0.59 0.63 0.59 0.64 0.54 0.70 0.59 0.73 0.73 0.71 0.73 0.74 0.70 0.71 0.71 0.71 0.11 0.63 0.63 0.63 0.63 0.63 0.15 0.14 0.02 0.07 0.66 0.75 0.75 0.75 0.75 0.76 0.78 0.76 0.76 0.72 0.75 0.72 0.71 0.71 0.67 0.86 1.00 0.86 0.50 0.51 0.51 0.51
0.91 0.91 0.91 0.90 0.75 0.91 0.91 0.90 0.89 0.91 0.90 0.90 0.91 0.90 0.90 0.89 0.68 0.89 0.86 0.90 0.90 0.90 0.90 0.89 0.71 0.82 0.90 0.67 0.87 0.90 0.89 0.89 0.89 0.90 0.89 0.89 0.88 0.90 0.88 0.87 0.79 0.88 0.81 0.89 0.89 0.88 0.89 0.89 0.88 0.88 0.88 0.88 0.31 0.84 0.84 0.84 0.84 0.84 0.33 0.33 0.07 0.17 0.89 0.92 0.92 0.92 0.92 0.92 0.93 0.92 0.92 0.91 0.92 0.91 0.91 0.91 0.86 0.96 1.00 0.96 0.77 0.80 0.80 0.80
