0.50 0.63 0.63 0.62 0.41 0.61 0.63 0.62 0.59 0.65 0.64 0.65 0.65 0.68 0.67 0.65 0.43 0.67 1.00 0.76 0.68 0.68 0.68 0.67 0.43 0.56 0.76 0.42 0.65 0.75 0.71 0.71 0.67 0.75 0.71 0.71 0.67 0.75 0.67
0.32 0.43 0.43 0.41 0.23 0.43 0.43 0.41 0.38 0.47 0.44 0.45 0.47 0.50 0.49 0.46 0.27 0.50 1.00 0.66 0.50 0.50 0.50 0.50 0.26 0.39 0.66 0.27 0.50 0.65 0.58 0.58 0.50 0.65 0.58 0.58 0.52 0.65 0.52
0.37 0.49 0.49 0.47 0.28 0.48 0.49 0.46 0.43 0.52 0.49 0.50 0.52 0.54 0.54 0.51 0.31 0.54 1.00 0.69 0.54 0.54 0.54 0.54 0.30 0.44 0.69 0.31 0.54 0.67 0.62 0.61 0.54 0.67 0.62 0.62 0.56 0.67 0.56
0.69 0.80 0.80 0.79 0.61 0.77 0.80 0.79 0.77 0.80 0.80 0.81 0.80 0.82 0.82 0.81 0.61 0.81 1.00 0.84 0.82 0.82 0.82 0.81 0.64 0.74 0.84 0.60 0.80 0.84 0.83 0.83 0.81 0.84 0.83 0.83 0.81 0.84 0.81
0.48 0.60 0.60 0.58 0.38 0.58 0.60 0.57 0.55 0.61 0.61 0.61 0.61 0.64 0.64 0.62 0.40 0.64 1.00 0.74 0.64 0.64 0.64 0.64 0.40 0.54 0.74 0.40 0.62 0.72 0.69 0.68 0.64 0.72 0.69 0.68 0.64 0.72 0.64
0.67 0.78 0.78 0.77 0.59 0.76 0.78 0.76 0.74 0.78 0.79 0.79 0.78 0.80 0.80 0.79 0.59 0.80 1.00 0.83 0.80 0.80 0.80 0.80 0.62 0.73 0.83 0.58 0.78 0.83 0.82 0.81 0.80 0.83 0.82 0.81 0.79 0.83 0.79
0.83 0.90 0.90 0.89 0.76 0.88 0.90 0.89 0.88 0.89 0.90 0.90 0.89 0.90 0.90 0.90 0.74 0.90 1.00 0.91 0.90 0.90 0.90 0.90 0.79 0.86 0.91 0.75 0.89 0.91 0.90 0.90 0.90 0.91 0.90 0.90 0.89 0.91 0.89
0.64 0.75 0.75 0.74 0.54 0.72 0.75 0.74 0.71 0.75 0.76 0.76 0.75 0.78 0.78 0.76 0.55 0.77 1.00 0.81 0.78 0.78 0.78 0.77 0.58 0.69 0.81 0.54 0.76 0.81 0.79 0.79 0.77 0.81 0.79 0.79 0.77 0.81 0.77
0.28 0.39 0.39 0.38 0.21 0.39 0.39 0.37 0.35 0.43 0.40 0.41 0.43 0.46 0.45 0.42 0.25 0.46 1.00 0.64 0.46 0.46 0.46 0.46 0.23 0.36 0.64 0.25 0.47 0.62 0.56 0.55 0.46 0.62 0.56 0.55 0.49 0.62 0.49
0.77 0.86 0.86 0.85 0.69 0.83 0.86 0.85 0.83 0.85 0.86 0.86 0.85 0.87 0.87 0.86 0.68 0.87 1.00 0.88 0.87 0.87 0.87 0.87 0.72 0.81 0.88 0.68 0.85 0.88 0.87 0.87 0.87 0.88 0.87 0.87 0.86 0.88 0.86
0.65 0.77 0.77 0.75 0.57 0.74 0.77 0.75 0.73 0.77 0.77 0.77 0.77 0.79 0.79 0.77 0.57 0.79 1.00 0.82 0.79 0.79 0.79 0.79 0.59 0.71 0.82 0.56 0.77 0.82 0.80 0.80 0.79 0.82 0.80 0.80 0.78 0.82 0.78
0.28 0.39 0.39 0.37 0.20 0.38 0.39 0.36 0.34 0.43 0.40 0.41 0.43 0.46 0.45 0.42 0.25 0.46 1.00 0.65 0.46 0.46 0.46 0.46 0.23 0.35 0.65 0.24 0.47 0.63 0.56 0.55 0.46 0.63 0.56 0.55 0.49 0.63 0.49
0.30 0.41 0.41 0.39 0.21 0.40 0.41 0.38 0.36 0.45 0.42 0.42 0.45 0.47 0.46 0.44 0.26 0.47 1.00 0.66 0.47 0.47 0.47 0.47 0.25 0.36 0.66 0.27 0.48 0.63 0.57 0.56 0.47 0.63 0.57 0.56 0.50 0.63 0.50
0.47 0.61 0.61 0.59 0.38 0.58 0.61 0.58 0.56 0.62 0.61 0.61 0.62 0.65 0.65 0.63 0.41 0.65 1.00 0.74 0.65 0.65 0.65 0.65 0.41 0.54 0.74 0.39 0.63 0.73 0.70 0.69 0.65 0.73 0.70 0.69 0.65 0.73 0.65
0.39 0.52 0.52 0.50 0.30 0.49 0.52 0.49 0.46 0.54 0.52 0.53 0.54 0.58 0.57 0.54 0.34 0.57 1.00 0.70 0.58 0.58 0.57 0.57 0.33 0.46 0.70 0.33 0.57 0.69 0.64 0.63 0.57 0.69 0.64 0.63 0.58 0.69 0.58
0.90 0.94 0.94 0.94 0.86 0.93 0.94 0.94 0.93 0.94 0.94 0.94 0.94 0.95 0.95 0.95 0.84 0.95 1.00 0.95 0.95 0.95 0.95 0.95 0.89 0.93 0.95 0.85 0.94 0.95 0.95 0.95 0.95 0.95 0.95 0.95 0.94 0.95 0.94
0.35 0.47 0.47 0.46 0.27 0.46 0.47 0.45 0.42 0.51 0.48 0.49 0.51 0.54 0.53 0.50 0.31 0.54 1.00 0.69 0.54 0.54 0.54 0.54 0.30 0.43 0.69 0.30 0.54 0.67 0.61 0.60 0.54 0.67 0.61 0.61 0.55 0.67 0.55
0.89 0.94 0.94 0.94 0.85 0.93 0.94 0.94 0.93 0.94 0.94 0.94 0.94 0.94 0.94 0.94 0.84 0.94 1.00 0.94 0.94 0.94 0.94 0.94 0.89 0.93 0.94 0.85 0.94 0.94 0.94 0.94 0.94 0.94 0.94 0.94 0.94 0.94 0.94
0.56 0.68 0.68 0.67 0.46 0.65 0.68 0.66 0.64 0.69 0.68 0.69 0.69 0.72 0.71 0.69 0.48 0.71 1.00 0.78 0.72 0.72 0.72 0.71 0.49 0.62 0.78 0.47 0.70 0.77 0.74 0.74 0.71 0.77 0.74 0.74 0.71 0.77 0.71
0.88 0.93 0.93 0.93 0.83 0.92 0.93 0.93 0.92 0.93 0.93 0.93 0.93 0.94 0.93 0.93 0.82 0.93 1.00 0.94 0.94 0.94 0.94 0.93 0.86 0.91 0.94 0.82 0.93 0.94 0.93 0.93 0.93 0.94 0.93 0.93 0.93 0.94 0.93
0.66 0.77 0.77 0.76 0.57 0.74 0.77 0.76 0.74 0.77 0.78 0.78 0.77 0.80 0.80 0.78 0.57 0.79 1.00 0.83 0.80 0.80 0.80 0.79 0.61 0.72 0.83 0.57 0.78 0.83 0.81 0.81 0.79 0.83 0.81 0.81 0.79 0.83 0.79
0.54 0.67 0.67 0.65 0.44 0.64 0.67 0.65 0.62 0.68 0.68 0.68 0.68 0.71 0.71 0.69 0.46 0.70 1.00 0.78 0.71 0.71 0.71 0.70 0.48 0.61 0.78 0.46 0.69 0.77 0.74 0.74 0.70 0.77 0.74 0.74 0.71 0.77 0.71
0.82 0.89 0.89 0.89 0.76 0.87 0.89 0.89 0.87 0.89 0.89 0.89 0.89 0.90 0.90 0.89 0.74 0.90 1.00 0.90 0.90 0.90 0.90 0.90 0.79 0.86 0.90 0.75 0.89 0.90 0.90 0.90 0.90 0.90 0.90 0.90 0.89 0.90 0.89
0.80 0.88 0.88 0.88 0.74 0.86 0.88 0.88 0.86 0.88 0.88 0.88 0.88 0.89 0.89 0.88 0.73 0.89 1.00 0.90 0.89 0.89 0.89 0.89 0.77 0.85 0.90 0.72 0.88 0.89 0.89 0.89 0.89 0.89 0.89 0.89 0.88 0.89 0.88
0.40 0.52 0.52 0.49 0.30 0.50 0.52 0.49 0.46 0.55 0.52 0.53 0.55 0.58 0.57 0.54 0.33 0.57 1.00 0.70 0.58 0.58 0.57 0.57 0.33 0.46 0.70 0.33 0.57 0.69 0.64 0.64 0.57 0.69 0.64 0.64 0.59 0.69 0.59
0.75 0.84 0.84 0.83 0.67 0.82 0.84 0.83 0.82 0.84 0.85 0.85 0.84 0.85 0.85 0.85 0.66 0.85 1.00 0.87 0.85 0.85 0.85 0.85 0.70 0.80 0.87 0.66 0.84 0.87 0.86 0.86 0.85 0.87 0.86 0.86 0.84 0.87 0.84
0.26 0.36 0.36 0.34 0.18 0.36 0.36 0.33 0.31 0.41 0.37 0.37 0.41 0.43 0.42 0.39 0.22 0.43 1.00 0.63 0.43 0.43 0.43 0.43 0.21 0.33 0.63 0.23 0.44 0.61 0.54 0.53 0.43 0.61 0.54 0.53 0.46 0.61 0.46
0.92 0.96 0.96 0.96 0.89 0.95 0.96 0.96 0.95 0.96 0.96 0.96 0.96 0.96 0.96 0.96 0.88 0.96 1.00 0.96 0.96 0.96 0.96 0.96 0.92 0.95 0.96 0.88 0.96 0.96 0.96 0.96 0.96 0.96 0.96 0.96 0.96 0.96 0.96
0.65 0.77 0.77 0.75 0.57 0.74 0.77 0.75 0.73 0.77 0.77 0.77 0.77 0.79 0.79 0.78 0.57 0.79 1.00 0.83 0.79 0.79 0.79 0.79 0.59 0.71 0.83 0.56 0.77 0.82 0.81 0.81 0.79 0.82 0.81 0.81 0.79 0.82 0.79
0.90 0.94 0.94 0.94 0.85 0.93 0.94 0.94 0.93 0.94 0.94 0.94 0.94 0.95 0.95 0.94 0.84 0.95 1.00 0.95 0.95 0.95 0.95 0.95 0.89 0.93 0.95 0.85 0.94 0.95 0.95 0.95 0.95 0.95 0.95 0.95 0.94 0.95 0.94
0.57 0.69 0.69 0.67 0.47 0.66 0.69 0.67 0.64 0.70 0.69 0.70 0.70 0.72 0.72 0.70 0.48 0.72 1.00 0.78 0.72 0.72 0.72 0.72 0.49 0.62 0.78 0.47 0.70 0.78 0.75 0.75 0.72 0.78 0.75 0.75 0.72 0.78 0.72
0.27 0.37 0.37 0.35 0.19 0.37 0.37 0.35 0.32 0.42 0.38 0.38 0.42 0.44 0.43 0.40 0.22 0.43 1.00 0.63 0.44 0.44 0.43 0.43 0.22 0.33 0.63 0.23 0.45 0.61 0.54 0.53 0.43 0.61 0.54 0.53 0.47 0.61 0.47
0.54 0.67 0.67 0.65 0.46 0.64 0.67 0.65 0.62 0.68 0.68 0.68 0.68 0.70 0.70 0.68 0.46 0.70 1.00 0.78 0.70 0.70 0.70 0.70 0.47 0.60 0.78 0.45 0.69 0.77 0.74 0.73 0.70 0.77 0.74 0.73 0.70 0.77 0.70
0.44 0.56 0.56 0.54 0.34 0.54 0.56 0.53 0.50 0.58 0.57 0.57 0.58 0.61 0.61 0.58 0.37 0.61 1.00 0.72 0.61 0.61 0.61 0.61 0.37 0.50 0.72 0.36 0.60 0.71 0.66 0.66 0.61 0.71 0.66 0.66 0.62 0.71 0.62
0.59 0.71 0.71 0.70 0.50 0.68 0.71 0.69 0.67 0.72 0.71 0.72 0.72 0.74 0.74 0.72 0.51 0.74 1.00 0.80 0.74 0.74 0.74 0.74 0.51 0.64 0.80 0.49 0.72 0.79 0.76 0.76 0.74 0.79 0.76 0.76 0.73 0.79 0.73
0.89 0.94 0.94 0.93 0.85 0.93 0.94 0.93 0.93 0.94 0.94 0.94 0.94 0.94 0.94 0.94 0.83 0.94 1.00 0.94 0.94 0.94 0.94 0.94 0.88 0.92 0.94 0.84 0.93 0.94 0.94 0.94 0.94 0.94 0.94 0.94 0.94 0.94 0.94
0.28 0.38 0.38 0.36 0.20 0.38 0.38 0.36 0.33 0.43 0.39 0.40 0.43 0.46 0.45 0.41 0.24 0.45 1.00 0.64 0.46 0.46 0.45 0.45 0.23 0.34 0.64 0.24 0.47 0.62 0.55 0.55 0.45 0.62 0.55 0.55 0.48 0.62 0.48
0.63 0.75 0.75 0.73 0.54 0.72 0.75 0.73 0.70 0.75 0.75 0.75 0.75 0.77 0.77 0.75 0.54 0.77 1.00 0.81 0.77 0.77 0.77 0.77 0.57 0.69 0.81 0.53 0.75 0.81 0.79 0.79 0.77 0.81 0.79 0.79 0.76 0.81 0.76
0.44 0.56 0.56 0.54 0.34 0.54 0.56 0.53 0.51 0.58 0.56 0.57 0.58 0.61 0.61 0.58 0.37 0.60 1.00 0.72 0.61 0.61 0.61 0.60 0.37 0.50 0.72 0.36 0.59 0.71 0.66 0.66 0.60 0.71 0.66 0.66 0.61 0.71 0.61
0.78 0.87 0.87 0.87 0.72 0.85 0.87 0.87 0.85 0.87 0.87 0.87 0.87 0.88 0.88 0.88 0.70 0.88 1.00 0.89 0.88 0.88 0.88 0.88 0.75 0.84 0.89 0.70 0.87 0.89 0.88 0.88 0.88 0.89 0.88 0.88 0.87 0.89 0.87
0.35 0.47 0.47 0.45 0.26 0.45 0.47 0.45 0.42 0.50 0.48 0.49 0.50 0.53 0.52 0.50 0.30 0.53 1.00 0.68 0.53 0.53 0.53 0.53 0.29 0.42 0.68 0.29 0.53 0.66 0.61 0.60 0.53 0.66 0.61 0.60 0.55 0.66 0.55
0.89 0.94 0.94 0.94 0.84 0.93 0.94 0.94 0.93 0.94 0.94 0.94 0.94 0.94 0.94 0.94 0.83 0.94 1.00 0.94 0.94 0.94 0.94 0.94 0.88 0.92 0.94 0.84 0.94 0.94 0.94 0.94 0.94 0.94 0.94 0.94 0.94 0.94 0.94
0.56 0.69 0.69 0.67 0.47 0.66 0.69 0.67 0.64 0.69 0.69 0.70 0.69 0.73 0.72 0.70 0.48 0.72 1.00 0.79 0.73 0.73 0.73 0.72 0.50 0.62 0.79 0.47 0.71 0.78 0.75 0.75 0.72 0.78 0.75 0.75 0.72 0.78 0.72
0.80 0.88 0.88 0.88 0.73 0.87 0.88 0.88 0.86 0.88 0.88 0.89 0.88 0.89 0.89 0.89 0.73 0.89 1.00 0.90 0.89 0.89 0.89 0.89 0.78 0.85 0.90 0.73 0.88 0.90 0.89 0.89 0.89 0.90 0.89 0.89 0.88 0.90 0.88
0.51 0.64 0.64 0.62 0.42 0.62 0.64 0.62 0.59 0.65 0.64 0.65 0.65 0.68 0.68 0.65 0.44 0.67 1.00 0.76 0.68 0.68 0.68 0.67 0.45 0.58 0.76 0.43 0.66 0.75 0.71 0.71 0.67 0.75 0.71 0.71 0.67 0.75 0.67
0.57 0.69 0.69 0.67 0.47 0.66 0.69 0.67 0.64 0.69 0.69 0.69 0.69 0.72 0.72 0.70 0.48 0.72 1.00 0.78 0.72 0.72 0.72 0.72 0.49 0.62 0.78 0.46 0.70 0.78 0.75 0.75 0.72 0.78 0.75 0.75 0.72 0.78 0.72
0.61 0.73 0.73 0.72 0.52 0.70 0.73 0.71 0.69 0.73 0.73 0.74 0.73 0.76 0.76 0.74 0.52 0.76 1.00 0.80 0.76 0.76 0.76 0.76 0.55 0.67 0.80 0.52 0.74 0.80 0.78 0.78 0.76 0.80 0.78 0.78 0.75 0.80 0.75
0.24 0.34 0.34 0.33 0.17 0.34 0.34 0.32 0.29 0.39 0.35 0.36 0.39 0.42 0.41 0.38 0.21 0.42 1.00 0.62 0.42 0.42 0.41 0.42 0.20 0.31 0.62 0.21 0.43 0.59 0.52 0.51 0.42 0.59 0.52 0.51 0.45 0.59 0.45
0.44 0.57 0.57 0.55 0.34 0.55 0.57 0.55 0.52 0.59 0.58 0.59 0.59 0.62 0.62 0.59 0.38 0.62 1.00 0.73 0.62 0.62 0.62 0.62 0.37 0.51 0.73 0.36 0.60 0.71 0.67 0.66 0.62 0.71 0.67 0.66 0.62 0.71 0.62
0.92 0.96 0.96 0.95 0.88 0.95 0.96 0.95 0.95 0.95 0.95 0.96 0.95 0.96 0.96 0.95 0.87 0.96 1.00 0.96 0.96 0.96 0.96 0.96 0.91 0.94 0.96 0.88 0.95 0.96 0.96 0.96 0.96 0.96 0.96 0.96 0.95 0.96 0.95
0.46 0.60 0.60 0.58 0.38 0.57 0.60 0.57 0.54 0.61 0.60 0.61 0.61 0.65 0.64 0.62 0.40 0.64 1.00 0.75 0.65 0.65 0.65 0.64 0.40 0.54 0.75 0.39 0.63 0.73 0.69 0.69 0.64 0.73 0.69 0.69 0.65 0.73 0.65
0.56 0.68 0.68 0.67 0.47 0.65 0.68 0.66 0.64 0.68 0.69 0.69 0.68 0.72 0.72 0.70 0.49 0.72 1.00 0.78 0.72 0.72 0.72 0.72 0.50 0.63 0.78 0.48 0.70 0.78 0.75 0.75 0.72 0.78 0.75 0.75 0.72 0.78 0.72
0.45 0.58 0.58 0.56 0.35 0.55 0.58 0.55 0.53 0.59 0.58 0.59 0.59 0.62 0.62 0.59 0.39 0.62 1.00 0.73 0.62 0.62 0.62 0.62 0.38 0.51 0.73 0.37 0.61 0.72 0.67 0.67 0.62 0.72 0.67 0.67 0.63 0.72 0.63
0.37 0.50 0.50 0.48 0.29 0.48 0.50 0.47 0.44 0.52 0.51 0.51 0.52 0.57 0.56 0.52 0.32 0.55 1.00 0.69 0.57 0.57 0.56 0.55 0.32 0.44 0.69 0.31 0.55 0.68 0.62 0.62 0.55 0.68 0.62 0.62 0.56 0.68 0.56
0.28 0.39 0.39 0.37 0.20 0.39 0.39 0.37 0.34 0.44 0.40 0.41 0.44 0.46 0.45 0.42 0.25 0.46 1.00 0.64 0.46 0.46 0.46 0.46 0.23 0.35 0.64 0.24 0.47 0.62 0.56 0.55 0.46 0.62 0.56 0.55 0.48 0.62 0.48
0.78 0.87 0.87 0.86 0.70 0.85 0.87 0.86 0.84 0.86 0.87 0.87 0.86 0.88 0.88 0.87 0.70 0.87 1.00 0.89 0.88 0.88 0.88 0.87 0.74 0.83 0.89 0.70 0.86 0.88 0.88 0.88 0.87 0.88 0.88 0.88 0.87 0.88 0.87
0.51 0.63 0.63 0.61 0.41 0.60 0.63 0.61 0.58 0.64 0.64 0.64 0.64 0.67 0.67 0.65 0.43 0.67 1.00 0.76 0.67 0.67 0.67 0.67 0.43 0.57 0.76 0.42 0.66 0.75 0.71 0.71 0.67 0.75 0.71 0.71 0.68 0.75 0.68
0.79 0.88 0.88 0.87 0.72 0.85 0.88 0.87 0.85 0.87 0.88 0.88 0.87 0.89 0.88 0.88 0.70 0.88 1.00 0.89 0.89 0.89 0.89 0.88 0.75 0.84 0.89 0.71 0.87 0.89 0.89 0.89 0.88 0.89 0.89 0.89 0.88 0.89 0.88
0.27 0.38 0.38 0.36 0.19 0.38 0.38 0.35 0.33 0.42 0.38 0.39 0.42 0.45 0.44 0.41 0.23 0.44 1.00 0.64 0.45 0.45 0.44 0.44 0.21 0.34 0.64 0.23 0.46 0.61 0.54 0.53 0.44 0.61 0.54 0.54 0.47 0.61 0.47
0.31 0.42 0.42 0.40 0.22 0.41 0.42 0.39 0.37 0.46 0.43 0.44 0.46 0.49 0.48 0.45 0.27 0.49 1.00 0.66 0.49 0.49 0.49 0.49 0.25 0.38 0.66 0.26 0.49 0.64 0.58 0.57 0.49 0.64 0.58 0.57 0.51 0.64 0.51
0.83 0.90 0.90 0.90 0.77 0.89 0.90 0.90 0.88 0.90 0.90 0.90 0.90 0.91 0.91 0.90 0.76 0.90 1.00 0.91 0.91 0.91 0.91 0.90 0.80 0.87 0.91 0.76 0.90 0.91 0.91 0.91 0.90 0.91 0.91 0.91 0.90 0.91 0.90
0.59 0.71 0.71 0.70 0.49 0.68 0.71 0.69 0.67 0.72 0.72 0.72 0.72 0.75 0.74 0.72 0.51 0.74 1.00 0.80 0.75 0.75 0.74 0.74 0.53 0.65 0.80 0.50 0.73 0.79 0.77 0.77 0.74 0.79 0.77 0.77 0.74 0.79 0.74
0.37 0.49 0.49 0.47 0.27 0.47 0.49 0.46 0.43 0.51 0.49 0.51 0.51 0.55 0.54 0.51 0.31 0.54 1.00 0.69 0.55 0.55 0.54 0.54 0.31 0.44 0.69 0.31 0.55 0.68 0.62 0.62 0.54 0.68 0.62 0.62 0.56 0.68 0.56
0.47 0.59 0.59 0.57 0.37 0.56 0.59 0.57 0.54 0.60 0.59 0.60 0.60 0.64 0.63 0.61 0.40 0.63 1.00 0.73 0.64 0.64 0.63 0.63 0.40 0.52 0.73 0.38 0.62 0.72 0.68 0.68 0.63 0.72 0.68 0.68 0.64 0.72 0.64
0.36 0.48 0.48 0.46 0.27 0.47 0.48 0.45 0.42 0.51 0.49 0.49 0.51 0.54 0.53 0.51 0.31 0.54 1.00 0.69 0.54 0.54 0.54 0.54 0.30 0.43 0.69 0.30 0.54 0.67 0.61 0.61 0.54 0.67 0.61 0.61 0.55 0.67 0.55
0.57 0.69 0.69 0.68 0.47 0.66 0.69 0.67 0.65 0.70 0.70 0.70 0.70 0.73 0.72 0.71 0.49 0.72 1.00 0.79 0.73 0.73 0.73 0.72 0.49 0.63 0.79 0.47 0.70 0.78 0.75 0.75 0.72 0.78 0.75 0.75 0.72 0.78 0.72
0.50 0.62 0.62 0.61 0.40 0.60 0.62 0.60 0.57 0.64 0.63 0.64 0.64 0.67 0.67 0.64 0.43 0.66 1.00 0.75 0.67 0.67 0.67 0.66 0.43 0.55 0.75 0.41 0.65 0.74 0.70 0.70 0.66 0.74 0.70 0.70 0.66 0.74 0.66
0.31 0.42 0.42 0.41 0.23 0.42 0.42 0.40 0.37 0.47 0.43 0.44 0.47 0.49 0.48 0.45 0.27 0.49 1.00 0.66 0.49 0.49 0.49 0.49 0.26 0.39 0.66 0.27 0.50 0.64 0.58 0.58 0.49 0.64 0.58 0.58 0.52 0.64 0.52
0.24 0.35 0.35 0.33 0.16 0.35 0.35 0.32 0.30 0.40 0.35 0.36 0.40 0.42 0.41 0.38 0.22 0.42 1.00 0.63 0.42 0.42 0.41 0.42 0.20 0.32 0.63 0.21 0.44 0.60 0.53 0.52 0.42 0.60 0.53 0.52 0.45 0.60 0.45
0.88 0.93 0.93 0.93 0.83 0.92 0.93 0.93 0.92 0.93 0.93 0.93 0.93 0.94 0.94 0.93 0.82 0.94 1.00 0.94 0.94 0.94 0.94 0.94 0.87 0.92 0.94 0.82 0.93 0.94 0.94 0.94 0.94 0.94 0.94 0.94 0.93 0.94 0.93
0.90 0.94 0.94 0.94 0.86 0.93 0.94 0.94 0.93 0.94 0.94 0.94 0.94 0.94 0.94 0.94 0.84 0.94 1.00 0.94 0.94 0.94 0.94 0.94 0.88 0.92 0.94 0.85 0.94 0.94 0.94 0.94 0.94 0.94 0.94 0.94 0.94 0.94 0.94
0.40 0.53 0.53 0.51 0.31 0.51 0.53 0.51 0.48 0.56 0.54 0.54 0.56 0.59 0.58 0.55 0.34 0.58 1.00 0.71 0.59 0.59 0.58 0.58 0.34 0.47 0.71 0.33 0.58 0.69 0.65 0.64 0.58 0.69 0.65 0.64 0.59 0.69 0.59
0.73 0.83 0.83 0.81 0.65 0.80 0.83 0.81 0.80 0.82 0.82 0.83 0.82 0.84 0.84 0.83 0.64 0.83 1.00 0.86 0.84 0.84 0.84 0.83 0.68 0.78 0.86 0.64 0.82 0.85 0.84 0.84 0.83 0.85 0.84 0.84 0.83 0.85 0.83
0.40 0.53 0.53 0.51 0.31 0.51 0.53 0.50 0.47 0.55 0.54 0.55 0.55 0.59 0.58 0.56 0.34 0.58 1.00 0.71 0.59 0.59 0.58 0.58 0.34 0.47 0.71 0.34 0.57 0.69 0.65 0.64 0.58 0.69 0.65 0.64 0.59 0.69 0.59
0.48 0.61 0.61 0.59 0.38 0.58 0.61 0.58 0.55 0.62 0.61 0.62 0.62 0.65 0.65 0.63 0.41 0.65 1.00 0.75 0.65 0.65 0.65 0.65 0.41 0.54 0.75 0.40 0.64 0.74 0.70 0.70 0.65 0.74 0.70 0.70 0.66 0.74 0.66
0.46 0.59 0.59 0.58 0.37 0.56 0.59 0.57 0.54 0.61 0.60 0.61 0.61 0.64 0.64 0.61 0.39 0.63 1.00 0.74 0.64 0.64 0.64 0.63 0.40 0.53 0.74 0.39 0.62 0.73 0.69 0.68 0.63 0.73 0.69 0.68 0.64 0.73 0.64
0.38 0.50 0.50 0.48 0.28 0.48 0.50 0.47 0.44 0.52 0.50 0.51 0.52 0.56 0.55 0.52 0.32 0.55 1.00 0.69 0.56 0.56 0.55 0.55 0.32 0.44 0.69 0.31 0.55 0.68 0.62 0.62 0.55 0.68 0.62 0.62 0.57 0.68 0.57
0.51 0.64 0.64 0.62 0.41 0.61 0.64 0.62 0.59 0.65 0.64 0.65 0.65 0.68 0.68 0.66 0.44 0.68 1.00 0.76 0.68 0.68 0.68 0.68 0.44 0.58 0.76 0.43 0.67 0.75 0.72 0.72 0.68 0.75 0.72 0.72 0.68 0.75 0.68
0.66 0.77 0.77 0.76 0.57 0.74 0.77 0.76 0.73 0.77 0.78 0.78 0.77 0.80 0.80 0.78 0.58 0.79 1.00 0.83 0.80 0.80 0.80 0.79 0.60 0.71 0.83 0.56 0.78 0.82 0.81 0.81 0.79 0.82 0.81 0.81 0.79 0.82 0.79
0.30 0.40 0.40 0.38 0.20 0.39 0.40 0.37 0.34 0.44 0.41 0.42 0.44 0.46 0.46 0.42 0.25 0.47 1.00 0.65 0.46 0.46 0.46 0.47 0.24 0.36 0.65 0.25 0.48 0.62 0.56 0.55 0.47 0.62 0.56 0.56 0.50 0.62 0.50
0.49 0.61 0.61 0.59 0.39 0.58 0.61 0.59 0.56 0.62 0.61 0.62 0.62 0.65 0.65 0.63 0.42 0.65 1.00 0.74 0.65 0.65 0.65 0.65 0.42 0.54 0.74 0.40 0.64 0.73 0.70 0.69 0.65 0.73 0.70 0.69 0.66 0.73 0.66
0.66 0.76 0.76 0.75 0.56 0.74 0.76 0.75 0.73 0.77 0.77 0.77 0.77 0.79 0.79 0.78 0.57 0.79 1.00 0.82 0.79 0.79 0.79 0.79 0.59 0.70 0.82 0.55 0.76 0.82 0.80 0.80 0.79 0.82 0.80 0.80 0.78 0.82 0.78
0.67 0.78 0.78 0.77 0.57 0.75 0.78 0.76 0.74 0.78 0.78 0.78 0.78 0.80 0.80 0.79 0.58 0.80 1.00 0.83 0.80 0.80 0.80 0.80 0.60 0.72 0.83 0.57 0.78 0.83 0.81 0.81 0.80 0.83 0.81 0.81 0.79 0.83 0.79
0.90 0.95 0.95 0.95 0.86 0.94 0.95 0.95 0.94 0.95 0.95 0.95 0.95 0.95 0.95 0.95 0.85 0.95 1.00 0.95 0.95 0.95 0.95 0.95 0.90 0.94 0.95 0.86 0.95 0.95 0.95 0.95 0.95 0.95 0.95 0.95 0.95 0.95 0.95
0.70 0.81 0.81 0.80 0.62 0.78 0.81 0.79 0.78 0.80 0.81 0.81 0.80 0.83 0.83 0.81 0.62 0.82 1.00 0.85 0.83 0.83 0.83 0.82 0.65 0.76 0.85 0.62 0.81 0.85 0.84 0.84 0.82 0.85 0.84 0.84 0.82 0.85 0.82
0.82 0.89 0.89 0.89 0.76 0.87 0.89 0.89 0.87 0.89 0.89 0.90 0.89 0.90 0.90 0.90 0.74 0.90 1.00 0.91 0.90 0.90 0.90 0.90 0.79 0.86 0.91 0.75 0.89 0.90 0.90 0.90 0.90 0.90 0.90 0.90 0.89 0.90 0.89
0.57 0.70 0.70 0.68 0.48 0.66 0.70 0.68 0.66 0.70 0.70 0.71 0.70 0.74 0.73 0.71 0.50 0.73 1.00 0.79 0.74 0.74 0.73 0.73 0.52 0.64 0.79 0.49 0.71 0.78 0.76 0.75 0.73 0.78 0.76 0.75 0.73 0.78 0.73
0.87 0.92 0.92 0.92 0.81 0.91 0.92 0.92 0.91 0.92 0.92 0.92 0.92 0.93 0.93 0.92 0.80 0.92 1.00 0.93 0.93 0.93 0.93 0.92 0.85 0.90 0.93 0.81 0.92 0.93 0.93 0.93 0.92 0.93 0.93 0.93 0.92 0.93 0.92
0.64 0.76 0.76 0.75 0.56 0.73 0.76 0.74 0.72 0.76 0.76 0.77 0.76 0.79 0.78 0.77 0.57 0.78 1.00 0.82 0.79 0.79 0.79 0.78 0.59 0.71 0.82 0.56 0.76 0.82 0.80 0.80 0.78 0.82 0.80 0.80 0.78 0.82 0.78
0.24 0.35 0.35 0.33 0.17 0.35 0.35 0.32 0.30 0.40 0.35 0.36 0.40 0.41 0.41 0.38 0.22 0.42 1.00 0.62 0.41 0.41 0.41 0.42 0.20 0.31 0.62 0.22 0.43 0.60 0.53 0.52 0.42 0.60 0.53 0.52 0.44 0.60 0.44
0.57 0.69 0.69 0.68 0.48 0.66 0.69 0.68 0.65 0.70 0.70 0.70 0.70 0.73 0.72 0.71 0.49 0.72 1.00 0.79 0.73 0.73 0.72 0.72 0.50 0.62 0.79 0.48 0.70 0.78 0.75 0.75 0.72 0.78 0.75 0.75 0.72 0.78 0.72
0.24 0.35 0.35 0.33 0.17 0.35 0.35 0.32 0.30 0.40 0.35 0.37 0.40 0.42 0.41 0.38 0.21 0.42 1.00 0.63 0.42 0.42 0.42 0.42 0.20 0.32 0.63 0.22 0.44 0.60 0.53 0.52 0.42 0.60 0.53 0.52 0.46 0.60 0.46
0.50 0.63 0.63 0.61 0.40 0.60 0.63 0.61 0.58 0.64 0.64 0.64 0.64 0.67 0.67 0.65 0.42 0.67 1.00 0.76 0.67 0.67 0.67 0.67 0.43 0.56 0.76 0.42 0.65 0.75 0.71 0.71 0.67 0.75 0.71 0.71 0.67 0.75 0.67
0.40 0.53 0.53 0.50 0.31 0.50 0.53 0.50 0.47 0.54 0.53 0.54 0.54 0.58 0.57 0.55 0.33 0.57 1.00 0.70 0.58 0.58 0.57 0.57 0.34 0.46 0.70 0.34 0.56 0.68 0.63 0.63 0.57 0.68 0.63 0.63 0.59 0.68 0.59
0.90 0.95 0.95 0.95 0.86 0.94 0.95 0.95 0.94 0.95 0.95 0.95 0.95 0.95 0.95 0.95 0.84 0.95 1.00 0.95 0.95 0.95 0.95 0.95 0.89 0.93 0.95 0.85 0.94 0.95 0.95 0.95 0.95 0.95 0.95 0.95 0.94 0.95 0.94
0.58 0.70 0.70 0.69 0.49 0.68 0.70 0.69 0.66 0.71 0.71 0.71 0.71 0.74 0.74 0.72 0.50 0.73 1.00 0.79 0.74 0.74 0.74 0.73 0.52 0.64 0.79 0.49 0.72 0.79 0.76 0.76 0.73 0.79 0.76 0.76 0.73 0.79 0.73
0.36 0.48 0.48 0.46 0.27 0.47 0.48 0.46 0.43 0.52 0.49 0.50 0.52 0.55 0.54 0.51 0.31 0.54 1.00 0.69 0.55 0.55 0.54 0.54 0.30 0.42 0.69 0.30 0.53 0.67 0.61 0.61 0.54 0.67 0.61 0.61 0.55 0.67 0.55
0.37 0.50 0.50 0.48 0.29 0.48 0.50 0.47 0.44 0.52 0.50 0.51 0.52 0.56 0.55 0.52 0.31 0.56 1.00 0.70 0.56 0.56 0.56 0.56 0.32 0.45 0.70 0.32 0.55 0.68 0.63 0.62 0.56 0.68 0.63 0.62 0.57 0.68 0.57
0.67 0.78 0.78 0.77 0.58 0.75 0.78 0.76 0.74 0.78 0.78 0.78 0.78 0.80 0.80 0.78 0.58 0.80 1.00 0.83 0.80 0.80 0.80 0.80 0.61 0.72 0.83 0.57 0.78 0.83 0.81 0.81 0.80 0.83 0.81 0.81 0.79 0.83 0.79
0.57 0.70 0.70 0.68 0.48 0.67 0.70 0.68 0.65 0.70 0.70 0.71 0.70 0.73 0.73 0.71 0.49 0.73 1.00 0.79 0.73 0.73 0.73 0.73 0.51 0.63 0.79 0.48 0.71 0.78 0.76 0.75 0.73 0.78 0.76 0.75 0.72 0.78 0.72
0.40 0.52 0.52 0.50 0.30 0.50 0.52 0.49 0.47 0.54 0.53 0.54 0.54 0.58 0.57 0.54 0.34 0.58 1.00 0.71 0.58 0.58 0.57 0.58 0.33 0.47 0.71 0.33 0.57 0.69 0.64 0.64 0.58 0.69 0.64 0.64 0.59 0.69 0.59
0.55 0.68 0.68 0.66 0.45 0.65 0.68 0.66 0.63 0.69 0.68 0.69 0.69 0.72 0.71 0.69 0.47 0.71 1.00 0.78 0.72 0.72 0.71 0.71 0.48 0.62 0.78 0.46 0.69 0.77 0.74 0.74 0.71 0.77 0.74 0.74 0.71 0.77 0.71
0.53 0.66 0.66 0.65 0.44 0.64 0.66 0.64 0.61 0.67 0.67 0.68 0.67 0.70 0.70 0.68 0.45 0.70 1.00 0.77 0.70 0.70 0.70 0.70 0.47 0.60 0.77 0.44 0.68 0.77 0.73 0.73 0.70 0.77 0.73 0.73 0.70 0.77 0.70
0.85 0.91 0.91 0.91 0.80 0.90 0.91 0.91 0.90 0.91 0.91 0.91 0.91 0.92 0.92 0.91 0.78 0.92 1.00 0.92 0.92 0.92 0.92 0.92 0.83 0.89 0.92 0.79 0.91 0.92 0.92 0.92 0.92 0.92 0.92 0.92 0.91 0.92 0.91
0.34 0.45 0.45 0.43 0.25 0.43 0.45 0.43 0.40 0.48 0.45 0.46 0.48 0.51 0.50 0.47 0.28 0.51 1.00 0.67 0.51 0.51 0.51 0.51 0.28 0.40 0.67 0.28 0.52 0.65 0.59 0.59 0.51 0.65 0.59 0.59 0.53 0.65 0.53
0.47 0.61 0.61 0.59 0.39 0.58 0.61 0.58 0.56 0.62 0.61 0.61 0.62 0.65 0.65 0.62 0.41 0.65 1.00 0.73 0.65 0.65 0.65 0.65 0.42 0.54 0.73 0.40 0.63 0.72 0.69 0.68 0.65 0.72 0.69 0.68 0.65 0.72 0.65
0.26 0.37 0.37 0.34 0.18 0.37 0.37 0.34 0.31 0.42 0.37 0.38 0.42 0.44 0.43 0.40 0.22 0.44 1.00 0.63 0.44 0.44 0.43 0.44 0.21 0.33 0.63 0.23 0.46 0.61 0.54 0.54 0.44 0.61 0.54 0.54 0.47 0.61 0.47
0.51 0.63 0.63 0.61 0.41 0.61 0.63 0.61 0.58 0.65 0.63 0.64 0.65 0.67 0.66 0.65 0.43 0.67 1.00 0.76 0.67 0.67 0.67 0.67 0.43 0.56 0.76 0.42 0.65 0.75 0.71 0.71 0.67 0.75 0.71 0.71 0.67 0.75 0.67
0.46 0.59 0.59 0.57 0.37 0.56 0.59 0.57 0.53 0.61 0.59 0.60 0.61 0.64 0.63 0.61 0.39 0.64 1.00 0.74 0.64 0.64 0.63 0.64 0.40 0.53 0.74 0.39 0.63 0.73 0.69 0.68 0.64 0.73 0.69 0.69 0.64 0.73 0.64
0.35 0.47 0.47 0.44 0.26 0.45 0.47 0.44 0.41 0.50 0.48 0.48 0.50 0.53 0.52 0.49 0.29 0.52 1.00 0.68 0.53 0.53 0.52 0.52 0.29 0.42 0.68 0.29 0.53 0.66 0.61 0.60 0.52 0.66 0.61 0.60 0.54 0.66 0.54
0.48 0.61 0.61 0.59 0.39 0.59 0.61 0.59 0.56 0.63 0.62 0.63 0.63 0.66 0.66 0.63 0.42 0.66 1.00 0.76 0.66 0.66 0.66 0.66 0.42 0.55 0.76 0.41 0.64 0.75 0.71 0.70 0.66 0.75 0.71 0.70 0.66 0.75 0.66
0.34 0.46 0.46 0.44 0.25 0.45 0.46 0.43 0.40 0.49 0.47 0.48 0.49 0.52 0.51 0.49 0.30 0.52 1.00 0.68 0.52 0.52 0.52 0.52 0.28 0.41 0.68 0.28 0.52 0.66 0.60 0.59 0.52 0.66 0.60 0.60 0.54 0.66 0.54
0.62 0.74 0.74 0.73 0.53 0.71 0.74 0.72 0.70 0.75 0.74 0.75 0.75 0.77 0.77 0.75 0.54 0.77 1.00 0.82 0.77 0.77 0.77 0.77 0.56 0.68 0.82 0.53 0.75 0.81 0.79 0.79 0.77 0.81 0.79 0.79 0.76 0.81 0.76
0.36 0.48 0.48 0.46 0.27 0.46 0.48 0.45 0.42 0.51 0.49 0.50 0.51 0.54 0.53 0.51 0.31 0.54 1.00 0.69 0.54 0.54 0.54 0.54 0.29 0.42 0.69 0.29 0.53 0.67 0.61 0.60 0.54 0.67 0.61 0.61 0.55 0.67 0.55
0.65 0.76 0.76 0.75 0.56 0.73 0.76 0.75 0.72 0.76 0.76 0.77 0.76 0.78 0.78 0.77 0.56 0.78 1.00 0.82 0.78 0.78 0.78 0.78 0.59 0.70 0.82 0.55 0.76 0.82 0.80 0.80 0.78 0.82 0.80 0.80 0.78 0.82 0.78
0.77 0.86 0.86 0.85 0.69 0.83 0.86 0.85 0.84 0.85 0.86 0.86 0.85 0.87 0.87 0.86 0.69 0.87 1.00 0.88 0.87 0.87 0.87 0.87 0.73 0.82 0.88 0.69 0.85 0.88 0.87 0.87 0.87 0.88 0.87 0.87 0.86 0.88 0.86
0.91 0.95 0.95 0.95 0.88 0.94 0.95 0.95 0.95 0.95 0.95 0.95 0.95 0.95 0.95 0.95 0.86 0.95 1.00 0.95 0.95 0.95 0.95 0.95 0.91 0.94 0.95 0.88 0.95 0.95 0.95 0.95 0.95 0.95 0.95 0.95 0.95 0.95 0.95
0.47 0.59 0.59 0.58 0.37 0.57 0.59 0.57 0.54 0.61 0.60 0.60 0.61 0.64 0.64 0.61 0.39 0.64 1.00 0.74 0.64 0.64 0.64 0.64 0.40 0.53 0.74 0.39 0.62 0.72 0.68 0.68 0.64 0.72 0.68 0.68 0.64 0.72 0.64
0.82 0.89 0.89 0.89 0.75 0.88 0.89 0.89 0.87 0.89 0.90 0.90 0.89 0.90 0.90 0.90 0.75 0.90 1.00 0.91 0.90 0.90 0.90 0.90 0.79 0.86 0.91 0.74 0.89 0.91 0.90 0.90 0.90 0.91 0.90 0.90 0.89 0.91 0.89
0.90 0.94 0.94 0.94 0.86 0.94 0.94 0.94 0.94 0.94 0.94 0.94 0.94 0.94 0.94 0.94 0.84 0.94 1.00 0.95 0.94 0.94 0.94 0.94 0.89 0.93 0.95 0.85 0.94 0.95 0.94 0.94 0.94 0.95 0.94 0.94 0.94 0.95 0.94
0.27 0.38 0.38 0.36 0.19 0.38 0.38 0.36 0.33 0.42 0.38 0.39 0.42 0.45 0.44 0.41 0.23 0.45 1.00 0.64 0.45 0.45 0.44 0.45 0.23 0.34 0.64 0.24 0.46 0.62 0.55 0.54 0.45 0.62 0.55 0.54 0.47 0.62 0.47
0.92 0.95 0.95 0.95 0.88 0.95 0.95 0.95 0.95 0.95 0.95 0.95 0.95 0.96 0.96 0.95 0.87 0.96 1.00 0.96 0.96 0.96 0.96 0.96 0.91 0.94 0.96 0.88 0.95 0.96 0.96 0.96 0.96 0.96 0.96 0.96 0.95 0.96 0.95
0.57 0.69 0.69 0.67 0.47 0.66 0.69 0.67 0.64 0.70 0.69 0.70 0.70 0.73 0.72 0.70 0.48 0.72 1.00 0.79 0.73 0.73 0.72 0.72 0.49 0.62 0.79 0.47 0.71 0.78 0.75 0.75 0.72 0.78 0.75 0.75 0.72 0.78 0.72
0.48 0.60 0.60 0.59 0.37 0.58 0.60 0.58 0.55 0.62 0.61 0.61 0.62 0.65 0.64 0.62 0.40 0.64 1.00 0.74 0.65 0.65 0.65 0.64 0.40 0.54 0.74 0.39 0.63 0.73 0.69 0.69 0.64 0.73 0.69 0.69 0.65 0.73 0.65
0.79 0.87 0.87 0.86 0.72 0.85 0.87 0.86 0.85 0.87 0.87 0.87 0.87 0.88 0.88 0.87 0.70 0.88 1.00 0.89 0.88 0.88 0.88 0.88 0.75 0.83 0.89 0.70 0.86 0.89 0.88 0.88 0.88 0.89 0.88 0.88 0.87 0.89 0.87
0.26 0.37 0.37 0.35 0.18 0.37 0.37 0.34 0.32 0.41 0.38 0.39 0.41 0.44 0.42 0.39 0.23 0.44 1.00 0.63 0.44 0.44 0.43 0.44 0.21 0.32 0.63 0.23 0.44 0.61 0.53 0.52 0.44 0.61 0.53 0.53 0.46 0.61 0.46
0.91 0.95 0.95 0.95 0.88 0.95 0.95 0.95 0.95 0.95 0.95 0.95 0.95 0.95 0.95 0.95 0.87 0.95 1.00 0.96 0.95 0.95 0.95 0.95 0.91 0.94 0.96 0.88 0.95 0.96 0.95 0.95 0.95 0.96 0.95 0.95 0.95 0.96 0.95
0.88 0.94 0.94 0.93 0.83 0.92 0.94 0.93 0.92 0.93 0.94 0.94 0.93 0.94 0.94 0.94 0.82 0.94 1.00 0.94 0.94 0.94 0.94 0.94 0.87 0.92 0.94 0.83 0.93 0.94 0.94 0.94 0.94 0.94 0.94 0.94 0.93 0.94 0.93
0.54 0.66 0.66 0.65 0.44 0.64 0.66 0.65 0.62 0.67 0.67 0.67 0.67 0.70 0.70 0.68 0.46 0.70 1.00 0.77 0.70 0.70 0.70 0.70 0.47 0.60 0.77 0.45 0.68 0.76 0.73 0.73 0.70 0.76 0.73 0.73 0.70 0.76 0.70
0.31 0.41 0.41 0.40 0.22 0.41 0.41 0.39 0.36 0.46 0.42 0.43 0.46 0.49 0.47 0.45 0.26 0.48 1.00 0.65 0.49 0.49 0.48 0.48 0.25 0.38 0.65 0.26 0.49 0.63 0.57 0.57 0.48 0.63 0.57 0.57 0.50 0.63 0.50
0.49 0.62 0.62 0.60 0.39 0.59 0.62 0.60 0.57 0.63 0.62 0.63 0.63 0.67 0.66 0.64 0.42 0.66 1.00 0.76 0.67 0.67 0.66 0.66 0.42 0.55 0.76 0.41 0.65 0.75 0.71 0.70 0.66 0.75 0.71 0.71 0.66 0.75 0.66
0.38 0.50 0.50 0.48 0.28 0.48 0.50 0.48 0.45 0.53 0.51 0.52 0.53 0.56 0.55 0.53 0.33 0.56 1.00 0.69 0.56 0.56 0.56 0.56 0.32 0.45 0.69 0.32 0.56 0.68 0.63 0.62 0.56 0.68 0.63 0.62 0.57 0.68 0.57
0.34 0.45 0.45 0.43 0.25 0.44 0.45 0.43 0.40 0.49 0.46 0.47 0.49 0.52 0.51 0.48 0.29 0.51 1.00 0.68 0.52 0.52 0.51 0.51 0.27 0.41 0.68 0.28 0.52 0.66 0.60 0.59 0.51 0.66 0.60 0.59 0.54 0.66 0.54
0.66 0.77 0.77 0.76 0.57 0.74 0.77 0.76 0.74 0.77 0.78 0.78 0.77 0.80 0.79 0.78 0.57 0.79 1.00 0.83 0.80 0.80 0.80 0.79 0.60 0.71 0.83 0.57 0.77 0.83 0.80 0.80 0.79 0.83 0.80 0.80 0.78 0.83 0.78
0.40 0.53 0.53 0.51 0.31 0.51 0.53 0.51 0.48 0.55 0.53 0.54 0.55 0.58 0.58 0.55 0.35 0.58 1.00 0.70 0.58 0.58 0.58 0.58 0.34 0.46 0.70 0.34 0.57 0.69 0.64 0.64 0.58 0.69 0.64 0.64 0.59 0.69 0.59
0.43 0.56 0.56 0.54 0.34 0.54 0.56 0.53 0.51 0.58 0.56 0.57 0.58 0.61 0.60 0.58 0.37 0.61 1.00 0.72 0.61 0.61 0.61 0.61 0.37 0.50 0.72 0.36 0.60 0.71 0.67 0.66 0.61 0.71 0.67 0.66 0.62 0.71 0.62
0.57 0.70 0.70 0.68 0.48 0.66 0.70 0.68 0.66 0.70 0.70 0.71 0.70 0.73 0.73 0.71 0.49 0.73 1.00 0.79 0.73 0.73 0.73 0.73 0.51 0.64 0.79 0.49 0.71 0.79 0.76 0.76 0.73 0.79 0.76 0.76 0.72 0.79 0.72
0.32 0.43 0.43 0.42 0.23 0.43 0.43 0.41 0.38 0.48 0.44 0.45 0.48 0.50 0.49 0.46 0.27 0.50 1.00 0.66 0.50 0.50 0.49 0.50 0.26 0.38 0.66 0.27 0.50 0.64 0.58 0.58 0.50 0.64 0.58 0.58 0.52 0.64 0.52
0.28 0.40 0.40 0.38 0.20 0.39 0.40 0.37 0.35 0.44 0.40 0.41 0.44 0.47 0.46 0.43 0.25 0.47 1.00 0.64 0.47 0.47 0.46 0.47 0.23 0.36 0.64 0.25 0.48 0.62 0.56 0.56 0.47 0.62 0.56 0.56 0.49 0.62 0.49
0.40 0.52 0.52 0.51 0.31 0.50 0.52 0.50 0.47 0.55 0.53 0.54 0.55 0.58 0.57 0.55 0.33 0.58 1.00 0.71 0.58 0.58 0.58 0.58 0.34 0.46 0.71 0.34 0.57 0.69 0.64 0.64 0.58 0.69 0.64 0.64 0.58 0.69 0.58
0.88 0.93 0.93 0.93 0.83 0.92 0.93 0.93 0.92 0.93 0.93 0.93 0.93 0.94 0.93 0.93 0.82 0.93 1.00 0.94 0.94 0.94 0.93 0.93 0.87 0.92 0.94 0.83 0.93 0.94 0.93 0.93 0.93 0.94 0.93 0.93 0.93 0.94 0.93
0.83 0.90 0.90 0.90 0.77 0.89 0.90 0.90 0.89 0.90 0.91 0.91 0.90 0.91 0.91 0.90 0.77 0.91 1.00 0.91 0.91 0.91 0.91 0.91 0.81 0.88 0.91 0.77 0.90 0.91 0.91 0.91 0.91 0.91 0.91 0.91 0.90 0.91 0.90
0.78 0.86 0.86 0.86 0.70 0.84 0.86 0.86 0.84 0.86 0.87 0.87 0.86 0.88 0.87 0.87 0.69 0.87 1.00 0.89 0.88 0.88 0.88 0.87 0.73 0.83 0.89 0.70 0.86 0.89 0.88 0.88 0.87 0.89 0.88 0.88 0.86 0.89 0.86
0.33 0.43 0.43 0.42 0.23 0.43 0.43 0.41 0.38 0.47 0.44 0.45 0.47 0.50 0.49 0.46 0.27 0.49 1.00 0.66 0.50 0.50 0.49 0.49 0.26 0.39 0.66 0.27 0.50 0.65 0.58 0.57 0.49 0.65 0.58 0.58 0.52 0.65 0.52
0.39 0.51 0.51 0.49 0.30 0.50 0.51 0.49 0.46 0.54 0.52 0.53 0.54 0.57 0.56 0.54 0.33 0.56 1.00 0.70 0.57 0.57 0.56 0.56 0.32 0.45 0.70 0.32 0.56 0.68 0.64 0.63 0.56 0.68 0.64 0.63 0.58 0.68 0.58
0.90 0.95 0.95 0.95 0.86 0.94 0.95 0.95 0.94 0.95 0.95 0.95 0.95 0.95 0.95 0.95 0.86 0.95 1.00 0.95 0.95 0.95 0.95 0.95 0.90 0.94 0.95 0.86 0.95 0.95 0.95 0.95 0.95 0.95 0.95 0.95 0.95 0.95 0.95
0.83 0.90 0.90 0.89 0.77 0.88 0.90 0.89 0.88 0.90 0.90 0.90 0.90 0.91 0.91 0.90 0.75 0.90 1.00 0.91 0.91 0.91 0.91 0.90 0.80 0.87 0.91 0.76 0.90 0.91 0.91 0.91 0.90 0.91 0.91 0.91 0.90 0.91 0.90
0.78 0.86 0.86 0.86 0.70 0.84 0.86 0.85 0.84 0.86 0.86 0.86 0.86 0.87 0.87 0.87 0.69 0.87 1.00 0.89 0.87 0.87 0.87 0.87 0.74 0.83 0.89 0.69 0.86 0.88 0.88 0.88 0.87 0.88 0.88 0.88 0.86 0.88 0.86
0.40 0.53 0.53 0.51 0.31 0.51 0.53 0.50 0.47 0.55 0.53 0.54 0.55 0.58 0.58 0.55 0.35 0.58 1.00 0.71 0.58 0.58 0.58 0.58 0.34 0.47 0.71 0.34 0.57 0.70 0.64 0.64 0.58 0.70 0.64 0.64 0.59 0.70 0.59
0.60 0.72 0.72 0.71 0.51 0.69 0.72 0.70 0.68 0.73 0.73 0.73 0.73 0.75 0.75 0.74 0.51 0.75 1.00 0.80 0.75 0.75 0.75 0.75 0.53 0.66 0.80 0.51 0.73 0.80 0.77 0.77 0.75 0.80 0.77 0.77 0.75 0.80 0.75
0.45 0.57 0.57 0.56 0.35 0.55 0.57 0.55 0.52 0.59 0.58 0.59 0.59 0.63 0.62 0.59 0.38 0.62 1.00 0.73 0.63 0.63 0.62 0.62 0.38 0.51 0.73 0.37 0.61 0.72 0.68 0.67 0.62 0.72 0.68 0.68 0.63 0.72 0.63
0.71 0.81 0.81 0.80 0.63 0.78 0.81 0.80 0.78 0.81 0.81 0.82 0.81 0.83 0.83 0.82 0.62 0.83 1.00 0.85 0.83 0.83 0.83 0.83 0.66 0.76 0.85 0.62 0.81 0.85 0.83 0.83 0.83 0.85 0.83 0.83 0.82 0.85 0.82
0.87 0.93 0.93 0.92 0.83 0.91 0.93 0.92 0.92 0.92 0.93 0.93 0.92 0.93 0.93 0.93 0.81 0.93 1.00 0.93 0.93 0.93 0.93 0.93 0.86 0.91 0.93 0.82 0.93 0.93 0.93 0.93 0.93 0.93 0.93 0.93 0.93 0.93 0.93
0.90 0.95 0.95 0.94 0.85 0.94 0.95 0.94 0.94 0.94 0.95 0.95 0.94 0.95 0.95 0.95 0.84 0.95 1.00 0.95 0.95 0.95 0.95 0.95 0.88 0.93 0.95 0.84 0.94 0.95 0.95 0.95 0.95 0.95 0.95 0.95 0.94 0.95 0.94
0.33 0.45 0.45 0.42 0.24 0.43 0.45 0.42 0.39 0.48 0.45 0.46 0.48 0.50 0.49 0.46 0.29 0.50 1.00 0.66 0.50 0.50 0.50 0.50 0.28 0.40 0.66 0.28 0.51 0.65 0.59 0.58 0.50 0.65 0.59 0.58 0.52 0.65 0.52
0.58 0.70 0.70 0.69 0.49 0.67 0.70 0.68 0.65 0.70 0.70 0.71 0.70 0.73 0.73 0.71 0.50 0.73 1.00 0.79 0.73 0.73 0.73 0.73 0.51 0.64 0.79 0.49 0.72 0.79 0.76 0.76 0.73 0.79 0.76 0.76 0.73 0.79 0.73
0.55 0.68 0.68 0.66 0.45 0.64 0.68 0.65 0.63 0.68 0.68 0.69 0.68 0.71 0.71 0.69 0.46 0.71 1.00 0.78 0.71 0.71 0.71 0.71 0.49 0.61 0.78 0.46 0.69 0.77 0.74 0.74 0.71 0.77 0.74 0.74 0.71 0.77 0.71
0.90 0.95 0.95 0.94 0.85 0.94 0.95 0.94 0.94 0.94 0.94 0.94 0.94 0.95 0.95 0.94 0.84 0.95 1.00 0.95 0.95 0.95 0.95 0.95 0.89 0.93 0.95 0.86 0.94 0.95 0.95 0.95 0.95 0.95 0.95 0.95 0.94 0.95 0.94
0.74 0.84 0.84 0.83 0.66 0.82 0.84 0.82 0.81 0.84 0.84 0.84 0.84 0.85 0.85 0.84 0.65 0.85 1.00 0.87 0.85 0.85 0.85 0.85 0.69 0.79 0.87 0.65 0.83 0.87 0.86 0.86 0.85 0.87 0.86 0.86 0.84 0.87 0.84
0.52 0.65 0.65 0.63 0.42 0.62 0.65 0.63 0.60 0.66 0.66 0.66 0.66 0.69 0.69 0.66 0.44 0.68 1.00 0.77 0.69 0.69 0.69 0.68 0.45 0.58 0.77 0.43 0.67 0.76 0.72 0.72 0.68 0.76 0.72 0.72 0.68 0.76 0.68
0.37 0.49 0.49 0.47 0.27 0.47 0.49 0.46 0.44 0.52 0.50 0.50 0.52 0.55 0.54 0.51 0.32 0.55 1.00 0.69 0.55 0.55 0.55 0.55 0.30 0.43 0.69 0.31 0.55 0.67 0.62 0.62 0.55 0.67 0.62 0.62 0.56 0.67 0.56
0.61 0.73 0.73 0.72 0.52 0.70 0.73 0.71 0.69 0.73 0.74 0.74 0.73 0.76 0.76 0.74 0.52 0.75 1.00 0.80 0.76 0.76 0.76 0.75 0.55 0.67 0.80 0.52 0.73 0.80 0.77 0.77 0.75 0.80 0.77 0.77 0.75 0.80 0.75
0.67 0.78 0.78 0.77 0.58 0.75 0.78 0.77 0.74 0.78 0.78 0.78 0.78 0.80 0.80 0.79 0.57 0.80 1.00 0.83 0.80 0.80 0.80 0.80 0.60 0.73 0.83 0.58 0.78 0.83 0.81 0.81 0.80 0.83 0.81 0.81 0.79 0.83 0.79
0.72 0.82 0.82 0.81 0.64 0.79 0.82 0.81 0.79 0.82 0.82 0.83 0.82 0.84 0.84 0.83 0.64 0.83 1.00 0.86 0.84 0.84 0.84 0.83 0.67 0.77 0.86 0.64 0.82 0.85 0.84 0.84 0.83 0.85 0.84 0.84 0.83 0.85 0.83
0.47 0.60 0.60 0.58 0.37 0.57 0.60 0.57 0.54 0.61 0.60 0.61 0.61 0.64 0.63 0.61 0.39 0.63 1.00 0.73 0.64 0.64 0.64 0.63 0.39 0.53 0.73 0.39 0.63 0.72 0.68 0.68 0.63 0.72 0.68 0.68 0.64 0.72 0.64
0.80 0.88 0.88 0.88 0.73 0.86 0.88 0.88 0.86 0.88 0.88 0.88 0.88 0.89 0.89 0.88 0.72 0.89 1.00 0.90 0.89 0.89 0.89 0.89 0.77 0.85 0.90 0.73 0.88 0.90 0.89 0.89 0.89 0.90 0.89 0.89 0.88 0.90 0.88
0.42 0.54 0.54 0.52 0.32 0.52 0.54 0.51 0.49 0.56 0.55 0.56 0.56 0.60 0.59 0.56 0.36 0.59 1.00 0.71 0.60 0.60 0.59 0.59 0.35 0.48 0.71 0.34 0.58 0.70 0.65 0.65 0.59 0.70 0.65 0.65 0.61 0.70 0.61
0.63 0.75 0.75 0.74 0.54 0.72 0.75 0.73 0.71 0.75 0.75 0.76 0.75 0.78 0.77 0.76 0.55 0.77 1.00 0.82 0.78 0.78 0.77 0.77 0.57 0.69 0.82 0.54 0.75 0.81 0.79 0.79 0.77 0.81 0.79 0.79 0.77 0.81 0.77
0.63 0.75 0.75 0.73 0.53 0.71 0.75 0.73 0.70 0.75 0.75 0.75 0.75 0.77 0.77 0.76 0.55 0.77 1.00 0.82 0.77 0.77 0.77 0.77 0.56 0.68 0.82 0.53 0.75 0.81 0.79 0.79 0.77 0.81 0.79 0.79 0.76 0.81 0.76
0.77 0.86 0.86 0.86 0.70 0.84 0.86 0.85 0.84 0.86 0.87 0.87 0.86 0.88 0.88 0.87 0.69 0.87 1.00 0.89 0.88 0.88 0.88 0.87 0.73 0.83 0.89 0.69 0.86 0.89 0.88 0.88 0.87 0.89 0.88 0.88 0.86 0.89 0.86
0.71 0.82 0.82 0.80 0.63 0.79 0.82 0.80 0.78 0.81 0.82 0.82 0.81 0.83 0.83 0.82 0.62 0.83 1.00 0.85 0.83 0.83 0.83 0.83 0.66 0.76 0.85 0.62 0.81 0.85 0.83 0.83 0.83 0.85 0.83 0.83 0.82 0.85 0.82
0.58 0.70 0.70 0.69 0.49 0.67 0.70 0.68 0.66 0.70 0.71 0.71 0.70 0.73 0.73 0.71 0.50 0.73 1.00 0.79 0.73 0.73 0.73 0.73 0.51 0.64 0.79 0.49 0.72 0.78 0.76 0.76 0.73 0.78 0.76 0.76 0.73 0.78 0.73
0.39 0.52 0.52 0.50 0.31 0.50 0.52 0.50 0.47 0.54 0.53 0.54 0.54 0.58 0.57 0.55 0.35 0.58 1.00 0.70 0.58 0.58 0.58 0.58 0.34 0.47 0.70 0.34 0.57 0.69 0.64 0.64 0.58 0.69 0.64 0.64 0.59 0.69 0.59
0.89 0.94 0.94 0.93 0.85 0.93 0.94 0.93 0.93 0.94 0.94 0.94 0.94 0.94 0.94 0.94 0.84 0.94 1.00 0.94 0.94 0.94 0.94 0.94 0.89 0.92 0.94 0.84 0.93 0.94 0.94 0.94 0.94 0.94 0.94 0.94 0.94 0.94 0.94
0.52 0.64 0.64 0.63 0.42 0.62 0.64 0.62 0.59 0.66 0.65 0.65 0.66 0.69 0.68 0.66 0.44 0.68 1.00 0.77 0.69 0.69 0.68 0.68 0.45 0.58 0.77 0.44 0.67 0.76 0.73 0.72 0.68 0.76 0.73 0.72 0.68 0.76 0.68
0.50 0.62 0.62 0.61 0.40 0.59 0.62 0.60 0.57 0.63 0.63 0.64 0.63 0.67 0.67 0.64 0.42 0.67 1.00 0.75 0.67 0.67 0.67 0.67 0.42 0.55 0.75 0.41 0.64 0.74 0.70 0.70 0.67 0.74 0.70 0.70 0.66 0.74 0.66
0.33 0.45 0.45 0.43 0.24 0.44 0.45 0.42 0.39 0.48 0.45 0.46 0.48 0.51 0.50 0.48 0.28 0.51 1.00 0.68 0.51 0.51 0.51 0.51 0.28 0.39 0.68 0.29 0.51 0.66 0.60 0.59 0.51 0.66 0.60 0.59 0.53 0.66 0.53
0.26 0.36 0.36 0.35 0.18 0.36 0.36 0.34 0.31 0.41 0.37 0.39 0.41 0.43 0.42 0.39 0.22 0.43 1.00 0.63 0.43 0.43 0.43 0.43 0.20 0.32 0.63 0.22 0.44 0.61 0.53 0.52 0.43 0.61 0.53 0.52 0.46 0.61 0.46
0.56 0.69 0.69 0.67 0.46 0.66 0.69 0.67 0.64 0.70 0.69 0.70 0.70 0.72 0.72 0.70 0.48 0.72 1.00 0.78 0.72 0.72 0.72 0.72 0.49 0.63 0.78 0.48 0.71 0.78 0.75 0.75 0.72 0.78 0.75 0.75 0.72 0.78 0.72
0.77 0.86 0.86 0.85 0.69 0.84 0.86 0.85 0.83 0.86 0.86 0.86 0.86 0.87 0.87 0.86 0.69 0.87 1.00 0.88 0.87 0.87 0.87 0.87 0.73 0.82 0.88 0.68 0.85 0.88 0.87 0.87 0.87 0.88 0.87 0.87 0.86 0.88 0.86
0.44 0.56 0.56 0.54 0.34 0.54 0.56 0.54 0.51 0.58 0.57 0.57 0.58 0.61 0.61 0.58 0.37 0.61 1.00 0.72 0.61 0.61 0.61 0.61 0.37 0.50 0.72 0.36 0.60 0.71 0.67 0.66 0.61 0.71 0.67 0.66 0.62 0.71 0.62
0.86 0.92 0.92 0.92 0.81 0.91 0.92 0.91 0.90 0.92 0.92 0.92 0.92 0.92 0.92 0.92 0.80 0.92 1.00 0.93 0.92 0.92 0.92 0.92 0.84 0.90 0.93 0.80 0.92 0.93 0.92 0.92 0.92 0.93 0.92 0.92 0.92 0.93 0.92
0.38 0.50 0.50 0.48 0.28 0.48 0.50 0.47 0.44 0.52 0.51 0.51 0.52 0.56 0.55 0.52 0.32 0.55 1.00 0.70 0.56 0.56 0.56 0.55 0.31 0.44 0.70 0.32 0.55 0.68 0.62 0.62 0.55 0.68 0.62 0.62 0.57 0.68 0.57
0.65 0.77 0.77 0.75 0.57 0.74 0.77 0.75 0.73 0.77 0.77 0.77 0.77 0.79 0.79 0.78 0.57 0.79 1.00 0.83 0.79 0.79 0.79 0.79 0.59 0.71 0.83 0.56 0.77 0.82 0.81 0.81 0.79 0.82 0.81 0.81 0.79 0.82 0.79
0.86 0.92 0.92 0.92 0.80 0.91 0.92 0.92 0.91 0.92 0.92 0.92 0.92 0.92 0.92 0.92 0.79 0.92 1.00 0.93 0.92 0.92 0.92 0.92 0.84 0.90 0.93 0.80 0.91 0.93 0.92 0.92 0.92 0.93 0.92 0.92 0.92 0.93 0.92
0.65 0.77 0.77 0.75 0.56 0.74 0.77 0.75 0.73 0.77 0.77 0.77 0.77 0.79 0.79 0.77 0.56 0.79 1.00 0.83 0.79 0.79 0.79 0.79 0.58 0.70 0.83 0.55 0.77 0.82 0.81 0.80 0.79 0.82 0.81 0.80 0.78 0.82 0.78
0.45 0.57 0.57 0.56 0.36 0.55 0.57 0.55 0.52 0.59 0.58 0.59 0.59 0.62 0.62 0.59 0.38 0.62 1.00 0.73 0.62 0.62 0.62 0.62 0.37 0.51 0.73 0.36 0.60 0.71 0.67 0.67 0.62 0.71 0.67 0.67 0.63 0.71 0.63
0.57 0.69 0.69 0.68 0.47 0.66 0.69 0.67 0.65 0.70 0.69 0.70 0.70 0.73 0.72 0.70 0.48 0.72 1.00 0.79 0.73 0.73 0.72 0.72 0.49 0.62 0.79 0.47 0.70 0.78 0.75 0.75 0.72 0.78 0.75 0.75 0.72 0.78 0.72
0.76 0.85 0.85 0.85 0.69 0.83 0.85 0.85 0.83 0.85 0.86 0.86 0.85 0.86 0.86 0.86 0.68 0.86 1.00 0.88 0.86 0.86 0.87 0.86 0.72 0.81 0.88 0.68 0.85 0.87 0.87 0.87 0.86 0.87 0.87 0.87 0.86 0.87 0.86
0.59 0.71 0.71 0.70 0.50 0.68 0.71 0.69 0.67 0.72 0.72 0.72 0.72 0.74 0.74 0.72 0.50 0.74 1.00 0.80 0.74 0.74 0.74 0.74 0.53 0.65 0.80 0.50 0.72 0.79 0.77 0.77 0.74 0.79 0.77 0.77 0.74 0.79 0.74
0.48 0.61 0.61 0.59 0.39 0.58 0.61 0.58 0.56 0.62 0.62 0.62 0.62 0.65 0.65 0.62 0.41 0.65 1.00 0.74 0.65 0.65 0.65 0.65 0.42 0.55 0.74 0.40 0.63 0.73 0.69 0.69 0.65 0.73 0.69 0.69 0.65 0.73 0.65
0.89 0.93 0.93 0.93 0.84 0.92 0.93 0.93 0.92 0.93 0.93 0.94 0.93 0.94 0.94 0.94 0.82 0.94 1.00 0.94 0.94 0.94 0.94 0.94 0.87 0.92 0.94 0.83 0.93 0.94 0.94 0.94 0.94 0.94 0.94 0.94 0.93 0.94 0.93
0.53 0.67 0.67 0.65 0.45 0.63 0.67 0.64 0.62 0.67 0.67 0.68 0.67 0.71 0.71 0.68 0.47 0.71 1.00 0.78 0.71 0.71 0.71 0.71 0.48 0.61 0.78 0.46 0.69 0.77 0.74 0.74 0.71 0.77 0.74 0.74 0.70 0.77 0.70
0.86 0.92 0.92 0.92 0.81 0.91 0.92 0.92 0.91 0.92 0.92 0.92 0.92 0.93 0.93 0.92 0.80 0.93 1.00 0.93 0.93 0.93 0.93 0.93 0.85 0.90 0.93 0.80 0.92 0.93 0.93 0.93 0.93 0.93 0.93 0.93 0.92 0.93 0.92
0.71 0.81 0.81 0.80 0.62 0.78 0.81 0.80 0.78 0.81 0.81 0.81 0.81 0.83 0.83 0.81 0.62 0.82 1.00 0.85 0.83 0.83 0.83 0.82 0.65 0.76 0.85 0.61 0.81 0.84 0.83 0.83 0.82 0.84 0.83 0.83 0.82 0.84 0.82
0.39 0.52 0.52 0.50 0.29 0.50 0.52 0.49 0.46 0.54 0.53 0.53 0.54 0.57 0.56 0.54 0.33 0.57 1.00 0.70 0.57 0.57 0.57 0.57 0.33 0.46 0.70 0.33 0.57 0.69 0.64 0.63 0.57 0.69 0.64 0.63 0.58 0.69 0.58
0.62 0.74 0.74 0.73 0.53 0.71 0.74 0.72 0.70 0.75 0.74 0.75 0.75 0.77 0.77 0.75 0.54 0.76 1.00 0.81 0.77 0.77 0.77 0.76 0.56 0.68 0.81 0.53 0.75 0.81 0.78 0.78 0.76 0.81 0.78 0.78 0.76 0.81 0.76
0.30 0.42 0.42 0.40 0.22 0.41 0.42 0.39 0.36 0.45 0.42 0.43 0.45 0.48 0.47 0.45 0.26 0.48 1.00 0.66 0.48 0.48 0.48 0.48 0.25 0.38 0.66 0.26 0.49 0.64 0.57 0.57 0.48 0.64 0.57 0.57 0.50 0.64 0.50
0.74 0.83 0.83 0.83 0.66 0.81 0.83 0.82 0.80 0.83 0.83 0.84 0.83 0.85 0.85 0.84 0.65 0.84 1.00 0.86 0.85 0.85 0.85 0.84 0.70 0.79 0.86 0.65 0.83 0.86 0.85 0.85 0.84 0.86 0.85 0.85 0.84 0.86 0.84
0.75 0.84 0.84 0.83 0.66 0.82 0.84 0.83 0.81 0.84 0.84 0.84 0.84 0.85 0.85 0.84 0.65 0.85 1.00 0.87 0.85 0.85 0.85 0.85 0.69 0.79 0.87 0.64 0.83 0.87 0.85 0.85 0.85 0.87 0.85 0.85 0.84 0.87 0.84
