0.99 0.99 0.99 0.99 0.95 0.99 0.99 0.99 0.99 0.99 0.99 0.99 0.99 0.99 0.99 0.99 0.89 0.99 0.98 0.99 0.99 0.99 0.99 0.99 0.94 0.98 0.99 0.90 0.99 0.99 0.99 0.99 0.99 0.99 0.99 0.99 0.99 0.99 0.99 0.97 0.94 0.98 0.95 0.98 0.98 0.98 0.98 0.98 0.98 0.98 0.98 0.98 0.62 0.97 0.97 0.97 0.97 0.97 0.59 0.60 0.25 0.36 0.99 0.99 0.99 0.99 0.99 0.99 0.99 0.99 0.99 0.99 0.99 0.99 0.99 0.99 0.97 1.00 0.99 1.00 0.94 0.97 0.97 0.97
0.79 0.73 0.73 0.71 0.46 0.77 0.73 0.69 0.66 0.74 0.69 0.68 0.74 0.68 0.68 0.65 0.40 0.65 0.61 0.67 0.68 0.68 0.68 0.65 0.37 0.49 0.67 0.34 0.58 0.66 0.65 0.65 0.65 0.66 0.65 0.65 0.61 0.66 0.61 0.62 0.49 0.63 0.53 0.65 0.65 0.64 0.65 0.66 0.63 0.64 0.64 0.64 0.09 0.56 0.56 0.56 0.56 0.56 0.12 0.11 0.01 0.06 0.72 0.82 0.82 0.82 0.82 0.83 0.86 0.83 0.83 0.78 0.82 0.79 0.77 0.78 0.73 0.95 0.86 1.00 0.53 0.54 0.54 0.54
0.91 0.89 0.89 0.88 0.68 0.91 0.89 0.88 0.85 0.89 0.88 0.88 0.89 0.88 0.88 0.87 0.61 0.87 0.82 0.87 0.88 0.88 0.88 0.87 0.64 0.76 0.87 0.60 0.83 0.88 0.87 0.87 0.87 0.88 0.87 0.87 0.85 0.88 0.85 0.81 0.70 0.82 0.73 0.82 0.82 0.82 0.82 0.83 0.81 0.82 0.82 0.82 0.23 0.76 0.76 0.76 0.76 0.76 0.26 0.25 0.04 0.13 0.88 0.92 0.92 0.92 0.92 0.93 0.94 0.93 0.93 0.91 0.92 0.91 0.91 0.90 0.85 0.98 0.93 1.00 0.72 0.75 0.75 0.75
0.87 0.83 0.83 0.82 0.59 0.85 0.83 0.81 0.78 0.84 0.81 0.81 0.84 0.81 0.81 0.79 0.52 0.79 0.74 0.79 0.81 0.81 0.81 0.79 0.52 0.65 0.79 0.48 0.73 0.79 0.78 0.78 0.79 0.79 0.78 0.78 0.75 0.79 0.75 0.73 0.61 0.74 0.65 0.75 0.75 0.74 0.75 0.75 0.73 0.74 0.74 0.74 0.15 0.68 0.68 0.68 0.68 0.68 0.19 0.18 0.02 0.10 0.82 0.89 0.89 0.89 0.89 0.90 0.91 0.90 0.90 0.86 0.89 0.87 0.86 0.86 0.79 0.97 0.90 1.00 0.63 0.65 0.65 0.65
0.77 0.69 0.69 0.67 0.41 0.74 0.69 0.66 0.62 0.71 0.65 0.64 0.71 0.64 0.64 0.61 0.35 0.60 0.56 0.62 0.64 0.64 0.64 0.60 0.32 0.43 0.62 0.30 0.54 0.62 0.60 0.60 0.60 0.62 0.60 0.60 0.56 0.62 0.56 0.58 0.44 0.59 0.48 0.62 0.62 0.60 0.62 0.63 0.59 0.60 0.60 0.60 0.07 0.52 0.52 0.52 0.52 0.52 0.11 0.10 0.01 0.06 0.69 0.81 0.81 0.81 0.81 0.82 0.86 0.82 0.82 0.76 0.81 0.77 0.75 0.76 0.70 0.94 0.83 1.00 0.49 0.50 0.50 0.50
0.94 0.93 0.93 0.92 0.75 0.93 0.93 0.92 0.89 0.93 0.92 0.91 0.93 0.92 0.92 0.90 0.67 0.91 0.87 0.91 0.92 0.92 0.92 0.91 0.71 0.83 0.91 0.66 0.88 0.91 0.91 0.91 0.91 0.91 0.91 0.91 0.89 0.91 0.89 0.85 0.75 0.85 0.78 0.86 0.86 0.85 0.86 0.86 0.84 0.85 0.85 0.85 0.26 0.80 0.80 0.80 0.80 0.80 0.29 0.30 0.06 0.15 0.91 0.95 0.95 0.95 0.95 0.95 0.96 0.95 0.95 0.94 0.95 0.94 0.94 0.94 0.87 0.98 0.94 1.00 0.76 0.80 0.80 0.80
0.99 0.99 0.99 0.99 0.93 0.99 0.99 0.99 0.98 0.99 0.99 0.99 0.99 0.99 0.99 0.99 0.87 0.99 0.98 0.99 0.99 0.99 0.99 0.99 0.93 0.97 0.99 0.89 0.98 0.99 0.99 0.99 0.99 0.99 0.99 0.99 0.99 0.99 0.99 0.96 0.93 0.97 0.94 0.97 0.97 0.97 0.97 0.97 0.97 0.97 0.97 0.97 0.58 0.95 0.95 0.95 0.95 0.95 0.55 0.56 0.21 0.32 0.99 0.99 0.99 0.99 0.99 0.99 0.99 0.99 0.99 0.99 0.99 0.99 0.99 0.99 0.96 1.00 0.99 1.00 0.93 0.95 0.95 0.95
0.99 0.99 0.99 0.99 0.91 0.99 0.99 0.98 0.98 0.99 0.99 0.98 0.99 0.99 0.99 0.98 0.85 0.99 0.97 0.99 0.99 0.99 0.99 0.99 0.90 0.96 0.99 0.86 0.98 0.99 0.99 0.99 0.99 0.99 0.99 0.99 0.98 0.99 0.98 0.95 0.91 0.95 0.92 0.96 0.96 0.95 0.96 0.96 0.95 0.95 0.95 0.95 0.51 0.93 0.93 0.93 0.93 0.93 0.50 0.50 0.18 0.29 0.98 0.99 0.99 0.99 0.99 0.99 0.99 0.99 0.99 0.99 0.99 0.99 0.99 0.99 0.95 1.00 0.98 1.00 0.92 0.94 0.94 0.94
0.94 0.93 0.93 0.93 0.75 0.94 0.93 0.92 0.90 0.93 0.92 0.92 0.93 0.92 0.92 0.91 0.68 0.92 0.87 0.92 0.92 0.92 0.92 0.92 0.72 0.84 0.92 0.67 0.89 0.92 0.92 0.92 0.92 0.92 0.92 0.92 0.90 0.92 0.90 0.86 0.76 0.86 0.79 0.86 0.86 0.85 0.86 0.86 0.85 0.85 0.85 0.85 0.29 0.81 0.81 0.81 0.81 0.81 0.30 0.29 0.06 0.16 0.91 0.95 0.95 0.95 0.95 0.95 0.96 0.95 0.95 0.94 0.95 0.94 0.93 0.93 0.88 0.99 0.95 1.00 0.78 0.81 0.81 0.81
0.99 0.99 0.99 0.99 0.94 0.99 0.99 0.99 0.99 0.99 0.99 0.99 0.99 0.99 0.99 0.99 0.88 0.99 0.98 0.99 0.99 0.99 0.99 0.99 0.93 0.98 0.99 0.89 0.99 0.99 0.99 0.99 0.99 0.99 0.99 0.99 0.99 0.99 0.99 0.98 0.95 0.98 0.95 0.98 0.98 0.98 0.98 0.98 0.98 0.98 0.98 0.98 0.60 0.96 0.96 0.96 0.96 0.96 0.57 0.57 0.23 0.34 0.99 0.99 0.99 0.99 0.99 0.99 0.99 0.99 0.99 0.99 0.99 0.99 0.99 0.99 0.97 1.00 0.99 1.00 0.94 0.96 0.96 0.96
0.95 0.95 0.95 0.94 0.80 0.95 0.95 0.94 0.92 0.95 0.94 0.94 0.95 0.94 0.94 0.93 0.72 0.94 0.90 0.94 0.94 0.94 0.94 0.94 0.77 0.87 0.94 0.73 0.91 0.94 0.94 0.94 0.94 0.94 0.94 0.94 0.92 0.94 0.92 0.89 0.80 0.89 0.83 0.89 0.89 0.89 0.89 0.89 0.88 0.89 0.89 0.89 0.32 0.85 0.85 0.85 0.85 0.85 0.35 0.35 0.07 0.18 0.93 0.96 0.96 0.96 0.96 0.96 0.97 0.96 0.96 0.95 0.96 0.95 0.95 0.95 0.90 0.99 0.96 1.00 0.82 0.85 0.85 0.85
0.72 0.62 0.62 0.60 0.34 0.68 0.62 0.58 0.54 0.64 0.57 0.56 0.64 0.56 0.55 0.52 0.28 0.51 0.48 0.54 0.56 0.56 0.55 0.51 0.25 0.36 0.54 0.23 0.45 0.53 0.51 0.51 0.51 0.53 0.51 0.51 0.48 0.53 0.48 0.52 0.39 0.53 0.44 0.57 0.57 0.55 0.57 0.57 0.53 0.55 0.55 0.55 0.05 0.47 0.47 0.47 0.47 0.47 0.08 0.07 0.01 0.04 0.62 0.76 0.76 0.76 0.76 0.78 0.83 0.78 0.78 0.71 0.76 0.72 0.70 0.70 0.67 0.93 0.81 1.00 0.43 0.44 0.44 0.44
0.99 0.99 0.99 0.99 0.96 0.99 0.99 0.99 0.99 0.99 0.99 0.99 0.99 0.99 0.99 0.99 0.90 0.99 0.99 0.99 0.99 0.99 0.99 0.99 0.95 0.99 0.99 0.91 0.99 0.99 0.99 0.99 0.99 0.99 0.99 0.99 0.99 0.99 0.99 0.98 0.96 0.98 0.97 0.99 0.99 0.98 0.99 0.99 0.98 0.98 0.98 0.98 0.66 0.97 0.97 0.97 0.97 0.97 0.62 0.64 0.29 0.40 0.99 1.00 1.00 1.00 1.00 1.00 1.00 1.00 1.00 1.00 1.00 0.99 0.99 0.99 0.97 1.00 0.99 1.00 0.95 0.98 0.98 0.98
0.86 0.83 0.83 0.82 0.59 0.85 0.83 0.81 0.77 0.83 0.81 0.80 0.83 0.81 0.81 0.79 0.52 0.79 0.73 0.79 0.81 0.81 0.81 0.79 0.52 0.65 0.79 0.49 0.73 0.79 0.79 0.78 0.79 0.79 0.79 0.79 0.76 0.79 0.76 0.73 0.60 0.73 0.64 0.75 0.75 0.74 0.75 0.76 0.73 0.74 0.74 0.74 0.14 0.67 0.67 0.67 0.67 0.67 0.19 0.18 0.02 0.10 0.81 0.88 0.88 0.88 0.88 0.89 0.91 0.89 0.89 0.86 0.88 0.86 0.85 0.85 0.79 0.97 0.90 1.00 0.63 0.65 0.65 0.65
0.99 0.99 0.99 0.99 0.92 0.99 0.99 0.99 0.98 0.99 0.99 0.99 0.99 0.99 0.99 0.99 0.86 0.99 0.97 0.99 0.99 0.99 0.99 0.99 0.91 0.96 0.99 0.86 0.98 0.99 0.99 0.99 0.99 0.99 0.99 0.99 0.98 0.99 0.98 0.96 0.92 0.96 0.93 0.97 0.97 0.96 0.97 0.97 0.96 0.96 0.96 0.96 0.53 0.94 0.94 0.94 0.94 0.94 0.52 0.52 0.18 0.30 0.98 0.99 0.99 0.99 0.99 0.99 0.99 0.99 0.99 0.99 0.99 0.99 0.99 0.99 0.96 1.00 0.99 1.00 0.92 0.95 0.95 0.95
0.74 0.65 0.65 0.63 0.37 0.71 0.65 0.61 0.57 0.67 0.60 0.59 0.67 0.59 0.59 0.57 0.31 0.55 0.51 0.57 0.59 0.59 0.59 0.55 0.29 0.39 0.57 0.27 0.48 0.57 0.55 0.54 0.55 0.57 0.55 0.55 0.51 0.57 0.51 0.54 0.41 0.56 0.45 0.59 0.59 0.57 0.59 0.60 0.56 0.57 0.57 0.57 0.06 0.50 0.50 0.50 0.50 0.50 0.09 0.08 0.01 0.05 0.64 0.78 0.78 0.78 0.78 0.79 0.84 0.79 0.79 0.72 0.78 0.74 0.71 0.72 0.69 0.94 0.82 1.00 0.47 0.46 0.46 0.46
0.88 0.87 0.87 0.85 0.64 0.88 0.87 0.85 0.81 0.87 0.85 0.85 0.87 0.85 0.85 0.83 0.57 0.83 0.78 0.84 0.85 0.85 0.85 0.83 0.57 0.71 0.84 0.53 0.78 0.84 0.83 0.82 0.83 0.84 0.83 0.82 0.80 0.84 0.80 0.77 0.65 0.77 0.68 0.79 0.79 0.77 0.79 0.79 0.76 0.77 0.77 0.77 0.18 0.71 0.71 0.71 0.71 0.71 0.22 0.20 0.03 0.11 0.84 0.91 0.91 0.91 0.91 0.91 0.93 0.91 0.91 0.89 0.91 0.89 0.88 0.88 0.83 0.98 0.91 1.00 0.68 0.70 0.70 0.70
0.88 0.85 0.85 0.84 0.61 0.87 0.85 0.83 0.80 0.85 0.83 0.83 0.85 0.83 0.83 0.81 0.55 0.81 0.77 0.82 0.83 0.83 0.83 0.81 0.55 0.68 0.82 0.51 0.76 0.82 0.81 0.81 0.81 0.82 0.81 0.81 0.78 0.82 0.78 0.76 0.62 0.76 0.66 0.77 0.77 0.75 0.77 0.77 0.75 0.75 0.75 0.75 0.17 0.69 0.69 0.69 0.69 0.69 0.20 0.20 0.03 0.10 0.84 0.90 0.90 0.90 0.90 0.91 0.92 0.91 0.91 0.88 0.90 0.88 0.87 0.87 0.80 0.97 0.91 1.00 0.67 0.69 0.69 0.69
0.98 0.98 0.98 0.98 0.88 0.98 0.98 0.97 0.96 0.98 0.98 0.97 0.98 0.98 0.98 0.97 0.82 0.98 0.95 0.98 0.98 0.98 0.98 0.98 0.87 0.94 0.98 0.82 0.97 0.98 0.98 0.98 0.98 0.98 0.98 0.98 0.97 0.98 0.97 0.94 0.88 0.94 0.90 0.94 0.94 0.94 0.94 0.94 0.94 0.94 0.94 0.94 0.46 0.91 0.91 0.91 0.91 0.91 0.46 0.48 0.14 0.25 0.97 0.98 0.98 0.98 0.98 0.98 0.99 0.98 0.98 0.98 0.98 0.98 0.98 0.98 0.94 0.99 0.98 1.00 0.89 0.92 0.92 0.92
0.78 0.71 0.71 0.70 0.43 0.76 0.71 0.68 0.64 0.73 0.68 0.67 0.73 0.66 0.66 0.64 0.37 0.63 0.59 0.64 0.66 0.66 0.66 0.63 0.35 0.47 0.64 0.33 0.56 0.64 0.62 0.62 0.63 0.64 0.62 0.62 0.59 0.64 0.59 0.61 0.47 0.62 0.51 0.64 0.64 0.62 0.64 0.65 0.61 0.62 0.62 0.62 0.08 0.54 0.54 0.54 0.54 0.54 0.11 0.10 0.01 0.06 0.70 0.82 0.82 0.82 0.82 0.83 0.87 0.83 0.83 0.77 0.82 0.78 0.76 0.76 0.71 0.95 0.85 1.00 0.50 0.52 0.52 0.52
0.82 0.77 0.77 0.76 0.49 0.81 0.77 0.74 0.71 0.78 0.74 0.73 0.78 0.73 0.73 0.71 0.45 0.71 0.66 0.72 0.73 0.73 0.73 0.71 0.42 0.55 0.72 0.39 0.64 0.72 0.71 0.70 0.71 0.72 0.71 0.70 0.67 0.72 0.67 0.67 0.53 0.67 0.57 0.69 0.69 0.67 0.69 0.69 0.66 0.67 0.67 0.67 0.11 0.60 0.60 0.60 0.60 0.60 0.15 0.14 0.01 0.07 0.75 0.85 0.85 0.85 0.85 0.86 0.89 0.86 0.86 0.82 0.85 0.83 0.81 0.81 0.76 0.96 0.87 1.00 0.57 0.59 0.59 0.59
0.89 0.87 0.87 0.86 0.65 0.89 0.87 0.85 0.83 0.87 0.85 0.85 0.87 0.85 0.85 0.84 0.58 0.84 0.79 0.85 0.85 0.85 0.85 0.84 0.58 0.72 0.85 0.55 0.79 0.85 0.84 0.84 0.84 0.85 0.84 0.84 0.82 0.85 0.82 0.78 0.66 0.78 0.70 0.79 0.79 0.78 0.79 0.80 0.78 0.78 0.78 0.78 0.20 0.73 0.73 0.73 0.73 0.73 0.22 0.22 0.03 0.11 0.85 0.91 0.91 0.91 0.91 0.92 0.93 0.92 0.92 0.89 0.91 0.89 0.89 0.89 0.83 0.98 0.92 1.00 0.69 0.71 0.71 0.71
0.94 0.93 0.93 0.92 0.75 0.93 0.93 0.92 0.89 0.93 0.92 0.91 0.93 0.92 0.92 0.91 0.68 0.91 0.87 0.92 0.92 0.92 0.92 0.91 0.72 0.83 0.92 0.67 0.88 0.92 0.91 0.91 0.91 0.92 0.91 0.91 0.90 0.92 0.90 0.85 0.76 0.85 0.78 0.86 0.86 0.85 0.86 0.86 0.85 0.85 0.85 0.85 0.29 0.81 0.81 0.81 0.81 0.81 0.29 0.30 0.06 0.15 0.91 0.95 0.95 0.95 0.95 0.95 0.96 0.95 0.95 0.94 0.95 0.94 0.93 0.93 0.88 0.99 0.94 1.00 0.78 0.82 0.82 0.82
0.70 0.59 0.59 0.56 0.31 0.66 0.59 0.54 0.50 0.61 0.54 0.52 0.61 0.51 0.51 0.48 0.25 0.47 0.44 0.49 0.51 0.51 0.51 0.47 0.22 0.31 0.49 0.21 0.40 0.49 0.47 0.46 0.47 0.49 0.47 0.47 0.43 0.49 0.43 0.49 0.37 0.51 0.41 0.55 0.55 0.52 0.55 0.56 0.51 0.52 0.52 0.52 0.05 0.44 0.44 0.44 0.44 0.44 0.07 0.06 0.01 0.04 0.59 0.75 0.75 0.75 0.75 0.77 0.82 0.77 0.77 0.69 0.75 0.70 0.67 0.68 0.66 0.93 0.80 1.00 0.41 0.41 0.41 0.41
0.99 0.99 0.99 0.99 0.95 0.99 0.99 0.99 0.99 0.99 0.99 0.99 0.99 0.99 0.99 0.99 0.90 0.99 0.98 0.99 0.99 0.99 0.99 0.99 0.95 0.98 0.99 0.91 0.99 0.99 0.99 0.99 0.99 0.99 0.99 0.99 0.99 0.99 0.99 0.98 0.95 0.98 0.96 0.98 0.98 0.98 0.98 0.98 0.98 0.98 0.98 0.98 0.64 0.97 0.97 0.97 0.97 0.97 0.61 0.62 0.26 0.37 0.99 0.99 0.99 0.99 0.99 0.99 1.00 0.99 0.99 0.99 0.99 0.99 0.99 0.99 0.97 1.00 0.99 1.00 0.95 0.97 0.97 0.97
0.71 0.62 0.62 0.59 0.33 0.68 0.62 0.57 0.54 0.64 0.57 0.55 0.64 0.55 0.55 0.52 0.27 0.51 0.47 0.53 0.55 0.55 0.54 0.51 0.24 0.34 0.53 0.23 0.43 0.52 0.50 0.50 0.51 0.52 0.50 0.50 0.46 0.52 0.46 0.51 0.38 0.53 0.43 0.56 0.56 0.54 0.56 0.57 0.52 0.54 0.54 0.54 0.05 0.46 0.46 0.46 0.46 0.46 0.07 0.07 0.00 0.04 0.62 0.75 0.75 0.75 0.75 0.77 0.82 0.77 0.77 0.70 0.75 0.71 0.69 0.69 0.67 0.93 0.81 1.00 0.43 0.43 0.43 0.43
0.77 0.69 0.69 0.67 0.41 0.74 0.69 0.66 0.62 0.71 0.65 0.63 0.71 0.64 0.63 0.61 0.35 0.60 0.56 0.62 0.64 0.64 0.63 0.60 0.33 0.43 0.62 0.31 0.53 0.61 0.60 0.59 0.60 0.61 0.60 0.59 0.56 0.61 0.56 0.58 0.44 0.59 0.49 0.61 0.61 0.59 0.61 0.62 0.58 0.59 0.59 0.59 0.08 0.52 0.52 0.52 0.52 0.52 0.10 0.09 0.01 0.05 0.68 0.80 0.80 0.80 0.80 0.82 0.86 0.82 0.82 0.76 0.80 0.77 0.75 0.75 0.70 0.94 0.83 1.00 0.49 0.50 0.50 0.50
0.73 0.64 0.64 0.62 0.35 0.70 0.64 0.60 0.56 0.66 0.59 0.58 0.66 0.57 0.57 0.55 0.30 0.53 0.50 0.55 0.57 0.57 0.57 0.53 0.27 0.37 0.55 0.26 0.47 0.55 0.53 0.53 0.53 0.55 0.53 0.53 0.49 0.55 0.49 0.54 0.40 0.56 0.45 0.59 0.59 0.57 0.59 0.60 0.56 0.57 0.57 0.57 0.06 0.48 0.48 0.48 0.48 0.48 0.09 0.08 0.00 0.05 0.64 0.77 0.77 0.77 0.77 0.79 0.83 0.79 0.79 0.72 0.77 0.73 0.71 0.71 0.68 0.94 0.82 1.00 0.45 0.45 0.45 0.45
0.83 0.78 0.78 0.77 0.51 0.81 0.78 0.75 0.72 0.79 0.75 0.74 0.79 0.74 0.75 0.72 0.44 0.72 0.67 0.73 0.74 0.74 0.74 0.72 0.44 0.57 0.73 0.41 0.65 0.73 0.71 0.71 0.72 0.73 0.71 0.71 0.68 0.73 0.68 0.67 0.54 0.69 0.58 0.70 0.70 0.69 0.70 0.71 0.68 0.69 0.69 0.69 0.11 0.62 0.62 0.62 0.62 0.62 0.15 0.13 0.01 0.07 0.77 0.86 0.86 0.86 0.86 0.87 0.89 0.87 0.87 0.83 0.86 0.83 0.82 0.82 0.76 0.96 0.88 1.00 0.59 0.60 0.60 0.60
0.99 0.99 0.99 0.99 0.95 0.99 0.99 0.99 0.99 0.99 0.99 0.99 0.99 0.99 0.99 0.99 0.90 0.99 0.99 0.99 0.99 0.99 0.99 0.99 0.94 0.98 0.99 0.90 0.99 0.99 0.99 0.99 0.99 0.99 0.99 0.99 0.99 0.99 0.99 0.98 0.95 0.98 0.96 0.98 0.98 0.98 0.98 0.98 0.98 0.98 0.98 0.98 0.64 0.97 0.97 0.97 0.97 0.97 0.59 0.62 0.27 0.37 0.99 0.99 0.99 0.99 0.99 0.99 0.99 0.99 0.99 0.99 0.99 0.99 0.99 0.99 0.97 1.00 0.99 1.00 0.95 0.97 0.97 0.97
0.85 0.82 0.82 0.80 0.56 0.84 0.82 0.79 0.75 0.82 0.79 0.78 0.82 0.79 0.79 0.76 0.49 0.76 0.71 0.78 0.79 0.79 0.78 0.76 0.49 0.61 0.78 0.45 0.70 0.77 0.76 0.76 0.76 0.77 0.76 0.76 0.73 0.77 0.73 0.70 0.58 0.71 0.62 0.73 0.73 0.71 0.73 0.73 0.70 0.71 0.71 0.71 0.13 0.64 0.64 0.64 0.64 0.64 0.16 0.15 0.02 0.08 0.79 0.87 0.87 0.87 0.87 0.88 0.90 0.88 0.88 0.84 0.87 0.85 0.84 0.84 0.78 0.96 0.89 1.00 0.61 0.62 0.62 0.62
0.72 0.63 0.63 0.60 0.34 0.68 0.63 0.58 0.54 0.65 0.58 0.56 0.65 0.56 0.56 0.53 0.29 0.52 0.49 0.54 0.56 0.56 0.56 0.52 0.26 0.35 0.54 0.25 0.45 0.54 0.52 0.52 0.52 0.54 0.52 0.52 0.48 0.54 0.48 0.51 0.39 0.53 0.43 0.56 0.56 0.54 0.56 0.57 0.53 0.54 0.54 0.54 0.06 0.47 0.47 0.47 0.47 0.47 0.08 0.07 0.01 0.04 0.63 0.76 0.76 0.76 0.76 0.78 0.83 0.78 0.78 0.71 0.76 0.72 0.70 0.70 0.67 0.93 0.82 1.00 0.44 0.44 0.44 0.44
0.99 0.99 0.99 0.99 0.94 0.99 0.99 0.99 0.99 0.99 0.99 0.99 0.99 0.99 0.99 0.99 0.89 0.99 0.98 0.99 0.99 0.99 0.99 0.99 0.94 0.98 0.99 0.90 0.99 0.99 0.99 0.99 0.99 0.99 0.99 0.99 0.99 0.99 0.99 0.98 0.95 0.98 0.95 0.98 0.98 0.98 0.98 0.98 0.98 0.98 0.98 0.98 0.61 0.96 0.96 0.96 0.96 0.96 0.58 0.59 0.25 0.36 0.99 0.99 0.99 0.99 0.99 0.99 1.00 0.99 0.99 0.99 0.99 0.99 0.99 0.99 0.97 1.00 0.99 1.00 0.94 0.97 0.97 0.97
0.86 0.83 0.83 0.82 0.58 0.85 0.83 0.80 0.77 0.83 0.80 0.80 0.83 0.80 0.80 0.78 0.52 0.77 0.73 0.78 0.80 0.80 0.80 0.77 0.51 0.64 0.78 0.47 0.73 0.78 0.77 0.77 0.77 0.78 0.77 0.77 0.75 0.78 0.75 0.72 0.59 0.72 0.63 0.74 0.74 0.72 0.74 0.74 0.72 0.72 0.72 0.72 0.15 0.66 0.66 0.66 0.66 0.66 0.18 0.17 0.02 0.09 0.80 0.88 0.88 0.88 0.88 0.89 0.91 0.89 0.89 0.85 0.88 0.86 0.85 0.85 0.79 0.97 0.90 1.00 0.63 0.66 0.66 0.66
0.99 0.99 0.99 0.99 0.92 0.99 0.99 0.99 0.98 0.99 0.98 0.98 0.99 0.99 0.99 0.98 0.86 0.99 0.97 0.99 0.99 0.99 0.99 0.99 0.91 0.97 0.99 0.87 0.98 0.99 0.99 0.99 0.99 0.99 0.99 0.99 0.98 0.99 0.98 0.96 0.93 0.96 0.94 0.97 0.97 0.96 0.97 0.97 0.96 0.96 0.96 0.96 0.55 0.95 0.95 0.95 0.95 0.95 0.53 0.55 0.19 0.31 0.98 0.99 0.99 0.99 0.99 0.99 0.99 0.99 0.99 0.99 0.99 0.99 0.99 0.99 0.96 1.00 0.99 1.00 0.92 0.95 0.95 0.95
0.98 0.98 0.98 0.98 0.91 0.98 0.98 0.98 0.97 0.98 0.98 0.98 0.98 0.98 0.98 0.98 0.84 0.98 0.96 0.98 0.98 0.98 0.98 0.98 0.89 0.96 0.98 0.85 0.97 0.98 0.98 0.98 0.98 0.98 0.98 0.98 0.98 0.98 0.98 0.95 0.91 0.96 0.92 0.96 0.96 0.96 0.96 0.96 0.96 0.96 0.96 0.96 0.51 0.94 0.94 0.94 0.94 0.94 0.50 0.51 0.17 0.28 0.97 0.99 0.99 0.99 0.99 0.99 0.99 0.99 0.99 0.98 0.99 0.98 0.98 0.98 0.95 1.00 0.98 1.00 0.90 0.94 0.94 0.94
0.96 0.96 0.96 0.96 0.82 0.96 0.96 0.95 0.94 0.96 0.96 0.95 0.96 0.96 0.96 0.95 0.76 0.95 0.92 0.95 0.96 0.96 0.96 0.95 0.81 0.90 0.95 0.75 0.93 0.96 0.95 0.95 0.95 0.96 0.95 0.95 0.94 0.96 0.94 0.90 0.82 0.90 0.85 0.91 0.91 0.90 0.91 0.91 0.90 0.90 0.90 0.90 0.37 0.86 0.86 0.86 0.86 0.86 0.37 0.38 0.10 0.20 0.95 0.97 0.97 0.97 0.97 0.97 0.97 0.97 0.97 0.96 0.97 0.96 0.96 0.96 0.91 0.99 0.97 1.00 0.83 0.87 0.87 0.87
0.88 0.86 0.86 0.85 0.62 0.87 0.86 0.84 0.81 0.86 0.84 0.83 0.86 0.83 0.83 0.82 0.56 0.82 0.76 0.83 0.83 0.83 0.84 0.82 0.55 0.69 0.83 0.52 0.77 0.82 0.82 0.82 0.82 0.82 0.82 0.82 0.79 0.82 0.79 0.76 0.64 0.77 0.68 0.78 0.78 0.77 0.78 0.78 0.76 0.77 0.77 0.77 0.18 0.70 0.70 0.70 0.70 0.70 0.20 0.20 0.02 0.10 0.83 0.90 0.90 0.90 0.90 0.90 0.92 0.90 0.90 0.88 0.90 0.88 0.87 0.87 0.81 0.97 0.91 1.00 0.67 0.69 0.69 0.69
0.85 0.82 0.82 0.81 0.57 0.85 0.82 0.80 0.76 0.83 0.80 0.79 0.83 0.79 0.79 0.77 0.50 0.77 0.72 0.78 0.79 0.79 0.79 0.77 0.51 0.63 0.78 0.47 0.72 0.78 0.77 0.77 0.77 0.78 0.77 0.77 0.74 0.78 0.74 0.72 0.59 0.72 0.63 0.74 0.74 0.72 0.74 0.74 0.72 0.72 0.72 0.72 0.14 0.66 0.66 0.66 0.66 0.66 0.18 0.17 0.02 0.09 0.80 0.88 0.88 0.88 0.88 0.89 0.91 0.89 0.89 0.86 0.88 0.86 0.85 0.85 0.78 0.97 0.89 1.00 0.62 0.64 0.64 0.64
0.97 0.97 0.97 0.96 0.84 0.97 0.97 0.96 0.95 0.97 0.96 0.96 0.97 0.96 0.96 0.96 0.78 0.96 0.93 0.96 0.96 0.96 0.96 0.96 0.82 0.92 0.96 0.78 0.95 0.96 0.96 0.96 0.96 0.96 0.96 0.96 0.95 0.96 0.95 0.92 0.85 0.92 0.87 0.92 0.92 0.92 0.92 0.92 0.92 0.92 0.92 0.92 0.39 0.89 0.89 0.89 0.89 0.89 0.41 0.40 0.10 0.21 0.95 0.97 0.97 0.97 0.97 0.97 0.98 0.97 0.97 0.97 0.97 0.97 0.97 0.97 0.92 0.99 0.97 1.00 0.86 0.89 0.89 0.89
0.90 0.89 0.89 0.88 0.67 0.90 0.89 0.87 0.84 0.89 0.87 0.87 0.89 0.87 0.87 0.85 0.60 0.86 0.81 0.87 0.87 0.87 0.87 0.86 0.63 0.75 0.87 0.59 0.82 0.87 0.86 0.86 0.86 0.87 0.86 0.86 0.84 0.87 0.84 0.80 0.68 0.80 0.71 0.81 0.81 0.80 0.81 0.81 0.79 0.80 0.80 0.80 0.22 0.74 0.74 0.74 0.74 0.74 0.24 0.24 0.04 0.12 0.87 0.92 0.92 0.92 0.92 0.92 0.94 0.92 0.92 0.90 0.92 0.90 0.90 0.90 0.84 0.98 0.93 1.00 0.71 0.73 0.73 0.73
0.93 0.92 0.92 0.91 0.73 0.92 0.92 0.90 0.88 0.91 0.90 0.90 0.91 0.90 0.90 0.89 0.66 0.89 0.85 0.90 0.90 0.90 0.90 0.89 0.68 0.80 0.90 0.64 0.86 0.90 0.89 0.89 0.89 0.90 0.89 0.89 0.87 0.90 0.87 0.84 0.73 0.83 0.76 0.84 0.84 0.83 0.84 0.84 0.83 0.83 0.83 0.83 0.26 0.78 0.78 0.78 0.78 0.78 0.28 0.28 0.05 0.14 0.89 0.94 0.94 0.94 0.94 0.94 0.95 0.94 0.94 0.93 0.94 0.93 0.92 0.92 0.86 0.98 0.94 1.00 0.75 0.78 0.78 0.78
0.85 0.82 0.82 0.80 0.56 0.84 0.82 0.79 0.76 0.82 0.79 0.79 0.82 0.79 0.78 0.77 0.50 0.76 0.71 0.78 0.79 0.79 0.79 0.76 0.50 0.63 0.78 0.47 0.72 0.78 0.76 0.76 0.76 0.78 0.76 0.76 0.73 0.78 0.73 0.71 0.58 0.72 0.62 0.73 0.73 0.72 0.73 0.74 0.71 0.72 0.72 0.72 0.14 0.66 0.66 0.66 0.66 0.66 0.17 0.16 0.02 0.09 0.79 0.88 0.88 0.88 0.88 0.88 0.91 0.88 0.88 0.85 0.88 0.86 0.85 0.85 0.78 0.96 0.89 1.00 0.61 0.64 0.64 0.64
0.78 0.72 0.72 0.70 0.43 0.76 0.72 0.68 0.64 0.73 0.68 0.67 0.73 0.67 0.67 0.64 0.38 0.63 0.60 0.66 0.67 0.67 0.67 0.63 0.36 0.49 0.66 0.34 0.58 0.65 0.64 0.64 0.63 0.65 0.64 0.64 0.60 0.65 0.60 0.61 0.48 0.63 0.52 0.65 0.65 0.63 0.65 0.66 0.62 0.63 0.63 0.63 0.09 0.55 0.55 0.55 0.55 0.55 0.12 0.11 0.01 0.06 0.71 0.82 0.82 0.82 0.82 0.83 0.87 0.83 0.83 0.78 0.82 0.79 0.77 0.77 0.73 0.95 0.86 1.00 0.52 0.53 0.53 0.53
0.82 0.77 0.77 0.75 0.50 0.80 0.77 0.74 0.70 0.77 0.74 0.73 0.77 0.73 0.73 0.71 0.44 0.70 0.66 0.72 0.73 0.73 0.73 0.70 0.42 0.55 0.72 0.39 0.64 0.71 0.70 0.70 0.70 0.71 0.70 0.70 0.67 0.71 0.67 0.67 0.53 0.67 0.57 0.69 0.69 0.67 0.69 0.70 0.66 0.67 0.67 0.67 0.11 0.60 0.60 0.60 0.60 0.60 0.15 0.14 0.01 0.07 0.76 0.85 0.85 0.85 0.85 0.86 0.89 0.86 0.86 0.82 0.85 0.83 0.81 0.82 0.76 0.96 0.87 1.00 0.57 0.59 0.59 0.59
0.83 0.79 0.79 0.78 0.53 0.82 0.79 0.77 0.73 0.80 0.77 0.76 0.80 0.76 0.76 0.74 0.47 0.74 0.69 0.75 0.76 0.76 0.76 0.74 0.45 0.59 0.75 0.43 0.68 0.75 0.74 0.74 0.74 0.75 0.74 0.74 0.70 0.75 0.70 0.69 0.56 0.70 0.60 0.72 0.72 0.70 0.72 0.72 0.70 0.70 0.70 0.70 0.13 0.63 0.63 0.63 0.63 0.63 0.15 0.15 0.02 0.08 0.78 0.86 0.86 0.86 0.86 0.87 0.90 0.87 0.87 0.84 0.86 0.84 0.83 0.83 0.77 0.96 0.89 1.00 0.59 0.61 0.61 0.61
0.99 0.99 0.99 0.99 0.91 0.99 0.99 0.99 0.98 0.99 0.99 0.99 0.99 0.99 0.99 0.98 0.85 0.99 0.97 0.99 0.99 0.99 0.99 0.99 0.90 0.96 0.99 0.86 0.98 0.99 0.99 0.99 0.99 0.99 0.99 0.99 0.98 0.99 0.98 0.96 0.92 0.96 0.93 0.96 0.96 0.96 0.96 0.96 0.96 0.96 0.96 0.96 0.53 0.94 0.94 0.94 0.94 0.94 0.53 0.52 0.18 0.30 0.98 0.99 0.99 0.99 0.99 0.99 0.99 0.99 0.99 0.99 0.99 0.99 0.99 0.99 0.96 1.00 0.99 1.00 0.92 0.94 0.94 0.94
0.98 0.98 0.98 0.97 0.87 0.98 0.98 0.97 0.96 0.97 0.97 0.97 0.97 0.97 0.97 0.97 0.80 0.97 0.95 0.97 0.97 0.97 0.97 0.97 0.85 0.93 0.97 0.80 0.96 0.97 0.97 0.97 0.97 0.97 0.97 0.97 0.96 0.97 0.96 0.93 0.87 0.93 0.89 0.94 0.94 0.93 0.94 0.94 0.93 0.93 0.93 0.93 0.44 0.91 0.91 0.91 0.91 0.91 0.44 0.45 0.13 0.25 0.97 0.98 0.98 0.98 0.98 0.98 0.98 0.98 0.98 0.98 0.98 0.98 0.97 0.97 0.93 0.99 0.98 1.00 0.88 0.91 0.91 0.91
0.85 0.81 0.81 0.79 0.54 0.83 0.81 0.78 0.75 0.81 0.78 0.77 0.81 0.77 0.77 0.76 0.47 0.75 0.70 0.76 0.77 0.77 0.77 0.75 0.48 0.61 0.76 0.44 0.69 0.76 0.75 0.75 0.75 0.76 0.75 0.75 0.72 0.76 0.72 0.70 0.57 0.70 0.61 0.72 0.72 0.71 0.72 0.72 0.70 0.71 0.71 0.71 0.13 0.64 0.64 0.64 0.64 0.64 0.16 0.15 0.02 0.08 0.79 0.87 0.87 0.87 0.87 0.88 0.90 0.88 0.88 0.84 0.87 0.84 0.83 0.83 0.77 0.96 0.89 1.00 0.59 0.62 0.62 0.62
0.97 0.97 0.97 0.97 0.85 0.97 0.97 0.97 0.95 0.97 0.96 0.96 0.97 0.97 0.97 0.96 0.79 0.96 0.94 0.97 0.97 0.97 0.97 0.96 0.83 0.92 0.97 0.78 0.95 0.97 0.96 0.96 0.96 0.97 0.96 0.96 0.95 0.97 0.95 0.92 0.86 0.92 0.88 0.93 0.93 0.92 0.93 0.93 0.92 0.92 0.92 0.92 0.41 0.89 0.89 0.89 0.89 0.89 0.41 0.43 0.11 0.22 0.96 0.98 0.98 0.98 0.98 0.98 0.98 0.98 0.98 0.97 0.98 0.97 0.97 0.97 0.92 0.99 0.97 1.00 0.86 0.90 0.90 0.90
0.89 0.87 0.87 0.86 0.64 0.88 0.87 0.85 0.82 0.87 0.85 0.85 0.87 0.85 0.85 0.84 0.58 0.84 0.78 0.84 0.85 0.85 0.85 0.84 0.57 0.72 0.84 0.54 0.79 0.84 0.83 0.83 0.84 0.84 0.83 0.83 0.81 0.84 0.81 0.78 0.67 0.79 0.70 0.79 0.79 0.78 0.79 0.80 0.77 0.78 0.78 0.78 0.19 0.73 0.73 0.73 0.73 0.73 0.21 0.22 0.03 0.11 0.85 0.91 0.91 0.91 0.91 0.91 0.93 0.91 0.91 0.89 0.91 0.89 0.89 0.88 0.82 0.98 0.92 1.00 0.68 0.70 0.70 0.70
0.78 0.71 0.71 0.69 0.43 0.75 0.71 0.67 0.63 0.72 0.67 0.66 0.72 0.66 0.66 0.63 0.36 0.63 0.58 0.64 0.66 0.66 0.66 0.63 0.34 0.47 0.64 0.33 0.56 0.64 0.62 0.62 0.63 0.64 0.62 0.62 0.59 0.64 0.59 0.60 0.46 0.61 0.51 0.64 0.64 0.62 0.64 0.65 0.61 0.62 0.62 0.62 0.09 0.54 0.54 0.54 0.54 0.54 0.11 0.11 0.01 0.06 0.70 0.81 0.81 0.81 0.81 0.82 0.86 0.82 0.82 0.77 0.81 0.78 0.76 0.76 0.72 0.95 0.84 1.00 0.52 0.52 0.52 0.52
0.81 0.76 0.76 0.74 0.48 0.80 0.76 0.73 0.69 0.77 0.73 0.72 0.77 0.72 0.72 0.69 0.42 0.69 0.64 0.71 0.72 0.72 0.72 0.69 0.41 0.54 0.71 0.38 0.63 0.70 0.69 0.68 0.69 0.70 0.69 0.68 0.66 0.70 0.66 0.65 0.52 0.66 0.56 0.68 0.68 0.66 0.68 0.68 0.65 0.66 0.66 0.66 0.10 0.58 0.58 0.58 0.58 0.58 0.13 0.13 0.01 0.07 0.74 0.84 0.84 0.84 0.84 0.85 0.88 0.85 0.85 0.81 0.84 0.81 0.80 0.80 0.75 0.96 0.86 1.00 0.56 0.57 0.57 0.57
0.85 0.82 0.82 0.80 0.56 0.84 0.82 0.79 0.76 0.82 0.79 0.78 0.82 0.79 0.79 0.76 0.49 0.76 0.71 0.78 0.79 0.79 0.79 0.76 0.50 0.62 0.78 0.46 0.71 0.77 0.76 0.76 0.76 0.77 0.76 0.76 0.73 0.77 0.73 0.72 0.58 0.72 0.63 0.74 0.74 0.72 0.74 0.74 0.71 0.72 0.72 0.72 0.14 0.66 0.66 0.66 0.66 0.66 0.18 0.17 0.02 0.09 0.80 0.88 0.88 0.88 0.88 0.88 0.90 0.88 0.88 0.84 0.88 0.85 0.84 0.84 0.78 0.96 0.89 1.00 0.62 0.64 0.64 0.64
0.81 0.76 0.76 0.74 0.48 0.79 0.76 0.73 0.69 0.77 0.73 0.72 0.77 0.72 0.72 0.69 0.43 0.70 0.65 0.71 0.72 0.72 0.72 0.70 0.41 0.53 0.71 0.38 0.63 0.70 0.69 0.69 0.70 0.70 0.69 0.69 0.66 0.70 0.66 0.65 0.52 0.66 0.56 0.68 0.68 0.66 0.68 0.69 0.66 0.66 0.66 0.66 0.11 0.60 0.60 0.60 0.60 0.60 0.14 0.13 0.01 0.07 0.75 0.85 0.85 0.85 0.85 0.86 0.88 0.86 0.86 0.81 0.85 0.81 0.80 0.81 0.75 0.96 0.87 1.00 0.57 0.58 0.58 0.58
0.74 0.66 0.66 0.63 0.37 0.71 0.66 0.61 0.58 0.68 0.61 0.60 0.68 0.60 0.59 0.57 0.32 0.56 0.53 0.58 0.60 0.60 0.59 0.56 0.29 0.40 0.58 0.28 0.49 0.58 0.55 0.55 0.56 0.58 0.55 0.55 0.52 0.58 0.52 0.55 0.42 0.57 0.46 0.60 0.60 0.58 0.60 0.60 0.57 0.58 0.58 0.58 0.07 0.50 0.50 0.50 0.50 0.50 0.10 0.08 0.01 0.04 0.66 0.78 0.78 0.78 0.78 0.80 0.84 0.80 0.80 0.73 0.78 0.75 0.72 0.73 0.69 0.94 0.82 1.00 0.47 0.47 0.47 0.47
0.88 0.85 0.85 0.84 0.62 0.87 0.85 0.83 0.80 0.86 0.83 0.83 0.86 0.83 0.83 0.82 0.54 0.81 0.77 0.82 0.83 0.83 0.83 0.81 0.56 0.69 0.82 0.52 0.76 0.82 0.81 0.81 0.81 0.82 0.81 0.81 0.79 0.82 0.79 0.76 0.63 0.76 0.67 0.78 0.78 0.76 0.78 0.78 0.76 0.76 0.76 0.76 0.17 0.70 0.70 0.70 0.70 0.70 0.20 0.19 0.03 0.11 0.83 0.90 0.90 0.90 0.90 0.91 0.92 0.91 0.91 0.88 0.90 0.88 0.87 0.87 0.81 0.97 0.91 1.00 0.66 0.68 0.68 0.68
0.78 0.70 0.70 0.68 0.42 0.75 0.70 0.67 0.63 0.72 0.66 0.65 0.72 0.65 0.65 0.63 0.36 0.62 0.58 0.63 0.65 0.65 0.65 0.62 0.33 0.45 0.63 0.31 0.55 0.63 0.61 0.61 0.62 0.63 0.61 0.61 0.58 0.63 0.58 0.59 0.45 0.60 0.50 0.63 0.63 0.61 0.63 0.64 0.60 0.61 0.61 0.61 0.08 0.54 0.54 0.54 0.54 0.54 0.11 0.10 0.01 0.06 0.69 0.81 0.81 0.81 0.81 0.83 0.86 0.83 0.83 0.77 0.81 0.77 0.76 0.76 0.71 0.95 0.84 1.00 0.51 0.51 0.51 0.51
0.93 0.93 0.93 0.92 0.74 0.93 0.93 0.92 0.89 0.93 0.92 0.92 0.93 0.92 0.92 0.91 0.67 0.91 0.87 0.92 0.92 0.92 0.92 0.91 0.72 0.83 0.92 0.66 0.88 0.92 0.91 0.91 0.91 0.92 0.91 0.91 0.89 0.92 0.89 0.85 0.76 0.86 0.78 0.86 0.86 0.85 0.86 0.86 0.85 0.85 0.85 0.85 0.29 0.81 0.81 0.81 0.81 0.81 0.30 0.30 0.06 0.16 0.91 0.95 0.95 0.95 0.95 0.95 0.96 0.95 0.95 0.94 0.95 0.93 0.93 0.93 0.88 0.99 0.95 1.00 0.77 0.80 0.80 0.80
0.99 1.00 1.00 1.00 0.96 1.00 1.00 0.99 0.99 1.00 0.99 0.99 1.00 1.00 0.99 0.99 0.91 0.99 0.99 1.00 1.00 1.00 0.99 0.99 0.95 0.99 1.00 0.92 0.99 1.00 0.99 0.99 0.99 1.00 0.99 0.99 0.99 1.00 0.99 0.98 0.96 0.98 0.97 0.98 0.98 0.98 0.98 0.98 0.98 0.98 0.98 0.98 0.67 0.97 0.97 0.97 0.97 0.97 0.63 0.64 0.29 0.40 0.99 1.00 1.00 1.00 1.00 1.00 1.00 1.00 1.00 1.00 1.00 0.99 1.00 0.99 0.98 1.00 1.00 1.00 0.96 0.98 0.98 0.98
0.68 0.58 0.58 0.55 0.29 0.65 0.58 0.52 0.48 0.60 0.52 0.50 0.60 0.49 0.49 0.46 0.24 0.45 0.43 0.47 0.49 0.49 0.49 0.45 0.20 0.28 0.47 0.19 0.37 0.47 0.45 0.44 0.45 0.47 0.45 0.45 0.41 0.47 0.41 0.47 0.35 0.49 0.40 0.53 0.53 0.51 0.53 0.54 0.49 0.51 0.51 0.51 0.04 0.42 0.42 0.42 0.42 0.42 0.06 0.06 0.00 0.03 0.58 0.73 0.73 0.73 0.73 0.75 0.81 0.75 0.75 0.67 0.73 0.68 0.65 0.66 0.64 0.92 0.80 1.00 0.40 0.39 0.39 0.39
0.92 0.91 0.91 0.90 0.70 0.92 0.91 0.89 0.86 0.91 0.89 0.89 0.91 0.89 0.89 0.88 0.63 0.88 0.84 0.89 0.89 0.89 0.89 0.88 0.65 0.78 0.89 0.61 0.84 0.89 0.88 0.88 0.88 0.89 0.88 0.88 0.86 0.89 0.86 0.82 0.71 0.82 0.74 0.83 0.83 0.82 0.83 0.83 0.82 0.82 0.82 0.82 0.24 0.77 0.77 0.77 0.77 0.77 0.26 0.26 0.04 0.13 0.89 0.93 0.93 0.93 0.93 0.94 0.95 0.94 0.94 0.92 0.93 0.92 0.92 0.92 0.85 0.98 0.93 1.00 0.73 0.76 0.76 0.76
0.68 0.58 0.58 0.55 0.29 0.64 0.58 0.53 0.49 0.59 0.52 0.50 0.59 0.49 0.49 0.46 0.24 0.45 0.42 0.47 0.49 0.49 0.49 0.45 0.21 0.30 0.47 0.20 0.38 0.46 0.44 0.44 0.45 0.46 0.44 0.44 0.40 0.46 0.40 0.46 0.34 0.49 0.39 0.52 0.52 0.49 0.52 0.53 0.48 0.49 0.49 0.49 0.04 0.41 0.41 0.41 0.41 0.41 0.06 0.06 0.00 0.03 0.57 0.73 0.73 0.73 0.73 0.76 0.81 0.76 0.76 0.67 0.73 0.68 0.65 0.66 0.64 0.92 0.78 1.00 0.39 0.39 0.39 0.39
0.83 0.78 0.78 0.77 0.52 0.81 0.78 0.75 0.72 0.79 0.75 0.74 0.79 0.74 0.74 0.72 0.45 0.72 0.67 0.73 0.74 0.74 0.74 0.72 0.43 0.56 0.73 0.41 0.65 0.73 0.71 0.71 0.72 0.73 0.71 0.71 0.68 0.73 0.68 0.68 0.54 0.68 0.58 0.70 0.70 0.69 0.70 0.71 0.68 0.69 0.69 0.69 0.12 0.61 0.61 0.61 0.61 0.61 0.15 0.13 0.02 0.08 0.77 0.86 0.86 0.86 0.86 0.87 0.89 0.87 0.87 0.82 0.86 0.83 0.81 0.81 0.75 0.96 0.88 1.00 0.58 0.59 0.59 0.59
0.77 0.70 0.70 0.67 0.41 0.75 0.70 0.66 0.62 0.71 0.66 0.64 0.71 0.64 0.64 0.62 0.36 0.61 0.57 0.63 0.64 0.64 0.64 0.61 0.33 0.45 0.63 0.31 0.54 0.63 0.61 0.61 0.61 0.63 0.61 0.61 0.57 0.63 0.57 0.57 0.44 0.59 0.48 0.61 0.61 0.59 0.61 0.62 0.58 0.59 0.59 0.59 0.07 0.52 0.52 0.52 0.52 0.52 0.10 0.09 0.01 0.05 0.69 0.81 0.81 0.81 0.81 0.82 0.86 0.82 0.82 0.77 0.81 0.78 0.76 0.76 0.71 0.95 0.84 1.00 0.51 0.52 0.52 0.52
0.86 0.83 0.83 0.82 0.58 0.85 0.83 0.80 0.77 0.83 0.81 0.80 0.83 0.80 0.80 0.78 0.52 0.78 0.73 0.79 0.80 0.80 0.80 0.78 0.51 0.64 0.79 0.47 0.73 0.79 0.78 0.78 0.78 0.79 0.78 0.78 0.75 0.79 0.75 0.73 0.60 0.73 0.64 0.75 0.75 0.73 0.75 0.75 0.72 0.73 0.73 0.73 0.14 0.67 0.67 0.67 0.67 0.67 0.18 0.17 0.02 0.09 0.81 0.89 0.89 0.89 0.89 0.89 0.91 0.89 0.89 0.86 0.89 0.86 0.85 0.85 0.79 0.97 0.90 1.00 0.63 0.65 0.65 0.65
0.88 0.86 0.86 0.85 0.62 0.87 0.86 0.84 0.80 0.86 0.84 0.83 0.86 0.83 0.83 0.82 0.55 0.82 0.77 0.82 0.83 0.83 0.83 0.82 0.56 0.68 0.82 0.52 0.77 0.82 0.81 0.81 0.82 0.82 0.81 0.81 0.79 0.82 0.79 0.76 0.63 0.77 0.66 0.78 0.78 0.76 0.78 0.78 0.76 0.76 0.76 0.76 0.17 0.70 0.70 0.70 0.70 0.70 0.20 0.19 0.03 0.10 0.83 0.90 0.90 0.90 0.90 0.90 0.92 0.90 0.90 0.88 0.90 0.88 0.87 0.87 0.81 0.97 0.91 1.00 0.66 0.68 0.68 0.68
0.98 0.98 0.98 0.98 0.88 0.98 0.98 0.98 0.97 0.98 0.98 0.98 0.98 0.98 0.98 0.97 0.82 0.98 0.95 0.98 0.98 0.98 0.98 0.98 0.87 0.94 0.98 0.83 0.96 0.98 0.98 0.98 0.98 0.98 0.98 0.98 0.97 0.98 0.97 0.94 0.89 0.94 0.91 0.94 0.94 0.94 0.94 0.94 0.94 0.94 0.94 0.94 0.47 0.92 0.92 0.92 0.92 0.92 0.46 0.47 0.14 0.25 0.97 0.98 0.98 0.98 0.98 0.98 0.99 0.98 0.98 0.98 0.98 0.98 0.98 0.98 0.94 0.99 0.98 1.00 0.89 0.92 0.92 0.92
0.95 0.94 0.94 0.94 0.78 0.94 0.94 0.93 0.91 0.94 0.94 0.94 0.94 0.94 0.94 0.92 0.71 0.93 0.89 0.93 0.94 0.94 0.94 0.93 0.75 0.86 0.93 0.70 0.90 0.93 0.93 0.93 0.93 0.93 0.93 0.93 0.92 0.93 0.92 0.88 0.79 0.88 0.81 0.88 0.88 0.88 0.88 0.88 0.87 0.88 0.88 0.88 0.31 0.84 0.84 0.84 0.84 0.84 0.33 0.32 0.07 0.17 0.93 0.95 0.95 0.95 0.95 0.96 0.96 0.96 0.96 0.95 0.95 0.95 0.94 0.94 0.89 0.99 0.96 1.00 0.80 0.83 0.83 0.83
0.90 0.87 0.87 0.86 0.65 0.89 0.87 0.85 0.83 0.88 0.86 0.85 0.88 0.86 0.86 0.84 0.59 0.84 0.80 0.85 0.86 0.86 0.86 0.84 0.60 0.73 0.85 0.56 0.80 0.85 0.84 0.84 0.84 0.85 0.84 0.84 0.82 0.85 0.82 0.79 0.68 0.79 0.71 0.81 0.81 0.80 0.81 0.81 0.79 0.80 0.80 0.80 0.19 0.73 0.73 0.73 0.73 0.73 0.23 0.22 0.03 0.12 0.86 0.92 0.92 0.92 0.92 0.92 0.94 0.92 0.92 0.90 0.92 0.90 0.90 0.90 0.83 0.98 0.92 1.00 0.69 0.72 0.72 0.72
0.98 0.98 0.98 0.97 0.88 0.98 0.98 0.97 0.96 0.97 0.97 0.97 0.97 0.97 0.97 0.97 0.82 0.97 0.95 0.97 0.97 0.97 0.97 0.97 0.86 0.94 0.97 0.82 0.96 0.97 0.97 0.97 0.97 0.97 0.97 0.97 0.97 0.97 0.97 0.94 0.88 0.94 0.90 0.94 0.94 0.94 0.94 0.94 0.94 0.94 0.94 0.94 0.45 0.91 0.91 0.91 0.91 0.91 0.45 0.46 0.14 0.25 0.96 0.98 0.98 0.98 0.98 0.98 0.98 0.98 0.98 0.98 0.98 0.98 0.98 0.98 0.94 1.00 0.98 1.00 0.88 0.92 0.92 0.92
0.96 0.95 0.95 0.95 0.81 0.96 0.95 0.95 0.93 0.95 0.95 0.95 0.95 0.95 0.95 0.94 0.75 0.95 0.92 0.95 0.95 0.95 0.95 0.95 0.79 0.89 0.95 0.74 0.92 0.95 0.95 0.95 0.95 0.95 0.95 0.95 0.94 0.95 0.94 0.90 0.82 0.90 0.84 0.91 0.91 0.90 0.91 0.91 0.90 0.90 0.90 0.90 0.36 0.87 0.87 0.87 0.87 0.87 0.37 0.37 0.09 0.20 0.94 0.96 0.96 0.96 0.96 0.97 0.97 0.97 0.97 0.96 0.96 0.96 0.96 0.96 0.91 0.99 0.97 1.00 0.82 0.86 0.86 0.86
0.87 0.85 0.85 0.83 0.61 0.87 0.85 0.83 0.80 0.85 0.82 0.82 0.85 0.83 0.82 0.81 0.55 0.81 0.76 0.82 0.83 0.83 0.82 0.81 0.55 0.68 0.82 0.51 0.76 0.82 0.81 0.81 0.81 0.82 0.81 0.81 0.79 0.82 0.79 0.76 0.64 0.76 0.67 0.78 0.78 0.76 0.78 0.78 0.76 0.76 0.76 0.76 0.17 0.70 0.70 0.70 0.70 0.70 0.19 0.20 0.03 0.11 0.83 0.89 0.89 0.89 0.89 0.90 0.92 0.90 0.90 0.87 0.89 0.87 0.87 0.87 0.81 0.97 0.91 1.00 0.65 0.69 0.69 0.69
0.80 0.74 0.74 0.72 0.47 0.78 0.74 0.71 0.67 0.75 0.70 0.69 0.75 0.70 0.69 0.67 0.41 0.66 0.62 0.68 0.70 0.70 0.69 0.66 0.38 0.50 0.68 0.35 0.59 0.67 0.65 0.65 0.66 0.67 0.65 0.65 0.62 0.67 0.62 0.64 0.50 0.65 0.54 0.67 0.67 0.65 0.67 0.68 0.64 0.65 0.65 0.65 0.10 0.58 0.58 0.58 0.58 0.58 0.13 0.11 0.01 0.07 0.73 0.83 0.83 0.83 0.83 0.84 0.87 0.84 0.84 0.79 0.83 0.80 0.78 0.78 0.73 0.95 0.86 1.00 0.54 0.56 0.56 0.56
0.95 0.95 0.95 0.94 0.79 0.95 0.95 0.94 0.92 0.95 0.94 0.94 0.95 0.94 0.94 0.93 0.72 0.93 0.90 0.94 0.94 0.94 0.94 0.93 0.76 0.87 0.94 0.71 0.91 0.94 0.93 0.93 0.93 0.94 0.93 0.93 0.92 0.94 0.92 0.88 0.79 0.88 0.82 0.89 0.89 0.88 0.89 0.89 0.88 0.88 0.88 0.88 0.33 0.84 0.84 0.84 0.84 0.84 0.34 0.33 0.07 0.18 0.93 0.96 0.96 0.96 0.96 0.96 0.97 0.96 0.96 0.95 0.96 0.95 0.95 0.95 0.90 0.99 0.96 1.00 0.81 0.84 0.84 0.84
0.85 0.82 0.82 0.80 0.56 0.84 0.82 0.79 0.76 0.82 0.79 0.78 0.82 0.79 0.79 0.76 0.49 0.76 0.71 0.77 0.79 0.79 0.79 0.76 0.48 0.63 0.77 0.46 0.71 0.77 0.76 0.76 0.76 0.77 0.76 0.76 0.74 0.77 0.74 0.71 0.58 0.72 0.62 0.73 0.73 0.72 0.73 0.74 0.71 0.72 0.72 0.72 0.14 0.65 0.65 0.65 0.65 0.65 0.18 0.16 0.02 0.08 0.80 0.88 0.88 0.88 0.88 0.88 0.91 0.88 0.88 0.85 0.88 0.85 0.84 0.84 0.78 0.97 0.89 1.00 0.61 0.64 0.64 0.64
0.90 0.88 0.88 0.87 0.66 0.90 0.88 0.86 0.83 0.88 0.86 0.86 0.88 0.86 0.86 0.84 0.61 0.85 0.81 0.86 0.86 0.86 0.86 0.85 0.61 0.74 0.86 0.57 0.81 0.86 0.85 0.85 0.85 0.86 0.85 0.85 0.82 0.86 0.82 0.79 0.67 0.79 0.71 0.80 0.80 0.79 0.80 0.80 0.78 0.79 0.79 0.79 0.20 0.73 0.73 0.73 0.73 0.73 0.24 0.23 0.04 0.12 0.87 0.92 0.92 0.92 0.92 0.92 0.94 0.92 0.92 0.91 0.92 0.91 0.90 0.90 0.84 0.98 0.92 1.00 0.71 0.74 0.74 0.74
0.83 0.78 0.78 0.77 0.52 0.81 0.78 0.76 0.72 0.79 0.75 0.74 0.79 0.74 0.74 0.72 0.45 0.72 0.67 0.73 0.74 0.74 0.74 0.72 0.44 0.57 0.73 0.41 0.66 0.73 0.72 0.72 0.72 0.73 0.72 0.72 0.69 0.73 0.69 0.67 0.54 0.68 0.58 0.70 0.70 0.68 0.70 0.70 0.67 0.68 0.68 0.68 0.12 0.61 0.61 0.61 0.61 0.61 0.15 0.15 0.02 0.07 0.77 0.86 0.86 0.86 0.86 0.87 0.89 0.87 0.87 0.83 0.86 0.83 0.82 0.82 0.76 0.96 0.88 1.00 0.58 0.60 0.60 0.60
0.68 0.57 0.57 0.55 0.29 0.64 0.57 0.52 0.48 0.60 0.52 0.50 0.60 0.50 0.49 0.46 0.24 0.45 0.42 0.47 0.50 0.50 0.49 0.45 0.21 0.29 0.47 0.19 0.38 0.46 0.44 0.44 0.45 0.46 0.44 0.44 0.41 0.46 0.41 0.47 0.35 0.50 0.39 0.54 0.54 0.51 0.54 0.55 0.50 0.51 0.51 0.51 0.04 0.43 0.43 0.43 0.43 0.43 0.07 0.06 0.00 0.04 0.57 0.73 0.73 0.73 0.73 0.75 0.81 0.75 0.75 0.67 0.73 0.68 0.66 0.66 0.64 0.93 0.79 1.00 0.40 0.40 0.40 0.40
0.99 0.99 0.99 0.99 0.96 0.99 0.99 0.99 0.99 0.99 0.99 0.99 0.99 1.00 1.00 0.99 0.91 0.99 0.99 1.00 1.00 1.00 1.00 0.99 0.95 0.98 1.00 0.92 0.99 1.00 0.99 0.99 0.99 1.00 0.99 0.99 0.99 1.00 0.99 0.98 0.96 0.98 0.96 0.98 0.98 0.98 0.98 0.98 0.98 0.98 0.98 0.98 0.65 0.97 0.97 0.97 0.97 0.97 0.61 0.62 0.28 0.39 0.99 1.00 1.00 1.00 1.00 1.00 1.00 1.00 1.00 1.00 1.00 0.99 1.00 0.99 0.97 1.00 0.99 1.00 0.95 0.97 0.97 0.97
0.84 0.79 0.79 0.78 0.54 0.82 0.79 0.76 0.73 0.80 0.77 0.76 0.80 0.76 0.76 0.74 0.47 0.74 0.68 0.75 0.76 0.76 0.76 0.74 0.45 0.58 0.75 0.43 0.68 0.74 0.73 0.73 0.74 0.74 0.73 0.73 0.71 0.74 0.71 0.69 0.56 0.70 0.60 0.72 0.72 0.70 0.72 0.72 0.70 0.70 0.70 0.70 0.13 0.64 0.64 0.64 0.64 0.64 0.16 0.16 0.02 0.08 0.77 0.86 0.86 0.86 0.86 0.87 0.89 0.87 0.87 0.83 0.86 0.83 0.82 0.82 0.77 0.96 0.89 1.00 0.60 0.62 0.62 0.62
0.94 0.93 0.93 0.93 0.76 0.94 0.93 0.92 0.90 0.93 0.92 0.92 0.93 0.92 0.92 0.92 0.69 0.92 0.88 0.92 0.92 0.92 0.93 0.92 0.73 0.84 0.92 0.69 0.89 0.92 0.92 0.92 0.92 0.92 0.92 0.92 0.90 0.92 0.90 0.87 0.77 0.87 0.80 0.87 0.87 0.87 0.87 0.87 0.86 0.87 0.87 0.87 0.30 0.82 0.82 0.82 0.82 0.82 0.32 0.31 0.07 0.17 0.92 0.95 0.95 0.95 0.95 0.95 0.96 0.95 0.95 0.94 0.95 0.94 0.94 0.94 0.88 0.99 0.95 1.00 0.78 0.82 0.82 0.82
0.68 0.58 0.58 0.55 0.30 0.64 0.58 0.53 0.48 0.60 0.53 0.51 0.60 0.50 0.50 0.47 0.24 0.46 0.43 0.47 0.50 0.50 0.50 0.46 0.21 0.29 0.47 0.19 0.38 0.47 0.44 0.44 0.46 0.47 0.44 0.44 0.41 0.47 0.41 0.47 0.35 0.49 0.39 0.52 0.52 0.50 0.52 0.53 0.49 0.50 0.50 0.50 0.04 0.42 0.42 0.42 0.42 0.42 0.07 0.06 0.00 0.03 0.57 0.73 0.73 0.73 0.73 0.75 0.80 0.75 0.75 0.66 0.73 0.68 0.65 0.66 0.64 0.93 0.79 1.00 0.40 0.39 0.39 0.39
0.99 0.99 0.99 0.99 0.94 0.99 0.99 0.99 0.99 0.99 0.99 0.99 0.99 0.99 0.99 0.99 0.89 0.99 0.98 0.99 0.99 0.99 0.99 0.99 0.93 0.98 0.99 0.89 0.99 0.99 0.99 0.99 0.99 0.99 0.99 0.99 0.99 0.99 0.99 0.97 0.94 0.98 0.95 0.98 0.98 0.97 0.98 0.98 0.97 0.97 0.97 0.97 0.60 0.96 0.96 0.96 0.96 0.96 0.58 0.58 0.23 0.35 0.99 0.99 0.99 0.99 0.99 0.99 0.99 0.99 0.99 0.99 0.99 0.99 0.99 0.99 0.96 1.00 0.99 1.00 0.94 0.97 0.97 0.97
0.74 0.66 0.66 0.64 0.38 0.71 0.66 0.62 0.59 0.68 0.62 0.60 0.68 0.60 0.60 0.57 0.32 0.56 0.53 0.59 0.60 0.60 0.60 0.56 0.29 0.40 0.59 0.27 0.49 0.58 0.56 0.56 0.56 0.58 0.56 0.56 0.52 0.58 0.52 0.56 0.42 0.57 0.47 0.60 0.60 0.58 0.60 0.60 0.56 0.58 0.58 0.58 0.06 0.49 0.49 0.49 0.49 0.49 0.10 0.08 0.01 0.05 0.66 0.78 0.78 0.78 0.78 0.80 0.84 0.80 0.80 0.74 0.78 0.75 0.72 0.73 0.68 0.94 0.83 1.00 0.47 0.47 0.47 0.47
0.83 0.79 0.79 0.78 0.52 0.82 0.79 0.76 0.73 0.79 0.76 0.76 0.79 0.76 0.76 0.73 0.46 0.73 0.68 0.74 0.76 0.76 0.76 0.73 0.45 0.58 0.74 0.42 0.67 0.74 0.73 0.73 0.73 0.74 0.73 0.73 0.70 0.74 0.70 0.69 0.55 0.70 0.60 0.71 0.71 0.70 0.71 0.72 0.69 0.70 0.70 0.70 0.13 0.63 0.63 0.63 0.63 0.63 0.15 0.15 0.02 0.08 0.77 0.86 0.86 0.86 0.86 0.87 0.90 0.87 0.87 0.83 0.86 0.84 0.82 0.82 0.77 0.96 0.89 1.00 0.58 0.60 0.60 0.60
0.84 0.80 0.80 0.78 0.53 0.82 0.80 0.77 0.73 0.80 0.77 0.76 0.80 0.76 0.76 0.74 0.46 0.73 0.68 0.75 0.76 0.76 0.76 0.73 0.45 0.58 0.75 0.43 0.67 0.74 0.73 0.73 0.73 0.74 0.73 0.73 0.70 0.74 0.70 0.70 0.55 0.70 0.60 0.72 0.72 0.70 0.72 0.72 0.69 0.70 0.70 0.70 0.12 0.64 0.64 0.64 0.64 0.64 0.16 0.14 0.01 0.08 0.77 0.86 0.86 0.86 0.86 0.87 0.90 0.87 0.87 0.83 0.86 0.84 0.82 0.83 0.76 0.96 0.89 1.00 0.59 0.61 0.61 0.61
0.72 0.64 0.64 0.62 0.35 0.69 0.64 0.60 0.56 0.65 0.59 0.58 0.65 0.57 0.57 0.54 0.30 0.53 0.50 0.55 0.57 0.57 0.57 0.53 0.27 0.36 0.55 0.25 0.46 0.55 0.53 0.52 0.53 0.55 0.53 0.52 0.49 0.55 0.49 0.53 0.39 0.55 0.44 0.58 0.58 0.56 0.58 0.59 0.54 0.56 0.56 0.56 0.06 0.47 0.47 0.47 0.47 0.47 0.08 0.07 0.01 0.04 0.64 0.77 0.77 0.77 0.77 0.79 0.83 0.79 0.79 0.71 0.77 0.73 0.70 0.71 0.67 0.94 0.82 1.00 0.44 0.44 0.44 0.44
0.98 0.98 0.98 0.98 0.89 0.98 0.98 0.98 0.97 0.98 0.98 0.98 0.98 0.98 0.98 0.98 0.82 0.98 0.96 0.98 0.98 0.98 0.98 0.98 0.87 0.95 0.98 0.83 0.97 0.98 0.98 0.98 0.98 0.98 0.98 0.98 0.97 0.98 0.97 0.95 0.90 0.95 0.91 0.95 0.95 0.95 0.95 0.95 0.94 0.95 0.95 0.95 0.48 0.92 0.92 0.92 0.92 0.92 0.48 0.47 0.15 0.26 0.97 0.98 0.98 0.98 0.98 0.98 0.99 0.98 0.98 0.98 0.98 0.98 0.98 0.98 0.95 0.99 0.98 1.00 0.89 0.93 0.93 0.93
0.99 0.99 0.99 0.99 0.95 0.99 0.99 0.99 0.99 0.99 0.99 0.99 0.99 0.99 0.99 0.99 0.89 0.99 0.99 0.99 0.99 0.99 0.99 0.99 0.94 0.98 0.99 0.91 0.99 0.99 0.99 0.99 0.99 0.99 0.99 0.99 0.99 0.99 0.99 0.98 0.95 0.98 0.96 0.98 0.98 0.98 0.98 0.98 0.98 0.98 0.98 0.98 0.62 0.97 0.97 0.97 0.97 0.97 0.60 0.61 0.26 0.36 0.99 0.99 0.99 0.99 0.99 0.99 1.00 0.99 0.99 0.99 0.99 0.99 0.99 0.99 0.97 1.00 0.99 1.00 0.95 0.97 0.97 0.97
0.69 0.58 0.58 0.56 0.30 0.65 0.58 0.53 0.50 0.60 0.53 0.51 0.60 0.51 0.50 0.47 0.24 0.46 0.44 0.49 0.51 0.51 0.51 0.46 0.21 0.31 0.49 0.21 0.40 0.48 0.46 0.46 0.46 0.48 0.46 0.46 0.42 0.48 0.42 0.47 0.35 0.50 0.40 0.54 0.54 0.51 0.54 0.54 0.49 0.51 0.51 0.51 0.05 0.43 0.43 0.43 0.43 0.43 0.07 0.06 0.00 0.04 0.59 0.74 0.74 0.74 0.74 0.77 0.81 0.77 0.77 0.68 0.74 0.69 0.67 0.67 0.65 0.93 0.80 1.00 0.41 0.40 0.40 0.40
0.80 0.74 0.74 0.72 0.47 0.78 0.74 0.71 0.67 0.75 0.71 0.70 0.75 0.70 0.70 0.68 0.41 0.67 0.62 0.68 0.70 0.70 0.70 0.67 0.39 0.52 0.68 0.36 0.61 0.68 0.67 0.67 0.67 0.68 0.67 0.67 0.63 0.68 0.63 0.64 0.51 0.65 0.55 0.68 0.68 0.66 0.68 0.68 0.65 0.66 0.66 0.66 0.11 0.58 0.58 0.58 0.58 0.58 0.13 0.12 0.01 0.06 0.73 0.83 0.83 0.83 0.83 0.84 0.88 0.84 0.84 0.80 0.83 0.80 0.79 0.79 0.74 0.96 0.87 1.00 0.54 0.55 0.55 0.55
0.72 0.62 0.62 0.59 0.33 0.68 0.62 0.57 0.53 0.64 0.57 0.56 0.64 0.55 0.55 0.52 0.28 0.51 0.48 0.53 0.55 0.55 0.55 0.51 0.25 0.35 0.53 0.24 0.44 0.52 0.50 0.50 0.51 0.52 0.50 0.50 0.47 0.52 0.47 0.51 0.37 0.53 0.42 0.56 0.56 0.54 0.56 0.57 0.52 0.54 0.54 0.54 0.06 0.45 0.45 0.45 0.45 0.45 0.07 0.07 0.01 0.04 0.61 0.76 0.76 0.76 0.76 0.78 0.82 0.78 0.78 0.70 0.76 0.71 0.69 0.69 0.66 0.93 0.81 1.00 0.42 0.42 0.42 0.42
0.94 0.93 0.93 0.93 0.77 0.94 0.93 0.93 0.91 0.93 0.93 0.92 0.93 0.93 0.93 0.92 0.70 0.92 0.88 0.92 0.93 0.93 0.93 0.92 0.74 0.84 0.92 0.69 0.89 0.92 0.92 0.92 0.92 0.92 0.92 0.92 0.90 0.92 0.90 0.87 0.78 0.87 0.80 0.88 0.88 0.87 0.88 0.88 0.87 0.87 0.87 0.87 0.30 0.83 0.83 0.83 0.83 0.83 0.33 0.32 0.06 0.16 0.92 0.95 0.95 0.95 0.95 0.95 0.96 0.95 0.95 0.94 0.95 0.94 0.94 0.94 0.88 0.99 0.95 1.00 0.79 0.82 0.82 0.82
0.91 0.89 0.89 0.88 0.68 0.90 0.89 0.87 0.85 0.89 0.87 0.87 0.89 0.87 0.87 0.86 0.61 0.86 0.82 0.87 0.87 0.87 0.87 0.86 0.62 0.75 0.87 0.58 0.82 0.87 0.86 0.86 0.86 0.87 0.86 0.86 0.83 0.87 0.83 0.80 0.70 0.80 0.73 0.82 0.82 0.81 0.82 0.82 0.80 0.81 0.81 0.81 0.21 0.75 0.75 0.75 0.75 0.75 0.25 0.24 0.04 0.12 0.87 0.92 0.92 0.92 0.92 0.93 0.94 0.93 0.93 0.91 0.92 0.91 0.90 0.90 0.84 0.98 0.93 1.00 0.71 0.73 0.73 0.73
0.93 0.92 0.92 0.92 0.74 0.93 0.92 0.91 0.89 0.92 0.91 0.91 0.92 0.91 0.91 0.91 0.67 0.91 0.86 0.91 0.91 0.91 0.92 0.91 0.70 0.82 0.91 0.65 0.88 0.91 0.91 0.91 0.91 0.91 0.91 0.91 0.89 0.91 0.89 0.85 0.75 0.85 0.78 0.86 0.86 0.85 0.86 0.86 0.84 0.85 0.85 0.85 0.26 0.80 0.80 0.80 0.80 0.80 0.29 0.29 0.06 0.15 0.91 0.94 0.94 0.94 0.94 0.95 0.95 0.95 0.95 0.93 0.94 0.93 0.93 0.93 0.87 0.98 0.95 1.00 0.76 0.80 0.80 0.80
0.99 0.99 0.99 0.99 0.92 0.99 0.99 0.99 0.98 0.99 0.99 0.99 0.99 0.99 0.99 0.99 0.87 0.99 0.97 0.99 0.99 0.99 0.99 0.99 0.91 0.97 0.99 0.87 0.98 0.99 0.99 0.99 0.99 0.99 0.99 0.99 0.98 0.99 0.98 0.96 0.93 0.97 0.94 0.97 0.97 0.96 0.97 0.97 0.96 0.96 0.96 0.96 0.56 0.95 0.95 0.95 0.95 0.95 0.53 0.55 0.21 0.32 0.98 0.99 0.99 0.99 0.99 0.99 0.99 0.99 0.99 0.99 0.99 0.99 0.99 0.99 0.96 1.00 0.99 1.00 0.93 0.95 0.95 0.95
0.92 0.90 0.90 0.90 0.71 0.92 0.90 0.89 0.86 0.90 0.89 0.89 0.90 0.89 0.89 0.88 0.63 0.88 0.84 0.89 0.89 0.89 0.89 0.88 0.66 0.79 0.89 0.61 0.85 0.89 0.88 0.88 0.88 0.89 0.88 0.88 0.86 0.89 0.86 0.82 0.72 0.83 0.75 0.83 0.83 0.82 0.83 0.83 0.82 0.82 0.82 0.82 0.23 0.78 0.78 0.78 0.78 0.78 0.27 0.25 0.05 0.13 0.89 0.93 0.93 0.93 0.93 0.94 0.95 0.94 0.94 0.92 0.93 0.92 0.91 0.91 0.85 0.98 0.94 1.00 0.73 0.76 0.76 0.76
0.83 0.78 0.78 0.77 0.51 0.81 0.78 0.75 0.72 0.79 0.75 0.75 0.79 0.75 0.75 0.72 0.45 0.72 0.68 0.74 0.75 0.75 0.75 0.72 0.44 0.58 0.74 0.42 0.67 0.74 0.73 0.73 0.72 0.74 0.73 0.73 0.69 0.74 0.69 0.68 0.55 0.69 0.59 0.71 0.71 0.69 0.71 0.71 0.68 0.69 0.69 0.69 0.12 0.62 0.62 0.62 0.62 0.62 0.16 0.14 0.02 0.08 0.78 0.86 0.86 0.86 0.86 0.87 0.89 0.87 0.87 0.83 0.86 0.83 0.82 0.82 0.76 0.96 0.88 1.00 0.58 0.60 0.60 0.60
0.97 0.97 0.97 0.97 0.87 0.97 0.97 0.97 0.96 0.97 0.97 0.97 0.97 0.97 0.97 0.97 0.80 0.97 0.94 0.97 0.97 0.97 0.97 0.97 0.85 0.93 0.97 0.80 0.96 0.97 0.97 0.97 0.97 0.97 0.97 0.97 0.96 0.97 0.96 0.93 0.87 0.93 0.89 0.94 0.94 0.93 0.94 0.94 0.93 0.93 0.93 0.93 0.44 0.90 0.90 0.90 0.90 0.90 0.43 0.44 0.12 0.24 0.96 0.98 0.98 0.98 0.98 0.98 0.98 0.98 0.98 0.97 0.98 0.98 0.97 0.97 0.93 0.99 0.98 1.00 0.87 0.91 0.91 0.91
0.92 0.91 0.91 0.90 0.71 0.92 0.91 0.90 0.87 0.91 0.90 0.90 0.91 0.90 0.90 0.89 0.65 0.89 0.84 0.90 0.90 0.90 0.90 0.89 0.67 0.79 0.90 0.62 0.85 0.89 0.89 0.89 0.89 0.89 0.89 0.89 0.87 0.89 0.87 0.84 0.72 0.84 0.76 0.84 0.84 0.83 0.84 0.85 0.83 0.83 0.83 0.83 0.25 0.78 0.78 0.78 0.78 0.78 0.29 0.26 0.05 0.14 0.89 0.93 0.93 0.93 0.93 0.94 0.95 0.94 0.94 0.92 0.93 0.92 0.92 0.92 0.86 0.98 0.94 1.00 0.75 0.78 0.78 0.78
0.90 0.89 0.89 0.88 0.67 0.90 0.89 0.87 0.85 0.89 0.87 0.86 0.89 0.87 0.87 0.85 0.60 0.86 0.81 0.87 0.87 0.87 0.87 0.86 0.61 0.75 0.87 0.58 0.82 0.87 0.86 0.86 0.86 0.87 0.86 0.86 0.84 0.87 0.84 0.80 0.69 0.80 0.72 0.81 0.81 0.80 0.81 0.81 0.79 0.80 0.80 0.80 0.21 0.74 0.74 0.74 0.74 0.74 0.24 0.23 0.04 0.13 0.87 0.92 0.92 0.92 0.92 0.93 0.94 0.93 0.93 0.90 0.92 0.91 0.90 0.90 0.83 0.98 0.93 1.00 0.70 0.74 0.74 0.74
0.82 0.77 0.77 0.76 0.50 0.81 0.77 0.74 0.71 0.78 0.74 0.74 0.78 0.73 0.74 0.71 0.44 0.71 0.66 0.72 0.73 0.73 0.73 0.71 0.43 0.55 0.72 0.40 0.64 0.72 0.70 0.70 0.71 0.72 0.70 0.71 0.67 0.72 0.67 0.67 0.53 0.68 0.58 0.70 0.70 0.68 0.70 0.70 0.67 0.68 0.68 0.68 0.12 0.60 0.60 0.60 0.60 0.60 0.14 0.14 0.02 0.07 0.75 0.85 0.85 0.85 0.85 0.86 0.89 0.86 0.86 0.82 0.85 0.82 0.81 0.81 0.76 0.96 0.87 1.00 0.57 0.59 0.59 0.59
0.76 0.69 0.69 0.67 0.40 0.74 0.69 0.65 0.61 0.71 0.65 0.64 0.71 0.64 0.64 0.61 0.34 0.60 0.56 0.62 0.64 0.64 0.64 0.60 0.32 0.44 0.62 0.30 0.53 0.61 0.59 0.59 0.60 0.61 0.59 0.59 0.56 0.61 0.56 0.59 0.44 0.60 0.49 0.62 0.62 0.60 0.62 0.63 0.59 0.60 0.60 0.60 0.07 0.51 0.51 0.51 0.51 0.51 0.10 0.09 0.01 0.06 0.68 0.80 0.80 0.80 0.80 0.82 0.85 0.82 0.82 0.76 0.80 0.76 0.74 0.75 0.70 0.95 0.84 1.00 0.49 0.50 0.50 0.50
0.99 0.99 0.99 0.99 0.93 0.99 0.99 0.99 0.98 0.99 0.99 0.99 0.99 0.99 0.99 0.99 0.87 0.99 0.98 0.99 0.99 0.99 0.99 0.99 0.93 0.97 0.99 0.88 0.98 0.99 0.99 0.99 0.99 0.99 0.99 0.99 0.98 0.99 0.98 0.97 0.94 0.97 0.95 0.97 0.97 0.97 0.97 0.97 0.97 0.97 0.97 0.97 0.59 0.96 0.96 0.96 0.96 0.96 0.56 0.58 0.23 0.33 0.98 0.99 0.99 0.99 0.99 0.99 0.99 0.99 0.99 0.99 0.99 0.99 0.99 0.99 0.96 1.00 0.99 1.00 0.93 0.96 0.96 0.96
0.82 0.77 0.77 0.76 0.50 0.81 0.77 0.74 0.70 0.78 0.74 0.73 0.78 0.73 0.73 0.71 0.44 0.70 0.65 0.72 0.73 0.73 0.73 0.70 0.41 0.55 0.72 0.39 0.64 0.72 0.70 0.70 0.70 0.72 0.70 0.70 0.66 0.72 0.66 0.65 0.52 0.66 0.56 0.69 0.69 0.67 0.69 0.69 0.66 0.67 0.67 0.67 0.11 0.59 0.59 0.59 0.59 0.59 0.14 0.13 0.02 0.07 0.75 0.85 0.85 0.85 0.85 0.86 0.89 0.86 0.86 0.82 0.85 0.82 0.81 0.81 0.75 0.96 0.87 1.00 0.56 0.58 0.58 0.58
0.86 0.83 0.83 0.82 0.58 0.86 0.83 0.81 0.78 0.84 0.81 0.80 0.84 0.80 0.80 0.79 0.52 0.79 0.74 0.80 0.80 0.80 0.81 0.79 0.52 0.66 0.80 0.49 0.74 0.80 0.79 0.78 0.79 0.80 0.79 0.78 0.76 0.80 0.76 0.73 0.60 0.74 0.64 0.75 0.75 0.74 0.75 0.76 0.73 0.74 0.74 0.74 0.15 0.68 0.68 0.68 0.68 0.68 0.19 0.18 0.02 0.10 0.81 0.89 0.89 0.89 0.89 0.89 0.91 0.89 0.89 0.86 0.89 0.87 0.86 0.86 0.79 0.97 0.90 1.00 0.63 0.66 0.66 0.66
0.85 0.81 0.81 0.80 0.56 0.84 0.81 0.79 0.75 0.82 0.78 0.78 0.82 0.78 0.78 0.76 0.49 0.76 0.71 0.77 0.78 0.78 0.78 0.76 0.49 0.63 0.77 0.45 0.71 0.77 0.76 0.76 0.76 0.77 0.76 0.76 0.73 0.77 0.73 0.71 0.58 0.71 0.62 0.73 0.73 0.71 0.73 0.73 0.71 0.71 0.71 0.71 0.14 0.65 0.65 0.65 0.65 0.65 0.17 0.16 0.02 0.09 0.79 0.88 0.88 0.88 0.88 0.88 0.91 0.88 0.88 0.85 0.88 0.85 0.84 0.84 0.78 0.97 0.89 1.00 0.62 0.63 0.63 0.63
0.90 0.88 0.88 0.87 0.66 0.89 0.88 0.86 0.83 0.88 0.86 0.86 0.88 0.86 0.86 0.84 0.59 0.85 0.80 0.86 0.86 0.86 0.87 0.85 0.61 0.73 0.86 0.57 0.81 0.86 0.85 0.85 0.85 0.86 0.85 0.85 0.82 0.86 0.82 0.79 0.67 0.79 0.70 0.81 0.81 0.80 0.81 0.81 0.79 0.80 0.80 0.80 0.20 0.74 0.74 0.74 0.74 0.74 0.23 0.22 0.04 0.12 0.86 0.92 0.92 0.92 0.92 0.92 0.94 0.92 0.92 0.90 0.92 0.90 0.89 0.89 0.83 0.98 0.93 1.00 0.70 0.72 0.72 0.72
0.90 0.89 0.89 0.88 0.68 0.90 0.89 0.87 0.84 0.89 0.87 0.87 0.89 0.88 0.88 0.86 0.62 0.86 0.82 0.87 0.88 0.88 0.88 0.86 0.63 0.76 0.87 0.59 0.82 0.87 0.86 0.86 0.86 0.87 0.86 0.86 0.84 0.87 0.84 0.80 0.69 0.81 0.72 0.82 0.82 0.81 0.82 0.82 0.80 0.81 0.81 0.81 0.22 0.75 0.75 0.75 0.75 0.75 0.24 0.24 0.04 0.12 0.87 0.92 0.92 0.92 0.92 0.92 0.94 0.92 0.92 0.91 0.92 0.90 0.90 0.90 0.84 0.98 0.93 1.00 0.71 0.74 0.74 0.74
0.79 0.73 0.73 0.71 0.46 0.77 0.73 0.70 0.65 0.74 0.69 0.68 0.74 0.68 0.68 0.65 0.39 0.65 0.60 0.67 0.68 0.68 0.68 0.65 0.37 0.49 0.67 0.34 0.59 0.66 0.65 0.65 0.65 0.66 0.65 0.65 0.61 0.66 0.61 0.62 0.47 0.62 0.52 0.65 0.65 0.63 0.65 0.65 0.62 0.63 0.63 0.63 0.09 0.55 0.55 0.55 0.55 0.55 0.12 0.12 0.01 0.06 0.71 0.82 0.82 0.82 0.82 0.84 0.87 0.84 0.84 0.78 0.82 0.79 0.78 0.78 0.73 0.95 0.86 1.00 0.54 0.55 0.55 0.55
1.00 1.00 1.00 1.00 0.96 1.00 1.00 1.00 0.99 1.00 1.00 1.00 1.00 1.00 1.00 1.00 0.90 1.00 0.99 1.00 1.00 1.00 1.00 1.00 0.95 0.98 1.00 0.92 0.99 1.00 1.00 1.00 1.00 1.00 1.00 1.00 0.99 1.00 0.99 0.98 0.96 0.98 0.96 0.98 0.98 0.98 0.98 0.98 0.98 0.98 0.98 0.98 0.66 0.97 0.97 0.97 0.97 0.97 0.61 0.63 0.29 0.39 0.99 1.00 1.00 1.00 1.00 1.00 1.00 1.00 1.00 1.00 1.00 1.00 1.00 1.00 0.98 1.00 0.99 1.00 0.95 0.98 0.98 0.98
0.99 0.99 0.99 0.99 0.96 0.99 0.99 0.99 0.99 0.99 0.99 0.99 0.99 1.00 1.00 0.99 0.90 0.99 0.99 1.00 1.00 1.00 0.99 0.99 0.95 0.99 1.00 0.92 0.99 1.00 0.99 0.99 0.99 1.00 0.99 0.99 0.99 1.00 0.99 0.98 0.96 0.99 0.97 0.99 0.99 0.98 0.99 0.99 0.98 0.98 0.98 0.98 0.64 0.97 0.97 0.97 0.97 0.97 0.61 0.62 0.27 0.39 0.99 1.00 1.00 1.00 1.00 1.00 1.00 1.00 1.00 1.00 1.00 0.99 0.99 1.00 0.98 1.00 0.99 1.00 0.95 0.97 0.97 0.97
0.97 0.97 0.97 0.97 0.86 0.97 0.97 0.97 0.96 0.97 0.97 0.97 0.97 0.97 0.97 0.96 0.79 0.97 0.94 0.97 0.97 0.97 0.97 0.97 0.84 0.92 0.97 0.79 0.95 0.97 0.97 0.97 0.97 0.97 0.97 0.97 0.96 0.97 0.96 0.93 0.87 0.93 0.88 0.93 0.93 0.93 0.93 0.93 0.92 0.93 0.93 0.93 0.42 0.90 0.90 0.90 0.90 0.90 0.41 0.43 0.12 0.23 0.96 0.98 0.98 0.98 0.98 0.98 0.98 0.98 0.98 0.97 0.98 0.97 0.97 0.97 0.92 0.99 0.97 1.00 0.86 0.90 0.90 0.90
0.86 0.83 0.83 0.82 0.58 0.85 0.83 0.81 0.77 0.84 0.80 0.80 0.84 0.80 0.80 0.78 0.51 0.78 0.73 0.79 0.80 0.80 0.80 0.78 0.51 0.64 0.79 0.48 0.72 0.79 0.78 0.78 0.78 0.79 0.78 0.78 0.75 0.79 0.75 0.73 0.60 0.73 0.64 0.74 0.74 0.73 0.74 0.74 0.72 0.73 0.73 0.73 0.15 0.66 0.66 0.66 0.66 0.66 0.18 0.18 0.02 0.09 0.81 0.88 0.88 0.88 0.88 0.89 0.91 0.89 0.89 0.86 0.88 0.86 0.85 0.85 0.78 0.97 0.90 1.00 0.63 0.66 0.66 0.66
0.99 0.99 0.99 0.99 0.93 0.99 0.99 0.99 0.98 0.99 0.99 0.99 0.99 0.99 0.99 0.99 0.87 0.99 0.98 0.99 0.99 0.99 0.99 0.99 0.92 0.97 0.99 0.88 0.98 0.99 0.99 0.99 0.99 0.99 0.99 0.99 0.98 0.99 0.98 0.97 0.93 0.97 0.94 0.97 0.97 0.96 0.97 0.97 0.96 0.96 0.96 0.96 0.56 0.95 0.95 0.95 0.95 0.95 0.55 0.55 0.21 0.32 0.98 0.99 0.99 0.99 0.99 0.99 0.99 0.99 0.99 0.99 0.99 0.99 0.99 0.99 0.96 1.00 0.99 1.00 0.93 0.95 0.95 0.95
0.78 0.72 0.72 0.70 0.44 0.76 0.72 0.68 0.64 0.73 0.68 0.67 0.73 0.67 0.67 0.64 0.38 0.64 0.59 0.65 0.67 0.67 0.67 0.64 0.36 0.49 0.65 0.34 0.58 0.65 0.64 0.64 0.64 0.65 0.64 0.64 0.60 0.65 0.60 0.62 0.48 0.63 0.52 0.65 0.65 0.63 0.65 0.66 0.62 0.63 0.63 0.63 0.09 0.56 0.56 0.56 0.56 0.56 0.12 0.11 0.01 0.06 0.71 0.82 0.82 0.82 0.82 0.83 0.86 0.83 0.83 0.78 0.82 0.78 0.77 0.77 0.72 0.95 0.85 1.00 0.52 0.54 0.54 0.54
0.87 0.84 0.84 0.83 0.60 0.86 0.84 0.82 0.79 0.84 0.82 0.81 0.84 0.82 0.82 0.80 0.54 0.80 0.75 0.81 0.82 0.82 0.82 0.80 0.53 0.67 0.81 0.49 0.75 0.81 0.80 0.80 0.80 0.81 0.80 0.80 0.77 0.81 0.77 0.75 0.61 0.75 0.66 0.76 0.76 0.75 0.76 0.76 0.74 0.75 0.75 0.75 0.16 0.68 0.68 0.68 0.68 0.68 0.19 0.19 0.03 0.10 0.82 0.90 0.90 0.90 0.90 0.90 0.92 0.90 0.90 0.87 0.90 0.87 0.87 0.87 0.80 0.97 0.91 1.00 0.65 0.67 0.67 0.67
0.81 0.76 0.76 0.74 0.47 0.79 0.76 0.72 0.68 0.76 0.72 0.71 0.76 0.71 0.71 0.69 0.42 0.69 0.63 0.70 0.71 0.71 0.71 0.69 0.41 0.53 0.70 0.38 0.62 0.69 0.68 0.68 0.69 0.69 0.68 0.68 0.65 0.69 0.65 0.65 0.50 0.66 0.55 0.68 0.68 0.66 0.68 0.68 0.65 0.66 0.66 0.66 0.09 0.59 0.59 0.59 0.59 0.59 0.14 0.12 0.01 0.07 0.74 0.84 0.84 0.84 0.84 0.85 0.88 0.85 0.85 0.81 0.84 0.81 0.80 0.80 0.74 0.95 0.86 1.00 0.56 0.57 0.57 0.57
0.69 0.59 0.59 0.56 0.30 0.65 0.59 0.54 0.50 0.61 0.53 0.52 0.61 0.50 0.50 0.48 0.25 0.47 0.44 0.49 0.50 0.50 0.50 0.47 0.21 0.30 0.49 0.20 0.40 0.48 0.46 0.46 0.47 0.48 0.46 0.46 0.42 0.48 0.42 0.47 0.35 0.50 0.40 0.53 0.53 0.51 0.53 0.54 0.50 0.51 0.51 0.51 0.04 0.43 0.43 0.43 0.43 0.43 0.07 0.05 0.00 0.04 0.59 0.74 0.74 0.74 0.74 0.76 0.81 0.76 0.76 0.68 0.74 0.69 0.67 0.67 0.64 0.93 0.79 1.00 0.40 0.40 0.40 0.40
0.88 0.86 0.86 0.85 0.63 0.88 0.86 0.84 0.81 0.86 0.84 0.83 0.86 0.84 0.84 0.82 0.56 0.82 0.77 0.83 0.84 0.84 0.84 0.82 0.57 0.69 0.83 0.53 0.77 0.83 0.82 0.82 0.82 0.83 0.82 0.82 0.79 0.83 0.79 0.76 0.64 0.77 0.67 0.78 0.78 0.77 0.78 0.78 0.76 0.77 0.77 0.77 0.18 0.71 0.71 0.71 0.71 0.71 0.20 0.20 0.03 0.11 0.84 0.90 0.90 0.90 0.90 0.91 0.92 0.91 0.91 0.88 0.90 0.88 0.88 0.88 0.82 0.98 0.92 1.00 0.68 0.70 0.70 0.70
0.83 0.79 0.79 0.78 0.53 0.82 0.79 0.77 0.73 0.80 0.76 0.76 0.80 0.76 0.76 0.74 0.48 0.74 0.68 0.74 0.76 0.76 0.75 0.74 0.46 0.59 0.74 0.44 0.68 0.74 0.73 0.73 0.74 0.74 0.73 0.73 0.71 0.74 0.71 0.69 0.55 0.69 0.59 0.71 0.71 0.70 0.71 0.71 0.69 0.70 0.70 0.70 0.13 0.63 0.63 0.63 0.63 0.63 0.16 0.15 0.02 0.08 0.77 0.86 0.86 0.86 0.86 0.87 0.89 0.87 0.87 0.83 0.86 0.84 0.82 0.82 0.77 0.96 0.88 1.00 0.60 0.62 0.62 0.62
0.99 0.99 0.99 0.98 0.91 0.99 0.99 0.98 0.98 0.98 0.98 0.98 0.98 0.98 0.98 0.98 0.85 0.98 0.97 0.98 0.98 0.98 0.98 0.98 0.90 0.96 0.98 0.85 0.98 0.98 0.98 0.98 0.98 0.98 0.98 0.98 0.98 0.98 0.98 0.96 0.91 0.96 0.93 0.96 0.96 0.96 0.96 0.96 0.96 0.96 0.96 0.96 0.52 0.94 0.94 0.94 0.94 0.94 0.51 0.52 0.18 0.29 0.98 0.99 0.99 0.99 0.99 0.99 0.99 0.99 0.99 0.99 0.99 0.99 0.99 0.99 0.95 1.00 0.99 1.00 0.91 0.94 0.94 0.94
0.75 0.67 0.67 0.65 0.39 0.72 0.67 0.63 0.60 0.69 0.63 0.62 0.69 0.62 0.62 0.59 0.33 0.57 0.55 0.60 0.62 0.62 0.61 0.57 0.31 0.42 0.60 0.29 0.51 0.60 0.57 0.57 0.57 0.60 0.57 0.57 0.54 0.60 0.54 0.57 0.44 0.58 0.48 0.61 0.61 0.59 0.61 0.61 0.57 0.59 0.59 0.59 0.07 0.51 0.51 0.51 0.51 0.51 0.10 0.09 0.01 0.05 0.67 0.79 0.79 0.79 0.79 0.81 0.85 0.81 0.81 0.74 0.79 0.76 0.73 0.73 0.69 0.94 0.83 1.00 0.48 0.49 0.49 0.49
0.83 0.78 0.78 0.76 0.52 0.81 0.78 0.75 0.72 0.79 0.75 0.74 0.79 0.74 0.74 0.72 0.46 0.72 0.67 0.73 0.74 0.74 0.74 0.72 0.44 0.57 0.73 0.41 0.66 0.73 0.72 0.72 0.72 0.73 0.72 0.72 0.69 0.73 0.69 0.68 0.55 0.69 0.59 0.70 0.70 0.69 0.70 0.71 0.68 0.69 0.69 0.69 0.12 0.62 0.62 0.62 0.62 0.62 0.15 0.15 0.02 0.07 0.77 0.86 0.86 0.86 0.86 0.87 0.89 0.87 0.87 0.83 0.86 0.83 0.82 0.82 0.77 0.96 0.89 1.00 0.58 0.60 0.60 0.60
0.82 0.78 0.78 0.76 0.52 0.81 0.78 0.75 0.71 0.78 0.75 0.74 0.78 0.74 0.74 0.71 0.45 0.71 0.67 0.72 0.74 0.74 0.74 0.71 0.43 0.56 0.72 0.41 0.65 0.72 0.71 0.71 0.71 0.72 0.71 0.71 0.68 0.72 0.68 0.67 0.54 0.68 0.59 0.70 0.70 0.69 0.70 0.71 0.68 0.69 0.69 0.69 0.12 0.62 0.62 0.62 0.62 0.62 0.15 0.14 0.01 0.07 0.76 0.85 0.85 0.85 0.85 0.86 0.89 0.86 0.86 0.82 0.85 0.82 0.81 0.81 0.77 0.96 0.88 1.00 0.58 0.59 0.59 0.59
0.68 0.58 0.58 0.55 0.30 0.65 0.58 0.53 0.49 0.60 0.52 0.51 0.60 0.50 0.49 0.47 0.24 0.46 0.43 0.48 0.50 0.50 0.49 0.46 0.21 0.30 0.48 0.20 0.39 0.48 0.46 0.46 0.46 0.48 0.46 0.46 0.42 0.48 0.42 0.47 0.34 0.49 0.39 0.53 0.53 0.50 0.53 0.54 0.49 0.50 0.50 0.50 0.05 0.42 0.42 0.42 0.42 0.42 0.07 0.06 0.00 0.04 0.58 0.73 0.73 0.73 0.73 0.75 0.81 0.75 0.75 0.68 0.73 0.68 0.66 0.67 0.65 0.93 0.79 1.00 0.41 0.40 0.40 0.40
0.86 0.82 0.82 0.81 0.57 0.85 0.82 0.80 0.76 0.83 0.80 0.79 0.83 0.79 0.79 0.77 0.51 0.77 0.72 0.78 0.79 0.79 0.79 0.77 0.50 0.63 0.78 0.46 0.71 0.78 0.77 0.77 0.77 0.78 0.77 0.77 0.74 0.78 0.74 0.72 0.59 0.73 0.63 0.74 0.74 0.72 0.74 0.74 0.72 0.72 0.72 0.72 0.14 0.65 0.65 0.65 0.65 0.65 0.17 0.17 0.02 0.09 0.80 0.88 0.88 0.88 0.88 0.89 0.91 0.89 0.89 0.86 0.88 0.86 0.85 0.85 0.79 0.97 0.89 1.00 0.62 0.64 0.64 0.64
0.97 0.97 0.97 0.97 0.85 0.97 0.97 0.96 0.95 0.97 0.96 0.96 0.97 0.97 0.97 0.96 0.78 0.96 0.93 0.96 0.97 0.97 0.97 0.96 0.83 0.91 0.96 0.79 0.94 0.96 0.96 0.96 0.96 0.96 0.96 0.96 0.95 0.96 0.95 0.92 0.85 0.92 0.87 0.93 0.93 0.92 0.93 0.93 0.92 0.92 0.92 0.92 0.41 0.89 0.89 0.89 0.89 0.89 0.42 0.42 0.11 0.22 0.96 0.98 0.98 0.98 0.98 0.98 0.98 0.98 0.98 0.97 0.98 0.97 0.97 0.97 0.92 0.99 0.97 1.00 0.86 0.89 0.89 0.89
0.78 0.72 0.72 0.70 0.44 0.76 0.72 0.68 0.64 0.73 0.68 0.67 0.73 0.67 0.67 0.64 0.38 0.64 0.59 0.65 0.67 0.67 0.67 0.64 0.35 0.48 0.65 0.33 0.57 0.65 0.63 0.63 0.64 0.65 0.63 0.63 0.60 0.65 0.60 0.61 0.48 0.62 0.52 0.65 0.65 0.63 0.65 0.65 0.62 0.63 0.63 0.63 0.09 0.55 0.55 0.55 0.55 0.55 0.12 0.10 0.01 0.06 0.71 0.82 0.82 0.82 0.82 0.83 0.86 0.83 0.83 0.78 0.82 0.79 0.77 0.77 0.73 0.95 0.85 1.00 0.52 0.53 0.53 0.53
0.90 0.88 0.88 0.87 0.66 0.89 0.88 0.86 0.83 0.88 0.86 0.85 0.88 0.86 0.86 0.84 0.59 0.84 0.80 0.85 0.86 0.86 0.86 0.84 0.60 0.72 0.85 0.56 0.80 0.85 0.84 0.85 0.84 0.85 0.84 0.85 0.82 0.85 0.82 0.79 0.67 0.79 0.71 0.81 0.81 0.79 0.81 0.81 0.79 0.79 0.79 0.79 0.20 0.74 0.74 0.74 0.74 0.74 0.23 0.22 0.03 0.12 0.86 0.92 0.92 0.92 0.92 0.92 0.93 0.92 0.92 0.90 0.92 0.90 0.89 0.89 0.82 0.98 0.92 1.00 0.69 0.72 0.72 0.72
0.99 0.99 0.99 0.99 0.92 0.99 0.99 0.99 0.98 0.99 0.99 0.98 0.99 0.99 0.99 0.98 0.85 0.99 0.97 0.99 0.99 0.99 0.99 0.99 0.91 0.96 0.99 0.86 0.98 0.99 0.99 0.99 0.99 0.99 0.99 0.99 0.98 0.99 0.98 0.96 0.92 0.96 0.94 0.96 0.96 0.96 0.96 0.96 0.96 0.96 0.96 0.96 0.54 0.94 0.94 0.94 0.94 0.94 0.52 0.53 0.19 0.30 0.98 0.99 0.99 0.99 0.99 0.99 0.99 0.99 0.99 0.99 0.99 0.99 0.99 0.99 0.95 1.00 0.99 1.00 0.91 0.95 0.95 0.95
0.82 0.77 0.77 0.75 0.50 0.80 0.77 0.74 0.71 0.78 0.73 0.73 0.78 0.73 0.73 0.71 0.45 0.70 0.65 0.71 0.73 0.73 0.73 0.70 0.43 0.55 0.71 0.39 0.64 0.71 0.70 0.70 0.70 0.71 0.70 0.70 0.66 0.71 0.66 0.66 0.52 0.67 0.56 0.69 0.69 0.67 0.69 0.69 0.66 0.67 0.67 0.67 0.11 0.60 0.60 0.60 0.60 0.60 0.15 0.13 0.01 0.07 0.75 0.85 0.85 0.85 0.85 0.86 0.89 0.86 0.86 0.82 0.85 0.82 0.81 0.81 0.76 0.96 0.88 1.00 0.58 0.59 0.59 0.59
0.92 0.90 0.90 0.89 0.70 0.91 0.90 0.89 0.86 0.90 0.89 0.89 0.90 0.89 0.89 0.88 0.63 0.88 0.83 0.89 0.89 0.89 0.89 0.88 0.64 0.78 0.89 0.61 0.84 0.89 0.88 0.88 0.88 0.89 0.88 0.88 0.86 0.89 0.86 0.82 0.70 0.82 0.73 0.82 0.82 0.81 0.82 0.83 0.81 0.81 0.81 0.81 0.23 0.76 0.76 0.76 0.76 0.76 0.25 0.25 0.04 0.13 0.88 0.93 0.93 0.93 0.93 0.93 0.94 0.93 0.93 0.92 0.93 0.92 0.91 0.91 0.85 0.98 0.94 1.00 0.73 0.76 0.76 0.76
0.99 0.99 0.99 0.99 0.96 0.99 0.99 0.99 0.99 0.99 0.99 0.99 0.99 0.99 0.99 0.99 0.91 0.99 0.98 0.99 0.99 0.99 0.99 0.99 0.94 0.98 0.99 0.91 0.99 0.99 0.99 0.99 0.99 0.99 0.99 0.99 0.99 0.99 0.99 0.98 0.96 0.98 0.96 0.98 0.98 0.98 0.98 0.98 0.98 0.98 0.98 0.98 0.64 0.97 0.97 0.97 0.97 0.97 0.61 0.62 0.28 0.39 0.99 1.00 1.00 1.00 1.00 1.00 1.00 1.00 1.00 0.99 1.00 0.99 0.99 0.99 0.98 1.00 0.99 1.00 0.95 0.97 0.97 0.97
0.77 0.71 0.71 0.68 0.42 0.75 0.71 0.67 0.63 0.72 0.66 0.65 0.72 0.65 0.65 0.62 0.36 0.62 0.57 0.63 0.65 0.65 0.65 0.62 0.34 0.46 0.63 0.32 0.55 0.63 0.61 0.61 0.62 0.63 0.61 0.61 0.58 0.63 0.58 0.59 0.45 0.61 0.50 0.63 0.63 0.61 0.63 0.63 0.60 0.61 0.61 0.61 0.08 0.53 0.53 0.53 0.53 0.53 0.11 0.10 0.01 0.06 0.69 0.81 0.81 0.81 0.81 0.82 0.86 0.82 0.82 0.76 0.81 0.77 0.75 0.75 0.72 0.95 0.84 1.00 0.51 0.51 0.51 0.51
0.67 0.57 0.57 0.54 0.29 0.63 0.57 0.51 0.47 0.59 0.51 0.49 0.59 0.48 0.48 0.45 0.23 0.44 0.42 0.46 0.48 0.48 0.48 0.44 0.20 0.28 0.46 0.19 0.37 0.45 0.43 0.43 0.44 0.45 0.43 0.43 0.40 0.45 0.40 0.45 0.33 0.47 0.37 0.51 0.51 0.48 0.51 0.52 0.47 0.48 0.48 0.48 0.04 0.40 0.40 0.40 0.40 0.40 0.06 0.05 0.00 0.03 0.57 0.72 0.72 0.72 0.72 0.75 0.80 0.75 0.75 0.66 0.72 0.67 0.64 0.65 0.62 0.92 0.77 1.00 0.37 0.37 0.37 0.37
0.85 0.82 0.82 0.81 0.57 0.84 0.82 0.80 0.76 0.82 0.80 0.79 0.82 0.79 0.79 0.77 0.50 0.77 0.72 0.78 0.79 0.79 0.79 0.77 0.50 0.63 0.78 0.47 0.72 0.78 0.77 0.77 0.77 0.78 0.77 0.77 0.74 0.78 0.74 0.72 0.59 0.72 0.62 0.74 0.74 0.72 0.74 0.74 0.72 0.72 0.72 0.72 0.14 0.66 0.66 0.66 0.66 0.66 0.19 0.17 0.02 0.09 0.80 0.88 0.88 0.88 0.88 0.89 0.91 0.89 0.89 0.85 0.88 0.85 0.85 0.84 0.78 0.97 0.89 1.00 0.62 0.64 0.64 0.64
0.89 0.86 0.86 0.85 0.63 0.88 0.86 0.84 0.82 0.87 0.84 0.84 0.87 0.84 0.84 0.83 0.57 0.82 0.78 0.84 0.84 0.84 0.84 0.82 0.57 0.71 0.84 0.53 0.78 0.83 0.83 0.83 0.82 0.83 0.83 0.83 0.80 0.83 0.80 0.76 0.64 0.77 0.68 0.78 0.78 0.77 0.78 0.78 0.76 0.77 0.77 0.77 0.19 0.71 0.71 0.71 0.71 0.71 0.22 0.20 0.03 0.10 0.85 0.91 0.91 0.91 0.91 0.91 0.93 0.91 0.91 0.89 0.91 0.89 0.88 0.88 0.82 0.97 0.91 1.00 0.68 0.70 0.70 0.70
0.99 0.99 0.99 0.99 0.92 0.99 0.99 0.99 0.98 0.99 0.99 0.99 0.99 0.99 0.99 0.99 0.85 0.99 0.97 0.99 0.99 0.99 0.99 0.99 0.91 0.96 0.99 0.86 0.98 0.99 0.99 0.99 0.99 0.99 0.99 0.99 0.98 0.99 0.98 0.96 0.92 0.96 0.93 0.96 0.96 0.96 0.96 0.96 0.96 0.96 0.96 0.96 0.54 0.94 0.94 0.94 0.94 0.94 0.52 0.54 0.19 0.30 0.98 0.99 0.99 0.99 0.99 0.99 0.99 0.99 0.99 0.99 0.99 0.99 0.99 0.99 0.96 1.00 0.99 1.00 0.92 0.95 0.95 0.95
0.84 0.81 0.81 0.79 0.55 0.83 0.81 0.78 0.75 0.81 0.78 0.77 0.81 0.78 0.78 0.76 0.49 0.75 0.71 0.76 0.78 0.78 0.78 0.75 0.48 0.61 0.76 0.45 0.70 0.76 0.75 0.75 0.75 0.76 0.75 0.75 0.72 0.76 0.72 0.70 0.57 0.71 0.61 0.73 0.73 0.72 0.73 0.74 0.71 0.72 0.72 0.72 0.13 0.65 0.65 0.65 0.65 0.65 0.17 0.16 0.02 0.08 0.79 0.87 0.87 0.87 0.87 0.88 0.90 0.88 0.88 0.84 0.87 0.85 0.83 0.83 0.78 0.96 0.89 1.00 0.61 0.63 0.63 0.63
0.82 0.77 0.77 0.76 0.51 0.80 0.77 0.74 0.70 0.78 0.74 0.73 0.78 0.73 0.73 0.71 0.44 0.70 0.65 0.72 0.73 0.73 0.73 0.70 0.43 0.55 0.72 0.40 0.64 0.71 0.70 0.70 0.70 0.71 0.70 0.70 0.67 0.71 0.67 0.67 0.53 0.67 0.57 0.69 0.69 0.68 0.69 0.69 0.67 0.68 0.68 0.68 0.11 0.61 0.61 0.61 0.61 0.61 0.14 0.13 0.01 0.07 0.76 0.85 0.85 0.85 0.85 0.86 0.88 0.86 0.86 0.82 0.85 0.82 0.81 0.81 0.76 0.96 0.87 1.00 0.57 0.58 0.58 0.58
0.99 0.99 0.99 0.99 0.95 0.99 0.99 0.99 0.99 0.99 0.99 0.99 0.99 0.99 0.99 0.99 0.89 0.99 0.98 0.99 0.99 0.99 0.99 0.99 0.94 0.98 0.99 0.90 0.99 0.99 0.99 0.99 0.99 0.99 0.99 0.99 0.99 0.99 0.99 0.97 0.95 0.98 0.96 0.98 0.98 0.98 0.98 0.98 0.98 0.98 0.98 0.98 0.61 0.96 0.96 0.96 0.96 0.96 0.59 0.59 0.24 0.35 0.99 1.00 1.00 1.00 1.00 1.00 1.00 1.00 1.00 0.99 1.00 0.99 0.99 0.99 0.97 1.00 0.99 1.00 0.94 0.97 0.97 0.97
0.68 0.57 0.57 0.54 0.29 0.65 0.57 0.52 0.48 0.60 0.52 0.50 0.60 0.49 0.48 0.46 0.23 0.45 0.43 0.47 0.49 0.49 0.48 0.45 0.20 0.29 0.47 0.19 0.38 0.47 0.44 0.44 0.45 0.47 0.44 0.44 0.41 0.47 0.41 0.46 0.33 0.48 0.38 0.52 0.52 0.49 0.52 0.52 0.48 0.49 0.49 0.49 0.04 0.41 0.41 0.41 0.41 0.41 0.06 0.05 0.00 0.03 0.58 0.74 0.74 0.74 0.74 0.76 0.81 0.76 0.76 0.68 0.74 0.69 0.66 0.66 0.64 0.92 0.78 1.00 0.39 0.38 0.38 0.38
0.99 0.99 0.99 0.99 0.91 0.99 0.99 0.99 0.98 0.99 0.98 0.98 0.99 0.99 0.99 0.98 0.85 0.98 0.97 0.99 0.99 0.99 0.99 0.98 0.90 0.96 0.99 0.86 0.98 0.99 0.99 0.99 0.98 0.99 0.99 0.99 0.98 0.99 0.98 0.96 0.92 0.96 0.93 0.96 0.96 0.96 0.96 0.96 0.96 0.96 0.96 0.96 0.52 0.94 0.94 0.94 0.94 0.94 0.50 0.52 0.18 0.29 0.98 0.99 0.99 0.99 0.99 0.99 0.99 0.99 0.99 0.99 0.99 0.99 0.99 0.99 0.95 1.00 0.99 1.00 0.91 0.94 0.94 0.94
0.92 0.91 0.91 0.91 0.72 0.92 0.91 0.90 0.87 0.91 0.90 0.90 0.91 0.90 0.90 0.89 0.66 0.89 0.85 0.90 0.90 0.90 0.90 0.89 0.68 0.80 0.90 0.64 0.86 0.90 0.89 0.89 0.89 0.90 0.89 0.89 0.87 0.90 0.87 0.84 0.73 0.84 0.76 0.84 0.84 0.84 0.84 0.84 0.83 0.84 0.84 0.84 0.25 0.79 0.79 0.79 0.79 0.79 0.27 0.27 0.04 0.14 0.90 0.94 0.94 0.94 0.94 0.94 0.95 0.94 0.94 0.93 0.94 0.93 0.92 0.92 0.86 0.98 0.94 1.00 0.75 0.78 0.78 0.78
0.78 0.71 0.71 0.69 0.43 0.76 0.71 0.67 0.63 0.72 0.67 0.66 0.72 0.66 0.66 0.63 0.37 0.62 0.58 0.64 0.66 0.66 0.66 0.62 0.34 0.46 0.64 0.32 0.55 0.63 0.62 0.61 0.62 0.63 0.62 0.62 0.59 0.63 0.59 0.60 0.46 0.61 0.51 0.64 0.64 0.62 0.64 0.64 0.61 0.62 0.62 0.62 0.08 0.54 0.54 0.54 0.54 0.54 0.11 0.10 0.01 0.06 0.69 0.81 0.81 0.81 0.81 0.83 0.86 0.83 0.83 0.77 0.81 0.78 0.77 0.77 0.72 0.95 0.85 1.00 0.51 0.52 0.52 0.52
0.85 0.81 0.81 0.80 0.56 0.84 0.81 0.79 0.75 0.82 0.79 0.78 0.82 0.79 0.79 0.77 0.50 0.77 0.72 0.78 0.79 0.79 0.79 0.77 0.50 0.63 0.78 0.47 0.72 0.78 0.77 0.77 0.77 0.78 0.77 0.77 0.74 0.78 0.74 0.71 0.58 0.72 0.62 0.74 0.74 0.72 0.74 0.74 0.72 0.72 0.72 0.72 0.14 0.66 0.66 0.66 0.66 0.66 0.18 0.16 0.02 0.09 0.80 0.88 0.88 0.88 0.88 0.88 0.90 0.88 0.88 0.85 0.88 0.85 0.84 0.84 0.78 0.96 0.89 1.00 0.61 0.64 0.64 0.64
0.90 0.88 0.88 0.87 0.65 0.89 0.88 0.86 0.83 0.88 0.86 0.86 0.88 0.87 0.86 0.85 0.59 0.85 0.80 0.86 0.87 0.87 0.86 0.85 0.61 0.74 0.86 0.57 0.81 0.86 0.85 0.85 0.85 0.86 0.85 0.85 0.82 0.86 0.82 0.79 0.67 0.79 0.70 0.80 0.80 0.79 0.80 0.80 0.78 0.79 0.79 0.79 0.20 0.73 0.73 0.73 0.73 0.73 0.23 0.23 0.03 0.12 0.86 0.92 0.92 0.92 0.92 0.92 0.94 0.92 0.92 0.90 0.92 0.90 0.89 0.89 0.83 0.97 0.92 1.00 0.69 0.72 0.72 0.72
0.78 0.71 0.71 0.69 0.43 0.76 0.71 0.68 0.64 0.73 0.67 0.67 0.73 0.66 0.66 0.64 0.38 0.63 0.59 0.65 0.66 0.66 0.66 0.63 0.34 0.48 0.65 0.33 0.57 0.65 0.63 0.63 0.63 0.65 0.63 0.63 0.59 0.65 0.59 0.60 0.47 0.62 0.52 0.64 0.64 0.63 0.64 0.65 0.61 0.63 0.63 0.63 0.08 0.55 0.55 0.55 0.55 0.55 0.11 0.10 0.01 0.06 0.71 0.82 0.82 0.82 0.82 0.83 0.86 0.83 0.83 0.78 0.82 0.78 0.77 0.77 0.72 0.95 0.85 1.00 0.51 0.53 0.53 0.53
0.91 0.90 0.90 0.89 0.68 0.91 0.90 0.88 0.85 0.90 0.88 0.88 0.90 0.88 0.88 0.87 0.62 0.87 0.83 0.88 0.88 0.88 0.88 0.87 0.65 0.77 0.88 0.60 0.84 0.88 0.87 0.87 0.87 0.88 0.87 0.87 0.85 0.88 0.85 0.81 0.70 0.81 0.73 0.82 0.82 0.81 0.82 0.82 0.80 0.81 0.81 0.81 0.22 0.76 0.76 0.76 0.76 0.76 0.25 0.25 0.04 0.12 0.87 0.93 0.93 0.93 0.93 0.93 0.94 0.93 0.93 0.91 0.93 0.91 0.91 0.91 0.84 0.98 0.93 1.00 0.71 0.76 0.76 0.76
0.78 0.71 0.71 0.69 0.43 0.75 0.71 0.67 0.63 0.72 0.67 0.66 0.72 0.65 0.65 0.63 0.37 0.62 0.58 0.64 0.65 0.65 0.65 0.62 0.35 0.46 0.64 0.32 0.56 0.63 0.62 0.62 0.62 0.63 0.62 0.62 0.58 0.63 0.58 0.60 0.46 0.61 0.51 0.64 0.64 0.62 0.64 0.64 0.61 0.62 0.62 0.62 0.08 0.54 0.54 0.54 0.54 0.54 0.11 0.10 0.01 0.06 0.70 0.81 0.81 0.81 0.81 0.83 0.86 0.83 0.83 0.77 0.81 0.78 0.76 0.76 0.72 0.95 0.85 1.00 0.52 0.52 0.52 0.52
0.99 0.99 0.99 0.99 0.93 0.99 0.99 0.99 0.98 0.99 0.99 0.99 0.99 0.99 0.99 0.99 0.87 0.99 0.98 0.99 0.99 0.99 0.99 0.99 0.92 0.97 0.99 0.88 0.98 0.99 0.99 0.99 0.99 0.99 0.99 0.99 0.99 0.99 0.99 0.97 0.93 0.97 0.94 0.97 0.97 0.97 0.97 0.97 0.97 0.97 0.97 0.97 0.58 0.95 0.95 0.95 0.95 0.95 0.56 0.56 0.22 0.33 0.98 0.99 0.99 0.99 0.99 0.99 0.99 0.99 0.99 0.99 0.99 0.99 0.99 0.99 0.96 1.00 0.99 1.00 0.93 0.96 0.96 0.96
0.82 0.78 0.78 0.76 0.51 0.80 0.78 0.75 0.71 0.78 0.74 0.74 0.78 0.74 0.74 0.71 0.44 0.71 0.66 0.72 0.74 0.74 0.74 0.71 0.43 0.55 0.72 0.40 0.65 0.72 0.70 0.70 0.71 0.72 0.70 0.70 0.67 0.72 0.67 0.68 0.54 0.68 0.58 0.70 0.70 0.68 0.70 0.70 0.67 0.68 0.68 0.68 0.11 0.61 0.61 0.61 0.61 0.61 0.15 0.14 0.01 0.08 0.76 0.85 0.85 0.85 0.85 0.86 0.89 0.86 0.86 0.82 0.85 0.82 0.81 0.81 0.76 0.96 0.88 1.00 0.57 0.59 0.59 0.59
0.83 0.79 0.79 0.78 0.53 0.82 0.79 0.77 0.73 0.80 0.76 0.75 0.80 0.75 0.75 0.74 0.46 0.73 0.68 0.74 0.75 0.75 0.75 0.73 0.46 0.58 0.74 0.43 0.67 0.74 0.73 0.72 0.73 0.74 0.73 0.72 0.69 0.74 0.69 0.69 0.55 0.69 0.59 0.71 0.71 0.69 0.71 0.71 0.69 0.69 0.69 0.69 0.13 0.63 0.63 0.63 0.63 0.63 0.16 0.15 0.02 0.08 0.77 0.86 0.86 0.86 0.86 0.87 0.89 0.87 0.87 0.83 0.86 0.83 0.82 0.82 0.77 0.96 0.89 1.00 0.59 0.61 0.61 0.61
0.90 0.88 0.88 0.87 0.66 0.89 0.88 0.86 0.84 0.88 0.86 0.86 0.88 0.87 0.86 0.85 0.59 0.85 0.81 0.86 0.87 0.87 0.87 0.85 0.61 0.73 0.86 0.57 0.81 0.86 0.85 0.85 0.85 0.86 0.85 0.85 0.83 0.86 0.83 0.79 0.68 0.79 0.71 0.80 0.80 0.79 0.80 0.81 0.79 0.79 0.79 0.79 0.20 0.74 0.74 0.74 0.74 0.74 0.23 0.22 0.03 0.11 0.86 0.92 0.92 0.92 0.92 0.92 0.94 0.92 0.92 0.90 0.92 0.90 0.90 0.90 0.83 0.98 0.93 1.00 0.69 0.73 0.73 0.73
0.99 0.99 0.99 0.99 0.94 0.99 0.99 0.99 0.98 0.99 0.99 0.99 0.99 0.99 0.99 0.99 0.88 0.99 0.98 0.99 0.99 0.99 0.99 0.99 0.93 0.98 0.99 0.89 0.99 0.99 0.99 0.99 0.99 0.99 0.99 0.99 0.99 0.99 0.99 0.97 0.94 0.97 0.95 0.97 0.97 0.97 0.97 0.97 0.97 0.97 0.97 0.97 0.58 0.96 0.96 0.96 0.96 0.96 0.55 0.57 0.22 0.33 0.99 0.99 0.99 0.99 0.99 0.99 0.99 0.99 0.99 0.99 0.99 0.99 0.99 0.99 0.96 1.00 0.99 1.00 0.94 0.96 0.96 0.96
0.79 0.74 0.74 0.72 0.46 0.77 0.74 0.70 0.67 0.74 0.70 0.69 0.74 0.69 0.69 0.67 0.40 0.66 0.61 0.67 0.69 0.69 0.69 0.66 0.38 0.50 0.67 0.35 0.59 0.67 0.65 0.65 0.66 0.67 0.65 0.65 0.62 0.67 0.62 0.64 0.49 0.64 0.53 0.66 0.66 0.64 0.66 0.66 0.63 0.64 0.64 0.64 0.09 0.57 0.57 0.57 0.57 0.57 0.12 0.11 0.01 0.06 0.72 0.83 0.83 0.83 0.83 0.84 0.87 0.84 0.84 0.78 0.83 0.79 0.78 0.78 0.73 0.95 0.86 1.00 0.53 0.54 0.54 0.54
0.68 0.56 0.56 0.53 0.28 0.64 0.56 0.51 0.46 0.59 0.50 0.49 0.59 0.48 0.47 0.45 0.23 0.43 0.42 0.46 0.48 0.48 0.47 0.43 0.19 0.28 0.46 0.19 0.37 0.45 0.43 0.43 0.43 0.45 0.43 0.43 0.39 0.45 0.39 0.46 0.33 0.48 0.37 0.51 0.51 0.49 0.51 0.52 0.47 0.49 0.49 0.49 0.04 0.41 0.41 0.41 0.41 0.41 0.06 0.05 0.00 0.03 0.56 0.72 0.72 0.72 0.72 0.75 0.80 0.75 0.75 0.66 0.72 0.67 0.65 0.65 0.63 0.92 0.78 1.00 0.38 0.38 0.38 0.38
0.72 0.63 0.63 0.60 0.35 0.68 0.63 0.58 0.55 0.64 0.58 0.56 0.64 0.55 0.56 0.52 0.29 0.52 0.48 0.53 0.55 0.55 0.56 0.52 0.26 0.35 0.53 0.24 0.44 0.53 0.51 0.51 0.52 0.53 0.51 0.51 0.48 0.53 0.48 0.52 0.39 0.54 0.44 0.58 0.58 0.55 0.58 0.58 0.54 0.55 0.55 0.55 0.05 0.47 0.47 0.47 0.47 0.47 0.09 0.07 0.01 0.05 0.62 0.76 0.76 0.76 0.76 0.78 0.83 0.78 0.78 0.71 0.76 0.72 0.70 0.70 0.67 0.93 0.82 1.00 0.44 0.44 0.44 0.44
0.98 0.98 0.98 0.98 0.88 0.98 0.98 0.97 0.96 0.98 0.98 0.97 0.98 0.98 0.98 0.97 0.81 0.97 0.95 0.98 0.98 0.98 0.98 0.97 0.86 0.94 0.98 0.82 0.96 0.98 0.97 0.97 0.97 0.98 0.97 0.97 0.97 0.98 0.97 0.94 0.88 0.94 0.90 0.94 0.94 0.94 0.94 0.94 0.94 0.94 0.94 0.94 0.45 0.92 0.92 0.92 0.92 0.92 0.45 0.46 0.14 0.25 0.97 0.98 0.98 0.98 0.98 0.98 0.98 0.98 0.98 0.98 0.98 0.98 0.98 0.98 0.94 0.99 0.98 1.00 0.88 0.91 0.91 0.91
0.92 0.91 0.91 0.91 0.73 0.92 0.91 0.90 0.88 0.92 0.90 0.90 0.92 0.90 0.91 0.89 0.65 0.89 0.85 0.90 0.90 0.90 0.91 0.89 0.68 0.79 0.90 0.64 0.86 0.90 0.89 0.89 0.89 0.90 0.89 0.89 0.88 0.90 0.88 0.84 0.73 0.84 0.76 0.85 0.85 0.84 0.85 0.85 0.83 0.84 0.84 0.84 0.26 0.79 0.79 0.79 0.79 0.79 0.28 0.27 0.05 0.14 0.89 0.94 0.94 0.94 0.94 0.94 0.95 0.94 0.94 0.93 0.94 0.93 0.92 0.92 0.86 0.98 0.94 1.00 0.75 0.78 0.78 0.78
0.99 0.99 0.99 0.99 0.94 0.99 0.99 0.99 0.98 0.99 0.99 0.99 0.99 0.99 0.99 0.99 0.88 0.99 0.98 0.99 0.99 0.99 0.99 0.99 0.94 0.97 0.99 0.89 0.99 0.99 0.99 0.99 0.99 0.99 0.99 0.99 0.99 0.99 0.99 0.97 0.94 0.97 0.95 0.98 0.98 0.97 0.98 0.98 0.97 0.97 0.97 0.97 0.59 0.96 0.96 0.96 0.96 0.96 0.58 0.58 0.22 0.34 0.99 0.99 0.99 0.99 0.99 0.99 0.99 0.99 0.99 0.99 0.99 0.99 0.99 0.99 0.97 1.00 0.99 1.00 0.94 0.96 0.96 0.96
0.82 0.78 0.78 0.76 0.51 0.81 0.78 0.74 0.71 0.78 0.74 0.73 0.78 0.74 0.74 0.71 0.45 0.71 0.67 0.72 0.74 0.74 0.74 0.71 0.43 0.56 0.72 0.40 0.65 0.72 0.71 0.71 0.71 0.72 0.71 0.71 0.67 0.72 0.67 0.67 0.54 0.68 0.58 0.70 0.70 0.69 0.70 0.71 0.68 0.69 0.69 0.69 0.11 0.62 0.62 0.62 0.62 0.62 0.15 0.14 0.02 0.08 0.76 0.85 0.85 0.85 0.85 0.86 0.89 0.86 0.86 0.82 0.85 0.83 0.81 0.81 0.75 0.96 0.88 1.00 0.57 0.59 0.59 0.59
0.93 0.91 0.91 0.91 0.71 0.92 0.91 0.90 0.88 0.91 0.90 0.90 0.91 0.90 0.90 0.89 0.65 0.89 0.85 0.90 0.90 0.90 0.90 0.89 0.67 0.80 0.90 0.63 0.86 0.90 0.89 0.89 0.89 0.90 0.89 0.89 0.88 0.90 0.88 0.83 0.73 0.84 0.77 0.85 0.85 0.84 0.85 0.85 0.83 0.84 0.84 0.84 0.24 0.79 0.79 0.79 0.79 0.79 0.28 0.27 0.05 0.15 0.89 0.94 0.94 0.94 0.94 0.94 0.95 0.94 0.94 0.93 0.94 0.93 0.92 0.92 0.87 0.98 0.94 1.00 0.75 0.78 0.78 0.78
0.93 0.93 0.93 0.92 0.75 0.93 0.93 0.91 0.89 0.92 0.91 0.91 0.92 0.92 0.92 0.91 0.68 0.91 0.87 0.91 0.92 0.92 0.92 0.91 0.70 0.82 0.91 0.66 0.88 0.91 0.91 0.91 0.91 0.91 0.91 0.91 0.89 0.91 0.89 0.85 0.76 0.86 0.79 0.86 0.86 0.86 0.86 0.86 0.85 0.86 0.86 0.86 0.27 0.81 0.81 0.81 0.81 0.81 0.30 0.29 0.06 0.15 0.91 0.94 0.94 0.94 0.94 0.95 0.95 0.95 0.95 0.94 0.94 0.93 0.93 0.93 0.87 0.99 0.95 1.00 0.76 0.80 0.80 0.80
0.75 0.67 0.67 0.65 0.40 0.73 0.67 0.64 0.60 0.69 0.63 0.62 0.69 0.62 0.62 0.59 0.33 0.58 0.54 0.60 0.62 0.62 0.62 0.58 0.32 0.42 0.60 0.30 0.52 0.60 0.58 0.58 0.58 0.60 0.58 0.58 0.55 0.60 0.55 0.57 0.44 0.59 0.48 0.62 0.62 0.60 0.62 0.62 0.59 0.60 0.60 0.60 0.07 0.52 0.52 0.52 0.52 0.52 0.11 0.09 0.01 0.05 0.66 0.79 0.79 0.79 0.79 0.81 0.85 0.81 0.81 0.75 0.79 0.75 0.73 0.73 0.70 0.94 0.83 1.00 0.48 0.48 0.48 0.48
0.73 0.64 0.64 0.62 0.36 0.69 0.64 0.60 0.56 0.65 0.59 0.58 0.65 0.58 0.58 0.55 0.30 0.54 0.51 0.56 0.58 0.58 0.58 0.54 0.27 0.37 0.56 0.25 0.47 0.55 0.53 0.53 0.54 0.55 0.53 0.53 0.50 0.55 0.50 0.53 0.40 0.55 0.45 0.58 0.58 0.56 0.58 0.59 0.55 0.56 0.56 0.56 0.06 0.48 0.48 0.48 0.48 0.48 0.08 0.07 0.00 0.04 0.64 0.77 0.77 0.77 0.77 0.79 0.83 0.79 0.79 0.72 0.77 0.73 0.71 0.71 0.68 0.94 0.82 1.00 0.45 0.45 0.45 0.45
0.95 0.95 0.95 0.94 0.79 0.95 0.95 0.94 0.92 0.95 0.94 0.94 0.95 0.94 0.94 0.93 0.73 0.94 0.90 0.94 0.94 0.94 0.94 0.94 0.77 0.88 0.94 0.72 0.92 0.94 0.94 0.94 0.94 0.94 0.94 0.94 0.92 0.94 0.92 0.89 0.80 0.88 0.82 0.89 0.89 0.88 0.89 0.89 0.88 0.88 0.88 0.88 0.33 0.84 0.84 0.84 0.84 0.84 0.35 0.34 0.08 0.19 0.93 0.96 0.96 0.96 0.96 0.96 0.97 0.96 0.96 0.95 0.96 0.95 0.95 0.95 0.90 0.99 0.96 1.00 0.82 0.85 0.85 0.85
0.88 0.86 0.86 0.85 0.62 0.87 0.86 0.84 0.81 0.86 0.84 0.83 0.86 0.84 0.84 0.82 0.56 0.82 0.77 0.83 0.84 0.84 0.84 0.82 0.56 0.69 0.83 0.52 0.77 0.83 0.82 0.82 0.82 0.83 0.82 0.82 0.79 0.83 0.79 0.76 0.64 0.76 0.67 0.78 0.78 0.77 0.78 0.78 0.76 0.77 0.77 0.77 0.17 0.70 0.70 0.70 0.70 0.70 0.21 0.20 0.03 0.11 0.83 0.90 0.90 0.90 0.90 0.90 0.92 0.90 0.90 0.88 0.90 0.88 0.87 0.87 0.82 0.97 0.92 1.00 0.67 0.69 0.69 0.69
0.73 0.65 0.65 0.62 0.37 0.71 0.65 0.60 0.57 0.67 0.61 0.59 0.67 0.59 0.59 0.56 0.32 0.55 0.52 0.57 0.59 0.59 0.59 0.55 0.28 0.38 0.57 0.26 0.48 0.57 0.54 0.54 0.55 0.57 0.54 0.54 0.51 0.57 0.51 0.54 0.41 0.56 0.45 0.59 0.59 0.57 0.59 0.60 0.55 0.57 0.57 0.57 0.06 0.48 0.48 0.48 0.48 0.48 0.09 0.08 0.01 0.05 0.65 0.78 0.78 0.78 0.78 0.79 0.84 0.79 0.79 0.73 0.78 0.73 0.71 0.72 0.69 0.94 0.82 1.00 0.46 0.46 0.46 0.46
0.72 0.63 0.63 0.61 0.34 0.69 0.63 0.59 0.55 0.65 0.58 0.57 0.65 0.57 0.56 0.54 0.29 0.53 0.49 0.54 0.57 0.57 0.56 0.53 0.26 0.37 0.54 0.25 0.46 0.54 0.52 0.52 0.53 0.54 0.52 0.52 0.48 0.54 0.48 0.52 0.39 0.54 0.44 0.57 0.57 0.55 0.57 0.58 0.54 0.55 0.55 0.55 0.06 0.47 0.47 0.47 0.47 0.47 0.08 0.08 0.01 0.05 0.63 0.77 0.77 0.77 0.77 0.79 0.83 0.79 0.79 0.72 0.77 0.73 0.71 0.71 0.67 0.93 0.81 1.00 0.44 0.45 0.45 0.45
0.89 0.87 0.87 0.86 0.64 0.89 0.87 0.85 0.82 0.87 0.85 0.85 0.87 0.85 0.85 0.83 0.57 0.84 0.79 0.84 0.85 0.85 0.85 0.84 0.58 0.71 0.84 0.55 0.79 0.84 0.84 0.84 0.84 0.84 0.84 0.84 0.81 0.84 0.81 0.78 0.65 0.78 0.69 0.79 0.79 0.78 0.79 0.80 0.77 0.78 0.78 0.78 0.19 0.72 0.72 0.72 0.72 0.72 0.22 0.22 0.03 0.12 0.85 0.91 0.91 0.91 0.91 0.92 0.93 0.92 0.92 0.89 0.91 0.89 0.89 0.89 0.82 0.98 0.92 1.00 0.68 0.71 0.71 0.71
0.70 0.59 0.59 0.56 0.30 0.65 0.59 0.54 0.49 0.61 0.54 0.52 0.61 0.51 0.51 0.48 0.25 0.47 0.44 0.49 0.51 0.51 0.51 0.47 0.21 0.31 0.49 0.21 0.40 0.48 0.46 0.46 0.47 0.48 0.46 0.46 0.42 0.48 0.42 0.48 0.35 0.50 0.40 0.54 0.54 0.51 0.54 0.54 0.50 0.51 0.51 0.51 0.05 0.43 0.43 0.43 0.43 0.43 0.07 0.06 0.00 0.04 0.59 0.74 0.74 0.74 0.74 0.76 0.82 0.76 0.76 0.68 0.74 0.70 0.67 0.67 0.65 0.93 0.79 1.00 0.40 0.40 0.40 0.40
0.74 0.65 0.65 0.63 0.36 0.71 0.65 0.61 0.57 0.67 0.60 0.59 0.67 0.58 0.58 0.55 0.30 0.54 0.51 0.56 0.58 0.58 0.58 0.54 0.28 0.38 0.56 0.26 0.47 0.56 0.54 0.53 0.54 0.56 0.54 0.54 0.50 0.56 0.50 0.54 0.41 0.55 0.45 0.58 0.58 0.56 0.58 0.59 0.55 0.56 0.56 0.56 0.06 0.48 0.48 0.48 0.48 0.48 0.09 0.08 0.01 0.04 0.65 0.79 0.79 0.79 0.79 0.80 0.85 0.80 0.80 0.74 0.79 0.74 0.72 0.72 0.68 0.94 0.82 1.00 0.45 0.46 0.46 0.46
0.87 0.85 0.85 0.84 0.60 0.87 0.85 0.83 0.80 0.85 0.83 0.82 0.85 0.83 0.83 0.81 0.54 0.80 0.76 0.81 0.83 0.83 0.83 0.80 0.55 0.67 0.81 0.51 0.76 0.81 0.80 0.80 0.80 0.81 0.80 0.80 0.78 0.81 0.78 0.75 0.62 0.76 0.66 0.77 0.77 0.75 0.77 0.77 0.75 0.75 0.75 0.75 0.17 0.69 0.69 0.69 0.69 0.69 0.19 0.19 0.03 0.10 0.83 0.90 0.90 0.90 0.90 0.90 0.92 0.90 0.90 0.88 0.90 0.88 0.87 0.87 0.80 0.97 0.90 1.00 0.66 0.68 0.68 0.68
0.98 0.98 0.98 0.98 0.90 0.99 0.98 0.98 0.97 0.98 0.98 0.98 0.98 0.98 0.98 0.98 0.84 0.98 0.97 0.98 0.98 0.98 0.98 0.98 0.89 0.95 0.98 0.84 0.97 0.98 0.98 0.98 0.98 0.98 0.98 0.98 0.98 0.98 0.98 0.95 0.90 0.95 0.92 0.96 0.96 0.95 0.96 0.96 0.95 0.95 0.95 0.95 0.49 0.93 0.93 0.93 0.93 0.93 0.49 0.50 0.17 0.28 0.98 0.99 0.99 0.99 0.99 0.99 0.99 0.99 0.99 0.99 0.99 0.98 0.99 0.98 0.95 1.00 0.99 1.00 0.90 0.94 0.94 0.94
0.88 0.86 0.86 0.85 0.62 0.88 0.86 0.84 0.81 0.86 0.84 0.84 0.86 0.84 0.84 0.83 0.56 0.82 0.77 0.83 0.84 0.84 0.84 0.82 0.56 0.70 0.83 0.53 0.77 0.83 0.82 0.82 0.82 0.83 0.82 0.82 0.80 0.83 0.80 0.76 0.64 0.77 0.68 0.78 0.78 0.77 0.78 0.78 0.76 0.77 0.77 0.77 0.18 0.71 0.71 0.71 0.71 0.71 0.22 0.21 0.03 0.10 0.84 0.90 0.90 0.90 0.90 0.91 0.92 0.91 0.91 0.88 0.90 0.89 0.88 0.88 0.81 0.97 0.91 1.00 0.66 0.70 0.70 0.70
0.99 0.99 0.99 0.99 0.92 0.99 0.99 0.99 0.98 0.99 0.99 0.99 0.99 0.99 0.99 0.99 0.86 0.99 0.97 0.99 0.99 0.99 0.99 0.99 0.91 0.96 0.99 0.86 0.98 0.99 0.99 0.99 0.99 0.99 0.99 0.99 0.98 0.99 0.98 0.97 0.92 0.97 0.93 0.97 0.97 0.96 0.97 0.97 0.96 0.96 0.96 0.96 0.54 0.95 0.95 0.95 0.95 0.95 0.53 0.53 0.19 0.31 0.98 0.99 0.99 0.99 0.99 0.99 0.99 0.99 0.99 0.99 0.99 0.99 0.99 0.99 0.96 1.00 0.99 1.00 0.92 0.95 0.95 0.95
0.87 0.83 0.83 0.82 0.59 0.85 0.83 0.81 0.78 0.84 0.81 0.81 0.84 0.81 0.81 0.79 0.52 0.79 0.73 0.80 0.81 0.81 0.81 0.79 0.52 0.65 0.80 0.48 0.74 0.80 0.78 0.78 0.79 0.80 0.78 0.78 0.75 0.80 0.75 0.73 0.60 0.73 0.63 0.74 0.74 0.73 0.74 0.75 0.72 0.73 0.73 0.73 0.15 0.67 0.67 0.67 0.67 0.67 0.18 0.17 0.02 0.09 0.81 0.89 0.89 0.89 0.89 0.89 0.91 0.89 0.89 0.86 0.89 0.86 0.86 0.85 0.79 0.97 0.89 1.00 0.64 0.66 0.66 0.66
0.99 0.99 0.99 1.00 0.96 0.99 0.99 0.99 0.99 0.99 1.00 0.99 0.99 1.00 1.00 0.99 0.90 0.99 0.99 1.00 1.00 1.00 1.00 0.99 0.95 0.98 1.00 0.91 0.99 1.00 1.00 1.00 0.99 1.00 1.00 1.00 0.99 1.00 0.99 0.98 0.96 0.98 0.96 0.98 0.98 0.98 0.98 0.98 0.98 0.98 0.98 0.98 0.65 0.97 0.97 0.97 0.97 0.97 0.61 0.63 0.27 0.38 0.99 1.00 1.00 1.00 1.00 1.00 1.00 1.00 1.00 1.00 1.00 1.00 1.00 0.99 0.97 1.00 0.99 1.00 0.95 0.98 0.98 0.98
0.68 0.57 0.57 0.54 0.28 0.64 0.57 0.52 0.48 0.59 0.52 0.50 0.59 0.49 0.49 0.46 0.24 0.45 0.42 0.47 0.49 0.49 0.49 0.45 0.20 0.29 0.47 0.20 0.38 0.46 0.44 0.44 0.45 0.46 0.44 0.44 0.41 0.46 0.41 0.46 0.34 0.49 0.39 0.52 0.52 0.50 0.52 0.53 0.48 0.50 0.50 0.50 0.04 0.42 0.42 0.42 0.42 0.42 0.06 0.05 0.00 0.03 0.57 0.73 0.73 0.73 0.73 0.75 0.81 0.75 0.75 0.67 0.73 0.68 0.66 0.66 0.64 0.92 0.78 1.00 0.40 0.40 0.40 0.40
0.71 0.62 0.62 0.60 0.34 0.68 0.62 0.58 0.54 0.64 0.58 0.56 0.64 0.56 0.56 0.53 0.28 0.52 0.48 0.54 0.56 0.56 0.55 0.52 0.26 0.36 0.54 0.24 0.45 0.53 0.51 0.51 0.52 0.53 0.51 0.51 0.48 0.53 0.48 0.51 0.38 0.53 0.43 0.56 0.56 0.54 0.56 0.57 0.53 0.54 0.54 0.54 0.05 0.46 0.46 0.46 0.46 0.46 0.08 0.07 0.00 0.04 0.62 0.75 0.75 0.75 0.75 0.77 0.82 0.77 0.77 0.70 0.75 0.71 0.69 0.69 0.67 0.93 0.81 1.00 0.44 0.44 0.44 0.44
0.69 0.58 0.58 0.56 0.30 0.65 0.58 0.53 0.49 0.60 0.52 0.51 0.60 0.50 0.50 0.47 0.24 0.46 0.44 0.48 0.50 0.50 0.50 0.46 0.21 0.30 0.48 0.20 0.39 0.48 0.45 0.45 0.46 0.48 0.45 0.45 0.42 0.48 0.42 0.48 0.35 0.51 0.39 0.53 0.53 0.51 0.53 0.55 0.49 0.51 0.51 0.51 0.04 0.42 0.42 0.42 0.42 0.42 0.07 0.06 0.00 0.03 0.58 0.73 0.73 0.73 0.73 0.76 0.81 0.76 0.76 0.67 0.73 0.69 0.66 0.66 0.65 0.93 0.79 1.00 0.39 0.39 0.39 0.39
0.80 0.74 0.74 0.72 0.46 0.78 0.74 0.70 0.67 0.75 0.70 0.69 0.75 0.69 0.69 0.67 0.40 0.66 0.62 0.68 0.69 0.69 0.69 0.66 0.38 0.51 0.68 0.36 0.60 0.67 0.66 0.66 0.66 0.67 0.66 0.66 0.62 0.67 0.62 0.64 0.50 0.64 0.54 0.66 0.66 0.65 0.66 0.67 0.64 0.65 0.65 0.65 0.10 0.57 0.57 0.57 0.57 0.57 0.12 0.12 0.01 0.06 0.73 0.83 0.83 0.83 0.83 0.84 0.87 0.84 0.84 0.79 0.83 0.80 0.78 0.78 0.73 0.95 0.86 1.00 0.53 0.55 0.55 0.55
0.85 0.81 0.81 0.80 0.56 0.83 0.81 0.79 0.75 0.81 0.78 0.78 0.81 0.78 0.78 0.76 0.49 0.75 0.70 0.77 0.78 0.78 0.78 0.75 0.50 0.62 0.77 0.46 0.70 0.77 0.75 0.75 0.75 0.77 0.75 0.75 0.72 0.77 0.72 0.71 0.59 0.72 0.63 0.73 0.73 0.72 0.73 0.74 0.71 0.72 0.72 0.72 0.13 0.65 0.65 0.65 0.65 0.65 0.17 0.17 0.02 0.09 0.79 0.87 0.87 0.87 0.87 0.88 0.90 0.88 0.88 0.85 0.87 0.85 0.84 0.84 0.78 0.97 0.89 1.00 0.62 0.64 0.64 0.64
0.73 0.64 0.64 0.61 0.35 0.70 0.64 0.59 0.55 0.66 0.59 0.58 0.66 0.58 0.57 0.54 0.30 0.54 0.50 0.56 0.58 0.58 0.57 0.54 0.27 0.37 0.56 0.25 0.47 0.55 0.53 0.53 0.54 0.55 0.53 0.53 0.49 0.55 0.49 0.52 0.38 0.54 0.43 0.57 0.57 0.54 0.57 0.57 0.53 0.54 0.54 0.54 0.06 0.46 0.46 0.46 0.46 0.46 0.09 0.07 0.01 0.05 0.63 0.77 0.77 0.77 0.77 0.79 0.84 0.79 0.79 0.72 0.77 0.73 0.71 0.71 0.69 0.94 0.81 1.00 0.45 0.45 0.45 0.45
0.91 0.90 0.90 0.89 0.68 0.91 0.90 0.88 0.85 0.90 0.88 0.88 0.90 0.88 0.88 0.87 0.61 0.87 0.82 0.88 0.88 0.88 0.88 0.87 0.63 0.76 0.88 0.59 0.83 0.88 0.87 0.87 0.87 0.88 0.87 0.87 0.84 0.88 0.84 0.82 0.70 0.82 0.74 0.82 0.82 0.81 0.82 0.82 0.81 0.81 0.81 0.81 0.22 0.76 0.76 0.76 0.76 0.76 0.25 0.24 0.04 0.12 0.87 0.93 0.93 0.93 0.93 0.93 0.94 0.93 0.93 0.91 0.93 0.91 0.90 0.90 0.84 0.98 0.93 1.00 0.71 0.74 0.74 0.74
0.68 0.56 0.56 0.54 0.28 0.64 0.56 0.52 0.47 0.59 0.51 0.49 0.59 0.49 0.49 0.46 0.24 0.44 0.42 0.46 0.49 0.49 0.49 0.44 0.20 0.29 0.46 0.19 0.37 0.46 0.44 0.44 0.44 0.46 0.44 0.44 0.40 0.46 0.40 0.47 0.35 0.49 0.40 0.53 0.53 0.51 0.53 0.54 0.49 0.51 0.51 0.51 0.04 0.42 0.42 0.42 0.42 0.42 0.06 0.06 0.00 0.03 0.57 0.73 0.73 0.73 0.73 0.75 0.80 0.75 0.75 0.67 0.73 0.68 0.65 0.65 0.64 0.92 0.79 1.00 0.40 0.39 0.39 0.39
0.99 0.99 0.99 0.99 0.95 0.99 0.99 0.99 0.99 0.99 0.99 0.99 0.99 0.99 0.99 0.99 0.91 0.99 0.99 0.99 0.99 0.99 0.99 0.99 0.95 0.98 0.99 0.92 0.99 0.99 0.99 0.99 0.99 0.99 0.99 0.99 0.99 0.99 0.99 0.98 0.96 0.98 0.96 0.98 0.98 0.98 0.98 0.98 0.98 0.98 0.98 0.98 0.64 0.97 0.97 0.97 0.97 0.97 0.62 0.63 0.28 0.39 0.99 0.99 0.99 0.99 0.99 0.99 0.99 0.99 0.99 0.99 0.99 0.99 0.99 0.99 0.97 1.00 0.99 1.00 0.95 0.97 0.97 0.97
0.97 0.97 0.97 0.97 0.86 0.97 0.97 0.97 0.96 0.97 0.97 0.97 0.97 0.97 0.97 0.96 0.80 0.97 0.94 0.97 0.97 0.97 0.97 0.97 0.84 0.93 0.97 0.80 0.95 0.97 0.97 0.97 0.97 0.97 0.97 0.97 0.96 0.97 0.96 0.93 0.87 0.93 0.89 0.94 0.94 0.93 0.94 0.94 0.93 0.93 0.93 0.93 0.43 0.90 0.90 0.90 0.90 0.90 0.43 0.44 0.13 0.24 0.96 0.98 0.98 0.98 0.98 0.98 0.98 0.98 0.98 0.98 0.98 0.97 0.98 0.97 0.93 0.99 0.98 1.00 0.88 0.91 0.91 0.91
0.69 0.58 0.58 0.56 0.29 0.65 0.58 0.53 0.49 0.61 0.53 0.51 0.61 0.51 0.50 0.48 0.24 0.46 0.44 0.48 0.51 0.51 0.50 0.46 0.21 0.30 0.48 0.20 0.39 0.48 0.46 0.46 0.46 0.48 0.46 0.46 0.42 0.48 0.42 0.47 0.35 0.50 0.39 0.53 0.53 0.50 0.53 0.54 0.49 0.50 0.50 0.50 0.04 0.42 0.42 0.42 0.42 0.42 0.07 0.05 0.00 0.04 0.58 0.74 0.74 0.74 0.74 0.76 0.81 0.76 0.76 0.68 0.74 0.69 0.67 0.67 0.64 0.92 0.79 1.00 0.40 0.41 0.41 0.41
0.73 0.65 0.65 0.62 0.36 0.71 0.65 0.60 0.56 0.66 0.60 0.59 0.66 0.58 0.58 0.55 0.31 0.55 0.51 0.56 0.58 0.58 0.58 0.55 0.28 0.37 0.56 0.26 0.47 0.56 0.54 0.54 0.55 0.56 0.54 0.54 0.50 0.56 0.50 0.54 0.41 0.56 0.45 0.59 0.59 0.57 0.59 0.60 0.55 0.57 0.57 0.57 0.06 0.49 0.49 0.49 0.49 0.49 0.09 0.08 0.01 0.04 0.64 0.77 0.77 0.77 0.77 0.79 0.83 0.79 0.79 0.72 0.77 0.73 0.71 0.71 0.67 0.94 0.82 1.00 0.45 0.45 0.45 0.45
0.97 0.97 0.97 0.96 0.85 0.97 0.97 0.96 0.95 0.97 0.96 0.96 0.97 0.97 0.97 0.96 0.79 0.96 0.93 0.96 0.97 0.97 0.97 0.96 0.83 0.91 0.96 0.78 0.95 0.96 0.96 0.96 0.96 0.96 0.96 0.96 0.95 0.96 0.95 0.92 0.85 0.92 0.87 0.93 0.93 0.92 0.93 0.93 0.92 0.92 0.92 0.92 0.41 0.89 0.89 0.89 0.89 0.89 0.42 0.41 0.11 0.23 0.96 0.97 0.97 0.97 0.97 0.98 0.98 0.98 0.98 0.97 0.97 0.97 0.97 0.97 0.92 0.99 0.98 1.00 0.86 0.90 0.90 0.90
0.68 0.58 0.58 0.55 0.30 0.66 0.58 0.53 0.49 0.60 0.52 0.51 0.60 0.50 0.50 0.47 0.25 0.46 0.44 0.48 0.50 0.50 0.50 0.46 0.21 0.30 0.48 0.20 0.39 0.48 0.45 0.45 0.46 0.48 0.45 0.45 0.42 0.48 0.42 0.46 0.35 0.49 0.39 0.53 0.53 0.50 0.53 0.54 0.49 0.50 0.50 0.50 0.04 0.42 0.42 0.42 0.42 0.42 0.07 0.06 0.00 0.03 0.58 0.73 0.73 0.73 0.73 0.76 0.81 0.76 0.76 0.67 0.73 0.69 0.66 0.66 0.64 0.92 0.79 1.00 0.40 0.38 0.38 0.38
0.91 0.89 0.89 0.89 0.68 0.91 0.89 0.88 0.85 0.89 0.88 0.88 0.89 0.88 0.88 0.86 0.61 0.87 0.82 0.87 0.88 0.88 0.88 0.87 0.64 0.76 0.87 0.59 0.83 0.87 0.87 0.87 0.87 0.87 0.87 0.87 0.84 0.87 0.84 0.82 0.70 0.82 0.73 0.83 0.83 0.81 0.83 0.83 0.81 0.81 0.81 0.81 0.22 0.76 0.76 0.76 0.76 0.76 0.25 0.24 0.04 0.13 0.87 0.93 0.93 0.93 0.93 0.93 0.94 0.93 0.93 0.91 0.93 0.91 0.91 0.91 0.84 0.98 0.94 1.00 0.72 0.75 0.75 0.75
0.89 0.87 0.87 0.86 0.64 0.88 0.87 0.85 0.82 0.87 0.85 0.84 0.87 0.85 0.85 0.83 0.59 0.83 0.79 0.84 0.85 0.85 0.85 0.83 0.58 0.71 0.84 0.54 0.79 0.84 0.83 0.83 0.83 0.84 0.83 0.83 0.81 0.84 0.81 0.78 0.65 0.78 0.69 0.79 0.79 0.78 0.79 0.79 0.77 0.78 0.78 0.78 0.19 0.72 0.72 0.72 0.72 0.72 0.22 0.22 0.03 0.11 0.85 0.91 0.91 0.91 0.91 0.91 0.93 0.91 0.91 0.89 0.91 0.89 0.89 0.88 0.83 0.97 0.92 1.00 0.68 0.72 0.72 0.72
0.97 0.97 0.97 0.97 0.86 0.97 0.97 0.97 0.95 0.97 0.97 0.97 0.97 0.97 0.97 0.96 0.78 0.97 0.94 0.97 0.97 0.97 0.97 0.97 0.84 0.92 0.97 0.79 0.95 0.97 0.96 0.96 0.97 0.97 0.96 0.96 0.96 0.97 0.96 0.92 0.86 0.92 0.88 0.93 0.93 0.92 0.93 0.93 0.92 0.92 0.92 0.92 0.42 0.89 0.89 0.89 0.89 0.89 0.43 0.42 0.11 0.23 0.96 0.98 0.98 0.98 0.98 0.98 0.98 0.98 0.98 0.97 0.98 0.97 0.97 0.97 0.93 0.99 0.97 1.00 0.87 0.90 0.90 0.90
0.92 0.91 0.91 0.90 0.71 0.92 0.91 0.90 0.87 0.91 0.90 0.89 0.91 0.90 0.90 0.89 0.65 0.89 0.84 0.89 0.90 0.90 0.90 0.89 0.67 0.80 0.89 0.62 0.85 0.89 0.89 0.89 0.89 0.89 0.89 0.89 0.87 0.89 0.87 0.82 0.71 0.83 0.75 0.83 0.83 0.82 0.83 0.83 0.82 0.82 0.82 0.82 0.25 0.77 0.77 0.77 0.77 0.77 0.26 0.26 0.05 0.14 0.89 0.93 0.93 0.93 0.93 0.94 0.95 0.94 0.94 0.92 0.93 0.92 0.92 0.92 0.85 0.98 0.93 1.00 0.74 0.77 0.77 0.77
0.68 0.57 0.57 0.54 0.28 0.64 0.57 0.52 0.48 0.59 0.51 0.50 0.59 0.48 0.48 0.46 0.24 0.45 0.42 0.46 0.48 0.48 0.48 0.45 0.20 0.28 0.46 0.19 0.37 0.46 0.44 0.43 0.45 0.46 0.44 0.44 0.41 0.46 0.41 0.46 0.33 0.49 0.38 0.52 0.52 0.50 0.52 0.53 0.48 0.50 0.50 0.50 0.04 0.42 0.42 0.42 0.42 0.42 0.06 0.06 0.00 0.04 0.57 0.72 0.72 0.72 0.72 0.75 0.80 0.75 0.75 0.66 0.72 0.67 0.65 0.65 0.64 0.93 0.79 1.00 0.39 0.38 0.38 0.38
