0.94 0.99 0.99 0.99 0.89 0.98 0.99 0.99 0.98 0.99 0.99 0.99 0.99 0.99 0.99 0.99 0.87 0.99 0.94 0.99 0.99 0.99 0.99 0.99 0.93 0.98 0.99 0.89 1.00 0.99 0.99 0.99 0.99 0.99 0.99 0.99 0.99 0.99 0.99
0.52 0.69 0.69 0.67 0.41 0.64 0.69 0.66 0.63 0.68 0.70 0.71 0.68 0.76 0.76 0.74 0.47 0.79 0.59 0.82 0.76 0.76 0.76 0.79 0.46 0.78 0.82 0.43 1.00 0.83 0.89 0.90 0.79 0.83 0.89 0.90 0.83 0.83 0.83
0.96 1.00 1.00 0.99 0.92 0.99 1.00 0.99 0.99 1.00 1.00 1.00 1.00 1.00 1.00 1.00 0.91 1.00 0.96 1.00 1.00 1.00 1.00 1.00 0.96 0.99 1.00 0.92 1.00 1.00 1.00 1.00 1.00 1.00 1.00 1.00 0.99 1.00 0.99
0.66 0.82 0.82 0.79 0.55 0.76 0.82 0.79 0.76 0.80 0.82 0.83 0.80 0.86 0.86 0.84 0.58 0.87 0.70 0.88 0.86 0.86 0.86 0.87 0.59 0.85 0.88 0.55 1.00 0.89 0.93 0.93 0.87 0.89 0.93 0.93 0.88 0.89 0.88
0.67 0.82 0.82 0.80 0.56 0.76 0.82 0.80 0.77 0.80 0.83 0.84 0.80 0.87 0.87 0.85 0.60 0.88 0.70 0.89 0.87 0.87 0.87 0.88 0.59 0.86 0.89 0.56 1.00 0.90 0.94 0.94 0.88 0.90 0.94 0.94 0.89 0.90 0.89
0.32 0.48 0.48 0.46 0.24 0.43 0.48 0.45 0.42 0.48 0.50 0.51 0.48 0.58 0.58 0.56 0.33 0.64 0.44 0.70 0.58 0.58 0.59 0.64 0.29 0.68 0.70 0.29 1.00 0.73 0.82 0.84 0.64 0.73 0.82 0.83 0.71 0.73 0.71
0.67 0.83 0.83 0.82 0.58 0.78 0.83 0.81 0.78 0.81 0.84 0.84 0.81 0.87 0.87 0.86 0.60 0.88 0.71 0.90 0.87 0.87 0.88 0.88 0.62 0.86 0.90 0.57 1.00 0.91 0.94 0.94 0.88 0.91 0.94 0.94 0.90 0.91 0.90
0.94 0.99 0.99 0.99 0.89 0.98 0.99 0.99 0.98 0.99 0.99 0.99 0.99 0.99 0.99 0.99 0.88 0.99 0.93 0.99 0.99 0.99 0.99 0.99 0.93 0.99 0.99 0.89 1.00 0.99 0.99 0.99 0.99 0.99 0.99 0.99 0.99 0.99 0.99
0.87 0.96 0.96 0.96 0.80 0.94 0.96 0.96 0.94 0.96 0.97 0.97 0.96 0.97 0.97 0.97 0.79 0.98 0.87 0.97 0.97 0.97 0.97 0.98 0.84 0.96 0.97 0.79 1.00 0.98 0.98 0.98 0.98 0.98 0.98 0.98 0.97 0.98 0.97
0.61 0.78 0.78 0.76 0.51 0.72 0.78 0.76 0.72 0.76 0.79 0.80 0.76 0.84 0.84 0.82 0.55 0.86 0.67 0.87 0.84 0.84 0.84 0.86 0.56 0.83 0.87 0.52 1.00 0.88 0.92 0.92 0.86 0.88 0.92 0.92 0.87 0.88 0.87
0.92 0.98 0.98 0.98 0.85 0.97 0.98 0.98 0.97 0.98 0.99 0.99 0.98 0.99 0.99 0.99 0.85 0.99 0.91 0.99 0.99 0.99 0.99 0.99 0.90 0.98 0.99 0.85 1.00 0.99 0.99 0.99 0.99 0.99 0.99 0.99 0.98 0.99 0.98
0.72 0.87 0.87 0.85 0.62 0.82 0.87 0.84 0.82 0.85 0.87 0.88 0.85 0.90 0.90 0.88 0.63 0.91 0.73 0.91 0.90 0.90 0.90 0.91 0.66 0.89 0.91 0.61 1.00 0.92 0.95 0.95 0.91 0.92 0.95 0.95 0.91 0.92 0.91
0.41 0.57 0.57 0.54 0.30 0.51 0.57 0.54 0.51 0.56 0.58 0.59 0.56 0.65 0.65 0.63 0.39 0.70 0.50 0.76 0.65 0.65 0.65 0.70 0.35 0.73 0.76 0.34 1.00 0.78 0.86 0.87 0.70 0.78 0.86 0.86 0.77 0.78 0.77
0.91 0.98 0.98 0.98 0.85 0.96 0.98 0.98 0.96 0.97 0.98 0.98 0.97 0.98 0.98 0.98 0.83 0.98 0.90 0.98 0.98 0.98 0.98 0.98 0.88 0.97 0.98 0.83 1.00 0.98 0.99 0.99 0.98 0.98 0.99 0.99 0.98 0.98 0.98
0.67 0.83 0.83 0.81 0.58 0.77 0.83 0.81 0.78 0.81 0.83 0.84 0.81 0.87 0.87 0.86 0.61 0.89 0.71 0.90 0.87 0.87 0.88 0.89 0.62 0.87 0.90 0.58 1.00 0.91 0.94 0.94 0.89 0.91 0.94 0.94 0.89 0.91 0.89
0.35 0.50 0.50 0.48 0.25 0.44 0.50 0.47 0.44 0.49 0.52 0.54 0.49 0.59 0.59 0.58 0.34 0.65 0.45 0.71 0.59 0.59 0.60 0.65 0.29 0.69 0.71 0.29 1.00 0.74 0.83 0.84 0.65 0.74 0.83 0.84 0.73 0.74 0.73
0.93 0.99 0.99 0.98 0.88 0.97 0.99 0.98 0.97 0.98 0.99 0.99 0.98 0.99 0.99 0.99 0.86 0.99 0.93 0.99 0.99 0.99 0.99 0.99 0.92 0.98 0.99 0.88 1.00 0.99 0.99 0.99 0.99 0.99 0.99 0.99 0.99 0.99 0.99
0.81 0.93 0.93 0.92 0.73 0.89 0.93 0.92 0.89 0.92 0.93 0.94 0.92 0.95 0.95 0.94 0.72 0.95 0.82 0.96 0.95 0.95 0.95 0.95 0.76 0.93 0.96 0.71 1.00 0.96 0.97 0.97 0.95 0.96 0.97 0.97 0.95 0.96 0.95
0.72 0.86 0.86 0.85 0.62 0.82 0.86 0.85 0.82 0.85 0.87 0.87 0.85 0.90 0.90 0.88 0.64 0.91 0.74 0.92 0.90 0.90 0.90 0.91 0.66 0.88 0.92 0.61 1.00 0.92 0.95 0.95 0.91 0.92 0.95 0.95 0.91 0.92 0.91
0.62 0.77 0.77 0.76 0.51 0.72 0.77 0.75 0.71 0.77 0.78 0.79 0.77 0.83 0.83 0.81 0.55 0.85 0.66 0.87 0.83 0.83 0.84 0.85 0.55 0.83 0.87 0.51 1.00 0.88 0.92 0.92 0.85 0.88 0.92 0.92 0.86 0.88 0.86
0.68 0.83 0.83 0.82 0.58 0.78 0.83 0.81 0.78 0.82 0.84 0.85 0.82 0.88 0.88 0.86 0.60 0.89 0.72 0.90 0.88 0.88 0.88 0.89 0.62 0.87 0.90 0.58 1.00 0.91 0.94 0.94 0.89 0.91 0.94 0.94 0.90 0.91 0.90
0.90 0.98 0.98 0.97 0.84 0.96 0.98 0.97 0.96 0.97 0.98 0.98 0.97 0.98 0.98 0.98 0.82 0.98 0.90 0.98 0.98 0.98 0.98 0.98 0.88 0.97 0.98 0.83 1.00 0.98 0.99 0.99 0.98 0.98 0.99 0.99 0.98 0.98 0.98
0.69 0.84 0.84 0.82 0.58 0.79 0.84 0.82 0.79 0.83 0.85 0.85 0.83 0.88 0.88 0.86 0.60 0.89 0.72 0.90 0.88 0.88 0.88 0.89 0.62 0.87 0.90 0.59 1.00 0.91 0.94 0.94 0.89 0.91 0.94 0.94 0.90 0.91 0.90
0.44 0.60 0.60 0.58 0.34 0.55 0.60 0.57 0.53 0.60 0.62 0.63 0.60 0.69 0.68 0.66 0.41 0.73 0.53 0.77 0.69 0.69 0.69 0.73 0.39 0.74 0.77 0.37 1.00 0.80 0.87 0.88 0.73 0.80 0.87 0.88 0.78 0.80 0.78
0.94 0.99 0.99 0.99 0.89 0.98 0.99 0.99 0.98 0.99 0.99 0.99 0.99 0.99 0.99 0.99 0.87 0.99 0.94 0.99 0.99 0.99 0.99 0.99 0.93 0.98 0.99 0.89 1.00 0.99 0.99 0.99 0.99 0.99 0.99 0.99 0.99 0.99 0.99
0.65 0.81 0.81 0.79 0.55 0.75 0.81 0.78 0.75 0.79 0.81 0.82 0.79 0.86 0.86 0.83 0.57 0.86 0.69 0.88 0.86 0.86 0.86 0.86 0.58 0.85 0.88 0.55 1.00 0.89 0.93 0.93 0.86 0.89 0.93 0.93 0.88 0.89 0.88
0.75 0.89 0.89 0.87 0.65 0.84 0.89 0.87 0.85 0.87 0.89 0.89 0.87 0.92 0.92 0.90 0.66 0.92 0.76 0.93 0.92 0.92 0.92 0.92 0.69 0.90 0.93 0.64 1.00 0.93 0.95 0.96 0.92 0.93 0.95 0.96 0.92 0.93 0.92
0.69 0.84 0.84 0.82 0.58 0.78 0.84 0.82 0.78 0.82 0.84 0.85 0.82 0.88 0.88 0.86 0.60 0.89 0.72 0.90 0.88 0.88 0.88 0.89 0.62 0.87 0.90 0.57 1.00 0.91 0.94 0.94 0.89 0.91 0.94 0.94 0.90 0.91 0.90
0.94 0.99 0.99 0.99 0.91 0.98 0.99 0.99 0.98 0.99 0.99 0.99 0.99 0.99 0.99 0.99 0.89 0.99 0.95 0.99 0.99 0.99 0.99 0.99 0.94 0.99 0.99 0.90 1.00 1.00 1.00 1.00 0.99 1.00 1.00 1.00 0.99 1.00 0.99
0.75 0.88 0.88 0.87 0.65 0.84 0.88 0.87 0.84 0.87 0.89 0.89 0.87 0.92 0.91 0.90 0.65 0.92 0.77 0.93 0.92 0.92 0.91 0.92 0.69 0.89 0.93 0.64 1.00 0.93 0.95 0.95 0.92 0.93 0.95 0.95 0.92 0.93 0.92
0.93 0.99 0.99 0.99 0.89 0.97 0.99 0.99 0.98 0.99 0.99 0.99 0.99 0.99 0.99 0.99 0.88 0.99 0.93 0.99 0.99 0.99 0.99 0.99 0.92 0.98 0.99 0.88 1.00 0.99 0.99 0.99 0.99 0.99 0.99 0.99 0.99 0.99 0.99
0.80 0.92 0.92 0.91 0.71 0.88 0.92 0.91 0.88 0.91 0.93 0.93 0.91 0.94 0.94 0.93 0.71 0.95 0.80 0.95 0.94 0.94 0.94 0.95 0.74 0.92 0.95 0.70 1.00 0.95 0.96 0.97 0.95 0.95 0.96 0.97 0.95 0.95 0.95
0.38 0.54 0.54 0.52 0.29 0.49 0.54 0.51 0.48 0.54 0.56 0.58 0.54 0.64 0.63 0.61 0.36 0.68 0.49 0.74 0.64 0.64 0.64 0.68 0.34 0.71 0.74 0.34 1.00 0.76 0.85 0.86 0.68 0.76 0.85 0.85 0.75 0.76 0.75
0.35 0.50 0.50 0.48 0.26 0.45 0.50 0.48 0.44 0.50 0.52 0.53 0.50 0.59 0.59 0.59 0.34 0.66 0.45 0.71 0.59 0.59 0.60 0.66 0.29 0.69 0.71 0.29 1.00 0.74 0.83 0.84 0.66 0.74 0.83 0.84 0.72 0.74 0.72
0.39 0.55 0.55 0.53 0.30 0.50 0.55 0.53 0.49 0.55 0.57 0.59 0.55 0.64 0.64 0.62 0.39 0.70 0.49 0.75 0.64 0.64 0.65 0.70 0.35 0.72 0.75 0.34 1.00 0.77 0.85 0.86 0.70 0.77 0.85 0.86 0.76 0.77 0.76
0.94 0.99 0.99 0.99 0.89 0.98 0.99 0.99 0.98 0.99 0.99 0.99 0.99 0.99 0.99 0.99 0.87 0.99 0.93 0.99 0.99 0.99 0.99 0.99 0.92 0.98 0.99 0.88 1.00 0.99 0.99 0.99 0.99 0.99 0.99 0.99 0.99 0.99 0.99
0.83 0.94 0.94 0.93 0.74 0.90 0.94 0.93 0.91 0.93 0.94 0.94 0.93 0.96 0.96 0.95 0.73 0.96 0.83 0.96 0.96 0.96 0.96 0.96 0.78 0.94 0.96 0.73 1.00 0.96 0.97 0.97 0.96 0.96 0.97 0.97 0.96 0.96 0.96
0.93 0.99 0.99 0.98 0.87 0.97 0.99 0.98 0.97 0.98 0.99 0.99 0.98 0.99 0.99 0.99 0.86 0.99 0.93 0.99 0.99 0.99 0.99 0.99 0.92 0.98 0.99 0.87 1.00 0.99 0.99 0.99 0.99 0.99 0.99 0.99 0.99 0.99 0.99
0.82 0.94 0.94 0.93 0.73 0.90 0.94 0.93 0.91 0.93 0.94 0.94 0.93 0.96 0.96 0.95 0.74 0.96 0.83 0.96 0.96 0.96 0.96 0.96 0.77 0.93 0.96 0.72 1.00 0.96 0.97 0.97 0.96 0.96 0.97 0.97 0.95 0.96 0.95
0.32 0.47 0.47 0.45 0.24 0.42 0.47 0.45 0.41 0.48 0.49 0.50 0.48 0.57 0.57 0.55 0.33 0.63 0.44 0.70 0.57 0.57 0.57 0.63 0.28 0.67 0.70 0.28 1.00 0.73 0.82 0.84 0.63 0.73 0.82 0.83 0.72 0.73 0.72
0.37 0.53 0.53 0.51 0.27 0.48 0.53 0.50 0.46 0.52 0.54 0.56 0.52 0.62 0.62 0.60 0.36 0.68 0.48 0.74 0.62 0.62 0.63 0.68 0.31 0.70 0.74 0.30 1.00 0.76 0.84 0.85 0.68 0.76 0.84 0.85 0.75 0.76 0.75
0.75 0.89 0.89 0.88 0.65 0.84 0.89 0.87 0.84 0.87 0.89 0.90 0.87 0.92 0.92 0.90 0.67 0.93 0.76 0.93 0.92 0.92 0.92 0.93 0.70 0.90 0.93 0.65 1.00 0.93 0.95 0.96 0.93 0.93 0.95 0.96 0.93 0.93 0.93
0.36 0.51 0.51 0.48 0.26 0.46 0.51 0.48 0.44 0.51 0.52 0.54 0.51 0.60 0.60 0.58 0.35 0.66 0.46 0.72 0.60 0.60 0.60 0.66 0.32 0.69 0.72 0.32 1.00 0.74 0.84 0.85 0.66 0.74 0.84 0.85 0.73 0.74 0.73
0.39 0.55 0.55 0.53 0.30 0.49 0.55 0.52 0.49 0.55 0.57 0.59 0.55 0.64 0.64 0.62 0.38 0.69 0.49 0.74 0.64 0.64 0.65 0.69 0.34 0.71 0.74 0.33 1.00 0.76 0.84 0.86 0.69 0.76 0.84 0.85 0.75 0.76 0.75
0.67 0.82 0.82 0.81 0.56 0.78 0.82 0.80 0.77 0.81 0.83 0.84 0.81 0.87 0.87 0.85 0.59 0.89 0.70 0.89 0.87 0.87 0.87 0.89 0.60 0.86 0.89 0.56 1.00 0.90 0.94 0.94 0.89 0.90 0.94 0.94 0.89 0.90 0.89
0.62 0.78 0.78 0.76 0.51 0.72 0.78 0.75 0.72 0.77 0.79 0.80 0.77 0.83 0.83 0.81 0.54 0.85 0.65 0.86 0.83 0.83 0.83 0.85 0.56 0.83 0.86 0.53 1.00 0.87 0.92 0.92 0.85 0.87 0.92 0.92 0.87 0.87 0.87
0.87 0.96 0.96 0.95 0.78 0.93 0.96 0.95 0.93 0.95 0.96 0.96 0.95 0.97 0.97 0.97 0.79 0.97 0.87 0.97 0.97 0.97 0.97 0.97 0.83 0.95 0.97 0.78 1.00 0.97 0.98 0.98 0.97 0.97 0.98 0.98 0.97 0.97 0.97
0.93 0.99 0.99 0.98 0.88 0.98 0.99 0.98 0.97 0.99 0.99 0.99 0.99 0.99 0.99 0.99 0.87 0.99 0.93 0.99 0.99 0.99 0.99 0.99 0.92 0.98 0.99 0.88 1.00 0.99 0.99 0.99 0.99 0.99 0.99 0.99 0.99 0.99 0.99
0.77 0.90 0.90 0.88 0.67 0.85 0.90 0.88 0.85 0.88 0.90 0.90 0.88 0.92 0.92 0.91 0.67 0.93 0.78 0.93 0.92 0.92 0.92 0.93 0.71 0.91 0.93 0.66 1.00 0.94 0.96 0.96 0.93 0.94 0.96 0.96 0.93 0.94 0.93
0.85 0.95 0.95 0.94 0.77 0.92 0.95 0.94 0.93 0.94 0.95 0.96 0.94 0.97 0.96 0.96 0.76 0.97 0.85 0.97 0.97 0.97 0.96 0.97 0.81 0.95 0.97 0.76 1.00 0.97 0.98 0.98 0.97 0.97 0.98 0.98 0.96 0.97 0.96
0.44 0.61 0.61 0.58 0.33 0.55 0.61 0.58 0.54 0.60 0.62 0.63 0.60 0.69 0.69 0.67 0.41 0.73 0.53 0.78 0.69 0.69 0.69 0.73 0.38 0.74 0.78 0.37 1.00 0.79 0.87 0.88 0.73 0.79 0.87 0.88 0.78 0.79 0.78
0.94 0.99 0.99 0.99 0.90 0.98 0.99 0.99 0.98 0.99 0.99 0.99 0.99 0.99 0.99 0.99 0.89 0.99 0.94 0.99 0.99 0.99 0.99 0.99 0.94 0.99 0.99 0.90 1.00 0.99 0.99 0.99 0.99 0.99 0.99 0.99 0.99 0.99 0.99
0.73 0.87 0.87 0.85 0.63 0.81 0.87 0.85 0.82 0.85 0.87 0.88 0.85 0.90 0.90 0.89 0.64 0.91 0.74 0.91 0.90 0.90 0.90 0.91 0.66 0.89 0.91 0.62 1.00 0.92 0.94 0.95 0.91 0.92 0.94 0.95 0.91 0.92 0.91
0.94 0.99 0.99 0.99 0.89 0.98 0.99 0.99 0.98 0.99 0.99 0.99 0.99 0.99 0.99 0.99 0.88 0.99 0.93 0.99 0.99 0.99 0.99 0.99 0.93 0.98 0.99 0.88 1.00 0.99 0.99 0.99 0.99 0.99 0.99 0.99 0.99 0.99 0.99
0.94 0.99 0.99 0.99 0.89 0.98 0.99 0.99 0.98 0.99 0.99 0.99 0.99 0.99 0.99 0.99 0.87 0.99 0.94 0.99 0.99 0.99 0.99 0.99 0.93 0.99 0.99 0.89 1.00 0.99 0.99 0.99 0.99 0.99 0.99 0.99 0.99 0.99 0.99
0.96 0.99 0.99 0.99 0.91 0.99 0.99 0.99 0.99 0.99 0.99 0.99 0.99 1.00 0.99 0.99 0.90 1.00 0.95 1.00 1.00 1.00 0.99 1.00 0.95 0.99 1.00 0.91 1.00 1.00 1.00 1.00 1.00 1.00 1.00 1.00 0.99 1.00 0.99
0.77 0.90 0.90 0.89 0.68 0.86 0.90 0.89 0.86 0.89 0.91 0.91 0.89 0.93 0.93 0.91 0.68 0.93 0.79 0.94 0.93 0.93 0.93 0.93 0.71 0.91 0.94 0.67 1.00 0.94 0.96 0.96 0.93 0.94 0.96 0.96 0.93 0.94 0.93
0.73 0.87 0.87 0.86 0.64 0.82 0.87 0.86 0.83 0.86 0.88 0.89 0.86 0.90 0.90 0.89 0.64 0.91 0.75 0.92 0.90 0.90 0.90 0.91 0.67 0.89 0.92 0.63 1.00 0.92 0.95 0.95 0.91 0.92 0.95 0.95 0.92 0.92 0.92
0.60 0.76 0.76 0.74 0.48 0.70 0.76 0.74 0.70 0.75 0.78 0.78 0.75 0.82 0.82 0.80 0.54 0.84 0.64 0.86 0.82 0.82 0.83 0.84 0.53 0.83 0.86 0.50 1.00 0.87 0.92 0.92 0.84 0.87 0.92 0.92 0.86 0.87 0.86
0.43 0.59 0.59 0.57 0.34 0.53 0.59 0.56 0.53 0.58 0.60 0.62 0.58 0.67 0.67 0.65 0.41 0.72 0.52 0.77 0.67 0.67 0.67 0.72 0.38 0.73 0.77 0.37 1.00 0.78 0.86 0.87 0.72 0.78 0.86 0.87 0.78 0.78 0.78
0.53 0.70 0.70 0.68 0.42 0.63 0.70 0.67 0.64 0.68 0.71 0.72 0.68 0.77 0.77 0.75 0.48 0.80 0.60 0.82 0.77 0.77 0.77 0.80 0.47 0.79 0.82 0.45 1.00 0.84 0.90 0.90 0.80 0.84 0.90 0.90 0.83 0.84 0.83
0.57 0.73 0.73 0.71 0.46 0.67 0.73 0.71 0.67 0.72 0.75 0.76 0.72 0.79 0.79 0.77 0.51 0.81 0.63 0.85 0.79 0.79 0.80 0.81 0.50 0.81 0.85 0.47 1.00 0.85 0.90 0.91 0.81 0.85 0.90 0.91 0.85 0.85 0.85
0.62 0.78 0.78 0.76 0.51 0.72 0.78 0.76 0.72 0.77 0.79 0.80 0.77 0.83 0.83 0.82 0.56 0.85 0.66 0.87 0.83 0.83 0.84 0.85 0.55 0.83 0.87 0.51 1.00 0.88 0.92 0.92 0.85 0.88 0.92 0.92 0.87 0.88 0.87
0.95 0.99 0.99 0.99 0.91 0.98 0.99 0.99 0.98 0.99 0.99 0.99 0.99 0.99 0.99 0.99 0.90 0.99 0.95 0.99 0.99 0.99 0.99 0.99 0.95 0.99 0.99 0.91 1.00 0.99 1.00 1.00 0.99 0.99 1.00 1.00 0.99 0.99 0.99
0.95 0.99 0.99 0.99 0.91 0.99 0.99 0.99 0.98 0.99 0.99 0.99 0.99 0.99 0.99 0.99 0.89 0.99 0.95 0.99 0.99 0.99 0.99 0.99 0.94 0.98 0.99 0.90 1.00 0.99 1.00 1.00 0.99 0.99 1.00 1.00 0.99 0.99 0.99
0.52 0.69 0.69 0.66 0.41 0.63 0.69 0.66 0.62 0.68 0.70 0.71 0.68 0.76 0.76 0.73 0.48 0.79 0.60 0.82 0.76 0.76 0.76 0.79 0.46 0.78 0.82 0.44 1.00 0.83 0.89 0.90 0.79 0.83 0.89 0.90 0.82 0.83 0.82
0.89 0.97 0.97 0.96 0.82 0.95 0.97 0.96 0.95 0.96 0.97 0.97 0.96 0.98 0.98 0.97 0.80 0.98 0.88 0.98 0.98 0.98 0.98 0.98 0.85 0.96 0.98 0.81 1.00 0.98 0.98 0.98 0.98 0.98 0.98 0.98 0.97 0.98 0.97
0.92 0.99 0.99 0.98 0.87 0.97 0.99 0.98 0.97 0.98 0.99 0.99 0.98 0.99 0.99 0.99 0.86 0.99 0.92 0.99 0.99 0.99 0.99 0.99 0.91 0.98 0.99 0.87 1.00 0.99 0.99 0.99 0.99 0.99 0.99 0.99 0.98 0.99 0.98
0.78 0.91 0.91 0.90 0.68 0.86 0.91 0.89 0.87 0.90 0.91 0.92 0.90 0.93 0.93 0.92 0.68 0.94 0.80 0.94 0.93 0.93 0.93 0.94 0.72 0.91 0.94 0.68 1.00 0.95 0.96 0.96 0.94 0.95 0.96 0.96 0.94 0.95 0.94
0.96 1.00 1.00 0.99 0.93 0.99 1.00 0.99 0.99 0.99 1.00 1.00 0.99 1.00 1.00 1.00 0.91 1.00 0.96 1.00 1.00 1.00 1.00 1.00 0.96 0.99 1.00 0.92 1.00 1.00 1.00 1.00 1.00 1.00 1.00 1.00 0.99 1.00 0.99
0.68 0.83 0.83 0.81 0.58 0.78 0.83 0.81 0.78 0.81 0.84 0.85 0.81 0.88 0.87 0.86 0.61 0.89 0.71 0.90 0.88 0.88 0.88 0.89 0.61 0.87 0.90 0.57 1.00 0.91 0.94 0.94 0.89 0.91 0.94 0.94 0.90 0.91 0.90
0.59 0.75 0.75 0.73 0.48 0.70 0.75 0.73 0.69 0.73 0.76 0.77 0.73 0.81 0.81 0.79 0.52 0.83 0.64 0.85 0.81 0.81 0.81 0.83 0.53 0.82 0.85 0.50 1.00 0.86 0.91 0.92 0.83 0.86 0.91 0.92 0.86 0.86 0.86
0.43 0.59 0.59 0.57 0.33 0.54 0.59 0.57 0.53 0.59 0.61 0.62 0.59 0.68 0.68 0.66 0.41 0.72 0.52 0.77 0.68 0.68 0.68 0.72 0.38 0.74 0.77 0.36 1.00 0.79 0.86 0.88 0.72 0.79 0.86 0.87 0.78 0.79 0.78
0.90 0.98 0.98 0.97 0.84 0.96 0.98 0.97 0.96 0.97 0.98 0.98 0.97 0.98 0.98 0.98 0.83 0.98 0.90 0.98 0.98 0.98 0.98 0.98 0.89 0.97 0.98 0.85 1.00 0.98 0.99 0.99 0.98 0.98 0.99 0.99 0.98 0.98 0.98
0.68 0.83 0.83 0.81 0.57 0.77 0.83 0.81 0.78 0.81 0.84 0.85 0.81 0.87 0.87 0.85 0.59 0.88 0.71 0.90 0.87 0.87 0.87 0.88 0.60 0.86 0.90 0.57 1.00 0.90 0.93 0.94 0.88 0.90 0.93 0.94 0.90 0.90 0.90
0.72 0.87 0.87 0.86 0.63 0.82 0.87 0.85 0.83 0.86 0.88 0.88 0.86 0.91 0.91 0.89 0.64 0.91 0.75 0.92 0.91 0.91 0.91 0.91 0.67 0.89 0.92 0.63 1.00 0.93 0.95 0.95 0.91 0.93 0.95 0.95 0.92 0.93 0.92
0.59 0.75 0.75 0.73 0.48 0.69 0.75 0.73 0.69 0.74 0.76 0.77 0.74 0.81 0.81 0.79 0.52 0.83 0.64 0.85 0.81 0.81 0.81 0.83 0.52 0.82 0.85 0.49 1.00 0.86 0.91 0.91 0.83 0.86 0.91 0.91 0.85 0.86 0.85
0.73 0.87 0.87 0.86 0.63 0.83 0.87 0.85 0.83 0.86 0.88 0.88 0.86 0.91 0.90 0.89 0.64 0.91 0.75 0.92 0.91 0.91 0.90 0.91 0.67 0.89 0.92 0.63 1.00 0.92 0.95 0.95 0.91 0.92 0.95 0.95 0.92 0.92 0.92
0.70 0.85 0.85 0.83 0.60 0.80 0.85 0.83 0.80 0.83 0.85 0.86 0.83 0.89 0.89 0.87 0.62 0.90 0.73 0.90 0.89 0.89 0.89 0.90 0.63 0.88 0.90 0.59 1.00 0.91 0.94 0.94 0.90 0.91 0.94 0.94 0.90 0.91 0.90
0.49 0.65 0.65 0.63 0.38 0.59 0.65 0.62 0.59 0.64 0.67 0.68 0.64 0.73 0.73 0.71 0.45 0.77 0.56 0.80 0.73 0.73 0.74 0.77 0.42 0.76 0.80 0.40 1.00 0.81 0.88 0.89 0.77 0.81 0.88 0.89 0.80 0.81 0.80
0.47 0.63 0.63 0.61 0.36 0.58 0.63 0.60 0.57 0.63 0.64 0.66 0.63 0.71 0.71 0.69 0.44 0.75 0.55 0.79 0.71 0.71 0.71 0.75 0.40 0.76 0.79 0.39 1.00 0.81 0.87 0.88 0.75 0.81 0.87 0.88 0.80 0.81 0.80
0.73 0.87 0.87 0.86 0.62 0.82 0.87 0.85 0.83 0.86 0.88 0.88 0.86 0.91 0.91 0.89 0.64 0.91 0.75 0.92 0.91 0.91 0.91 0.91 0.67 0.89 0.92 0.63 1.00 0.93 0.95 0.95 0.91 0.93 0.95 0.95 0.91 0.93 0.91
0.94 0.99 0.99 0.99 0.89 0.98 0.99 0.99 0.98 0.99 0.99 0.99 0.99 0.99 0.99 0.99 0.88 0.99 0.94 0.99 0.99 0.99 0.99 0.99 0.93 0.99 0.99 0.89 1.00 0.99 1.00 1.00 0.99 0.99 1.00 1.00 0.99 0.99 0.99
0.95 0.99 0.99 0.99 0.90 0.98 0.99 0.99 0.98 0.99 0.99 0.99 0.99 0.99 0.99 0.99 0.89 0.99 0.94 0.99 0.99 0.99 0.99 0.99 0.94 0.99 0.99 0.90 1.00 0.99 1.00 1.00 0.99 0.99 1.00 1.00 0.99 0.99 0.99
0.80 0.92 0.92 0.91 0.71 0.88 0.92 0.91 0.89 0.91 0.93 0.93 0.91 0.94 0.94 0.93 0.70 0.95 0.80 0.95 0.94 0.94 0.95 0.95 0.74 0.92 0.95 0.69 1.00 0.95 0.97 0.97 0.95 0.95 0.97 0.97 0.95 0.95 0.95
0.77 0.90 0.90 0.89 0.67 0.86 0.90 0.89 0.86 0.89 0.91 0.91 0.89 0.93 0.93 0.92 0.68 0.94 0.78 0.94 0.93 0.93 0.93 0.94 0.72 0.91 0.94 0.67 1.00 0.94 0.96 0.96 0.94 0.94 0.96 0.96 0.93 0.94 0.93
0.96 1.00 1.00 0.99 0.92 0.99 1.00 0.99 0.99 0.99 1.00 0.99 0.99 1.00 1.00 1.00 0.91 1.00 0.95 1.00 1.00 1.00 1.00 1.00 0.95 0.99 1.00 0.92 1.00 1.00 1.00 1.00 1.00 1.00 1.00 1.00 0.99 1.00 0.99
0.65 0.81 0.81 0.79 0.55 0.76 0.81 0.79 0.76 0.80 0.82 0.83 0.80 0.86 0.86 0.84 0.59 0.87 0.69 0.89 0.86 0.86 0.86 0.87 0.59 0.86 0.89 0.56 1.00 0.89 0.93 0.93 0.87 0.89 0.93 0.93 0.89 0.89 0.89
0.60 0.76 0.76 0.75 0.49 0.71 0.76 0.74 0.70 0.75 0.78 0.78 0.75 0.82 0.82 0.80 0.54 0.84 0.66 0.87 0.82 0.82 0.82 0.84 0.53 0.83 0.87 0.50 1.00 0.87 0.92 0.92 0.84 0.87 0.92 0.92 0.87 0.87 0.87
0.73 0.87 0.87 0.86 0.64 0.82 0.87 0.85 0.83 0.86 0.88 0.89 0.86 0.91 0.91 0.89 0.65 0.92 0.75 0.92 0.91 0.91 0.91 0.92 0.68 0.89 0.92 0.63 1.00 0.93 0.95 0.95 0.92 0.93 0.95 0.95 0.92 0.93 0.92
0.37 0.53 0.53 0.50 0.28 0.48 0.53 0.50 0.46 0.53 0.54 0.56 0.53 0.63 0.62 0.60 0.36 0.68 0.48 0.73 0.63 0.63 0.63 0.68 0.33 0.70 0.73 0.32 1.00 0.76 0.85 0.86 0.68 0.76 0.85 0.86 0.75 0.76 0.75
0.37 0.53 0.53 0.51 0.28 0.48 0.53 0.51 0.47 0.53 0.55 0.57 0.53 0.63 0.63 0.61 0.37 0.68 0.49 0.74 0.63 0.63 0.64 0.68 0.33 0.71 0.74 0.32 1.00 0.76 0.85 0.86 0.68 0.76 0.85 0.86 0.75 0.76 0.75
0.44 0.61 0.61 0.59 0.34 0.55 0.61 0.58 0.55 0.61 0.62 0.63 0.61 0.69 0.69 0.67 0.41 0.73 0.54 0.78 0.69 0.69 0.69 0.73 0.40 0.75 0.78 0.38 1.00 0.79 0.86 0.87 0.73 0.79 0.86 0.87 0.78 0.79 0.78
0.91 0.98 0.98 0.98 0.85 0.96 0.98 0.98 0.96 0.98 0.98 0.98 0.98 0.99 0.99 0.98 0.83 0.99 0.90 0.98 0.99 0.99 0.99 0.99 0.89 0.97 0.98 0.84 1.00 0.99 0.99 0.99 0.99 0.99 0.99 0.99 0.98 0.99 0.98
0.42 0.58 0.58 0.56 0.32 0.52 0.58 0.55 0.51 0.57 0.59 0.61 0.57 0.67 0.67 0.64 0.41 0.71 0.51 0.76 0.67 0.67 0.67 0.71 0.37 0.73 0.76 0.35 1.00 0.78 0.86 0.87 0.71 0.78 0.86 0.87 0.77 0.78 0.77
0.94 0.99 0.99 0.99 0.88 0.97 0.99 0.98 0.98 0.99 0.99 0.99 0.99 0.99 0.99 0.99 0.87 0.99 0.93 0.99 0.99 0.99 0.99 0.99 0.92 0.98 0.99 0.88 1.00 0.99 0.99 0.99 0.99 0.99 0.99 0.99 0.99 0.99 0.99
0.85 0.95 0.95 0.94 0.76 0.92 0.95 0.94 0.92 0.94 0.95 0.95 0.94 0.96 0.96 0.96 0.76 0.96 0.85 0.97 0.96 0.96 0.96 0.96 0.80 0.95 0.97 0.75 1.00 0.97 0.98 0.98 0.96 0.97 0.98 0.98 0.96 0.97 0.96
0.48 0.64 0.64 0.63 0.37 0.59 0.64 0.62 0.59 0.64 0.66 0.67 0.64 0.72 0.72 0.70 0.44 0.76 0.55 0.79 0.72 0.72 0.73 0.76 0.43 0.76 0.79 0.41 1.00 0.81 0.88 0.89 0.76 0.81 0.88 0.88 0.81 0.81 0.81
0.42 0.58 0.58 0.56 0.31 0.53 0.58 0.55 0.52 0.58 0.60 0.61 0.58 0.67 0.67 0.64 0.40 0.71 0.52 0.76 0.67 0.67 0.67 0.71 0.37 0.73 0.76 0.36 1.00 0.78 0.87 0.88 0.71 0.78 0.87 0.87 0.78 0.78 0.78
0.67 0.82 0.82 0.81 0.57 0.77 0.82 0.81 0.78 0.81 0.83 0.84 0.81 0.87 0.87 0.85 0.59 0.88 0.71 0.89 0.87 0.87 0.87 0.88 0.61 0.87 0.89 0.57 1.00 0.90 0.93 0.94 0.88 0.90 0.93 0.94 0.89 0.90 0.89
0.38 0.53 0.53 0.51 0.29 0.48 0.53 0.51 0.47 0.53 0.55 0.57 0.53 0.62 0.62 0.61 0.36 0.68 0.48 0.73 0.62 0.62 0.63 0.68 0.33 0.72 0.73 0.32 1.00 0.76 0.84 0.85 0.68 0.76 0.84 0.85 0.75 0.76 0.75
0.71 0.86 0.86 0.84 0.61 0.81 0.86 0.84 0.81 0.84 0.86 0.87 0.84 0.89 0.89 0.88 0.63 0.90 0.74 0.91 0.89 0.89 0.89 0.90 0.65 0.88 0.91 0.61 1.00 0.91 0.94 0.95 0.90 0.91 0.94 0.94 0.91 0.91 0.91
0.48 0.65 0.65 0.63 0.38 0.59 0.65 0.62 0.58 0.64 0.66 0.67 0.64 0.73 0.72 0.70 0.45 0.76 0.56 0.80 0.73 0.73 0.73 0.76 0.43 0.76 0.80 0.40 1.00 0.81 0.88 0.89 0.76 0.81 0.88 0.89 0.81 0.81 0.81
0.61 0.77 0.77 0.76 0.50 0.72 0.77 0.75 0.72 0.76 0.79 0.80 0.76 0.83 0.83 0.82 0.54 0.85 0.67 0.87 0.83 0.83 0.84 0.85 0.54 0.83 0.87 0.51 1.00 0.88 0.92 0.93 0.85 0.88 0.92 0.93 0.87 0.88 0.87
0.85 0.96 0.96 0.95 0.78 0.93 0.96 0.94 0.93 0.94 0.96 0.96 0.94 0.97 0.97 0.96 0.77 0.97 0.86 0.97 0.97 0.97 0.97 0.97 0.82 0.95 0.97 0.77 1.00 0.97 0.98 0.98 0.97 0.97 0.98 0.98 0.96 0.97 0.96
0.70 0.85 0.85 0.84 0.60 0.80 0.85 0.83 0.80 0.84 0.86 0.87 0.84 0.89 0.89 0.88 0.62 0.90 0.73 0.91 0.89 0.89 0.89 0.90 0.64 0.88 0.91 0.59 1.00 0.91 0.94 0.94 0.90 0.91 0.94 0.94 0.91 0.91 0.91
0.76 0.89 0.89 0.88 0.65 0.85 0.89 0.88 0.85 0.88 0.90 0.90 0.88 0.92 0.92 0.91 0.67 0.93 0.77 0.93 0.92 0.92 0.93 0.93 0.70 0.90 0.93 0.65 1.00 0.93 0.95 0.96 0.93 0.93 0.95 0.96 0.93 0.93 0.93
0.37 0.54 0.54 0.52 0.29 0.48 0.54 0.51 0.47 0.53 0.56 0.57 0.53 0.63 0.63 0.61 0.37 0.68 0.48 0.73 0.63 0.63 0.63 0.68 0.33 0.71 0.73 0.32 1.00 0.75 0.84 0.85 0.68 0.75 0.84 0.85 0.75 0.75 0.75
0.92 0.98 0.98 0.98 0.86 0.97 0.98 0.98 0.97 0.98 0.98 0.98 0.98 0.99 0.99 0.98 0.85 0.99 0.91 0.99 0.99 0.99 0.99 0.99 0.90 0.98 0.99 0.85 1.00 0.99 0.99 0.99 0.99 0.99 0.99 0.99 0.98 0.99 0.98
0.53 0.70 0.70 0.68 0.42 0.64 0.70 0.67 0.64 0.69 0.71 0.72 0.69 0.77 0.76 0.74 0.48 0.79 0.60 0.83 0.77 0.77 0.77 0.79 0.47 0.79 0.83 0.45 1.00 0.84 0.90 0.90 0.79 0.84 0.90 0.90 0.83 0.84 0.83
0.46 0.63 0.63 0.61 0.37 0.57 0.63 0.60 0.57 0.62 0.64 0.65 0.62 0.71 0.71 0.69 0.43 0.75 0.55 0.78 0.71 0.71 0.71 0.75 0.40 0.76 0.78 0.39 1.00 0.80 0.88 0.89 0.75 0.80 0.88 0.88 0.80 0.80 0.80
0.69 0.84 0.84 0.82 0.57 0.79 0.84 0.82 0.79 0.82 0.85 0.85 0.82 0.88 0.88 0.86 0.61 0.89 0.71 0.90 0.88 0.88 0.88 0.89 0.63 0.87 0.90 0.59 1.00 0.91 0.94 0.94 0.89 0.91 0.94 0.94 0.90 0.91 0.90
0.39 0.55 0.55 0.53 0.30 0.50 0.55 0.53 0.49 0.55 0.57 0.58 0.55 0.63 0.63 0.62 0.38 0.69 0.49 0.74 0.63 0.63 0.64 0.69 0.34 0.72 0.74 0.33 1.00 0.76 0.85 0.86 0.69 0.76 0.85 0.86 0.75 0.76 0.75
0.44 0.61 0.61 0.58 0.34 0.54 0.61 0.58 0.54 0.60 0.63 0.64 0.60 0.69 0.69 0.67 0.42 0.73 0.53 0.77 0.69 0.69 0.70 0.73 0.38 0.74 0.77 0.37 1.00 0.79 0.87 0.88 0.73 0.79 0.87 0.87 0.78 0.79 0.78
0.75 0.89 0.89 0.88 0.66 0.84 0.89 0.87 0.85 0.88 0.89 0.90 0.88 0.92 0.92 0.91 0.67 0.93 0.78 0.93 0.92 0.92 0.92 0.93 0.70 0.90 0.93 0.65 1.00 0.94 0.96 0.96 0.93 0.94 0.96 0.96 0.93 0.94 0.93
0.94 0.99 0.99 0.99 0.89 0.98 0.99 0.99 0.98 0.99 0.99 0.99 0.99 0.99 0.99 0.99 0.87 0.99 0.94 0.99 0.99 0.99 0.99 0.99 0.92 0.99 0.99 0.88 1.00 0.99 0.99 0.99 0.99 0.99 0.99 0.99 0.99 0.99 0.99
0.34 0.49 0.49 0.47 0.24 0.43 0.49 0.46 0.43 0.48 0.50 0.52 0.48 0.58 0.58 0.57 0.33 0.64 0.44 0.70 0.58 0.58 0.59 0.64 0.29 0.68 0.70 0.29 1.00 0.73 0.83 0.84 0.64 0.73 0.83 0.84 0.72 0.73 0.72
0.86 0.96 0.96 0.95 0.78 0.93 0.96 0.95 0.93 0.95 0.96 0.96 0.95 0.97 0.97 0.96 0.76 0.97 0.86 0.97 0.97 0.97 0.97 0.97 0.83 0.95 0.97 0.77 1.00 0.97 0.98 0.98 0.97 0.97 0.98 0.98 0.96 0.97 0.96
0.36 0.52 0.52 0.50 0.27 0.46 0.52 0.49 0.46 0.51 0.53 0.55 0.51 0.61 0.61 0.59 0.35 0.67 0.47 0.73 0.61 0.61 0.62 0.67 0.31 0.70 0.73 0.31 1.00 0.75 0.84 0.85 0.67 0.75 0.84 0.85 0.74 0.75 0.74
0.47 0.63 0.63 0.61 0.37 0.58 0.63 0.61 0.57 0.63 0.65 0.66 0.63 0.71 0.71 0.69 0.44 0.75 0.56 0.80 0.71 0.71 0.72 0.75 0.41 0.76 0.80 0.39 1.00 0.81 0.88 0.89 0.75 0.81 0.88 0.88 0.79 0.81 0.79
0.55 0.71 0.71 0.70 0.44 0.66 0.71 0.69 0.65 0.70 0.72 0.74 0.70 0.78 0.78 0.76 0.50 0.81 0.61 0.83 0.78 0.78 0.78 0.81 0.49 0.80 0.83 0.45 1.00 0.84 0.90 0.91 0.81 0.84 0.90 0.91 0.84 0.84 0.84
0.56 0.72 0.72 0.70 0.45 0.67 0.72 0.70 0.66 0.71 0.73 0.74 0.71 0.79 0.79 0.77 0.50 0.82 0.62 0.84 0.79 0.79 0.79 0.82 0.50 0.80 0.84 0.46 1.00 0.85 0.91 0.91 0.82 0.85 0.91 0.91 0.84 0.85 0.84
0.75 0.89 0.89 0.87 0.65 0.84 0.89 0.87 0.84 0.87 0.89 0.90 0.87 0.92 0.92 0.90 0.67 0.92 0.77 0.93 0.92 0.92 0.92 0.92 0.70 0.90 0.93 0.65 1.00 0.93 0.96 0.96 0.92 0.93 0.96 0.96 0.93 0.93 0.93
0.62 0.78 0.78 0.76 0.52 0.73 0.78 0.76 0.72 0.77 0.79 0.80 0.77 0.84 0.84 0.82 0.56 0.85 0.67 0.87 0.84 0.84 0.84 0.85 0.56 0.84 0.87 0.52 1.00 0.88 0.92 0.92 0.85 0.88 0.92 0.92 0.87 0.88 0.87
0.33 0.48 0.48 0.46 0.24 0.43 0.48 0.45 0.42 0.48 0.50 0.52 0.48 0.58 0.58 0.56 0.32 0.63 0.45 0.71 0.58 0.58 0.58 0.63 0.29 0.67 0.71 0.29 1.00 0.73 0.83 0.84 0.63 0.73 0.83 0.84 0.72 0.73 0.72
0.61 0.77 0.77 0.75 0.50 0.72 0.77 0.75 0.71 0.76 0.78 0.79 0.76 0.82 0.82 0.81 0.54 0.84 0.65 0.86 0.82 0.82 0.82 0.84 0.54 0.83 0.86 0.50 1.00 0.87 0.91 0.92 0.84 0.87 0.91 0.92 0.86 0.87 0.86
0.61 0.77 0.77 0.76 0.51 0.72 0.77 0.75 0.72 0.76 0.78 0.80 0.76 0.83 0.83 0.81 0.56 0.85 0.66 0.87 0.83 0.83 0.84 0.85 0.55 0.84 0.87 0.51 1.00 0.88 0.92 0.92 0.85 0.88 0.92 0.92 0.87 0.88 0.87
0.34 0.50 0.50 0.48 0.25 0.44 0.50 0.47 0.44 0.50 0.52 0.53 0.50 0.59 0.59 0.57 0.35 0.65 0.46 0.71 0.59 0.59 0.59 0.65 0.30 0.68 0.71 0.29 1.00 0.74 0.82 0.84 0.65 0.74 0.82 0.84 0.72 0.74 0.72
0.94 0.99 0.99 0.99 0.89 0.98 0.99 0.99 0.98 0.99 0.99 0.99 0.99 0.99 0.99 0.99 0.88 0.99 0.93 0.99 0.99 0.99 0.99 0.99 0.92 0.98 0.99 0.88 1.00 0.99 0.99 0.99 0.99 0.99 0.99 0.99 0.99 0.99 0.99
0.51 0.68 0.68 0.66 0.41 0.62 0.68 0.65 0.62 0.67 0.69 0.70 0.67 0.75 0.75 0.72 0.47 0.78 0.58 0.81 0.75 0.75 0.75 0.78 0.44 0.78 0.81 0.42 1.00 0.82 0.89 0.90 0.78 0.82 0.89 0.90 0.82 0.82 0.82
0.51 0.68 0.68 0.66 0.40 0.63 0.68 0.65 0.62 0.67 0.69 0.71 0.67 0.75 0.75 0.73 0.48 0.78 0.59 0.81 0.75 0.75 0.76 0.78 0.45 0.78 0.81 0.43 1.00 0.83 0.89 0.90 0.78 0.83 0.89 0.90 0.82 0.83 0.82
0.39 0.55 0.55 0.53 0.29 0.50 0.55 0.53 0.49 0.55 0.57 0.58 0.55 0.64 0.64 0.62 0.37 0.69 0.49 0.75 0.64 0.64 0.65 0.69 0.34 0.72 0.75 0.33 1.00 0.77 0.85 0.86 0.69 0.77 0.85 0.86 0.76 0.77 0.76
0.86 0.96 0.96 0.95 0.78 0.93 0.96 0.95 0.93 0.95 0.96 0.96 0.95 0.97 0.97 0.96 0.77 0.97 0.86 0.97 0.97 0.97 0.97 0.97 0.82 0.95 0.97 0.77 1.00 0.97 0.98 0.98 0.97 0.97 0.98 0.98 0.97 0.97 0.97
0.89 0.97 0.97 0.97 0.82 0.95 0.97 0.96 0.95 0.97 0.97 0.97 0.97 0.98 0.98 0.97 0.81 0.98 0.88 0.98 0.98 0.98 0.98 0.98 0.86 0.97 0.98 0.81 1.00 0.98 0.99 0.99 0.98 0.98 0.99 0.99 0.98 0.98 0.98
0.71 0.85 0.85 0.84 0.60 0.80 0.85 0.83 0.80 0.84 0.86 0.87 0.84 0.89 0.89 0.88 0.62 0.90 0.73 0.91 0.89 0.89 0.89 0.90 0.65 0.88 0.91 0.60 1.00 0.92 0.94 0.95 0.90 0.92 0.94 0.94 0.91 0.92 0.91
0.72 0.87 0.87 0.86 0.63 0.82 0.87 0.85 0.83 0.86 0.88 0.88 0.86 0.91 0.91 0.89 0.64 0.91 0.75 0.93 0.91 0.91 0.91 0.91 0.66 0.88 0.93 0.62 1.00 0.93 0.95 0.96 0.91 0.93 0.95 0.95 0.92 0.93 0.92
0.86 0.96 0.96 0.95 0.78 0.93 0.96 0.95 0.93 0.95 0.96 0.96 0.95 0.97 0.97 0.96 0.78 0.97 0.86 0.97 0.97 0.97 0.97 0.97 0.82 0.95 0.97 0.77 1.00 0.97 0.98 0.98 0.97 0.97 0.98 0.98 0.96 0.97 0.96
0.61 0.76 0.76 0.74 0.49 0.71 0.76 0.74 0.70 0.75 0.77 0.78 0.75 0.82 0.82 0.80 0.54 0.84 0.65 0.86 0.82 0.82 0.82 0.84 0.54 0.83 0.86 0.50 1.00 0.87 0.91 0.92 0.84 0.87 0.91 0.92 0.86 0.87 0.86
0.94 0.99 0.99 0.99 0.89 0.98 0.99 0.99 0.98 0.99 0.99 0.99 0.99 0.99 0.99 0.99 0.88 0.99 0.93 0.99 0.99 0.99 0.99 0.99 0.93 0.98 0.99 0.89 1.00 0.99 0.99 0.99 0.99 0.99 0.99 0.99 0.99 0.99 0.99
0.43 0.60 0.60 0.58 0.33 0.54 0.60 0.57 0.54 0.59 0.61 0.63 0.59 0.69 0.69 0.67 0.41 0.72 0.52 0.77 0.69 0.69 0.69 0.72 0.37 0.75 0.77 0.36 1.00 0.79 0.86 0.87 0.72 0.79 0.86 0.87 0.78 0.79 0.78
0.56 0.73 0.73 0.72 0.46 0.67 0.73 0.71 0.67 0.72 0.74 0.75 0.72 0.79 0.80 0.77 0.51 0.82 0.62 0.84 0.79 0.79 0.80 0.82 0.50 0.81 0.84 0.47 1.00 0.86 0.91 0.91 0.82 0.86 0.91 0.91 0.85 0.86 0.85
0.72 0.86 0.86 0.84 0.61 0.81 0.86 0.84 0.81 0.84 0.86 0.87 0.84 0.89 0.89 0.88 0.62 0.90 0.74 0.91 0.89 0.89 0.90 0.90 0.65 0.88 0.91 0.61 1.00 0.91 0.94 0.95 0.90 0.91 0.94 0.95 0.91 0.91 0.91
0.94 0.99 0.99 0.99 0.89 0.98 0.99 0.99 0.98 0.99 0.99 0.99 0.99 0.99 0.99 0.99 0.88 0.99 0.94 0.99 0.99 0.99 0.99 0.99 0.93 0.98 0.99 0.89 1.00 0.99 1.00 1.00 0.99 0.99 1.00 1.00 0.99 0.99 0.99
0.43 0.58 0.58 0.57 0.33 0.53 0.58 0.56 0.53 0.58 0.60 0.62 0.58 0.68 0.68 0.65 0.40 0.72 0.53 0.77 0.68 0.68 0.68 0.72 0.37 0.74 0.77 0.36 1.00 0.79 0.86 0.87 0.72 0.79 0.86 0.87 0.78 0.79 0.78
0.64 0.80 0.80 0.78 0.54 0.74 0.80 0.78 0.75 0.79 0.81 0.82 0.79 0.85 0.85 0.83 0.57 0.86 0.67 0.88 0.85 0.85 0.85 0.86 0.58 0.85 0.88 0.54 1.00 0.89 0.93 0.93 0.86 0.89 0.93 0.93 0.88 0.89 0.88
0.57 0.74 0.74 0.72 0.47 0.67 0.74 0.72 0.68 0.72 0.75 0.76 0.72 0.80 0.80 0.78 0.51 0.82 0.63 0.85 0.80 0.80 0.80 0.82 0.50 0.81 0.85 0.48 1.00 0.86 0.91 0.91 0.82 0.86 0.91 0.91 0.85 0.86 0.85
0.50 0.67 0.67 0.65 0.40 0.62 0.67 0.65 0.61 0.67 0.69 0.70 0.67 0.75 0.75 0.72 0.47 0.78 0.58 0.81 0.75 0.75 0.75 0.78 0.44 0.78 0.81 0.42 1.00 0.82 0.89 0.89 0.78 0.82 0.89 0.89 0.82 0.82 0.82
0.82 0.94 0.94 0.93 0.74 0.90 0.94 0.93 0.90 0.93 0.94 0.94 0.93 0.95 0.95 0.94 0.73 0.95 0.83 0.96 0.95 0.95 0.95 0.95 0.78 0.94 0.96 0.73 1.00 0.96 0.97 0.97 0.95 0.96 0.97 0.97 0.95 0.96 0.95
0.55 0.72 0.72 0.69 0.44 0.66 0.72 0.69 0.65 0.71 0.73 0.74 0.71 0.78 0.78 0.76 0.50 0.81 0.62 0.84 0.78 0.78 0.79 0.81 0.49 0.81 0.84 0.46 1.00 0.85 0.90 0.91 0.81 0.85 0.90 0.91 0.85 0.85 0.85
0.69 0.84 0.84 0.82 0.59 0.79 0.84 0.82 0.79 0.83 0.85 0.86 0.83 0.88 0.88 0.87 0.62 0.89 0.72 0.90 0.88 0.88 0.88 0.89 0.63 0.88 0.90 0.59 1.00 0.91 0.94 0.94 0.89 0.91 0.94 0.94 0.91 0.91 0.91
0.39 0.55 0.55 0.53 0.30 0.50 0.55 0.53 0.49 0.55 0.57 0.59 0.55 0.64 0.64 0.63 0.38 0.69 0.48 0.74 0.64 0.64 0.65 0.69 0.35 0.72 0.74 0.34 1.00 0.77 0.85 0.87 0.69 0.77 0.85 0.86 0.76 0.77 0.76
0.72 0.86 0.86 0.84 0.60 0.81 0.86 0.84 0.81 0.85 0.86 0.87 0.85 0.89 0.89 0.88 0.63 0.90 0.73 0.91 0.89 0.89 0.90 0.90 0.65 0.89 0.91 0.61 1.00 0.91 0.95 0.95 0.90 0.91 0.95 0.95 0.91 0.91 0.91
0.94 0.99 0.99 0.99 0.88 0.98 0.99 0.99 0.98 0.99 0.99 0.99 0.99 0.99 0.99 0.99 0.87 0.99 0.94 0.99 0.99 0.99 0.99 0.99 0.93 0.99 0.99 0.88 1.00 0.99 0.99 0.99 0.99 0.99 0.99 0.99 0.99 0.99 0.99
0.36 0.53 0.53 0.50 0.28 0.47 0.53 0.50 0.46 0.53 0.54 0.56 0.53 0.62 0.62 0.60 0.35 0.67 0.47 0.73 0.62 0.62 0.62 0.67 0.32 0.70 0.73 0.31 1.00 0.75 0.84 0.85 0.67 0.75 0.84 0.85 0.74 0.75 0.74
0.94 0.99 0.99 0.99 0.89 0.98 0.99 0.99 0.98 0.99 0.99 0.99 0.99 0.99 0.99 0.99 0.87 0.99 0.94 0.99 0.99 0.99 0.99 0.99 0.93 0.98 0.99 0.88 1.00 0.99 0.99 0.99 0.99 0.99 0.99 0.99 0.99 0.99 0.99
0.54 0.70 0.70 0.68 0.43 0.65 0.70 0.67 0.64 0.69 0.71 0.72 0.69 0.77 0.77 0.75 0.49 0.80 0.60 0.83 0.77 0.77 0.77 0.80 0.48 0.80 0.83 0.46 1.00 0.84 0.89 0.90 0.80 0.84 0.89 0.90 0.83 0.84 0.83
0.58 0.75 0.75 0.73 0.47 0.69 0.75 0.72 0.69 0.73 0.76 0.77 0.73 0.80 0.80 0.78 0.52 0.83 0.64 0.85 0.80 0.80 0.81 0.83 0.51 0.82 0.85 0.49 1.00 0.86 0.91 0.91 0.83 0.86 0.91 0.91 0.86 0.86 0.86
0.80 0.92 0.92 0.91 0.71 0.89 0.92 0.91 0.89 0.91 0.93 0.93 0.91 0.94 0.94 0.93 0.71 0.95 0.81 0.95 0.94 0.94 0.94 0.95 0.75 0.93 0.95 0.70 1.00 0.95 0.97 0.97 0.95 0.95 0.97 0.97 0.94 0.95 0.94
0.72 0.87 0.87 0.85 0.62 0.82 0.87 0.85 0.82 0.86 0.88 0.88 0.86 0.90 0.90 0.89 0.64 0.91 0.75 0.92 0.90 0.90 0.90 0.91 0.66 0.89 0.92 0.62 1.00 0.92 0.95 0.95 0.91 0.92 0.95 0.95 0.91 0.92 0.91
0.80 0.92 0.92 0.91 0.70 0.88 0.92 0.91 0.88 0.91 0.92 0.93 0.91 0.94 0.94 0.93 0.70 0.95 0.80 0.95 0.94 0.94 0.94 0.95 0.74 0.92 0.95 0.69 1.00 0.95 0.97 0.97 0.95 0.95 0.97 0.97 0.94 0.95 0.94
0.95 0.99 0.99 0.99 0.91 0.98 0.99 0.99 0.98 0.99 0.99 0.99 0.99 0.99 0.99 0.99 0.89 0.99 0.94 0.99 0.99 0.99 0.99 0.99 0.94 0.99 0.99 0.90 1.00 0.99 0.99 0.99 0.99 0.99 0.99 0.99 0.99 0.99 0.99
0.54 0.71 0.71 0.68 0.43 0.66 0.71 0.68 0.64 0.70 0.72 0.73 0.70 0.78 0.78 0.76 0.49 0.81 0.60 0.83 0.78 0.78 0.78 0.81 0.48 0.80 0.83 0.46 1.00 0.85 0.90 0.91 0.81 0.85 0.90 0.91 0.84 0.85 0.84
0.53 0.69 0.69 0.67 0.42 0.64 0.69 0.67 0.63 0.69 0.71 0.72 0.69 0.77 0.76 0.75 0.48 0.80 0.60 0.82 0.77 0.77 0.77 0.80 0.46 0.79 0.82 0.44 1.00 0.84 0.90 0.91 0.80 0.84 0.90 0.90 0.83 0.84 0.83
0.44 0.61 0.61 0.59 0.34 0.55 0.61 0.58 0.55 0.60 0.62 0.63 0.60 0.69 0.69 0.67 0.41 0.73 0.52 0.77 0.69 0.69 0.69 0.73 0.39 0.74 0.77 0.37 1.00 0.79 0.87 0.87 0.73 0.79 0.87 0.87 0.79 0.79 0.79
0.67 0.82 0.82 0.80 0.56 0.77 0.82 0.80 0.77 0.81 0.83 0.83 0.81 0.87 0.86 0.85 0.59 0.88 0.70 0.89 0.87 0.87 0.87 0.88 0.61 0.86 0.89 0.56 1.00 0.90 0.94 0.94 0.88 0.90 0.94 0.94 0.89 0.90 0.89
0.61 0.76 0.76 0.74 0.49 0.71 0.76 0.74 0.71 0.75 0.77 0.78 0.75 0.82 0.82 0.80 0.54 0.84 0.65 0.86 0.82 0.82 0.82 0.84 0.53 0.83 0.86 0.50 1.00 0.87 0.92 0.92 0.84 0.87 0.92 0.92 0.86 0.87 0.86
0.59 0.75 0.75 0.73 0.47 0.69 0.75 0.73 0.69 0.74 0.76 0.77 0.74 0.81 0.81 0.79 0.53 0.83 0.64 0.85 0.81 0.81 0.81 0.83 0.53 0.83 0.85 0.49 1.00 0.86 0.91 0.92 0.83 0.86 0.91 0.92 0.86 0.86 0.86
0.95 1.00 1.00 0.99 0.91 0.99 1.00 0.99 0.99 0.99 1.00 1.00 0.99 1.00 1.00 0.99 0.90 1.00 0.95 1.00 1.00 1.00 1.00 1.00 0.95 0.99 1.00 0.92 1.00 1.00 1.00 1.00 1.00 1.00 1.00 1.00 0.99 1.00 0.99
0.85 0.96 0.96 0.95 0.78 0.93 0.96 0.95 0.93 0.95 0.96 0.96 0.95 0.97 0.97 0.96 0.77 0.97 0.86 0.97 0.97 0.97 0.97 0.97 0.82 0.95 0.97 0.77 1.00 0.97 0.98 0.98 0.97 0.97 0.98 0.98 0.97 0.97 0.97
0.63 0.78 0.78 0.76 0.51 0.73 0.78 0.75 0.72 0.77 0.79 0.80 0.77 0.84 0.84 0.82 0.56 0.85 0.66 0.87 0.84 0.84 0.84 0.85 0.56 0.84 0.87 0.52 1.00 0.88 0.92 0.92 0.85 0.88 0.92 0.92 0.87 0.88 0.87
0.53 0.70 0.70 0.68 0.43 0.64 0.70 0.68 0.64 0.69 0.72 0.73 0.69 0.77 0.77 0.75 0.49 0.80 0.60 0.83 0.77 0.77 0.77 0.80 0.47 0.79 0.83 0.45 1.00 0.84 0.90 0.90 0.80 0.84 0.90 0.90 0.83 0.84 0.83
0.51 0.68 0.68 0.66 0.41 0.62 0.68 0.66 0.61 0.67 0.69 0.71 0.67 0.75 0.75 0.73 0.47 0.79 0.59 0.81 0.75 0.75 0.75 0.79 0.46 0.79 0.81 0.44 1.00 0.83 0.89 0.90 0.79 0.83 0.89 0.90 0.82 0.83 0.82
0.50 0.67 0.67 0.65 0.40 0.61 0.67 0.64 0.61 0.66 0.68 0.70 0.66 0.74 0.74 0.72 0.46 0.78 0.57 0.81 0.74 0.74 0.75 0.78 0.44 0.78 0.81 0.42 1.00 0.82 0.88 0.89 0.78 0.82 0.88 0.89 0.82 0.82 0.82
0.66 0.82 0.82 0.80 0.55 0.76 0.82 0.79 0.76 0.80 0.83 0.83 0.80 0.87 0.86 0.85 0.58 0.88 0.68 0.89 0.87 0.87 0.87 0.88 0.59 0.85 0.89 0.56 1.00 0.90 0.93 0.94 0.88 0.90 0.93 0.94 0.89 0.90 0.89
0.65 0.81 0.81 0.79 0.54 0.75 0.81 0.79 0.76 0.79 0.82 0.83 0.79 0.86 0.85 0.84 0.58 0.87 0.69 0.89 0.86 0.86 0.86 0.87 0.58 0.85 0.89 0.54 1.00 0.90 0.93 0.93 0.87 0.90 0.93 0.93 0.89 0.90 0.89
0.69 0.84 0.84 0.82 0.58 0.78 0.84 0.82 0.79 0.82 0.84 0.85 0.82 0.88 0.88 0.86 0.60 0.89 0.72 0.90 0.88 0.88 0.88 0.89 0.62 0.87 0.90 0.58 1.00 0.90 0.94 0.94 0.89 0.90 0.94 0.94 0.90 0.90 0.90
0.93 0.99 0.99 0.98 0.87 0.97 0.99 0.98 0.98 0.98 0.99 0.99 0.98 0.99 0.99 0.99 0.86 0.99 0.93 0.99 0.99 0.99 0.99 0.99 0.92 0.98 0.99 0.87 1.00 0.99 0.99 0.99 0.99 0.99 0.99 0.99 0.99 0.99 0.99
0.75 0.88 0.88 0.87 0.64 0.84 0.88 0.87 0.85 0.87 0.89 0.90 0.87 0.92 0.92 0.90 0.65 0.92 0.77 0.93 0.92 0.92 0.92 0.92 0.69 0.90 0.93 0.64 1.00 0.93 0.95 0.96 0.92 0.93 0.95 0.96 0.92 0.93 0.92
0.94 0.99 0.99 0.99 0.89 0.98 0.99 0.99 0.98 0.99 0.99 0.99 0.99 0.99 0.99 0.99 0.88 0.99 0.93 0.99 0.99 0.99 0.99 0.99 0.93 0.99 0.99 0.89 1.00 0.99 0.99 0.99 0.99 0.99 0.99 0.99 0.99 0.99 0.99
0.71 0.85 0.85 0.83 0.60 0.80 0.85 0.83 0.80 0.83 0.85 0.86 0.83 0.88 0.88 0.87 0.62 0.90 0.73 0.90 0.88 0.88 0.89 0.90 0.63 0.88 0.90 0.59 1.00 0.91 0.94 0.94 0.90 0.91 0.94 0.94 0.90 0.91 0.90
0.65 0.81 0.81 0.79 0.56 0.76 0.81 0.78 0.75 0.80 0.82 0.82 0.80 0.86 0.86 0.83 0.58 0.87 0.69 0.88 0.86 0.86 0.86 0.87 0.59 0.86 0.88 0.55 1.00 0.89 0.93 0.93 0.87 0.89 0.93 0.93 0.89 0.89 0.89
0.50 0.66 0.66 0.64 0.39 0.61 0.66 0.63 0.60 0.65 0.68 0.69 0.65 0.74 0.74 0.72 0.45 0.77 0.57 0.81 0.74 0.74 0.74 0.77 0.44 0.77 0.81 0.42 1.00 0.83 0.89 0.90 0.77 0.83 0.89 0.90 0.82 0.83 0.82
0.54 0.70 0.70 0.68 0.43 0.64 0.70 0.68 0.64 0.69 0.71 0.72 0.69 0.76 0.76 0.74 0.49 0.79 0.60 0.82 0.76 0.76 0.77 0.79 0.47 0.79 0.82 0.44 1.00 0.84 0.89 0.90 0.79 0.84 0.89 0.90 0.83 0.84 0.83
0.60 0.76 0.76 0.74 0.48 0.69 0.76 0.73 0.70 0.74 0.77 0.78 0.74 0.82 0.81 0.80 0.53 0.84 0.64 0.85 0.82 0.82 0.82 0.84 0.52 0.83 0.85 0.50 1.00 0.87 0.92 0.92 0.84 0.87 0.92 0.92 0.86 0.87 0.86
0.62 0.78 0.78 0.76 0.52 0.73 0.78 0.76 0.72 0.77 0.79 0.80 0.77 0.83 0.84 0.81 0.55 0.85 0.66 0.86 0.83 0.83 0.84 0.85 0.55 0.83 0.86 0.51 1.00 0.87 0.92 0.92 0.85 0.87 0.92 0.92 0.87 0.87 0.87
0.85 0.95 0.95 0.94 0.76 0.92 0.95 0.94 0.92 0.94 0.96 0.96 0.94 0.97 0.97 0.96 0.76 0.97 0.85 0.97 0.97 0.97 0.97 0.97 0.81 0.95 0.97 0.76 1.00 0.97 0.98 0.98 0.97 0.97 0.98 0.98 0.96 0.97 0.96
0.49 0.65 0.65 0.63 0.39 0.60 0.65 0.63 0.59 0.65 0.67 0.68 0.65 0.73 0.72 0.71 0.45 0.76 0.57 0.80 0.73 0.73 0.73 0.76 0.43 0.76 0.80 0.41 1.00 0.82 0.88 0.89 0.76 0.82 0.88 0.89 0.81 0.82 0.81
0.73 0.88 0.88 0.86 0.63 0.82 0.88 0.86 0.83 0.86 0.88 0.88 0.86 0.91 0.91 0.89 0.65 0.92 0.75 0.92 0.91 0.91 0.91 0.92 0.67 0.89 0.92 0.63 1.00 0.93 0.95 0.95 0.92 0.93 0.95 0.95 0.92 0.93 0.92
0.73 0.87 0.87 0.86 0.63 0.82 0.87 0.86 0.83 0.86 0.88 0.89 0.86 0.91 0.91 0.89 0.64 0.91 0.75 0.92 0.91 0.91 0.91 0.91 0.67 0.89 0.92 0.62 1.00 0.92 0.95 0.95 0.91 0.92 0.95 0.95 0.92 0.92 0.92
0.89 0.97 0.97 0.97 0.82 0.95 0.97 0.96 0.95 0.96 0.97 0.97 0.96 0.98 0.98 0.97 0.80 0.98 0.88 0.98 0.98 0.98 0.98 0.98 0.86 0.96 0.98 0.81 1.00 0.98 0.99 0.99 0.98 0.98 0.99 0.99 0.98 0.98 0.98
0.50 0.67 0.67 0.64 0.39 0.60 0.67 0.64 0.60 0.65 0.68 0.69 0.65 0.74 0.74 0.72 0.46 0.77 0.57 0.81 0.74 0.74 0.74 0.77 0.44 0.78 0.81 0.41 1.00 0.82 0.88 0.89 0.77 0.82 0.88 0.89 0.81 0.82 0.81
0.52 0.69 0.69 0.67 0.41 0.63 0.69 0.66 0.62 0.68 0.70 0.72 0.68 0.76 0.76 0.74 0.47 0.79 0.60 0.82 0.76 0.76 0.77 0.79 0.46 0.78 0.82 0.44 1.00 0.83 0.89 0.90 0.79 0.83 0.89 0.90 0.82 0.83 0.82
0.94 0.99 0.99 0.99 0.90 0.98 0.99 0.99 0.98 0.99 0.99 0.99 0.99 0.99 0.99 0.99 0.88 0.99 0.94 0.99 0.99 0.99 0.99 0.99 0.93 0.99 0.99 0.89 1.00 0.99 0.99 0.99 0.99 0.99 0.99 0.99 0.99 0.99 0.99
0.35 0.50 0.50 0.48 0.25 0.44 0.50 0.47 0.44 0.49 0.52 0.53 0.49 0.59 0.59 0.57 0.34 0.65 0.46 0.71 0.59 0.59 0.60 0.65 0.30 0.68 0.71 0.30 1.00 0.74 0.83 0.85 0.65 0.74 0.83 0.84 0.72 0.74 0.72
0.55 0.71 0.71 0.69 0.44 0.66 0.71 0.69 0.66 0.70 0.73 0.74 0.70 0.78 0.78 0.76 0.50 0.80 0.61 0.83 0.78 0.78 0.78 0.80 0.48 0.80 0.83 0.45 1.00 0.85 0.90 0.90 0.80 0.85 0.90 0.90 0.84 0.85 0.84
0.85 0.95 0.95 0.94 0.76 0.92 0.95 0.94 0.92 0.94 0.95 0.95 0.94 0.96 0.96 0.96 0.76 0.96 0.85 0.97 0.96 0.96 0.96 0.96 0.81 0.95 0.97 0.77 1.00 0.97 0.98 0.98 0.96 0.97 0.98 0.98 0.96 0.97 0.96
0.58 0.74 0.74 0.72 0.48 0.69 0.74 0.72 0.68 0.74 0.76 0.77 0.74 0.81 0.81 0.79 0.53 0.83 0.65 0.85 0.81 0.81 0.81 0.83 0.52 0.83 0.85 0.50 1.00 0.86 0.91 0.92 0.83 0.86 0.91 0.92 0.86 0.86 0.86
0.45 0.63 0.63 0.61 0.36 0.57 0.63 0.60 0.57 0.62 0.64 0.65 0.62 0.71 0.70 0.68 0.44 0.74 0.54 0.79 0.71 0.71 0.71 0.74 0.40 0.76 0.79 0.38 1.00 0.81 0.88 0.89 0.74 0.81 0.88 0.88 0.80 0.81 0.80
0.63 0.79 0.79 0.77 0.52 0.73 0.79 0.76 0.73 0.78 0.80 0.80 0.78 0.84 0.84 0.82 0.56 0.86 0.67 0.88 0.84 0.84 0.84 0.86 0.57 0.84 0.88 0.54 1.00 0.88 0.92 0.93 0.86 0.88 0.92 0.93 0.88 0.88 0.88
0.48 0.64 0.64 0.62 0.37 0.59 0.64 0.61 0.58 0.64 0.65 0.67 0.64 0.72 0.72 0.70 0.44 0.75 0.55 0.79 0.72 0.72 0.72 0.75 0.41 0.76 0.79 0.39 1.00 0.81 0.88 0.89 0.75 0.81 0.88 0.88 0.80 0.81 0.80
