0.80 0.94 0.94 0.93 0.71 0.89 0.94 0.93 0.90 0.91 0.95 0.95 0.91 0.96 0.96 1.00 0.69 0.96 0.79 0.94 0.96 0.96 0.96 0.96 0.71 0.84 0.94 0.66 0.91 0.94 0.95 0.95 0.96 0.94 0.95 0.95 0.93 0.94 0.93
0.69 0.88 0.88 0.86 0.58 0.79 0.88 0.86 0.83 0.83 0.89 0.90 0.83 0.91 0.92 1.00 0.61 0.93 0.66 0.86 0.91 0.91 0.92 0.93 0.56 0.72 0.86 0.52 0.82 0.87 0.88 0.88 0.93 0.87 0.88 0.88 0.86 0.87 0.86
0.96 1.00 1.00 1.00 0.91 0.99 1.00 0.99 0.99 1.00 1.00 1.00 1.00 1.00 1.00 1.00 0.90 1.00 0.95 1.00 1.00 1.00 1.00 1.00 0.95 0.99 1.00 0.91 0.99 1.00 1.00 1.00 1.00 1.00 1.00 1.00 1.00 1.00 1.00
0.52 0.75 0.75 0.74 0.42 0.60 0.75 0.75 0.70 0.64 0.77 0.79 0.64 0.77 0.79 1.00 0.47 0.86 0.45 0.68 0.77 0.77 0.79 0.86 0.36 0.51 0.68 0.32 0.63 0.69 0.72 0.72 0.86 0.69 0.72 0.72 0.70 0.69 0.70
0.56 0.79 0.79 0.77 0.46 0.65 0.79 0.77 0.72 0.70 0.80 0.82 0.70 0.81 0.83 1.00 0.51 0.87 0.51 0.73 0.81 0.81 0.83 0.87 0.40 0.57 0.73 0.38 0.69 0.74 0.76 0.77 0.87 0.74 0.76 0.77 0.75 0.74 0.75
0.52 0.75 0.75 0.74 0.42 0.59 0.75 0.74 0.69 0.64 0.77 0.79 0.64 0.77 0.80 1.00 0.47 0.86 0.47 0.69 0.77 0.77 0.79 0.86 0.36 0.51 0.69 0.34 0.64 0.70 0.72 0.73 0.86 0.70 0.72 0.73 0.71 0.70 0.71
0.74 0.91 0.91 0.90 0.65 0.83 0.91 0.90 0.87 0.87 0.92 0.93 0.87 0.93 0.94 1.00 0.65 0.95 0.71 0.90 0.93 0.93 0.94 0.95 0.63 0.78 0.90 0.58 0.86 0.90 0.91 0.91 0.95 0.90 0.91 0.91 0.89 0.90 0.89
0.59 0.81 0.81 0.80 0.49 0.67 0.81 0.80 0.75 0.72 0.83 0.84 0.72 0.84 0.86 1.00 0.53 0.89 0.54 0.77 0.84 0.84 0.85 0.89 0.43 0.60 0.77 0.41 0.72 0.78 0.80 0.80 0.89 0.78 0.80 0.80 0.78 0.78 0.78
0.87 0.97 0.97 0.96 0.79 0.94 0.97 0.96 0.95 0.96 0.98 0.98 0.96 0.98 0.98 1.00 0.77 0.98 0.86 0.97 0.98 0.98 0.98 0.98 0.81 0.91 0.97 0.75 0.95 0.97 0.98 0.98 0.98 0.97 0.98 0.98 0.96 0.97 0.96
0.66 0.86 0.86 0.85 0.57 0.76 0.86 0.85 0.81 0.80 0.88 0.89 0.80 0.89 0.90 1.00 0.58 0.92 0.63 0.84 0.89 0.89 0.90 0.92 0.53 0.69 0.84 0.49 0.79 0.85 0.86 0.86 0.92 0.85 0.86 0.86 0.84 0.85 0.84
0.55 0.78 0.78 0.77 0.45 0.64 0.78 0.77 0.72 0.69 0.80 0.81 0.69 0.81 0.83 1.00 0.51 0.87 0.52 0.73 0.81 0.81 0.83 0.87 0.40 0.57 0.73 0.37 0.68 0.74 0.76 0.77 0.87 0.74 0.76 0.77 0.75 0.74 0.75
0.76 0.92 0.92 0.91 0.66 0.85 0.92 0.91 0.88 0.89 0.93 0.94 0.89 0.94 0.95 1.00 0.67 0.95 0.74 0.91 0.94 0.94 0.95 0.95 0.66 0.81 0.91 0.62 0.88 0.91 0.92 0.92 0.95 0.91 0.92 0.92 0.90 0.91 0.90
0.94 1.00 1.00 0.99 0.90 0.98 1.00 0.99 0.99 0.99 1.00 1.00 0.99 1.00 1.00 1.00 0.89 1.00 0.94 1.00 1.00 1.00 1.00 1.00 0.94 0.98 1.00 0.90 0.99 1.00 1.00 1.00 1.00 1.00 1.00 1.00 0.99 1.00 0.99
0.45 0.69 0.69 0.68 0.36 0.51 0.69 0.68 0.63 0.56 0.71 0.73 0.56 0.70 0.73 1.00 0.42 0.82 0.39 0.60 0.70 0.70 0.73 0.82 0.29 0.42 0.60 0.27 0.56 0.62 0.65 0.65 0.82 0.62 0.65 0.65 0.64 0.62 0.64
0.51 0.74 0.74 0.74 0.42 0.60 0.74 0.74 0.69 0.64 0.76 0.79 0.64 0.77 0.80 1.00 0.48 0.85 0.47 0.69 0.77 0.77 0.79 0.85 0.35 0.51 0.69 0.32 0.63 0.70 0.72 0.72 0.85 0.70 0.72 0.72 0.71 0.70 0.71
0.78 0.93 0.93 0.92 0.68 0.87 0.93 0.92 0.89 0.90 0.94 0.95 0.90 0.95 0.96 1.00 0.68 0.96 0.77 0.93 0.95 0.95 0.96 0.96 0.69 0.83 0.93 0.64 0.90 0.93 0.94 0.94 0.96 0.93 0.94 0.94 0.93 0.93 0.93
0.49 0.73 0.73 0.72 0.40 0.58 0.73 0.72 0.67 0.62 0.75 0.77 0.62 0.76 0.78 1.00 0.46 0.85 0.44 0.67 0.76 0.76 0.78 0.85 0.34 0.49 0.67 0.32 0.61 0.67 0.70 0.70 0.85 0.67 0.70 0.70 0.68 0.67 0.68
0.49 0.73 0.73 0.72 0.40 0.57 0.73 0.72 0.67 0.62 0.75 0.77 0.62 0.75 0.78 1.00 0.45 0.84 0.44 0.66 0.75 0.75 0.77 0.84 0.34 0.48 0.66 0.31 0.61 0.67 0.70 0.70 0.84 0.67 0.70 0.70 0.68 0.67 0.68
0.90 0.99 0.99 0.98 0.83 0.96 0.99 0.98 0.96 0.98 0.99 0.99 0.98 0.99 0.99 1.00 0.81 0.99 0.89 0.98 0.99 0.99 0.99 0.99 0.87 0.95 0.98 0.82 0.97 0.98 0.99 0.99 0.99 0.98 0.99 0.99 0.98 0.98 0.98
0.89 0.98 0.98 0.98 0.81 0.95 0.98 0.98 0.96 0.97 0.98 0.98 0.97 0.99 0.99 1.00 0.80 0.99 0.87 0.98 0.99 0.99 0.99 0.99 0.85 0.94 0.98 0.80 0.97 0.98 0.99 0.99 0.99 0.98 0.99 0.99 0.98 0.98 0.98
0.46 0.70 0.70 0.69 0.37 0.53 0.70 0.69 0.64 0.58 0.72 0.74 0.58 0.72 0.74 1.00 0.44 0.83 0.40 0.62 0.72 0.72 0.74 0.83 0.29 0.44 0.62 0.27 0.57 0.63 0.66 0.66 0.83 0.63 0.66 0.66 0.65 0.63 0.65
0.45 0.70 0.70 0.69 0.36 0.53 0.70 0.69 0.64 0.57 0.72 0.75 0.57 0.72 0.75 1.00 0.44 0.82 0.39 0.61 0.72 0.72 0.75 0.82 0.30 0.44 0.61 0.28 0.56 0.62 0.65 0.66 0.82 0.62 0.65 0.66 0.65 0.62 0.65
0.94 0.99 0.99 0.99 0.90 0.98 0.99 0.99 0.98 0.99 0.99 1.00 0.99 1.00 1.00 1.00 0.88 1.00 0.94 1.00 1.00 1.00 1.00 1.00 0.94 0.98 1.00 0.89 0.99 1.00 1.00 1.00 1.00 1.00 1.00 1.00 0.99 1.00 0.99
0.74 0.91 0.91 0.90 0.64 0.83 0.91 0.89 0.86 0.87 0.92 0.92 0.87 0.93 0.94 1.00 0.65 0.95 0.72 0.90 0.93 0.93 0.94 0.95 0.63 0.79 0.90 0.58 0.87 0.91 0.91 0.91 0.95 0.91 0.91 0.92 0.90 0.91 0.90
0.64 0.85 0.85 0.84 0.54 0.73 0.85 0.84 0.79 0.77 0.86 0.87 0.77 0.87 0.88 1.00 0.56 0.91 0.61 0.82 0.87 0.87 0.88 0.91 0.51 0.68 0.82 0.46 0.78 0.82 0.84 0.84 0.91 0.82 0.84 0.84 0.82 0.82 0.82
0.96 1.00 1.00 1.00 0.92 0.99 1.00 1.00 0.99 1.00 1.00 1.00 1.00 1.00 1.00 1.00 0.91 1.00 0.95 1.00 1.00 1.00 1.00 1.00 0.95 0.99 1.00 0.92 0.99 1.00 1.00 1.00 1.00 1.00 1.00 1.00 0.99 1.00 0.99
0.72 0.90 0.90 0.88 0.62 0.81 0.90 0.88 0.85 0.85 0.91 0.91 0.85 0.92 0.93 1.00 0.62 0.94 0.70 0.88 0.92 0.92 0.93 0.94 0.60 0.76 0.88 0.55 0.85 0.89 0.90 0.90 0.94 0.89 0.90 0.90 0.88 0.89 0.88
0.62 0.83 0.83 0.82 0.51 0.71 0.83 0.82 0.77 0.76 0.85 0.86 0.76 0.86 0.87 1.00 0.56 0.90 0.58 0.80 0.86 0.86 0.87 0.90 0.47 0.64 0.80 0.44 0.75 0.80 0.82 0.82 0.90 0.80 0.82 0.82 0.80 0.80 0.80
0.63 0.84 0.84 0.83 0.54 0.73 0.84 0.83 0.78 0.77 0.85 0.86 0.77 0.86 0.87 1.00 0.55 0.90 0.59 0.81 0.86 0.86 0.87 0.90 0.49 0.65 0.81 0.45 0.76 0.81 0.83 0.83 0.90 0.81 0.83 0.83 0.81 0.81 0.81
0.73 0.91 0.91 0.89 0.63 0.82 0.91 0.89 0.85 0.86 0.92 0.92 0.86 0.93 0.93 1.00 0.63 0.94 0.70 0.89 0.93 0.93 0.93 0.94 0.62 0.77 0.89 0.57 0.85 0.90 0.90 0.90 0.94 0.90 0.90 0.90 0.88 0.90 0.88
0.71 0.90 0.90 0.88 0.60 0.81 0.90 0.88 0.84 0.85 0.90 0.91 0.85 0.92 0.93 1.00 0.62 0.94 0.68 0.88 0.92 0.92 0.93 0.94 0.58 0.75 0.88 0.54 0.84 0.88 0.89 0.89 0.94 0.88 0.89 0.89 0.88 0.88 0.88
0.93 0.99 0.99 0.99 0.88 0.97 0.99 0.99 0.98 0.99 0.99 0.99 0.99 0.99 0.99 1.00 0.86 0.99 0.92 0.99 0.99 0.99 0.99 0.99 0.91 0.97 0.99 0.87 0.99 0.99 0.99 0.99 0.99 0.99 0.99 0.99 0.99 0.99 0.99
0.64 0.85 0.85 0.84 0.55 0.74 0.85 0.84 0.80 0.78 0.86 0.87 0.78 0.87 0.88 1.00 0.55 0.91 0.61 0.82 0.87 0.87 0.88 0.91 0.50 0.66 0.82 0.46 0.77 0.82 0.83 0.83 0.91 0.82 0.83 0.84 0.82 0.82 0.82
0.77 0.92 0.92 0.91 0.67 0.86 0.92 0.91 0.88 0.89 0.93 0.94 0.89 0.94 0.95 1.00 0.67 0.96 0.75 0.92 0.94 0.94 0.95 0.96 0.67 0.81 0.92 0.61 0.89 0.92 0.93 0.93 0.96 0.92 0.93 0.93 0.91 0.92 0.91
0.65 0.86 0.86 0.84 0.55 0.75 0.86 0.84 0.80 0.79 0.87 0.88 0.79 0.88 0.89 1.00 0.57 0.92 0.62 0.83 0.88 0.88 0.89 0.92 0.52 0.68 0.83 0.48 0.78 0.84 0.85 0.85 0.92 0.84 0.85 0.85 0.83 0.84 0.83
0.76 0.92 0.92 0.91 0.66 0.85 0.92 0.91 0.88 0.89 0.93 0.94 0.89 0.94 0.95 1.00 0.67 0.96 0.74 0.92 0.94 0.94 0.95 0.96 0.66 0.81 0.92 0.62 0.88 0.92 0.93 0.93 0.96 0.92 0.93 0.93 0.91 0.92 0.91
0.63 0.85 0.85 0.83 0.53 0.73 0.85 0.83 0.79 0.77 0.86 0.87 0.77 0.87 0.88 1.00 0.55 0.91 0.60 0.81 0.87 0.87 0.88 0.91 0.49 0.65 0.81 0.46 0.76 0.81 0.83 0.83 0.91 0.81 0.83 0.83 0.81 0.81 0.81
0.66 0.86 0.86 0.85 0.56 0.76 0.86 0.85 0.81 0.80 0.87 0.89 0.80 0.89 0.90 1.00 0.59 0.92 0.62 0.83 0.89 0.89 0.90 0.92 0.53 0.69 0.83 0.49 0.79 0.84 0.85 0.85 0.92 0.84 0.85 0.85 0.84 0.84 0.84
0.74 0.91 0.91 0.89 0.64 0.83 0.91 0.89 0.86 0.86 0.91 0.92 0.86 0.93 0.93 1.00 0.64 0.94 0.71 0.89 0.93 0.93 0.93 0.94 0.62 0.77 0.89 0.58 0.86 0.89 0.90 0.91 0.94 0.89 0.90 0.91 0.89 0.89 0.89
0.51 0.76 0.76 0.75 0.43 0.61 0.76 0.75 0.70 0.66 0.78 0.79 0.66 0.79 0.81 1.00 0.48 0.86 0.48 0.70 0.79 0.79 0.80 0.86 0.38 0.53 0.70 0.34 0.65 0.71 0.73 0.73 0.86 0.71 0.73 0.73 0.71 0.71 0.71
0.69 0.87 0.87 0.86 0.58 0.78 0.87 0.86 0.82 0.81 0.88 0.89 0.81 0.90 0.91 1.00 0.58 0.92 0.65 0.85 0.90 0.90 0.90 0.92 0.54 0.71 0.85 0.50 0.81 0.85 0.87 0.87 0.92 0.85 0.87 0.87 0.85 0.85 0.85
0.55 0.78 0.78 0.77 0.45 0.64 0.78 0.77 0.72 0.68 0.80 0.81 0.68 0.81 0.82 1.00 0.50 0.87 0.51 0.73 0.81 0.81 0.82 0.87 0.40 0.55 0.73 0.37 0.67 0.73 0.76 0.76 0.87 0.73 0.76 0.76 0.74 0.73 0.74
0.78 0.93 0.93 0.92 0.68 0.87 0.93 0.92 0.89 0.90 0.94 0.95 0.90 0.95 0.95 1.00 0.69 0.96 0.76 0.93 0.95 0.95 0.95 0.96 0.70 0.82 0.93 0.65 0.90 0.93 0.94 0.94 0.96 0.93 0.94 0.94 0.92 0.93 0.92
0.47 0.71 0.71 0.70 0.39 0.55 0.71 0.71 0.66 0.60 0.73 0.75 0.60 0.73 0.76 1.00 0.44 0.83 0.42 0.64 0.73 0.73 0.75 0.83 0.32 0.46 0.64 0.29 0.60 0.65 0.68 0.68 0.83 0.65 0.68 0.68 0.67 0.65 0.67
0.92 0.99 0.99 0.99 0.88 0.97 0.99 0.99 0.98 0.99 0.99 0.99 0.99 1.00 1.00 1.00 0.86 0.99 0.93 0.99 1.00 1.00 1.00 0.99 0.91 0.97 0.99 0.86 0.99 0.99 0.99 0.99 0.99 0.99 0.99 0.99 0.99 0.99 0.99
0.72 0.90 0.90 0.88 0.61 0.81 0.90 0.88 0.85 0.85 0.91 0.91 0.85 0.92 0.93 1.00 0.62 0.94 0.70 0.88 0.92 0.92 0.93 0.94 0.60 0.76 0.88 0.56 0.85 0.89 0.90 0.90 0.94 0.89 0.90 0.90 0.88 0.89 0.88
0.78 0.94 0.94 0.93 0.70 0.88 0.94 0.92 0.90 0.91 0.94 0.95 0.91 0.96 0.96 1.00 0.69 0.97 0.78 0.94 0.96 0.96 0.96 0.97 0.70 0.84 0.94 0.66 0.91 0.94 0.94 0.94 0.97 0.94 0.94 0.94 0.93 0.94 0.93
0.79 0.94 0.94 0.93 0.70 0.88 0.94 0.93 0.90 0.91 0.95 0.95 0.91 0.96 0.96 1.00 0.70 0.97 0.78 0.94 0.96 0.96 0.96 0.97 0.71 0.84 0.94 0.66 0.91 0.94 0.95 0.95 0.97 0.94 0.95 0.95 0.93 0.94 0.93
0.54 0.78 0.78 0.76 0.45 0.62 0.78 0.76 0.71 0.67 0.79 0.81 0.67 0.79 0.81 1.00 0.49 0.86 0.49 0.70 0.79 0.79 0.81 0.86 0.38 0.53 0.70 0.35 0.66 0.71 0.74 0.74 0.86 0.71 0.74 0.74 0.72 0.71 0.72
0.76 0.93 0.93 0.91 0.66 0.85 0.93 0.91 0.88 0.88 0.93 0.94 0.88 0.94 0.94 1.00 0.67 0.95 0.73 0.91 0.94 0.94 0.94 0.95 0.65 0.80 0.91 0.60 0.88 0.91 0.92 0.92 0.95 0.91 0.92 0.92 0.90 0.91 0.90
0.85 0.97 0.97 0.96 0.76 0.93 0.97 0.96 0.94 0.95 0.97 0.97 0.95 0.98 0.98 1.00 0.75 0.98 0.84 0.97 0.98 0.98 0.98 0.98 0.80 0.90 0.97 0.74 0.95 0.97 0.97 0.97 0.98 0.97 0.97 0.97 0.96 0.97 0.96
0.94 0.99 0.99 0.99 0.88 0.98 0.99 0.99 0.98 0.99 0.99 0.99 0.99 1.00 1.00 1.00 0.87 1.00 0.93 0.99 1.00 1.00 1.00 1.00 0.92 0.97 0.99 0.88 0.99 0.99 1.00 1.00 1.00 0.99 1.00 1.00 0.99 0.99 0.99
0.58 0.80 0.80 0.78 0.47 0.66 0.80 0.78 0.73 0.71 0.81 0.83 0.71 0.83 0.84 1.00 0.52 0.88 0.53 0.75 0.83 0.83 0.84 0.88 0.42 0.59 0.75 0.40 0.70 0.75 0.78 0.78 0.88 0.75 0.78 0.78 0.76 0.75 0.76
0.77 0.94 0.94 0.92 0.68 0.86 0.94 0.92 0.89 0.90 0.94 0.95 0.90 0.95 0.95 1.00 0.68 0.96 0.75 0.92 0.95 0.95 0.95 0.96 0.68 0.83 0.92 0.63 0.90 0.92 0.94 0.94 0.96 0.92 0.94 0.94 0.92 0.92 0.92
0.93 0.99 0.99 0.99 0.87 0.98 0.99 0.99 0.98 0.99 0.99 0.99 0.99 0.99 0.99 1.00 0.86 0.99 0.92 0.99 0.99 0.99 0.99 0.99 0.90 0.97 0.99 0.86 0.98 0.99 0.99 0.99 0.99 0.99 0.99 0.99 0.99 0.99 0.99
0.94 0.99 0.99 0.99 0.88 0.98 0.99 0.99 0.98 0.99 0.99 0.99 0.99 1.00 1.00 1.00 0.87 1.00 0.93 0.99 1.00 1.00 1.00 1.00 0.92 0.97 0.99 0.88 0.99 0.99 0.99 0.99 1.00 0.99 0.99 0.99 0.99 0.99 0.99
0.79 0.94 0.94 0.92 0.69 0.87 0.94 0.92 0.90 0.91 0.94 0.95 0.91 0.95 0.95 1.00 0.69 0.96 0.77 0.93 0.95 0.95 0.95 0.96 0.70 0.83 0.93 0.65 0.90 0.93 0.94 0.94 0.96 0.93 0.94 0.94 0.92 0.93 0.92
0.93 0.99 0.99 0.99 0.87 0.97 0.99 0.99 0.98 0.99 0.99 0.99 0.99 0.99 1.00 1.00 0.85 0.99 0.92 0.99 0.99 0.99 0.99 0.99 0.90 0.97 0.99 0.86 0.98 0.99 0.99 0.99 0.99 0.99 0.99 0.99 0.99 0.99 0.99
0.66 0.86 0.86 0.85 0.57 0.76 0.86 0.85 0.81 0.80 0.88 0.89 0.80 0.89 0.90 1.00 0.58 0.92 0.64 0.84 0.89 0.89 0.90 0.92 0.53 0.70 0.84 0.50 0.80 0.85 0.86 0.86 0.92 0.85 0.86 0.86 0.84 0.85 0.84
0.75 0.92 0.92 0.91 0.65 0.85 0.92 0.91 0.87 0.88 0.93 0.93 0.88 0.94 0.94 1.00 0.66 0.95 0.74 0.91 0.94 0.94 0.94 0.95 0.64 0.80 0.91 0.60 0.88 0.92 0.92 0.92 0.95 0.92 0.92 0.92 0.90 0.92 0.90
0.58 0.81 0.81 0.79 0.48 0.67 0.81 0.79 0.74 0.71 0.82 0.84 0.71 0.83 0.84 1.00 0.51 0.89 0.54 0.76 0.83 0.83 0.84 0.89 0.43 0.59 0.76 0.39 0.71 0.76 0.78 0.78 0.89 0.76 0.78 0.79 0.76 0.76 0.76
0.80 0.95 0.95 0.94 0.71 0.88 0.95 0.93 0.91 0.91 0.95 0.95 0.91 0.96 0.96 1.00 0.71 0.97 0.78 0.94 0.96 0.96 0.96 0.97 0.72 0.85 0.94 0.67 0.91 0.94 0.95 0.95 0.97 0.94 0.95 0.95 0.93 0.94 0.93
0.90 0.98 0.98 0.98 0.83 0.96 0.98 0.98 0.96 0.98 0.99 0.99 0.98 0.99 0.99 1.00 0.81 0.99 0.88 0.99 0.99 0.99 0.99 0.99 0.86 0.94 0.99 0.80 0.97 0.99 0.99 0.99 0.99 0.99 0.99 0.99 0.98 0.99 0.98
0.93 0.99 0.99 0.99 0.87 0.98 0.99 0.99 0.98 0.99 0.99 0.99 0.99 0.99 0.99 1.00 0.86 0.99 0.93 0.99 0.99 0.99 0.99 0.99 0.91 0.97 0.99 0.86 0.99 0.99 0.99 0.99 0.99 0.99 0.99 0.99 0.99 0.99 0.99
0.71 0.90 0.90 0.88 0.61 0.81 0.90 0.88 0.84 0.84 0.91 0.91 0.84 0.92 0.92 1.00 0.62 0.94 0.68 0.88 0.92 0.92 0.92 0.94 0.59 0.75 0.88 0.55 0.84 0.88 0.89 0.89 0.94 0.88 0.89 0.89 0.87 0.88 0.87
0.77 0.93 0.93 0.92 0.67 0.87 0.93 0.92 0.89 0.90 0.94 0.94 0.90 0.95 0.95 1.00 0.67 0.96 0.76 0.92 0.95 0.95 0.95 0.96 0.68 0.82 0.92 0.63 0.89 0.93 0.93 0.93 0.96 0.93 0.93 0.93 0.92 0.93 0.92
0.73 0.90 0.90 0.89 0.62 0.82 0.90 0.89 0.86 0.86 0.91 0.92 0.86 0.93 0.93 1.00 0.64 0.94 0.71 0.89 0.93 0.93 0.93 0.94 0.61 0.76 0.89 0.57 0.85 0.89 0.90 0.90 0.94 0.89 0.90 0.90 0.88 0.89 0.88
0.86 0.97 0.97 0.97 0.79 0.94 0.97 0.97 0.95 0.96 0.98 0.98 0.96 0.98 0.98 1.00 0.77 0.98 0.85 0.97 0.98 0.98 0.98 0.98 0.80 0.91 0.97 0.75 0.95 0.97 0.97 0.97 0.98 0.97 0.97 0.97 0.96 0.97 0.96
0.50 0.74 0.74 0.72 0.41 0.58 0.74 0.73 0.67 0.63 0.75 0.78 0.63 0.77 0.79 1.00 0.46 0.85 0.45 0.67 0.77 0.77 0.78 0.85 0.34 0.49 0.67 0.30 0.62 0.67 0.70 0.70 0.85 0.67 0.70 0.71 0.69 0.67 0.69
0.87 0.97 0.97 0.97 0.79 0.94 0.97 0.97 0.95 0.96 0.98 0.98 0.96 0.98 0.98 1.00 0.77 0.99 0.86 0.97 0.98 0.98 0.98 0.99 0.81 0.92 0.97 0.76 0.96 0.97 0.98 0.98 0.99 0.97 0.98 0.98 0.97 0.97 0.97
0.49 0.73 0.73 0.71 0.41 0.57 0.73 0.72 0.67 0.62 0.75 0.78 0.62 0.76 0.78 1.00 0.46 0.84 0.45 0.67 0.76 0.76 0.78 0.84 0.34 0.49 0.67 0.32 0.62 0.68 0.70 0.71 0.84 0.68 0.70 0.71 0.68 0.68 0.68
0.44 0.69 0.69 0.69 0.37 0.51 0.69 0.69 0.64 0.56 0.71 0.74 0.56 0.71 0.74 1.00 0.42 0.82 0.40 0.61 0.71 0.71 0.73 0.82 0.29 0.43 0.61 0.26 0.56 0.62 0.64 0.65 0.82 0.62 0.64 0.65 0.63 0.62 0.63
0.54 0.77 0.77 0.76 0.44 0.62 0.77 0.76 0.71 0.66 0.79 0.80 0.66 0.79 0.81 1.00 0.49 0.86 0.48 0.71 0.79 0.79 0.81 0.86 0.38 0.53 0.71 0.35 0.66 0.72 0.74 0.74 0.86 0.72 0.74 0.74 0.72 0.72 0.72
0.51 0.74 0.74 0.73 0.41 0.59 0.74 0.74 0.69 0.64 0.77 0.79 0.64 0.77 0.79 1.00 0.46 0.85 0.45 0.68 0.77 0.77 0.79 0.85 0.35 0.50 0.68 0.33 0.62 0.69 0.71 0.71 0.85 0.69 0.71 0.72 0.69 0.69 0.69
0.95 1.00 1.00 0.99 0.91 0.99 1.00 0.99 0.99 1.00 1.00 1.00 1.00 1.00 1.00 1.00 0.90 1.00 0.95 1.00 1.00 1.00 1.00 1.00 0.95 0.99 1.00 0.91 0.99 1.00 1.00 1.00 1.00 1.00 1.00 1.00 0.99 1.00 0.99
0.75 0.92 0.92 0.91 0.66 0.84 0.92 0.91 0.88 0.88 0.93 0.94 0.88 0.94 0.95 1.00 0.66 0.95 0.73 0.91 0.94 0.94 0.95 0.95 0.64 0.79 0.91 0.60 0.88 0.91 0.92 0.92 0.95 0.91 0.92 0.92 0.91 0.91 0.91
0.69 0.87 0.87 0.86 0.58 0.78 0.87 0.86 0.82 0.82 0.88 0.89 0.82 0.90 0.91 1.00 0.60 0.93 0.66 0.85 0.90 0.90 0.91 0.93 0.55 0.70 0.85 0.51 0.81 0.86 0.87 0.87 0.93 0.86 0.87 0.87 0.86 0.86 0.86
0.48 0.72 0.72 0.71 0.39 0.56 0.72 0.72 0.67 0.61 0.74 0.76 0.61 0.75 0.77 1.00 0.44 0.84 0.43 0.65 0.75 0.75 0.77 0.84 0.33 0.48 0.65 0.30 0.61 0.66 0.69 0.69 0.84 0.66 0.69 0.69 0.67 0.66 0.67
0.79 0.94 0.94 0.93 0.70 0.88 0.94 0.93 0.90 0.91 0.95 0.95 0.91 0.95 0.96 1.00 0.70 0.96 0.77 0.93 0.95 0.95 0.96 0.96 0.70 0.84 0.93 0.66 0.91 0.94 0.95 0.95 0.96 0.94 0.95 0.95 0.93 0.94 0.93
0.94 0.99 0.99 0.99 0.89 0.98 0.99 0.99 0.98 0.99 1.00 0.99 0.99 1.00 1.00 1.00 0.88 1.00 0.93 1.00 1.00 1.00 1.00 1.00 0.92 0.97 1.00 0.88 0.99 1.00 1.00 1.00 1.00 1.00 1.00 1.00 0.99 1.00 0.99
0.43 0.68 0.68 0.68 0.36 0.50 0.68 0.68 0.63 0.56 0.70 0.73 0.56 0.70 0.74 1.00 0.42 0.81 0.38 0.59 0.70 0.70 0.73 0.81 0.28 0.42 0.59 0.26 0.55 0.60 0.63 0.64 0.81 0.60 0.63 0.64 0.62 0.60 0.62
0.67 0.86 0.86 0.85 0.55 0.75 0.86 0.85 0.80 0.79 0.87 0.88 0.79 0.89 0.90 1.00 0.58 0.92 0.63 0.83 0.89 0.89 0.90 0.92 0.53 0.68 0.83 0.49 0.78 0.83 0.85 0.85 0.92 0.83 0.85 0.85 0.83 0.83 0.83
0.56 0.78 0.78 0.77 0.46 0.64 0.78 0.77 0.72 0.69 0.80 0.82 0.69 0.81 0.83 1.00 0.50 0.88 0.51 0.73 0.81 0.81 0.83 0.88 0.40 0.56 0.73 0.37 0.69 0.74 0.77 0.77 0.88 0.74 0.77 0.77 0.74 0.74 0.74
0.87 0.97 0.97 0.97 0.79 0.94 0.97 0.97 0.95 0.96 0.97 0.98 0.96 0.98 0.98 1.00 0.78 0.98 0.85 0.97 0.98 0.98 0.98 0.98 0.80 0.91 0.97 0.76 0.95 0.97 0.97 0.97 0.98 0.97 0.97 0.98 0.96 0.97 0.96
0.75 0.92 0.92 0.90 0.64 0.84 0.92 0.90 0.86 0.88 0.92 0.93 0.88 0.94 0.94 1.00 0.65 0.95 0.72 0.90 0.94 0.94 0.94 0.95 0.64 0.79 0.90 0.59 0.87 0.91 0.92 0.92 0.95 0.91 0.92 0.92 0.90 0.91 0.90
0.53 0.76 0.76 0.75 0.44 0.61 0.76 0.75 0.71 0.66 0.78 0.80 0.66 0.79 0.81 1.00 0.48 0.86 0.47 0.70 0.79 0.79 0.81 0.86 0.38 0.53 0.70 0.35 0.66 0.71 0.74 0.74 0.86 0.71 0.74 0.74 0.72 0.71 0.72
0.64 0.85 0.85 0.83 0.54 0.74 0.85 0.83 0.79 0.78 0.86 0.88 0.78 0.87 0.89 1.00 0.56 0.91 0.61 0.82 0.87 0.87 0.88 0.91 0.51 0.66 0.82 0.47 0.77 0.82 0.84 0.84 0.91 0.82 0.84 0.84 0.82 0.82 0.82
0.77 0.93 0.93 0.91 0.67 0.85 0.93 0.91 0.88 0.89 0.94 0.94 0.89 0.95 0.95 1.00 0.67 0.96 0.75 0.92 0.95 0.95 0.95 0.96 0.67 0.81 0.92 0.63 0.89 0.92 0.93 0.93 0.96 0.92 0.93 0.93 0.91 0.92 0.91
0.86 0.97 0.97 0.96 0.78 0.94 0.97 0.96 0.94 0.96 0.97 0.98 0.96 0.98 0.98 1.00 0.76 0.98 0.84 0.97 0.98 0.98 0.98 0.98 0.80 0.91 0.97 0.76 0.95 0.97 0.98 0.98 0.98 0.97 0.98 0.98 0.96 0.97 0.96
0.85 0.97 0.97 0.96 0.76 0.92 0.97 0.96 0.94 0.95 0.97 0.97 0.95 0.98 0.98 1.00 0.75 0.98 0.84 0.97 0.98 0.98 0.98 0.98 0.79 0.90 0.97 0.74 0.95 0.97 0.97 0.97 0.98 0.97 0.97 0.97 0.96 0.97 0.96
0.78 0.94 0.94 0.93 0.69 0.87 0.94 0.92 0.89 0.90 0.94 0.95 0.90 0.95 0.96 1.00 0.68 0.96 0.76 0.93 0.95 0.95 0.96 0.96 0.69 0.83 0.93 0.64 0.90 0.93 0.94 0.94 0.96 0.93 0.94 0.94 0.92 0.93 0.92
0.95 1.00 1.00 0.99 0.91 0.99 1.00 0.99 0.99 0.99 1.00 1.00 0.99 1.00 1.00 1.00 0.89 1.00 0.95 1.00 1.00 1.00 1.00 1.00 0.94 0.98 1.00 0.90 0.99 1.00 1.00 1.00 1.00 1.00 1.00 1.00 0.99 1.00 0.99
0.70 0.89 0.89 0.88 0.60 0.80 0.89 0.87 0.83 0.84 0.89 0.91 0.84 0.91 0.91 1.00 0.60 0.93 0.68 0.87 0.91 0.91 0.91 0.93 0.57 0.73 0.87 0.53 0.82 0.87 0.88 0.88 0.93 0.87 0.88 0.88 0.87 0.87 0.87
0.88 0.98 0.98 0.97 0.81 0.95 0.98 0.97 0.96 0.97 0.98 0.98 0.97 0.99 0.99 1.00 0.80 0.99 0.88 0.98 0.99 0.99 0.99 0.99 0.85 0.94 0.98 0.80 0.97 0.98 0.98 0.98 0.99 0.98 0.98 0.98 0.97 0.98 0.97
0.91 0.99 0.99 0.98 0.84 0.97 0.99 0.98 0.97 0.98 0.99 0.99 0.98 0.99 0.99 1.00 0.83 0.99 0.90 0.99 0.99 0.99 0.99 0.99 0.88 0.96 0.99 0.84 0.98 0.99 0.99 0.99 0.99 0.99 0.99 0.99 0.98 0.99 0.98
0.64 0.85 0.85 0.84 0.53 0.73 0.85 0.83 0.79 0.77 0.86 0.88 0.77 0.87 0.89 1.00 0.56 0.91 0.60 0.82 0.87 0.87 0.89 0.91 0.50 0.66 0.82 0.46 0.77 0.82 0.84 0.84 0.91 0.82 0.84 0.84 0.82 0.82 0.82
0.44 0.68 0.68 0.68 0.35 0.51 0.68 0.68 0.63 0.56 0.70 0.73 0.56 0.70 0.73 1.00 0.42 0.82 0.39 0.60 0.70 0.70 0.73 0.82 0.29 0.42 0.60 0.26 0.55 0.61 0.64 0.65 0.82 0.61 0.64 0.65 0.64 0.61 0.64
0.73 0.90 0.90 0.89 0.62 0.82 0.90 0.89 0.85 0.85 0.91 0.92 0.85 0.92 0.93 1.00 0.63 0.94 0.69 0.88 0.92 0.92 0.93 0.94 0.61 0.76 0.88 0.56 0.85 0.89 0.90 0.90 0.94 0.89 0.90 0.90 0.88 0.89 0.88
0.79 0.94 0.94 0.93 0.70 0.88 0.94 0.93 0.90 0.91 0.94 0.95 0.91 0.95 0.96 1.00 0.69 0.96 0.78 0.93 0.95 0.95 0.96 0.96 0.69 0.84 0.93 0.65 0.90 0.94 0.94 0.94 0.96 0.94 0.94 0.94 0.92 0.94 0.92
0.96 1.00 1.00 1.00 0.92 0.99 1.00 1.00 0.99 1.00 1.00 1.00 1.00 1.00 1.00 1.00 0.91 1.00 0.96 1.00 1.00 1.00 1.00 1.00 0.96 0.99 1.00 0.92 1.00 1.00 1.00 1.00 1.00 1.00 1.00 1.00 1.00 1.00 1.00
0.64 0.84 0.84 0.83 0.53 0.73 0.84 0.83 0.79 0.77 0.86 0.87 0.77 0.87 0.88 1.00 0.57 0.91 0.60 0.81 0.87 0.87 0.88 0.91 0.50 0.66 0.81 0.47 0.76 0.82 0.83 0.83 0.91 0.82 0.83 0.83 0.82 0.82 0.82
0.83 0.96 0.96 0.95 0.74 0.90 0.96 0.95 0.92 0.93 0.96 0.97 0.93 0.97 0.97 1.00 0.74 0.98 0.82 0.96 0.97 0.97 0.97 0.98 0.76 0.88 0.96 0.71 0.93 0.96 0.96 0.96 0.98 0.96 0.96 0.96 0.95 0.96 0.95
0.94 1.00 1.00 0.99 0.91 0.99 1.00 0.99 0.99 0.99 1.00 1.00 0.99 1.00 1.00 1.00 0.89 1.00 0.95 1.00 1.00 1.00 1.00 1.00 0.94 0.98 1.00 0.91 0.99 1.00 1.00 1.00 1.00 1.00 1.00 1.00 0.99 1.00 0.99
0.55 0.78 0.78 0.77 0.45 0.63 0.78 0.77 0.72 0.68 0.80 0.82 0.68 0.81 0.83 1.00 0.50 0.87 0.51 0.73 0.81 0.81 0.82 0.87 0.40 0.56 0.73 0.37 0.68 0.74 0.76 0.76 0.87 0.74 0.76 0.76 0.74 0.74 0.74
0.57 0.80 0.80 0.78 0.47 0.65 0.80 0.78 0.73 0.70 0.81 0.83 0.70 0.82 0.84 1.00 0.51 0.88 0.53 0.75 0.82 0.82 0.84 0.88 0.42 0.57 0.75 0.39 0.70 0.75 0.78 0.78 0.88 0.75 0.78 0.78 0.75 0.75 0.75
0.96 1.00 1.00 1.00 0.92 0.99 1.00 1.00 0.99 1.00 1.00 1.00 1.00 1.00 1.00 1.00 0.91 1.00 0.96 1.00 1.00 1.00 1.00 1.00 0.96 0.99 1.00 0.92 0.99 1.00 1.00 1.00 1.00 1.00 1.00 1.00 1.00 1.00 1.00
0.50 0.74 0.74 0.73 0.40 0.58 0.74 0.73 0.67 0.63 0.75 0.78 0.63 0.76 0.79 1.00 0.47 0.85 0.45 0.67 0.76 0.76 0.78 0.85 0.34 0.49 0.67 0.32 0.63 0.68 0.71 0.71 0.85 0.68 0.71 0.71 0.70 0.68 0.70
0.74 0.91 0.91 0.90 0.63 0.82 0.91 0.90 0.86 0.86 0.92 0.92 0.86 0.93 0.93 1.00 0.63 0.94 0.71 0.89 0.93 0.93 0.93 0.94 0.61 0.76 0.89 0.57 0.85 0.90 0.90 0.90 0.94 0.90 0.90 0.90 0.89 0.90 0.89
0.70 0.88 0.88 0.87 0.60 0.78 0.88 0.87 0.83 0.83 0.89 0.91 0.83 0.91 0.92 1.00 0.62 0.93 0.67 0.86 0.91 0.91 0.92 0.93 0.58 0.74 0.86 0.54 0.83 0.87 0.88 0.88 0.93 0.87 0.88 0.88 0.86 0.87 0.86
0.93 0.99 0.99 0.99 0.88 0.98 0.99 0.99 0.98 0.99 0.99 0.99 0.99 1.00 1.00 1.00 0.87 1.00 0.93 0.99 1.00 1.00 1.00 1.00 0.91 0.97 0.99 0.87 0.99 0.99 0.99 0.99 1.00 0.99 0.99 0.99 0.99 0.99 0.99
0.69 0.88 0.88 0.87 0.59 0.78 0.88 0.87 0.84 0.82 0.89 0.90 0.82 0.90 0.91 1.00 0.60 0.93 0.66 0.86 0.90 0.90 0.91 0.93 0.57 0.72 0.86 0.52 0.82 0.86 0.88 0.88 0.93 0.86 0.88 0.88 0.86 0.86 0.86
0.64 0.85 0.85 0.84 0.54 0.74 0.85 0.84 0.80 0.78 0.87 0.88 0.78 0.88 0.89 1.00 0.57 0.91 0.62 0.82 0.88 0.88 0.89 0.91 0.52 0.67 0.82 0.48 0.78 0.83 0.84 0.85 0.91 0.83 0.84 0.85 0.83 0.83 0.83
0.65 0.85 0.85 0.84 0.55 0.75 0.85 0.84 0.80 0.79 0.87 0.88 0.79 0.88 0.89 1.00 0.57 0.92 0.62 0.83 0.88 0.88 0.89 0.92 0.51 0.68 0.83 0.48 0.79 0.84 0.85 0.85 0.92 0.84 0.85 0.85 0.83 0.84 0.83
0.93 0.99 0.99 0.99 0.88 0.98 0.99 0.99 0.98 0.99 0.99 0.99 0.99 0.99 1.00 1.00 0.87 1.00 0.94 0.99 0.99 0.99 1.00 1.00 0.92 0.97 0.99 0.88 0.99 0.99 0.99 0.99 1.00 0.99 0.99 0.99 0.99 0.99 0.99
0.70 0.89 0.89 0.88 0.60 0.80 0.89 0.88 0.84 0.84 0.90 0.91 0.84 0.91 0.92 1.00 0.62 0.94 0.68 0.87 0.91 0.91 0.92 0.94 0.59 0.74 0.87 0.54 0.83 0.87 0.89 0.89 0.94 0.87 0.89 0.89 0.87 0.87 0.87
0.75 0.92 0.92 0.91 0.66 0.84 0.92 0.91 0.88 0.88 0.93 0.93 0.88 0.94 0.94 1.00 0.66 0.95 0.73 0.91 0.94 0.94 0.95 0.95 0.65 0.79 0.91 0.60 0.88 0.92 0.92 0.92 0.95 0.92 0.92 0.92 0.90 0.92 0.90
0.90 0.99 0.99 0.98 0.84 0.96 0.99 0.98 0.97 0.98 0.99 0.99 0.98 0.99 0.99 1.00 0.83 0.99 0.90 0.99 0.99 0.99 0.99 0.99 0.88 0.95 0.99 0.82 0.98 0.99 0.99 0.99 0.99 0.99 0.99 0.99 0.98 0.99 0.98
0.94 0.99 0.99 0.99 0.89 0.98 0.99 0.99 0.98 0.99 1.00 1.00 0.99 1.00 1.00 1.00 0.87 1.00 0.93 1.00 1.00 1.00 1.00 1.00 0.93 0.98 1.00 0.89 0.99 1.00 1.00 1.00 1.00 1.00 1.00 1.00 0.99 1.00 0.99
0.67 0.87 0.87 0.86 0.57 0.76 0.87 0.86 0.81 0.80 0.88 0.89 0.80 0.89 0.90 1.00 0.59 0.92 0.63 0.84 0.89 0.89 0.90 0.92 0.53 0.70 0.84 0.49 0.79 0.84 0.86 0.86 0.92 0.84 0.86 0.86 0.84 0.84 0.84
0.66 0.86 0.86 0.84 0.55 0.74 0.86 0.84 0.80 0.79 0.87 0.88 0.79 0.88 0.89 1.00 0.58 0.92 0.62 0.83 0.88 0.88 0.89 0.92 0.52 0.68 0.83 0.48 0.78 0.83 0.85 0.85 0.92 0.83 0.85 0.85 0.83 0.83 0.83
0.81 0.94 0.94 0.93 0.70 0.88 0.94 0.93 0.90 0.92 0.95 0.95 0.92 0.96 0.96 1.00 0.70 0.97 0.79 0.94 0.96 0.96 0.96 0.97 0.71 0.84 0.94 0.66 0.91 0.94 0.95 0.95 0.97 0.94 0.95 0.95 0.93 0.94 0.93
0.94 1.00 1.00 0.99 0.91 0.98 1.00 0.99 0.99 0.99 1.00 1.00 0.99 1.00 1.00 1.00 0.89 1.00 0.94 1.00 1.00 1.00 1.00 1.00 0.94 0.98 1.00 0.90 0.99 1.00 1.00 1.00 1.00 1.00 1.00 1.00 0.99 1.00 0.99
0.58 0.80 0.80 0.79 0.47 0.67 0.80 0.78 0.74 0.71 0.81 0.83 0.71 0.83 0.84 1.00 0.51 0.89 0.54 0.75 0.83 0.83 0.84 0.89 0.43 0.58 0.75 0.40 0.70 0.76 0.78 0.78 0.89 0.76 0.78 0.78 0.76 0.76 0.76
0.78 0.93 0.93 0.92 0.68 0.87 0.93 0.92 0.89 0.90 0.94 0.94 0.90 0.95 0.96 1.00 0.69 0.96 0.76 0.93 0.95 0.95 0.96 0.96 0.69 0.83 0.93 0.64 0.90 0.93 0.94 0.94 0.96 0.93 0.94 0.94 0.92 0.93 0.92
0.95 1.00 1.00 0.99 0.92 0.99 1.00 0.99 0.99 1.00 1.00 1.00 1.00 1.00 1.00 1.00 0.90 1.00 0.95 1.00 1.00 1.00 1.00 1.00 0.95 0.98 1.00 0.91 0.99 1.00 1.00 1.00 1.00 1.00 1.00 1.00 1.00 1.00 1.00
0.69 0.88 0.88 0.87 0.59 0.78 0.88 0.87 0.83 0.83 0.89 0.90 0.83 0.90 0.91 1.00 0.61 0.93 0.66 0.86 0.90 0.90 0.91 0.93 0.56 0.71 0.86 0.52 0.81 0.86 0.88 0.88 0.93 0.86 0.88 0.88 0.85 0.86 0.85
0.76 0.92 0.92 0.91 0.66 0.85 0.92 0.91 0.88 0.88 0.93 0.94 0.88 0.94 0.95 1.00 0.67 0.96 0.74 0.92 0.94 0.94 0.95 0.96 0.66 0.81 0.92 0.61 0.88 0.92 0.93 0.93 0.96 0.92 0.93 0.93 0.91 0.92 0.91
0.67 0.87 0.87 0.86 0.57 0.78 0.87 0.86 0.82 0.81 0.88 0.89 0.81 0.90 0.90 1.00 0.59 0.92 0.64 0.85 0.90 0.90 0.90 0.92 0.55 0.71 0.85 0.50 0.81 0.86 0.87 0.87 0.92 0.86 0.87 0.87 0.85 0.86 0.85
0.58 0.80 0.80 0.78 0.47 0.67 0.80 0.78 0.73 0.71 0.81 0.83 0.71 0.83 0.84 1.00 0.53 0.88 0.53 0.76 0.83 0.83 0.84 0.88 0.42 0.59 0.76 0.39 0.70 0.77 0.78 0.78 0.88 0.77 0.78 0.78 0.76 0.77 0.76
0.93 0.99 0.99 0.99 0.87 0.98 0.99 0.99 0.98 0.99 0.99 0.99 0.99 0.99 1.00 1.00 0.86 1.00 0.92 0.99 0.99 0.99 1.00 1.00 0.91 0.97 0.99 0.87 0.99 0.99 0.99 0.99 1.00 0.99 0.99 0.99 0.99 0.99 0.99
0.96 1.00 1.00 1.00 0.92 0.99 1.00 1.00 0.99 1.00 1.00 1.00 1.00 1.00 1.00 1.00 0.91 1.00 0.96 1.00 1.00 1.00 1.00 1.00 0.96 0.99 1.00 0.92 1.00 1.00 1.00 1.00 1.00 1.00 1.00 1.00 1.00 1.00 1.00
0.73 0.91 0.91 0.90 0.63 0.82 0.91 0.90 0.86 0.86 0.91 0.92 0.86 0.93 0.93 1.00 0.64 0.95 0.71 0.89 0.93 0.93 0.93 0.95 0.61 0.77 0.89 0.57 0.85 0.90 0.91 0.91 0.95 0.90 0.91 0.91 0.89 0.90 0.89
0.68 0.88 0.88 0.87 0.58 0.77 0.88 0.86 0.82 0.81 0.89 0.90 0.81 0.90 0.90 1.00 0.60 0.92 0.64 0.84 0.90 0.90 0.90 0.92 0.56 0.71 0.84 0.51 0.81 0.85 0.87 0.87 0.92 0.85 0.87 0.87 0.85 0.85 0.85
0.73 0.90 0.90 0.89 0.62 0.82 0.90 0.89 0.86 0.86 0.91 0.92 0.86 0.92 0.93 1.00 0.63 0.94 0.70 0.89 0.92 0.92 0.93 0.94 0.59 0.75 0.89 0.55 0.84 0.89 0.90 0.90 0.94 0.89 0.90 0.90 0.88 0.89 0.88
0.55 0.78 0.78 0.77 0.46 0.65 0.78 0.77 0.72 0.70 0.80 0.82 0.70 0.81 0.83 1.00 0.51 0.87 0.52 0.74 0.81 0.81 0.83 0.87 0.40 0.57 0.74 0.37 0.68 0.74 0.76 0.77 0.87 0.74 0.76 0.77 0.74 0.74 0.74
0.66 0.86 0.86 0.85 0.57 0.76 0.86 0.85 0.81 0.80 0.88 0.89 0.80 0.89 0.90 1.00 0.60 0.92 0.64 0.84 0.89 0.89 0.90 0.92 0.53 0.70 0.84 0.49 0.80 0.84 0.86 0.86 0.92 0.84 0.86 0.86 0.84 0.84 0.84
0.56 0.78 0.78 0.77 0.46 0.65 0.78 0.77 0.73 0.69 0.80 0.82 0.69 0.81 0.83 1.00 0.49 0.87 0.50 0.73 0.81 0.81 0.82 0.87 0.40 0.56 0.73 0.37 0.68 0.73 0.75 0.76 0.87 0.73 0.75 0.76 0.74 0.73 0.74
0.71 0.89 0.89 0.88 0.62 0.81 0.89 0.88 0.85 0.85 0.91 0.92 0.85 0.92 0.93 1.00 0.63 0.94 0.69 0.88 0.92 0.92 0.93 0.94 0.60 0.75 0.88 0.55 0.84 0.89 0.90 0.90 0.94 0.89 0.90 0.90 0.88 0.89 0.88
0.74 0.91 0.91 0.90 0.63 0.83 0.91 0.89 0.86 0.87 0.92 0.93 0.87 0.93 0.94 1.00 0.65 0.95 0.71 0.90 0.93 0.93 0.94 0.95 0.64 0.78 0.90 0.59 0.86 0.90 0.91 0.91 0.95 0.90 0.91 0.91 0.89 0.90 0.89
0.71 0.90 0.90 0.88 0.62 0.81 0.90 0.88 0.85 0.85 0.91 0.91 0.85 0.92 0.93 1.00 0.63 0.94 0.70 0.88 0.92 0.92 0.93 0.94 0.61 0.76 0.88 0.56 0.84 0.89 0.90 0.90 0.94 0.89 0.90 0.90 0.88 0.89 0.88
0.54 0.77 0.77 0.75 0.44 0.62 0.77 0.76 0.70 0.67 0.78 0.80 0.67 0.80 0.81 1.00 0.48 0.87 0.49 0.71 0.80 0.80 0.82 0.87 0.38 0.54 0.71 0.35 0.66 0.72 0.74 0.74 0.87 0.72 0.74 0.74 0.73 0.72 0.73
0.72 0.90 0.90 0.89 0.62 0.82 0.90 0.89 0.85 0.86 0.91 0.91 0.86 0.92 0.93 1.00 0.63 0.94 0.70 0.88 0.92 0.92 0.93 0.94 0.60 0.77 0.88 0.56 0.85 0.89 0.90 0.90 0.94 0.89 0.90 0.90 0.88 0.89 0.88
0.88 0.98 0.98 0.97 0.81 0.95 0.98 0.97 0.95 0.97 0.98 0.98 0.97 0.99 0.99 1.00 0.79 0.99 0.87 0.98 0.99 0.99 0.99 0.99 0.83 0.93 0.98 0.78 0.96 0.98 0.98 0.98 0.99 0.98 0.98 0.98 0.97 0.98 0.97
0.96 1.00 1.00 1.00 0.92 0.99 1.00 1.00 0.99 1.00 1.00 1.00 1.00 1.00 1.00 1.00 0.91 1.00 0.96 1.00 1.00 1.00 1.00 1.00 0.95 0.99 1.00 0.92 0.99 1.00 1.00 1.00 1.00 1.00 1.00 1.00 0.99 1.00 0.99
0.94 1.00 1.00 0.99 0.89 0.98 1.00 0.99 0.98 0.99 0.99 1.00 0.99 1.00 1.00 1.00 0.87 1.00 0.93 0.99 1.00 1.00 1.00 1.00 0.93 0.98 0.99 0.89 0.99 1.00 1.00 1.00 1.00 1.00 1.00 1.00 0.99 1.00 0.99
0.70 0.89 0.89 0.87 0.60 0.80 0.89 0.87 0.84 0.83 0.89 0.91 0.83 0.91 0.92 1.00 0.62 0.93 0.67 0.87 0.91 0.91 0.92 0.93 0.58 0.74 0.87 0.54 0.83 0.87 0.88 0.88 0.93 0.87 0.88 0.88 0.86 0.87 0.86
0.49 0.73 0.73 0.72 0.40 0.56 0.73 0.73 0.67 0.61 0.75 0.77 0.61 0.76 0.78 1.00 0.46 0.84 0.43 0.66 0.76 0.76 0.78 0.84 0.33 0.47 0.66 0.31 0.61 0.67 0.69 0.69 0.84 0.67 0.69 0.69 0.68 0.67 0.68
0.76 0.92 0.92 0.91 0.66 0.85 0.92 0.91 0.88 0.88 0.93 0.93 0.88 0.94 0.94 1.00 0.67 0.95 0.74 0.91 0.94 0.94 0.94 0.95 0.66 0.80 0.91 0.61 0.88 0.91 0.92 0.92 0.95 0.91 0.92 0.92 0.90 0.91 0.90
0.94 0.99 0.99 0.99 0.89 0.98 0.99 0.99 0.98 0.99 0.99 0.99 0.99 1.00 1.00 1.00 0.86 1.00 0.94 0.99 1.00 1.00 1.00 1.00 0.92 0.97 0.99 0.88 0.99 0.99 0.99 0.99 1.00 0.99 0.99 0.99 0.99 0.99 0.99
0.44 0.68 0.68 0.67 0.35 0.51 0.68 0.68 0.62 0.55 0.71 0.73 0.55 0.71 0.73 1.00 0.42 0.82 0.38 0.60 0.71 0.71 0.73 0.82 0.28 0.42 0.60 0.26 0.55 0.61 0.64 0.65 0.82 0.61 0.64 0.65 0.64 0.61 0.64
0.58 0.80 0.80 0.79 0.48 0.66 0.80 0.79 0.74 0.71 0.81 0.83 0.71 0.82 0.84 1.00 0.51 0.89 0.53 0.75 0.82 0.82 0.84 0.89 0.44 0.58 0.75 0.40 0.70 0.76 0.78 0.78 0.89 0.76 0.78 0.78 0.76 0.76 0.76
0.66 0.86 0.86 0.85 0.55 0.75 0.86 0.85 0.81 0.80 0.88 0.89 0.80 0.89 0.90 1.00 0.58 0.92 0.62 0.83 0.89 0.89 0.90 0.92 0.53 0.68 0.83 0.49 0.79 0.84 0.85 0.85 0.92 0.84 0.85 0.85 0.83 0.84 0.83
0.92 0.99 0.99 0.99 0.86 0.97 0.99 0.99 0.98 0.99 0.99 0.99 0.99 1.00 1.00 1.00 0.85 0.99 0.92 0.99 1.00 1.00 1.00 0.99 0.90 0.96 0.99 0.85 0.99 0.99 0.99 0.99 0.99 0.99 0.99 0.99 0.99 0.99 0.99
0.91 0.99 0.99 0.99 0.85 0.97 0.99 0.98 0.97 0.99 0.99 0.99 0.99 0.99 0.99 1.00 0.84 0.99 0.91 0.99 0.99 0.99 0.99 0.99 0.89 0.96 0.99 0.84 0.98 0.99 0.99 0.99 0.99 0.99 0.99 0.99 0.99 0.99 0.99
0.43 0.68 0.68 0.68 0.36 0.49 0.68 0.68 0.63 0.54 0.71 0.73 0.54 0.69 0.72 1.00 0.42 0.81 0.38 0.59 0.69 0.69 0.71 0.81 0.28 0.41 0.59 0.26 0.54 0.60 0.63 0.63 0.81 0.60 0.63 0.64 0.62 0.60 0.62
0.95 1.00 1.00 0.99 0.90 0.98 1.00 0.99 0.99 0.99 1.00 1.00 0.99 1.00 1.00 1.00 0.89 1.00 0.94 1.00 1.00 1.00 1.00 1.00 0.94 0.98 1.00 0.90 0.99 1.00 1.00 1.00 1.00 1.00 1.00 1.00 0.99 1.00 0.99
0.74 0.91 0.91 0.90 0.64 0.83 0.91 0.90 0.86 0.87 0.92 0.93 0.87 0.93 0.94 1.00 0.64 0.95 0.72 0.90 0.93 0.93 0.94 0.95 0.62 0.78 0.90 0.58 0.86 0.90 0.91 0.91 0.95 0.90 0.91 0.91 0.89 0.90 0.89
0.61 0.83 0.83 0.82 0.51 0.70 0.83 0.81 0.77 0.74 0.84 0.85 0.74 0.85 0.87 1.00 0.54 0.90 0.57 0.79 0.85 0.85 0.87 0.90 0.46 0.62 0.79 0.42 0.73 0.79 0.81 0.81 0.90 0.79 0.81 0.81 0.79 0.79 0.79
0.93 0.99 0.99 0.99 0.88 0.98 0.99 0.99 0.98 0.99 0.99 0.99 0.99 1.00 1.00 1.00 0.86 1.00 0.93 0.99 1.00 1.00 1.00 1.00 0.91 0.97 0.99 0.87 0.98 0.99 0.99 0.99 1.00 0.99 0.99 0.99 0.99 0.99 0.99
0.75 0.92 0.92 0.91 0.65 0.84 0.92 0.91 0.88 0.87 0.92 0.93 0.87 0.93 0.94 1.00 0.66 0.95 0.72 0.91 0.93 0.93 0.94 0.95 0.64 0.79 0.91 0.60 0.87 0.91 0.92 0.92 0.95 0.91 0.92 0.92 0.90 0.91 0.90
0.70 0.89 0.89 0.88 0.60 0.80 0.89 0.87 0.84 0.84 0.90 0.91 0.84 0.91 0.92 1.00 0.61 0.94 0.68 0.87 0.91 0.91 0.92 0.94 0.57 0.74 0.87 0.54 0.84 0.88 0.89 0.89 0.94 0.88 0.89 0.89 0.87 0.88 0.87
0.71 0.89 0.89 0.88 0.61 0.80 0.89 0.88 0.84 0.84 0.90 0.91 0.84 0.92 0.93 1.00 0.62 0.94 0.69 0.88 0.92 0.92 0.92 0.94 0.60 0.75 0.88 0.55 0.84 0.88 0.89 0.89 0.94 0.88 0.89 0.89 0.88 0.88 0.88
0.73 0.91 0.91 0.90 0.64 0.83 0.91 0.90 0.86 0.87 0.92 0.93 0.87 0.93 0.94 1.00 0.65 0.95 0.71 0.90 0.93 0.93 0.93 0.95 0.63 0.78 0.90 0.58 0.86 0.90 0.91 0.91 0.95 0.90 0.91 0.91 0.89 0.90 0.89
0.91 0.99 0.99 0.98 0.84 0.96 0.99 0.98 0.97 0.98 0.99 0.99 0.98 0.99 0.99 1.00 0.83 0.99 0.90 0.99 0.99 0.99 0.99 0.99 0.87 0.95 0.99 0.83 0.98 0.99 0.99 0.99 0.99 0.99 0.99 0.99 0.98 0.99 0.98
0.61 0.82 0.82 0.81 0.50 0.70 0.82 0.81 0.76 0.75 0.84 0.85 0.75 0.85 0.86 1.00 0.54 0.90 0.57 0.78 0.85 0.85 0.86 0.90 0.46 0.63 0.78 0.43 0.73 0.79 0.81 0.81 0.90 0.79 0.81 0.81 0.79 0.79 0.79
0.62 0.83 0.83 0.82 0.52 0.71 0.83 0.82 0.78 0.76 0.85 0.86 0.76 0.86 0.87 1.00 0.54 0.90 0.59 0.80 0.86 0.86 0.87 0.90 0.48 0.64 0.80 0.45 0.75 0.80 0.82 0.82 0.90 0.80 0.82 0.82 0.79 0.80 0.79
0.77 0.93 0.93 0.92 0.68 0.86 0.93 0.92 0.89 0.89 0.94 0.94 0.89 0.95 0.95 1.00 0.67 0.96 0.74 0.91 0.95 0.95 0.95 0.96 0.68 0.81 0.91 0.63 0.89 0.92 0.93 0.93 0.96 0.92 0.93 0.93 0.91 0.92 0.91
0.89 0.99 0.99 0.98 0.82 0.95 0.99 0.98 0.97 0.97 0.99 0.99 0.97 0.99 0.99 1.00 0.81 0.99 0.89 0.98 0.99 0.99 0.99 0.99 0.85 0.94 0.98 0.80 0.97 0.98 0.99 0.99 0.99 0.98 0.99 0.99 0.98 0.98 0.98
0.86 0.97 0.97 0.97 0.77 0.93 0.97 0.96 0.94 0.95 0.97 0.98 0.95 0.98 0.98 1.00 0.77 0.98 0.84 0.97 0.98 0.98 0.98 0.98 0.80 0.91 0.97 0.75 0.95 0.97 0.97 0.97 0.98 0.97 0.97 0.97 0.96 0.97 0.96
0.68 0.87 0.87 0.86 0.57 0.77 0.87 0.86 0.82 0.81 0.88 0.90 0.81 0.90 0.91 1.00 0.59 0.92 0.65 0.85 0.90 0.90 0.91 0.92 0.55 0.70 0.85 0.51 0.81 0.85 0.87 0.87 0.92 0.85 0.87 0.87 0.85 0.85 0.85
0.64 0.85 0.85 0.84 0.54 0.73 0.85 0.84 0.80 0.78 0.87 0.88 0.78 0.87 0.89 1.00 0.57 0.91 0.61 0.82 0.87 0.87 0.88 0.91 0.51 0.68 0.82 0.47 0.78 0.83 0.84 0.84 0.91 0.83 0.84 0.84 0.82 0.83 0.82
0.84 0.96 0.96 0.95 0.75 0.91 0.96 0.95 0.93 0.94 0.96 0.97 0.94 0.97 0.97 1.00 0.73 0.98 0.82 0.96 0.97 0.97 0.97 0.98 0.77 0.89 0.96 0.72 0.94 0.96 0.96 0.96 0.98 0.96 0.96 0.96 0.95 0.96 0.95
0.78 0.93 0.93 0.92 0.68 0.87 0.93 0.92 0.89 0.90 0.94 0.94 0.90 0.95 0.95 1.00 0.69 0.96 0.76 0.92 0.95 0.95 0.95 0.96 0.68 0.82 0.92 0.63 0.89 0.93 0.94 0.94 0.96 0.93 0.94 0.94 0.92 0.93 0.92
0.92 0.99 0.99 0.99 0.85 0.97 0.99 0.98 0.97 0.98 0.99 0.99 0.98 0.99 0.99 1.00 0.83 0.99 0.90 0.99 0.99 0.99 0.99 0.99 0.88 0.96 0.99 0.84 0.98 0.99 0.99 0.99 0.99 0.99 0.99 0.99 0.98 0.99 0.98
0.93 0.99 0.99 0.99 0.88 0.98 0.99 0.99 0.98 0.99 0.99 0.99 0.99 1.00 1.00 1.00 0.86 1.00 0.93 0.99 1.00 1.00 1.00 1.00 0.92 0.97 0.99 0.87 0.99 1.00 1.00 1.00 1.00 1.00 1.00 1.00 0.99 1.00 0.99
0.94 0.99 0.99 0.99 0.89 0.98 0.99 0.99 0.98 0.99 0.99 0.99 0.99 1.00 1.00 1.00 0.87 1.00 0.93 0.99 1.00 1.00 1.00 1.00 0.92 0.97 0.99 0.88 0.99 1.00 1.00 1.00 1.00 1.00 1.00 1.00 0.99 1.00 0.99
0.88 0.98 0.98 0.97 0.81 0.95 0.98 0.97 0.95 0.97 0.98 0.98 0.97 0.99 0.99 1.00 0.79 0.99 0.87 0.98 0.99 0.99 0.99 0.99 0.84 0.93 0.98 0.79 0.97 0.98 0.98 0.98 0.99 0.98 0.98 0.98 0.97 0.98 0.97
0.91 0.99 0.99 0.98 0.84 0.97 0.99 0.98 0.97 0.98 0.99 0.99 0.98 0.99 0.99 1.00 0.83 0.99 0.91 0.99 0.99 0.99 0.99 0.99 0.88 0.96 0.99 0.84 0.98 0.99 0.99 0.99 0.99 0.99 0.99 0.99 0.98 0.99 0.98
0.80 0.95 0.95 0.94 0.71 0.89 0.95 0.93 0.91 0.92 0.95 0.96 0.92 0.96 0.97 1.00 0.70 0.97 0.78 0.94 0.96 0.96 0.97 0.97 0.72 0.85 0.94 0.67 0.92 0.94 0.95 0.95 0.97 0.94 0.95 0.95 0.94 0.94 0.94
0.69 0.87 0.87 0.86 0.57 0.77 0.87 0.86 0.82 0.81 0.88 0.89 0.81 0.89 0.91 1.00 0.59 0.92 0.63 0.84 0.89 0.89 0.90 0.92 0.54 0.70 0.84 0.50 0.80 0.84 0.86 0.86 0.92 0.84 0.86 0.86 0.84 0.84 0.84
0.96 1.00 1.00 0.99 0.92 0.99 1.00 0.99 0.99 0.99 1.00 1.00 0.99 1.00 1.00 1.00 0.91 1.00 0.95 1.00 1.00 1.00 1.00 1.00 0.95 0.99 1.00 0.92 0.99 1.00 1.00 1.00 1.00 1.00 1.00 1.00 1.00 1.00 1.00
0.75 0.92 0.92 0.90 0.65 0.83 0.92 0.90 0.87 0.87 0.92 0.93 0.87 0.93 0.94 1.00 0.64 0.95 0.72 0.90 0.93 0.93 0.94 0.95 0.64 0.79 0.90 0.59 0.87 0.90 0.91 0.91 0.95 0.90 0.91 0.91 0.90 0.90 0.90
0.94 0.99 0.99 0.99 0.89 0.98 0.99 0.99 0.98 0.99 1.00 1.00 0.99 1.00 1.00 1.00 0.87 1.00 0.94 1.00 1.00 1.00 1.00 1.00 0.93 0.98 1.00 0.88 0.99 1.00 1.00 1.00 1.00 1.00 1.00 1.00 0.99 1.00 0.99
0.96 1.00 1.00 1.00 0.92 0.99 1.00 1.00 0.99 0.99 1.00 1.00 0.99 1.00 1.00 1.00 0.90 1.00 0.95 1.00 1.00 1.00 1.00 1.00 0.95 0.99 1.00 0.92 0.99 1.00 1.00 1.00 1.00 1.00 1.00 1.00 0.99 1.00 0.99
0.77 0.93 0.93 0.92 0.68 0.86 0.93 0.92 0.89 0.89 0.93 0.94 0.89 0.94 0.95 1.00 0.67 0.96 0.75 0.92 0.94 0.94 0.95 0.96 0.68 0.82 0.92 0.63 0.89 0.92 0.93 0.93 0.96 0.92 0.93 0.93 0.92 0.92 0.92
0.66 0.86 0.86 0.85 0.56 0.75 0.86 0.84 0.80 0.79 0.88 0.89 0.79 0.89 0.90 1.00 0.57 0.92 0.63 0.83 0.89 0.89 0.90 0.92 0.52 0.68 0.83 0.48 0.79 0.84 0.85 0.85 0.92 0.84 0.85 0.85 0.83 0.84 0.83
0.51 0.74 0.74 0.73 0.42 0.58 0.74 0.73 0.68 0.63 0.76 0.78 0.63 0.77 0.79 1.00 0.47 0.85 0.46 0.68 0.77 0.77 0.79 0.85 0.35 0.49 0.68 0.32 0.62 0.69 0.72 0.72 0.85 0.69 0.72 0.72 0.70 0.69 0.70
0.67 0.87 0.87 0.86 0.57 0.77 0.87 0.86 0.82 0.81 0.88 0.90 0.81 0.90 0.91 1.00 0.59 0.93 0.66 0.85 0.90 0.90 0.91 0.93 0.54 0.70 0.85 0.50 0.80 0.86 0.86 0.87 0.93 0.86 0.86 0.87 0.85 0.86 0.85
0.68 0.87 0.87 0.86 0.57 0.77 0.87 0.86 0.82 0.81 0.88 0.89 0.81 0.90 0.91 1.00 0.59 0.92 0.64 0.84 0.90 0.90 0.91 0.92 0.54 0.70 0.84 0.50 0.80 0.85 0.86 0.86 0.92 0.85 0.86 0.86 0.85 0.85 0.85
0.68 0.88 0.88 0.86 0.57 0.78 0.88 0.86 0.82 0.82 0.89 0.90 0.82 0.90 0.91 1.00 0.59 0.92 0.66 0.85 0.90 0.90 0.91 0.92 0.55 0.71 0.85 0.51 0.81 0.86 0.87 0.87 0.92 0.86 0.87 0.87 0.85 0.86 0.85
0.69 0.88 0.88 0.86 0.58 0.78 0.88 0.86 0.82 0.83 0.89 0.90 0.83 0.90 0.91 1.00 0.60 0.93 0.66 0.86 0.90 0.90 0.91 0.93 0.55 0.72 0.86 0.52 0.82 0.86 0.87 0.87 0.93 0.86 0.87 0.87 0.85 0.86 0.85
0.93 0.99 0.99 0.99 0.88 0.98 0.99 0.99 0.98 0.99 0.99 0.99 0.99 1.00 1.00 1.00 0.86 1.00 0.92 0.99 1.00 1.00 1.00 1.00 0.92 0.97 0.99 0.87 0.99 0.99 1.00 1.00 1.00 0.99 1.00 1.00 0.99 0.99 0.99
0.83 0.96 0.96 0.95 0.74 0.91 0.96 0.95 0.93 0.94 0.96 0.97 0.94 0.97 0.97 1.00 0.73 0.98 0.83 0.96 0.97 0.97 0.97 0.98 0.77 0.88 0.96 0.72 0.94 0.96 0.97 0.97 0.98 0.96 0.97 0.97 0.95 0.96 0.95
0.45 0.69 0.69 0.69 0.36 0.52 0.69 0.69 0.63 0.57 0.71 0.74 0.57 0.71 0.74 1.00 0.44 0.82 0.39 0.61 0.71 0.71 0.74 0.82 0.29 0.43 0.61 0.27 0.56 0.62 0.65 0.65 0.82 0.62 0.65 0.66 0.64 0.62 0.64
0.79 0.94 0.94 0.93 0.70 0.89 0.94 0.93 0.90 0.91 0.95 0.95 0.91 0.96 0.96 1.00 0.70 0.97 0.78 0.94 0.96 0.96 0.96 0.97 0.71 0.84 0.94 0.66 0.91 0.94 0.94 0.95 0.97 0.94 0.94 0.95 0.93 0.94 0.93
0.85 0.97 0.97 0.96 0.76 0.93 0.97 0.96 0.94 0.95 0.97 0.97 0.95 0.98 0.98 1.00 0.76 0.98 0.84 0.97 0.98 0.98 0.98 0.98 0.79 0.90 0.97 0.75 0.95 0.97 0.97 0.97 0.98 0.97 0.97 0.97 0.96 0.97 0.96
0.45 0.70 0.70 0.69 0.37 0.53 0.70 0.70 0.64 0.58 0.72 0.74 0.58 0.72 0.75 1.00 0.43 0.83 0.40 0.62 0.72 0.72 0.75 0.83 0.30 0.44 0.62 0.28 0.57 0.63 0.66 0.66 0.83 0.63 0.66 0.66 0.65 0.63 0.65
0.72 0.90 0.90 0.89 0.62 0.82 0.90 0.89 0.85 0.85 0.91 0.92 0.85 0.92 0.93 1.00 0.62 0.94 0.70 0.88 0.92 0.92 0.93 0.94 0.60 0.76 0.88 0.55 0.84 0.89 0.90 0.90 0.94 0.89 0.90 0.90 0.88 0.89 0.88
0.69 0.88 0.88 0.87 0.59 0.79 0.88 0.87 0.83 0.83 0.89 0.90 0.83 0.91 0.91 1.00 0.60 0.93 0.67 0.86 0.91 0.91 0.91 0.93 0.58 0.73 0.86 0.53 0.82 0.87 0.88 0.88 0.93 0.87 0.88 0.88 0.86 0.87 0.86
0.75 0.92 0.92 0.90 0.65 0.84 0.92 0.90 0.87 0.87 0.92 0.93 0.87 0.93 0.94 1.00 0.65 0.95 0.73 0.91 0.93 0.93 0.94 0.95 0.65 0.79 0.91 0.60 0.87 0.91 0.92 0.92 0.95 0.91 0.92 0.92 0.90 0.91 0.90
