0.78 0.87 0.87 0.85 0.61 1.00 0.87 0.84 0.82 0.94 0.86 0.86 0.94 0.88 0.87 0.85 0.59 0.85 0.69 0.85 0.88 0.88 0.87 0.85 0.60 0.74 0.85 0.56 0.81 0.85 0.85 0.85 0.85 0.85 0.85 0.85 0.82 0.85 0.82
0.93 0.98 0.98 0.97 0.86 1.00 0.98 0.97 0.96 0.98 0.97 0.97 0.98 0.98 0.98 0.97 0.84 0.98 0.90 0.98 0.98 0.98 0.98 0.98 0.88 0.94 0.98 0.84 0.97 0.98 0.97 0.97 0.98 0.98 0.97 0.97 0.97 0.98 0.97
0.81 0.90 0.90 0.88 0.66 1.00 0.90 0.88 0.85 0.95 0.89 0.89 0.95 0.89 0.89 0.88 0.64 0.88 0.74 0.88 0.89 0.89 0.89 0.88 0.66 0.78 0.88 0.62 0.84 0.88 0.88 0.88 0.88 0.88 0.88 0.88 0.86 0.88 0.86
0.81 0.90 0.90 0.89 0.67 1.00 0.90 0.88 0.86 0.95 0.89 0.89 0.95 0.91 0.90 0.88 0.65 0.89 0.74 0.89 0.91 0.91 0.90 0.89 0.67 0.79 0.89 0.63 0.85 0.89 0.89 0.89 0.89 0.89 0.89 0.89 0.87 0.89 0.87
0.94 0.98 0.98 0.98 0.88 1.00 0.98 0.98 0.97 0.99 0.98 0.98 0.99 0.98 0.98 0.98 0.87 0.98 0.93 0.98 0.98 0.98 0.98 0.98 0.92 0.96 0.98 0.89 0.98 0.98 0.98 0.98 0.98 0.98 0.98 0.98 0.98 0.98 0.98
0.62 0.70 0.70 0.66 0.38 1.00 0.70 0.64 0.59 0.89 0.67 0.66 0.89 0.68 0.68 0.62 0.35 0.62 0.45 0.64 0.68 0.68 0.67 0.62 0.33 0.44 0.64 0.31 0.55 0.63 0.62 0.61 0.62 0.63 0.62 0.61 0.58 0.63 0.58
0.58 0.66 0.66 0.62 0.35 1.00 0.66 0.60 0.56 0.88 0.63 0.62 0.88 0.65 0.64 0.59 0.33 0.58 0.42 0.60 0.65 0.65 0.64 0.58 0.29 0.40 0.60 0.28 0.51 0.60 0.58 0.58 0.58 0.60 0.58 0.58 0.54 0.60 0.54
0.95 0.99 0.99 0.98 0.90 1.00 0.99 0.98 0.98 0.99 0.99 0.99 0.99 0.99 0.99 0.99 0.89 0.99 0.94 0.99 0.99 0.99 0.99 0.99 0.93 0.97 0.99 0.90 0.98 0.99 0.99 0.99 0.99 0.99 0.99 0.99 0.98 0.99 0.98
0.57 0.66 0.66 0.62 0.34 1.00 0.66 0.60 0.56 0.89 0.63 0.62 0.89 0.65 0.64 0.58 0.32 0.58 0.41 0.59 0.65 0.65 0.64 0.58 0.30 0.40 0.59 0.27 0.50 0.59 0.57 0.57 0.58 0.59 0.57 0.57 0.53 0.59 0.53
0.73 0.82 0.82 0.80 0.53 1.00 0.82 0.78 0.75 0.93 0.80 0.80 0.93 0.82 0.81 0.79 0.51 0.78 0.61 0.79 0.82 0.82 0.81 0.78 0.51 0.64 0.79 0.47 0.73 0.79 0.78 0.78 0.78 0.79 0.78 0.78 0.75 0.79 0.75
0.55 0.62 0.62 0.57 0.31 1.00 0.62 0.56 0.51 0.87 0.58 0.57 0.87 0.60 0.59 0.53 0.28 0.53 0.38 0.55 0.60 0.60 0.59 0.53 0.25 0.36 0.55 0.24 0.45 0.55 0.52 0.52 0.53 0.55 0.52 0.52 0.48 0.55 0.48
0.53 0.60 0.60 0.55 0.28 1.00 0.60 0.53 0.49 0.86 0.56 0.55 0.86 0.58 0.57 0.51 0.26 0.50 0.35 0.53 0.58 0.58 0.57 0.50 0.24 0.32 0.53 0.22 0.43 0.52 0.50 0.50 0.50 0.52 0.50 0.50 0.46 0.52 0.46
0.74 0.83 0.83 0.80 0.55 1.00 0.83 0.79 0.76 0.93 0.82 0.81 0.93 0.82 0.82 0.79 0.53 0.80 0.63 0.80 0.82 0.82 0.82 0.80 0.53 0.66 0.80 0.50 0.74 0.80 0.79 0.79 0.80 0.80 0.79 0.79 0.77 0.80 0.77
0.76 0.85 0.85 0.82 0.57 1.00 0.85 0.81 0.78 0.94 0.83 0.83 0.94 0.84 0.84 0.81 0.55 0.82 0.65 0.82 0.84 0.84 0.84 0.82 0.56 0.69 0.82 0.52 0.77 0.82 0.82 0.82 0.82 0.82 0.82 0.82 0.79 0.82 0.79
0.78 0.86 0.86 0.84 0.60 1.00 0.86 0.83 0.80 0.94 0.85 0.85 0.94 0.86 0.86 0.84 0.59 0.84 0.69 0.84 0.86 0.86 0.86 0.84 0.60 0.73 0.84 0.56 0.80 0.84 0.84 0.84 0.84 0.84 0.84 0.84 0.82 0.84 0.82
0.55 0.62 0.62 0.57 0.30 1.00 0.62 0.55 0.51 0.87 0.58 0.58 0.87 0.60 0.59 0.53 0.28 0.53 0.37 0.55 0.60 0.60 0.59 0.53 0.25 0.35 0.55 0.23 0.45 0.54 0.52 0.52 0.53 0.54 0.52 0.52 0.48 0.54 0.48
0.94 0.98 0.98 0.98 0.88 1.00 0.98 0.98 0.97 0.99 0.98 0.98 0.99 0.98 0.98 0.98 0.87 0.98 0.92 0.98 0.98 0.98 0.98 0.98 0.92 0.96 0.98 0.88 0.98 0.98 0.98 0.98 0.98 0.98 0.98 0.98 0.98 0.98 0.98
0.74 0.83 0.83 0.80 0.54 1.00 0.83 0.79 0.76 0.93 0.81 0.81 0.93 0.82 0.82 0.79 0.52 0.79 0.63 0.80 0.82 0.82 0.82 0.79 0.53 0.65 0.80 0.49 0.74 0.80 0.79 0.79 0.79 0.80 0.79 0.79 0.76 0.80 0.76
0.69 0.78 0.78 0.75 0.47 1.00 0.78 0.73 0.70 0.92 0.76 0.75 0.92 0.77 0.77 0.74 0.45 0.73 0.56 0.74 0.77 0.77 0.77 0.73 0.45 0.57 0.74 0.42 0.67 0.74 0.73 0.73 0.73 0.74 0.73 0.73 0.70 0.74 0.70
0.59 0.66 0.66 0.62 0.34 1.00 0.66 0.60 0.56 0.88 0.63 0.62 0.88 0.65 0.64 0.59 0.32 0.58 0.42 0.60 0.65 0.65 0.64 0.58 0.30 0.40 0.60 0.28 0.51 0.59 0.57 0.57 0.58 0.59 0.57 0.57 0.53 0.59 0.53
0.93 0.98 0.98 0.98 0.87 1.00 0.98 0.98 0.97 0.99 0.98 0.98 0.99 0.98 0.98 0.98 0.86 0.98 0.92 0.98 0.98 0.98 0.98 0.98 0.91 0.96 0.98 0.86 0.97 0.98 0.98 0.98 0.98 0.98 0.98 0.98 0.97 0.98 0.97
0.81 0.89 0.89 0.87 0.64 1.00 0.89 0.87 0.84 0.95 0.88 0.88 0.95 0.89 0.89 0.87 0.62 0.87 0.72 0.87 0.89 0.89 0.89 0.87 0.65 0.77 0.87 0.59 0.84 0.87 0.87 0.87 0.87 0.87 0.87 0.87 0.85 0.87 0.85
0.95 0.99 0.99 0.99 0.91 1.00 0.99 0.99 0.98 0.99 0.99 0.99 0.99 0.99 0.99 0.99 0.90 0.99 0.94 0.99 0.99 0.99 0.99 0.99 0.94 0.98 0.99 0.90 0.99 0.99 0.99 0.99 0.99 0.99 0.99 0.99 0.99 0.99 0.99
0.91 0.97 0.97 0.96 0.83 1.00 0.97 0.96 0.95 0.98 0.97 0.97 0.98 0.97 0.97 0.96 0.81 0.97 0.88 0.97 0.97 0.97 0.97 0.97 0.86 0.93 0.97 0.81 0.95 0.97 0.97 0.97 0.97 0.97 0.97 0.97 0.96 0.97 0.96
0.74 0.84 0.84 0.81 0.56 1.00 0.84 0.80 0.77 0.93 0.82 0.82 0.93 0.83 0.83 0.80 0.53 0.81 0.64 0.80 0.83 0.83 0.83 0.81 0.54 0.67 0.80 0.51 0.75 0.81 0.80 0.80 0.81 0.81 0.80 0.80 0.77 0.81 0.77
0.71 0.80 0.80 0.77 0.50 1.00 0.80 0.76 0.72 0.92 0.78 0.78 0.92 0.80 0.79 0.76 0.47 0.76 0.58 0.77 0.80 0.80 0.79 0.76 0.48 0.60 0.77 0.44 0.70 0.77 0.76 0.76 0.76 0.77 0.76 0.76 0.73 0.77 0.73
0.93 0.98 0.98 0.98 0.88 1.00 0.98 0.98 0.97 0.99 0.98 0.98 0.99 0.98 0.98 0.98 0.85 0.98 0.92 0.98 0.98 0.98 0.98 0.98 0.90 0.96 0.98 0.86 0.97 0.98 0.98 0.98 0.98 0.98 0.98 0.98 0.98 0.98 0.98
0.78 0.87 0.87 0.84 0.60 1.00 0.87 0.84 0.81 0.94 0.85 0.85 0.94 0.87 0.86 0.84 0.58 0.84 0.68 0.85 0.87 0.87 0.86 0.84 0.60 0.73 0.85 0.56 0.80 0.85 0.84 0.84 0.84 0.85 0.84 0.84 0.82 0.85 0.82
0.77 0.86 0.86 0.84 0.59 1.00 0.86 0.83 0.80 0.94 0.85 0.84 0.94 0.86 0.85 0.83 0.57 0.83 0.68 0.84 0.86 0.86 0.85 0.83 0.58 0.71 0.84 0.54 0.79 0.84 0.83 0.83 0.83 0.84 0.83 0.83 0.81 0.84 0.81
0.87 0.94 0.94 0.93 0.75 1.00 0.94 0.93 0.91 0.97 0.94 0.94 0.97 0.94 0.94 0.93 0.73 0.94 0.83 0.94 0.94 0.94 0.94 0.94 0.77 0.87 0.94 0.72 0.91 0.94 0.94 0.94 0.94 0.94 0.94 0.94 0.92 0.94 0.92
0.78 0.87 0.87 0.84 0.59 1.00 0.87 0.83 0.80 0.94 0.85 0.85 0.94 0.86 0.86 0.84 0.57 0.84 0.69 0.84 0.86 0.86 0.86 0.84 0.59 0.72 0.84 0.55 0.79 0.84 0.84 0.84 0.84 0.84 0.84 0.84 0.81 0.84 0.81
0.92 0.98 0.98 0.97 0.85 1.00 0.98 0.97 0.96 0.98 0.98 0.97 0.98 0.98 0.98 0.97 0.84 0.98 0.90 0.97 0.98 0.98 0.98 0.98 0.89 0.95 0.97 0.84 0.97 0.97 0.97 0.97 0.98 0.97 0.97 0.97 0.97 0.97 0.97
0.59 0.67 0.67 0.63 0.34 1.00 0.67 0.61 0.57 0.88 0.64 0.63 0.88 0.66 0.65 0.60 0.34 0.60 0.42 0.61 0.66 0.66 0.66 0.60 0.31 0.42 0.61 0.29 0.52 0.61 0.59 0.59 0.60 0.61 0.59 0.59 0.55 0.61 0.55
0.88 0.95 0.95 0.94 0.77 1.00 0.95 0.94 0.92 0.97 0.95 0.95 0.97 0.95 0.95 0.95 0.76 0.95 0.85 0.95 0.95 0.95 0.95 0.95 0.80 0.89 0.95 0.75 0.93 0.95 0.95 0.95 0.95 0.95 0.95 0.95 0.94 0.95 0.94
0.74 0.83 0.83 0.80 0.55 1.00 0.83 0.79 0.76 0.93 0.82 0.82 0.93 0.83 0.83 0.80 0.52 0.80 0.64 0.80 0.83 0.83 0.83 0.80 0.52 0.66 0.80 0.49 0.74 0.81 0.80 0.80 0.80 0.81 0.80 0.80 0.77 0.81 0.77
0.85 0.93 0.93 0.92 0.73 1.00 0.93 0.92 0.90 0.96 0.93 0.93 0.96 0.94 0.93 0.92 0.70 0.93 0.80 0.93 0.94 0.94 0.93 0.93 0.75 0.85 0.93 0.70 0.90 0.93 0.93 0.92 0.93 0.93 0.93 0.93 0.91 0.93 0.91
0.73 0.82 0.82 0.80 0.54 1.00 0.82 0.79 0.76 0.93 0.81 0.81 0.93 0.82 0.82 0.79 0.52 0.79 0.62 0.80 0.82 0.82 0.82 0.79 0.52 0.66 0.80 0.48 0.74 0.80 0.79 0.79 0.79 0.80 0.79 0.79 0.76 0.80 0.76
0.67 0.76 0.76 0.72 0.45 1.00 0.76 0.71 0.67 0.91 0.73 0.72 0.91 0.74 0.74 0.70 0.42 0.70 0.53 0.70 0.74 0.74 0.74 0.70 0.40 0.53 0.70 0.38 0.62 0.70 0.69 0.68 0.70 0.70 0.69 0.69 0.65 0.70 0.65
0.57 0.64 0.64 0.60 0.32 1.00 0.64 0.58 0.54 0.88 0.60 0.59 0.88 0.62 0.61 0.56 0.30 0.55 0.38 0.57 0.62 0.62 0.61 0.55 0.27 0.37 0.57 0.25 0.47 0.57 0.55 0.54 0.55 0.57 0.55 0.54 0.51 0.57 0.51
0.93 0.98 0.98 0.98 0.86 1.00 0.98 0.97 0.96 0.99 0.98 0.98 0.99 0.98 0.98 0.98 0.85 0.98 0.91 0.98 0.98 0.98 0.98 0.98 0.89 0.96 0.98 0.85 0.97 0.98 0.98 0.98 0.98 0.98 0.98 0.98 0.97 0.98 0.97
0.73 0.82 0.82 0.79 0.52 1.00 0.82 0.79 0.75 0.93 0.81 0.80 0.93 0.82 0.81 0.78 0.51 0.78 0.61 0.79 0.82 0.82 0.81 0.78 0.49 0.63 0.79 0.45 0.73 0.79 0.78 0.78 0.78 0.79 0.78 0.78 0.75 0.79 0.75
0.53 0.62 0.62 0.57 0.29 1.00 0.62 0.54 0.50 0.87 0.58 0.57 0.87 0.60 0.59 0.52 0.27 0.52 0.37 0.55 0.60 0.60 0.59 0.52 0.25 0.34 0.55 0.24 0.44 0.54 0.52 0.51 0.52 0.54 0.52 0.51 0.47 0.54 0.47
0.88 0.95 0.95 0.94 0.76 1.00 0.95 0.94 0.92 0.97 0.94 0.94 0.97 0.95 0.95 0.94 0.74 0.94 0.83 0.94 0.95 0.95 0.95 0.94 0.78 0.88 0.94 0.73 0.92 0.94 0.94 0.94 0.94 0.94 0.94 0.94 0.93 0.94 0.93
0.72 0.81 0.81 0.78 0.51 1.00 0.81 0.77 0.73 0.92 0.79 0.78 0.92 0.80 0.80 0.77 0.50 0.77 0.60 0.77 0.80 0.80 0.80 0.77 0.48 0.62 0.77 0.45 0.71 0.77 0.76 0.76 0.77 0.77 0.76 0.76 0.73 0.77 0.73
0.73 0.83 0.83 0.80 0.55 1.00 0.83 0.79 0.76 0.93 0.81 0.81 0.93 0.82 0.82 0.79 0.53 0.79 0.63 0.80 0.82 0.82 0.82 0.79 0.52 0.66 0.80 0.49 0.74 0.80 0.79 0.79 0.79 0.80 0.79 0.79 0.76 0.80 0.76
0.72 0.81 0.81 0.78 0.51 1.00 0.81 0.77 0.73 0.92 0.79 0.79 0.92 0.81 0.80 0.77 0.50 0.77 0.60 0.77 0.81 0.81 0.80 0.77 0.49 0.62 0.77 0.46 0.71 0.77 0.76 0.76 0.77 0.77 0.76 0.76 0.73 0.77 0.73
0.95 0.99 0.99 0.99 0.90 1.00 0.99 0.99 0.98 0.99 0.99 0.99 0.99 0.99 0.99 0.99 0.89 0.99 0.94 0.99 0.99 0.99 0.99 0.99 0.93 0.97 0.99 0.90 0.98 0.99 0.99 0.99 0.99 0.99 0.99 0.99 0.99 0.99 0.99
0.96 0.99 0.99 0.99 0.92 1.00 0.99 0.99 0.99 0.99 0.99 0.99 0.99 0.99 0.99 0.99 0.90 0.99 0.95 0.99 0.99 0.99 0.99 0.99 0.95 0.98 0.99 0.92 0.99 0.99 0.99 0.99 0.99 0.99 0.99 0.99 0.99 0.99 0.99
0.91 0.97 0.97 0.96 0.83 1.00 0.97 0.96 0.94 0.98 0.96 0.96 0.98 0.97 0.97 0.96 0.80 0.97 0.88 0.96 0.97 0.97 0.97 0.97 0.85 0.93 0.96 0.80 0.95 0.96 0.96 0.96 0.97 0.96 0.96 0.96 0.96 0.96 0.96
0.67 0.76 0.76 0.73 0.46 1.00 0.76 0.72 0.68 0.91 0.74 0.74 0.91 0.76 0.75 0.71 0.44 0.71 0.54 0.72 0.76 0.76 0.75 0.71 0.42 0.55 0.72 0.39 0.65 0.72 0.71 0.71 0.71 0.72 0.71 0.71 0.67 0.72 0.67
0.84 0.92 0.92 0.91 0.70 1.00 0.92 0.90 0.88 0.96 0.91 0.91 0.96 0.92 0.91 0.90 0.68 0.90 0.77 0.91 0.92 0.92 0.92 0.90 0.71 0.82 0.91 0.67 0.87 0.91 0.91 0.91 0.90 0.91 0.91 0.91 0.89 0.91 0.89
0.79 0.88 0.88 0.87 0.63 1.00 0.88 0.86 0.83 0.95 0.87 0.87 0.95 0.88 0.88 0.86 0.62 0.87 0.72 0.87 0.88 0.88 0.88 0.87 0.64 0.77 0.87 0.59 0.83 0.87 0.86 0.86 0.87 0.87 0.86 0.86 0.84 0.87 0.84
0.76 0.86 0.86 0.84 0.58 1.00 0.86 0.83 0.79 0.94 0.84 0.84 0.94 0.85 0.85 0.83 0.58 0.83 0.67 0.83 0.85 0.85 0.85 0.83 0.58 0.70 0.83 0.53 0.78 0.83 0.83 0.83 0.83 0.83 0.83 0.83 0.80 0.83 0.80
0.62 0.71 0.71 0.66 0.38 1.00 0.71 0.65 0.61 0.89 0.68 0.67 0.89 0.69 0.68 0.63 0.37 0.63 0.46 0.64 0.69 0.69 0.68 0.63 0.34 0.46 0.64 0.32 0.56 0.64 0.62 0.62 0.63 0.64 0.62 0.62 0.59 0.64 0.59
0.70 0.80 0.80 0.78 0.51 1.00 0.80 0.76 0.73 0.92 0.78 0.78 0.92 0.80 0.79 0.76 0.49 0.77 0.60 0.77 0.80 0.80 0.79 0.77 0.49 0.62 0.77 0.46 0.71 0.77 0.76 0.76 0.77 0.77 0.76 0.76 0.72 0.77 0.72
0.74 0.83 0.83 0.81 0.55 1.00 0.83 0.80 0.77 0.93 0.82 0.82 0.93 0.84 0.83 0.80 0.53 0.81 0.64 0.81 0.84 0.84 0.83 0.81 0.53 0.67 0.81 0.50 0.75 0.81 0.80 0.80 0.81 0.81 0.80 0.80 0.78 0.81 0.78
0.68 0.77 0.77 0.74 0.47 1.00 0.77 0.73 0.69 0.92 0.75 0.75 0.92 0.77 0.76 0.72 0.44 0.72 0.56 0.74 0.77 0.77 0.77 0.72 0.45 0.57 0.74 0.41 0.66 0.73 0.72 0.72 0.72 0.73 0.72 0.72 0.69 0.73 0.69
0.94 0.98 0.98 0.98 0.88 1.00 0.98 0.98 0.97 0.99 0.98 0.98 0.99 0.98 0.98 0.98 0.87 0.98 0.92 0.98 0.98 0.98 0.98 0.98 0.91 0.96 0.98 0.87 0.98 0.98 0.98 0.98 0.98 0.98 0.98 0.98 0.98 0.98 0.98
0.81 0.90 0.90 0.88 0.66 1.00 0.90 0.88 0.85 0.95 0.89 0.89 0.95 0.90 0.90 0.88 0.63 0.88 0.74 0.88 0.90 0.90 0.90 0.88 0.67 0.78 0.88 0.62 0.84 0.88 0.88 0.88 0.88 0.88 0.88 0.88 0.86 0.88 0.86
0.85 0.92 0.92 0.91 0.70 1.00 0.92 0.90 0.88 0.96 0.92 0.92 0.96 0.92 0.92 0.91 0.68 0.91 0.78 0.91 0.92 0.92 0.92 0.91 0.72 0.83 0.91 0.67 0.88 0.91 0.91 0.91 0.91 0.91 0.91 0.91 0.89 0.91 0.89
0.81 0.90 0.90 0.89 0.66 1.00 0.90 0.88 0.85 0.96 0.89 0.89 0.96 0.90 0.90 0.88 0.65 0.89 0.75 0.89 0.90 0.90 0.90 0.89 0.67 0.79 0.89 0.62 0.85 0.89 0.89 0.89 0.89 0.89 0.89 0.89 0.87 0.89 0.87
0.86 0.94 0.94 0.93 0.74 1.00 0.94 0.92 0.91 0.97 0.93 0.93 0.97 0.94 0.94 0.93 0.72 0.93 0.81 0.93 0.94 0.94 0.94 0.93 0.76 0.87 0.93 0.71 0.91 0.93 0.93 0.93 0.93 0.93 0.93 0.93 0.92 0.93 0.92
0.83 0.92 0.92 0.90 0.69 1.00 0.92 0.90 0.88 0.96 0.91 0.91 0.96 0.92 0.92 0.90 0.67 0.91 0.77 0.90 0.92 0.92 0.92 0.91 0.70 0.82 0.90 0.66 0.88 0.91 0.91 0.91 0.91 0.91 0.91 0.91 0.89 0.91 0.89
0.74 0.83 0.83 0.81 0.55 1.00 0.83 0.80 0.76 0.93 0.81 0.81 0.93 0.83 0.83 0.80 0.53 0.80 0.64 0.80 0.83 0.83 0.83 0.80 0.53 0.66 0.80 0.50 0.74 0.80 0.79 0.79 0.80 0.80 0.79 0.79 0.76 0.80 0.76
0.68 0.76 0.76 0.73 0.46 1.00 0.76 0.72 0.68 0.91 0.74 0.73 0.91 0.76 0.75 0.71 0.44 0.71 0.54 0.72 0.76 0.76 0.75 0.71 0.42 0.55 0.72 0.39 0.65 0.72 0.71 0.71 0.71 0.72 0.71 0.71 0.68 0.72 0.68
0.64 0.72 0.72 0.68 0.40 1.00 0.72 0.67 0.63 0.90 0.69 0.69 0.90 0.71 0.70 0.66 0.38 0.65 0.48 0.66 0.71 0.71 0.71 0.65 0.36 0.48 0.66 0.33 0.58 0.66 0.65 0.65 0.65 0.66 0.65 0.65 0.61 0.66 0.61
0.60 0.68 0.68 0.63 0.35 1.00 0.68 0.61 0.57 0.89 0.65 0.64 0.89 0.67 0.66 0.60 0.34 0.60 0.44 0.62 0.67 0.67 0.66 0.60 0.32 0.43 0.62 0.29 0.52 0.62 0.59 0.59 0.60 0.62 0.59 0.59 0.55 0.62 0.55
0.94 0.98 0.98 0.98 0.87 1.00 0.98 0.98 0.97 0.99 0.98 0.98 0.99 0.98 0.98 0.98 0.86 0.98 0.92 0.98 0.98 0.98 0.98 0.98 0.91 0.96 0.98 0.87 0.97 0.98 0.98 0.98 0.98 0.98 0.98 0.98 0.98 0.98 0.98
0.84 0.92 0.92 0.91 0.70 1.00 0.92 0.90 0.88 0.96 0.92 0.92 0.96 0.92 0.92 0.91 0.68 0.91 0.78 0.92 0.92 0.92 0.92 0.91 0.72 0.83 0.92 0.67 0.89 0.92 0.91 0.91 0.91 0.92 0.91 0.91 0.89 0.92 0.89
0.75 0.84 0.84 0.81 0.55 1.00 0.84 0.80 0.77 0.93 0.82 0.82 0.93 0.84 0.83 0.80 0.53 0.80 0.64 0.81 0.84 0.84 0.83 0.80 0.54 0.67 0.81 0.51 0.75 0.81 0.80 0.80 0.80 0.81 0.80 0.80 0.78 0.81 0.78
0.81 0.90 0.90 0.88 0.67 1.00 0.90 0.88 0.86 0.96 0.89 0.89 0.96 0.90 0.90 0.88 0.65 0.89 0.75 0.89 0.90 0.90 0.90 0.89 0.67 0.79 0.89 0.63 0.85 0.89 0.89 0.88 0.89 0.89 0.89 0.89 0.87 0.89 0.87
0.90 0.96 0.96 0.95 0.80 1.00 0.96 0.95 0.93 0.98 0.96 0.96 0.98 0.96 0.96 0.95 0.77 0.96 0.86 0.96 0.96 0.96 0.96 0.96 0.83 0.91 0.96 0.77 0.94 0.96 0.96 0.96 0.96 0.96 0.96 0.96 0.95 0.96 0.95
0.73 0.82 0.82 0.79 0.53 1.00 0.82 0.78 0.75 0.93 0.80 0.80 0.93 0.81 0.81 0.78 0.51 0.78 0.61 0.78 0.81 0.81 0.81 0.78 0.50 0.64 0.78 0.47 0.72 0.78 0.77 0.77 0.78 0.78 0.77 0.77 0.74 0.78 0.74
0.76 0.85 0.85 0.83 0.58 1.00 0.85 0.82 0.79 0.94 0.84 0.84 0.94 0.85 0.85 0.83 0.56 0.82 0.65 0.82 0.85 0.85 0.85 0.82 0.56 0.69 0.82 0.53 0.77 0.82 0.82 0.82 0.82 0.82 0.82 0.82 0.79 0.82 0.79
0.62 0.70 0.70 0.66 0.38 1.00 0.70 0.65 0.61 0.89 0.67 0.66 0.89 0.69 0.68 0.63 0.37 0.63 0.46 0.64 0.69 0.69 0.68 0.63 0.34 0.46 0.64 0.31 0.56 0.64 0.62 0.62 0.63 0.64 0.62 0.62 0.59 0.64 0.59
0.80 0.89 0.89 0.87 0.63 1.00 0.89 0.86 0.84 0.95 0.88 0.88 0.95 0.89 0.89 0.87 0.62 0.87 0.72 0.87 0.89 0.89 0.89 0.87 0.64 0.76 0.87 0.60 0.83 0.87 0.87 0.87 0.87 0.87 0.87 0.87 0.84 0.87 0.84
0.71 0.81 0.81 0.78 0.51 1.00 0.81 0.77 0.73 0.92 0.79 0.79 0.92 0.80 0.80 0.76 0.49 0.76 0.59 0.76 0.80 0.80 0.80 0.76 0.48 0.61 0.76 0.44 0.69 0.76 0.75 0.75 0.76 0.76 0.75 0.75 0.72 0.76 0.72
0.73 0.82 0.82 0.80 0.52 1.00 0.82 0.79 0.75 0.92 0.80 0.80 0.92 0.81 0.81 0.78 0.50 0.78 0.61 0.79 0.81 0.81 0.81 0.78 0.51 0.64 0.79 0.47 0.72 0.79 0.78 0.78 0.78 0.79 0.78 0.78 0.74 0.79 0.74
0.86 0.94 0.94 0.93 0.76 1.00 0.94 0.93 0.91 0.97 0.94 0.94 0.97 0.94 0.94 0.93 0.73 0.94 0.82 0.94 0.94 0.94 0.94 0.94 0.78 0.87 0.94 0.72 0.91 0.94 0.94 0.94 0.94 0.94 0.94 0.94 0.92 0.94 0.92
0.93 0.98 0.98 0.97 0.86 1.00 0.98 0.97 0.96 0.99 0.98 0.98 0.99 0.98 0.98 0.98 0.85 0.98 0.91 0.98 0.98 0.98 0.98 0.98 0.89 0.95 0.98 0.85 0.97 0.98 0.98 0.98 0.98 0.98 0.98 0.98 0.97 0.98 0.97
0.74 0.84 0.84 0.82 0.56 1.00 0.84 0.81 0.78 0.94 0.83 0.83 0.94 0.84 0.84 0.80 0.54 0.81 0.64 0.81 0.84 0.84 0.84 0.81 0.54 0.67 0.81 0.51 0.75 0.81 0.80 0.80 0.81 0.81 0.80 0.80 0.78 0.81 0.78
0.75 0.84 0.84 0.82 0.56 1.00 0.84 0.81 0.78 0.93 0.83 0.83 0.93 0.84 0.84 0.81 0.55 0.81 0.64 0.81 0.84 0.84 0.84 0.81 0.55 0.68 0.81 0.51 0.76 0.81 0.80 0.80 0.81 0.81 0.80 0.80 0.78 0.81 0.78
0.56 0.64 0.64 0.60 0.32 1.00 0.64 0.58 0.54 0.88 0.60 0.60 0.88 0.62 0.62 0.56 0.30 0.56 0.39 0.57 0.62 0.62 0.62 0.56 0.27 0.38 0.57 0.25 0.48 0.57 0.55 0.55 0.56 0.57 0.55 0.55 0.51 0.57 0.51
0.82 0.90 0.90 0.88 0.66 1.00 0.90 0.88 0.85 0.95 0.89 0.89 0.95 0.90 0.90 0.88 0.63 0.88 0.75 0.88 0.90 0.90 0.90 0.88 0.67 0.78 0.88 0.62 0.84 0.88 0.88 0.88 0.88 0.88 0.88 0.88 0.86 0.88 0.86
0.57 0.64 0.64 0.60 0.32 1.00 0.64 0.58 0.54 0.87 0.60 0.60 0.87 0.63 0.62 0.56 0.30 0.55 0.39 0.57 0.63 0.63 0.62 0.55 0.27 0.38 0.57 0.25 0.48 0.57 0.54 0.54 0.55 0.57 0.54 0.54 0.50 0.57 0.50
0.95 0.99 0.99 0.98 0.88 1.00 0.99 0.98 0.98 0.99 0.99 0.98 0.99 0.99 0.99 0.98 0.87 0.99 0.93 0.99 0.99 0.99 0.99 0.99 0.92 0.97 0.99 0.88 0.98 0.99 0.99 0.99 0.99 0.99 0.99 0.99 0.98 0.99 0.98
0.96 0.99 0.99 0.99 0.91 1.00 0.99 0.99 0.99 0.99 0.99 0.99 0.99 0.99 0.99 0.99 0.91 0.99 0.95 0.99 0.99 0.99 0.99 0.99 0.95 0.98 0.99 0.91 0.99 0.99 0.99 0.99 0.99 0.99 0.99 0.99 0.99 0.99 0.99
0.80 0.89 0.89 0.87 0.63 1.00 0.89 0.86 0.84 0.95 0.88 0.88 0.95 0.89 0.88 0.87 0.61 0.87 0.71 0.87 0.89 0.89 0.88 0.87 0.63 0.76 0.87 0.59 0.82 0.87 0.86 0.86 0.87 0.87 0.86 0.86 0.84 0.87 0.84
0.72 0.81 0.81 0.78 0.52 1.00 0.81 0.77 0.74 0.92 0.79 0.79 0.92 0.81 0.80 0.77 0.49 0.77 0.60 0.78 0.81 0.81 0.80 0.77 0.50 0.63 0.78 0.46 0.71 0.78 0.76 0.76 0.77 0.78 0.76 0.76 0.73 0.78 0.73
0.56 0.64 0.64 0.60 0.32 1.00 0.64 0.58 0.54 0.88 0.61 0.60 0.88 0.64 0.62 0.57 0.30 0.56 0.41 0.58 0.64 0.64 0.63 0.56 0.28 0.38 0.58 0.26 0.48 0.58 0.56 0.56 0.56 0.58 0.56 0.56 0.51 0.58 0.51
0.61 0.69 0.69 0.65 0.37 1.00 0.69 0.63 0.59 0.89 0.66 0.65 0.89 0.68 0.67 0.62 0.35 0.61 0.44 0.62 0.68 0.68 0.67 0.61 0.32 0.43 0.62 0.30 0.53 0.62 0.60 0.60 0.61 0.62 0.60 0.60 0.56 0.62 0.56
0.61 0.70 0.70 0.67 0.38 1.00 0.70 0.65 0.61 0.89 0.67 0.67 0.89 0.69 0.68 0.63 0.36 0.62 0.45 0.63 0.69 0.69 0.68 0.62 0.33 0.44 0.63 0.31 0.54 0.63 0.61 0.61 0.62 0.63 0.61 0.61 0.57 0.63 0.57
0.80 0.89 0.89 0.87 0.64 1.00 0.89 0.87 0.84 0.95 0.88 0.88 0.95 0.89 0.89 0.87 0.63 0.88 0.72 0.87 0.89 0.89 0.89 0.88 0.65 0.77 0.87 0.60 0.84 0.88 0.87 0.87 0.88 0.88 0.87 0.87 0.85 0.88 0.85
0.72 0.81 0.81 0.78 0.52 1.00 0.81 0.77 0.74 0.92 0.79 0.79 0.92 0.81 0.80 0.77 0.50 0.77 0.61 0.78 0.81 0.81 0.80 0.77 0.49 0.63 0.78 0.45 0.72 0.78 0.77 0.77 0.77 0.78 0.77 0.77 0.74 0.78 0.74
0.53 0.60 0.60 0.56 0.28 1.00 0.60 0.54 0.49 0.87 0.56 0.55 0.87 0.58 0.57 0.51 0.26 0.50 0.35 0.53 0.58 0.58 0.57 0.50 0.23 0.32 0.53 0.22 0.43 0.52 0.50 0.50 0.50 0.52 0.50 0.50 0.46 0.52 0.46
0.64 0.72 0.72 0.68 0.41 1.00 0.72 0.66 0.62 0.89 0.69 0.69 0.89 0.71 0.70 0.66 0.38 0.65 0.49 0.66 0.71 0.71 0.70 0.65 0.37 0.48 0.66 0.34 0.58 0.66 0.65 0.64 0.65 0.66 0.65 0.65 0.61 0.66 0.61
0.87 0.94 0.94 0.93 0.75 1.00 0.94 0.93 0.91 0.97 0.94 0.94 0.97 0.94 0.94 0.93 0.73 0.94 0.82 0.93 0.94 0.94 0.94 0.94 0.76 0.87 0.93 0.72 0.91 0.94 0.94 0.94 0.94 0.94 0.94 0.94 0.92 0.94 0.92
0.70 0.80 0.80 0.77 0.50 1.00 0.80 0.76 0.73 0.92 0.78 0.78 0.92 0.79 0.79 0.75 0.48 0.76 0.59 0.77 0.79 0.79 0.79 0.76 0.48 0.61 0.77 0.44 0.70 0.76 0.75 0.75 0.76 0.76 0.75 0.75 0.72 0.76 0.72
0.67 0.76 0.76 0.73 0.46 1.00 0.76 0.72 0.68 0.92 0.74 0.74 0.92 0.76 0.75 0.71 0.44 0.71 0.54 0.72 0.76 0.76 0.75 0.71 0.41 0.55 0.72 0.38 0.64 0.71 0.70 0.70 0.71 0.71 0.70 0.70 0.67 0.71 0.67
0.73 0.82 0.82 0.79 0.53 1.00 0.82 0.78 0.75 0.93 0.80 0.80 0.93 0.82 0.82 0.78 0.51 0.79 0.62 0.79 0.82 0.82 0.82 0.79 0.51 0.65 0.79 0.47 0.73 0.79 0.78 0.78 0.79 0.79 0.78 0.78 0.76 0.79 0.76
0.54 0.62 0.62 0.57 0.30 1.00 0.62 0.56 0.52 0.87 0.58 0.58 0.87 0.61 0.60 0.53 0.29 0.53 0.38 0.56 0.61 0.61 0.60 0.53 0.26 0.36 0.56 0.24 0.46 0.55 0.52 0.52 0.53 0.55 0.52 0.52 0.49 0.55 0.49
0.75 0.84 0.84 0.81 0.55 1.00 0.84 0.80 0.77 0.93 0.82 0.81 0.93 0.83 0.82 0.80 0.54 0.80 0.63 0.80 0.83 0.83 0.83 0.80 0.53 0.67 0.80 0.50 0.75 0.80 0.80 0.80 0.80 0.80 0.80 0.80 0.77 0.80 0.77
0.78 0.87 0.87 0.85 0.61 1.00 0.87 0.84 0.81 0.94 0.86 0.85 0.94 0.87 0.87 0.84 0.59 0.85 0.69 0.85 0.87 0.87 0.87 0.85 0.61 0.74 0.85 0.56 0.80 0.85 0.85 0.84 0.85 0.85 0.85 0.85 0.82 0.85 0.82
0.68 0.78 0.78 0.75 0.49 1.00 0.78 0.74 0.70 0.92 0.76 0.76 0.92 0.78 0.77 0.73 0.46 0.74 0.56 0.74 0.78 0.78 0.77 0.74 0.45 0.57 0.74 0.41 0.67 0.74 0.73 0.73 0.74 0.74 0.73 0.73 0.70 0.74 0.70
0.96 0.99 0.99 0.99 0.91 1.00 0.99 0.99 0.98 0.99 0.99 0.99 0.99 0.99 0.99 0.99 0.89 0.99 0.94 0.99 0.99 0.99 0.99 0.99 0.94 0.98 0.99 0.91 0.99 0.99 0.99 0.99 0.99 0.99 0.99 0.99 0.99 0.99 0.99
0.86 0.94 0.94 0.93 0.73 1.00 0.94 0.92 0.90 0.97 0.94 0.93 0.97 0.94 0.94 0.93 0.72 0.93 0.82 0.93 0.94 0.94 0.94 0.93 0.76 0.87 0.93 0.71 0.91 0.93 0.93 0.93 0.93 0.93 0.93 0.93 0.92 0.93 0.92
0.96 0.99 0.99 0.99 0.91 1.00 0.99 0.99 0.98 0.99 0.99 0.99 0.99 0.99 0.99 0.99 0.89 0.99 0.94 0.99 0.99 0.99 0.99 0.99 0.94 0.98 0.99 0.90 0.98 0.99 0.99 0.99 0.99 0.99 0.99 0.99 0.99 0.99 0.99
0.95 0.99 0.99 0.99 0.91 1.00 0.99 0.99 0.98 0.99 0.99 0.99 0.99 0.99 0.99 0.99 0.89 0.99 0.94 0.99 0.99 0.99 0.99 0.99 0.93 0.98 0.99 0.90 0.99 0.99 0.99 0.99 0.99 0.99 0.99 0.99 0.99 0.99 0.99
0.73 0.83 0.83 0.80 0.54 1.00 0.83 0.79 0.76 0.93 0.81 0.81 0.93 0.83 0.82 0.80 0.52 0.79 0.62 0.79 0.83 0.83 0.82 0.79 0.52 0.65 0.79 0.48 0.73 0.79 0.79 0.79 0.79 0.79 0.79 0.79 0.76 0.79 0.76
0.80 0.89 0.89 0.88 0.65 1.00 0.89 0.87 0.84 0.95 0.88 0.88 0.95 0.89 0.89 0.88 0.62 0.88 0.73 0.87 0.89 0.89 0.89 0.88 0.65 0.77 0.87 0.61 0.84 0.87 0.87 0.87 0.88 0.87 0.87 0.87 0.85 0.87 0.85
0.96 0.99 0.99 0.98 0.91 1.00 0.99 0.98 0.98 0.99 0.99 0.99 0.99 0.99 0.99 0.99 0.90 0.99 0.95 0.99 0.99 0.99 0.99 0.99 0.95 0.98 0.99 0.92 0.98 0.99 0.99 0.99 0.99 0.99 0.99 0.99 0.98 0.99 0.98
0.77 0.87 0.87 0.85 0.60 1.00 0.87 0.84 0.81 0.94 0.86 0.86 0.94 0.86 0.86 0.84 0.58 0.84 0.68 0.84 0.86 0.86 0.86 0.84 0.59 0.72 0.84 0.55 0.79 0.84 0.84 0.84 0.84 0.84 0.84 0.84 0.81 0.84 0.81
0.95 0.99 0.99 0.98 0.89 1.00 0.99 0.98 0.98 0.99 0.99 0.99 0.99 0.99 0.99 0.99 0.88 0.99 0.93 0.99 0.99 0.99 0.99 0.99 0.92 0.97 0.99 0.88 0.98 0.99 0.99 0.99 0.99 0.99 0.99 0.99 0.98 0.99 0.98
0.87 0.94 0.94 0.93 0.75 1.00 0.94 0.93 0.91 0.97 0.94 0.93 0.97 0.94 0.94 0.93 0.73 0.93 0.82 0.93 0.94 0.94 0.94 0.93 0.76 0.87 0.93 0.72 0.91 0.93 0.93 0.93 0.93 0.93 0.93 0.93 0.92 0.93 0.92
0.74 0.82 0.82 0.80 0.54 1.00 0.82 0.79 0.75 0.93 0.81 0.80 0.93 0.82 0.82 0.79 0.52 0.79 0.62 0.79 0.82 0.82 0.82 0.79 0.52 0.65 0.79 0.47 0.73 0.79 0.79 0.79 0.79 0.79 0.79 0.79 0.76 0.79 0.76
0.80 0.89 0.89 0.86 0.63 1.00 0.89 0.86 0.83 0.95 0.88 0.87 0.95 0.88 0.88 0.86 0.61 0.86 0.71 0.87 0.88 0.88 0.88 0.86 0.62 0.76 0.87 0.59 0.82 0.87 0.86 0.86 0.86 0.87 0.86 0.86 0.84 0.87 0.84
0.96 0.99 0.99 0.99 0.92 1.00 0.99 0.99 0.99 0.99 0.99 0.99 0.99 0.99 0.99 0.99 0.90 0.99 0.95 0.99 0.99 0.99 0.99 0.99 0.95 0.98 0.99 0.92 0.99 0.99 0.99 0.99 0.99 0.99 0.99 0.99 0.99 0.99 0.99
0.85 0.93 0.93 0.92 0.72 1.00 0.93 0.91 0.89 0.96 0.92 0.92 0.96 0.93 0.93 0.92 0.70 0.92 0.80 0.92 0.93 0.93 0.93 0.92 0.74 0.85 0.92 0.69 0.90 0.92 0.92 0.92 0.92 0.92 0.92 0.92 0.90 0.92 0.90
0.55 0.63 0.63 0.58 0.30 1.00 0.63 0.57 0.52 0.87 0.59 0.58 0.87 0.61 0.61 0.55 0.29 0.54 0.38 0.56 0.61 0.61 0.60 0.54 0.27 0.36 0.56 0.25 0.46 0.56 0.54 0.53 0.54 0.56 0.54 0.53 0.49 0.56 0.49
0.95 0.99 0.99 0.99 0.91 1.00 0.99 0.99 0.98 0.99 0.99 0.99 0.99 0.99 0.99 0.99 0.90 0.99 0.95 0.99 0.99 0.99 0.99 0.99 0.94 0.98 0.99 0.90 0.99 0.99 0.99 0.99 0.99 0.99 0.99 0.99 0.99 0.99 0.99
0.89 0.96 0.96 0.95 0.80 1.00 0.96 0.95 0.93 0.98 0.95 0.95 0.98 0.96 0.96 0.95 0.77 0.95 0.86 0.95 0.96 0.96 0.96 0.95 0.81 0.91 0.95 0.77 0.94 0.95 0.95 0.95 0.95 0.95 0.95 0.95 0.94 0.95 0.94
0.77 0.87 0.87 0.84 0.60 1.00 0.87 0.84 0.80 0.94 0.85 0.85 0.94 0.86 0.86 0.84 0.57 0.84 0.68 0.84 0.86 0.86 0.86 0.84 0.59 0.72 0.84 0.55 0.79 0.84 0.83 0.83 0.84 0.84 0.83 0.83 0.81 0.84 0.81
0.81 0.90 0.90 0.88 0.66 1.00 0.90 0.88 0.85 0.95 0.89 0.89 0.95 0.90 0.89 0.88 0.64 0.88 0.75 0.88 0.90 0.90 0.90 0.88 0.66 0.79 0.88 0.62 0.84 0.88 0.88 0.88 0.88 0.88 0.88 0.88 0.86 0.88 0.86
0.95 0.99 0.99 0.98 0.88 1.00 0.99 0.98 0.98 0.99 0.98 0.98 0.99 0.99 0.99 0.98 0.87 0.98 0.93 0.98 0.99 0.99 0.99 0.98 0.92 0.97 0.98 0.88 0.98 0.98 0.98 0.99 0.98 0.98 0.98 0.99 0.98 0.98 0.98
0.57 0.65 0.65 0.60 0.33 1.00 0.65 0.58 0.55 0.87 0.61 0.60 0.87 0.63 0.62 0.58 0.31 0.57 0.41 0.59 0.63 0.63 0.62 0.57 0.29 0.39 0.59 0.28 0.49 0.58 0.56 0.56 0.57 0.58 0.56 0.56 0.52 0.58 0.52
0.61 0.70 0.70 0.65 0.37 1.00 0.70 0.64 0.60 0.89 0.66 0.66 0.89 0.68 0.68 0.63 0.35 0.62 0.46 0.64 0.68 0.68 0.68 0.62 0.33 0.45 0.64 0.31 0.55 0.64 0.62 0.61 0.62 0.64 0.62 0.61 0.58 0.64 0.58
0.77 0.86 0.86 0.84 0.60 1.00 0.86 0.83 0.81 0.94 0.85 0.85 0.94 0.86 0.86 0.83 0.57 0.84 0.67 0.84 0.86 0.86 0.86 0.84 0.59 0.71 0.84 0.54 0.79 0.84 0.83 0.83 0.84 0.84 0.83 0.83 0.81 0.84 0.81
0.79 0.89 0.89 0.87 0.64 1.00 0.89 0.87 0.84 0.95 0.88 0.87 0.95 0.88 0.88 0.87 0.62 0.87 0.72 0.87 0.88 0.88 0.88 0.87 0.64 0.76 0.87 0.59 0.83 0.87 0.87 0.87 0.87 0.87 0.87 0.87 0.84 0.87 0.84
0.53 0.61 0.61 0.56 0.29 1.00 0.61 0.54 0.50 0.87 0.57 0.57 0.87 0.60 0.58 0.53 0.26 0.52 0.36 0.54 0.60 0.60 0.58 0.52 0.24 0.33 0.54 0.23 0.43 0.53 0.51 0.51 0.52 0.53 0.51 0.51 0.47 0.53 0.47
0.73 0.82 0.82 0.80 0.54 1.00 0.82 0.79 0.75 0.93 0.81 0.80 0.93 0.82 0.82 0.79 0.52 0.79 0.62 0.79 0.82 0.82 0.82 0.79 0.52 0.65 0.79 0.48 0.73 0.79 0.79 0.78 0.79 0.79 0.79 0.79 0.76 0.79 0.76
0.71 0.81 0.81 0.77 0.51 1.00 0.81 0.76 0.73 0.92 0.79 0.79 0.92 0.80 0.80 0.77 0.49 0.77 0.60 0.77 0.80 0.80 0.80 0.77 0.48 0.62 0.77 0.45 0.71 0.77 0.76 0.76 0.77 0.77 0.76 0.76 0.73 0.77 0.73
0.83 0.92 0.92 0.90 0.69 1.00 0.92 0.90 0.87 0.96 0.91 0.91 0.96 0.91 0.92 0.90 0.67 0.90 0.77 0.90 0.91 0.91 0.92 0.90 0.70 0.82 0.90 0.66 0.87 0.90 0.90 0.90 0.90 0.90 0.90 0.90 0.88 0.90 0.88
0.54 0.61 0.61 0.57 0.29 1.00 0.61 0.55 0.51 0.87 0.58 0.57 0.87 0.61 0.60 0.54 0.28 0.53 0.37 0.55 0.61 0.61 0.60 0.53 0.25 0.35 0.55 0.23 0.45 0.54 0.52 0.52 0.53 0.54 0.52 0.52 0.48 0.54 0.48
0.75 0.85 0.85 0.82 0.58 1.00 0.85 0.82 0.79 0.94 0.84 0.83 0.94 0.85 0.85 0.82 0.56 0.82 0.67 0.83 0.85 0.85 0.85 0.82 0.56 0.69 0.83 0.53 0.77 0.83 0.82 0.82 0.82 0.83 0.82 0.82 0.80 0.83 0.80
0.96 0.99 0.99 0.99 0.93 1.00 0.99 0.99 0.99 0.99 0.99 0.99 0.99 0.99 0.99 0.99 0.91 0.99 0.95 0.99 0.99 0.99 0.99 0.99 0.95 0.98 0.99 0.92 0.99 0.99 0.99 0.99 0.99 0.99 0.99 0.99 0.99 0.99 0.99
0.90 0.97 0.97 0.96 0.80 1.00 0.97 0.96 0.94 0.98 0.96 0.96 0.98 0.97 0.97 0.96 0.79 0.96 0.87 0.96 0.97 0.97 0.97 0.96 0.84 0.92 0.96 0.80 0.95 0.96 0.96 0.96 0.96 0.96 0.96 0.96 0.95 0.96 0.95
0.66 0.75 0.75 0.72 0.44 1.00 0.75 0.70 0.67 0.91 0.73 0.73 0.91 0.75 0.74 0.70 0.42 0.70 0.53 0.71 0.75 0.75 0.74 0.70 0.41 0.53 0.71 0.38 0.63 0.71 0.69 0.69 0.70 0.71 0.69 0.69 0.65 0.71 0.65
0.72 0.81 0.81 0.78 0.52 1.00 0.81 0.77 0.74 0.92 0.79 0.79 0.92 0.80 0.80 0.77 0.50 0.77 0.60 0.77 0.80 0.80 0.80 0.77 0.49 0.62 0.77 0.46 0.71 0.77 0.76 0.76 0.77 0.77 0.76 0.76 0.73 0.77 0.73
0.60 0.68 0.68 0.64 0.36 1.00 0.68 0.63 0.59 0.89 0.65 0.65 0.89 0.67 0.66 0.61 0.34 0.61 0.44 0.62 0.67 0.67 0.66 0.61 0.31 0.43 0.62 0.29 0.53 0.61 0.60 0.60 0.61 0.61 0.60 0.60 0.56 0.61 0.56
0.54 0.61 0.61 0.56 0.29 1.00 0.61 0.54 0.50 0.86 0.57 0.56 0.86 0.59 0.58 0.52 0.27 0.51 0.36 0.54 0.59 0.59 0.58 0.51 0.25 0.33 0.54 0.23 0.43 0.53 0.50 0.50 0.51 0.53 0.50 0.50 0.46 0.53 0.46
0.70 0.79 0.79 0.75 0.47 1.00 0.79 0.74 0.71 0.92 0.77 0.76 0.92 0.78 0.77 0.74 0.46 0.74 0.57 0.75 0.78 0.78 0.78 0.74 0.45 0.58 0.75 0.42 0.68 0.75 0.74 0.74 0.74 0.75 0.74 0.74 0.71 0.75 0.71
0.87 0.94 0.94 0.93 0.74 1.00 0.94 0.92 0.90 0.97 0.93 0.93 0.97 0.94 0.94 0.93 0.73 0.93 0.81 0.93 0.94 0.94 0.94 0.93 0.75 0.87 0.93 0.71 0.91 0.93 0.93 0.93 0.93 0.93 0.93 0.93 0.92 0.93 0.92
0.72 0.81 0.81 0.78 0.52 1.00 0.81 0.77 0.74 0.92 0.79 0.79 0.92 0.81 0.81 0.78 0.50 0.78 0.60 0.78 0.81 0.81 0.81 0.78 0.49 0.64 0.78 0.46 0.72 0.78 0.77 0.77 0.78 0.78 0.77 0.77 0.74 0.78 0.74
0.78 0.87 0.87 0.85 0.61 1.00 0.87 0.84 0.81 0.94 0.86 0.86 0.94 0.87 0.87 0.84 0.57 0.84 0.69 0.85 0.87 0.87 0.87 0.84 0.59 0.73 0.85 0.56 0.80 0.85 0.84 0.84 0.84 0.85 0.84 0.84 0.82 0.85 0.82
0.83 0.91 0.91 0.90 0.68 1.00 0.91 0.89 0.87 0.96 0.90 0.90 0.96 0.91 0.91 0.89 0.66 0.90 0.76 0.90 0.91 0.91 0.91 0.90 0.69 0.82 0.90 0.64 0.87 0.90 0.90 0.90 0.90 0.90 0.90 0.90 0.88 0.90 0.88
0.95 0.99 0.99 0.99 0.90 1.00 0.99 0.99 0.98 0.99 0.99 0.99 0.99 0.99 0.99 0.99 0.89 0.99 0.94 0.99 0.99 0.99 0.99 0.99 0.94 0.97 0.99 0.90 0.98 0.99 0.99 0.99 0.99 0.99 0.99 0.99 0.99 0.99 0.99
0.79 0.89 0.89 0.87 0.64 1.00 0.89 0.86 0.84 0.95 0.88 0.88 0.95 0.89 0.88 0.87 0.62 0.87 0.72 0.87 0.89 0.89 0.88 0.87 0.64 0.77 0.87 0.60 0.83 0.87 0.87 0.87 0.87 0.87 0.87 0.87 0.85 0.87 0.85
0.73 0.83 0.83 0.80 0.53 1.00 0.83 0.79 0.75 0.93 0.81 0.80 0.93 0.82 0.82 0.78 0.51 0.78 0.62 0.79 0.82 0.82 0.82 0.78 0.51 0.64 0.79 0.47 0.72 0.79 0.78 0.78 0.78 0.79 0.78 0.78 0.75 0.79 0.75
0.65 0.74 0.74 0.70 0.43 1.00 0.74 0.68 0.65 0.90 0.71 0.70 0.90 0.73 0.72 0.68 0.40 0.67 0.51 0.69 0.73 0.73 0.72 0.67 0.38 0.51 0.69 0.35 0.60 0.68 0.67 0.67 0.67 0.68 0.67 0.67 0.63 0.68 0.63
0.91 0.97 0.97 0.96 0.83 1.00 0.97 0.96 0.95 0.98 0.97 0.97 0.98 0.97 0.97 0.97 0.81 0.97 0.89 0.97 0.97 0.97 0.97 0.97 0.86 0.93 0.97 0.81 0.96 0.97 0.97 0.97 0.97 0.97 0.97 0.97 0.96 0.97 0.96
0.94 0.98 0.98 0.98 0.88 1.00 0.98 0.98 0.97 0.99 0.98 0.98 0.99 0.98 0.98 0.98 0.86 0.98 0.92 0.98 0.98 0.98 0.98 0.98 0.91 0.96 0.98 0.87 0.98 0.98 0.98 0.98 0.98 0.98 0.98 0.98 0.98 0.98 0.98
0.69 0.79 0.79 0.76 0.50 1.00 0.79 0.75 0.72 0.92 0.77 0.77 0.92 0.79 0.78 0.75 0.47 0.75 0.58 0.76 0.79 0.79 0.78 0.75 0.47 0.60 0.76 0.44 0.69 0.76 0.74 0.74 0.75 0.76 0.74 0.74 0.72 0.76 0.72
0.84 0.92 0.92 0.91 0.71 1.00 0.92 0.90 0.88 0.96 0.91 0.91 0.96 0.92 0.92 0.91 0.69 0.91 0.78 0.91 0.92 0.92 0.92 0.91 0.72 0.83 0.91 0.67 0.88 0.91 0.91 0.91 0.91 0.91 0.91 0.91 0.89 0.91 0.89
0.92 0.98 0.98 0.97 0.85 1.00 0.98 0.97 0.96 0.98 0.97 0.97 0.98 0.97 0.97 0.97 0.83 0.97 0.90 0.97 0.97 0.97 0.97 0.97 0.88 0.95 0.97 0.84 0.97 0.97 0.97 0.97 0.97 0.97 0.97 0.97 0.97 0.97 0.97
0.73 0.82 0.82 0.80 0.53 1.00 0.82 0.79 0.76 0.93 0.81 0.80 0.93 0.82 0.82 0.79 0.51 0.79 0.62 0.79 0.82 0.82 0.82 0.79 0.51 0.64 0.79 0.47 0.73 0.79 0.78 0.78 0.79 0.79 0.78 0.78 0.76 0.79 0.76
0.81 0.90 0.90 0.88 0.65 1.00 0.90 0.87 0.85 0.95 0.89 0.88 0.95 0.90 0.90 0.88 0.63 0.88 0.72 0.88 0.90 0.90 0.90 0.88 0.66 0.78 0.88 0.61 0.84 0.88 0.87 0.87 0.88 0.88 0.87 0.87 0.86 0.88 0.86
0.62 0.70 0.70 0.66 0.38 1.00 0.70 0.65 0.60 0.89 0.67 0.66 0.89 0.69 0.68 0.63 0.37 0.63 0.46 0.64 0.69 0.69 0.68 0.63 0.33 0.45 0.64 0.31 0.55 0.63 0.62 0.62 0.63 0.63 0.62 0.62 0.59 0.63 0.59
0.78 0.87 0.87 0.85 0.61 1.00 0.87 0.84 0.81 0.94 0.86 0.86 0.94 0.87 0.87 0.85 0.59 0.85 0.69 0.85 0.87 0.87 0.87 0.85 0.60 0.73 0.85 0.56 0.81 0.85 0.85 0.85 0.85 0.85 0.85 0.85 0.82 0.85 0.82
0.95 0.99 0.99 0.98 0.89 1.00 0.99 0.98 0.98 0.99 0.98 0.99 0.99 0.99 0.99 0.98 0.88 0.99 0.93 0.99 0.99 0.99 0.99 0.99 0.93 0.97 0.99 0.88 0.98 0.99 0.99 0.99 0.99 0.99 0.99 0.99 0.98 0.99 0.98
0.72 0.82 0.82 0.79 0.52 1.00 0.82 0.78 0.74 0.92 0.80 0.80 0.92 0.81 0.81 0.78 0.50 0.78 0.61 0.78 0.81 0.81 0.81 0.78 0.50 0.63 0.78 0.47 0.72 0.78 0.77 0.77 0.78 0.78 0.77 0.77 0.74 0.78 0.74
0.71 0.80 0.80 0.77 0.50 1.00 0.80 0.76 0.72 0.92 0.78 0.77 0.92 0.79 0.79 0.75 0.48 0.75 0.58 0.76 0.79 0.79 0.79 0.75 0.48 0.60 0.76 0.44 0.69 0.76 0.75 0.75 0.75 0.76 0.75 0.75 0.72 0.76 0.72
0.62 0.70 0.70 0.66 0.38 1.00 0.70 0.65 0.61 0.89 0.68 0.67 0.89 0.69 0.68 0.64 0.36 0.63 0.47 0.65 0.69 0.69 0.69 0.63 0.34 0.46 0.65 0.31 0.56 0.65 0.63 0.63 0.63 0.65 0.63 0.63 0.59 0.65 0.59
0.54 0.61 0.61 0.56 0.29 1.00 0.61 0.54 0.50 0.87 0.57 0.56 0.87 0.59 0.58 0.52 0.27 0.51 0.36 0.54 0.59 0.59 0.58 0.51 0.24 0.33 0.54 0.22 0.44 0.54 0.51 0.51 0.51 0.54 0.51 0.51 0.46 0.54 0.46
0.63 0.71 0.71 0.67 0.39 1.00 0.71 0.66 0.62 0.90 0.68 0.67 0.90 0.70 0.69 0.64 0.37 0.65 0.48 0.66 0.70 0.70 0.70 0.65 0.35 0.48 0.66 0.33 0.57 0.66 0.64 0.64 0.65 0.66 0.64 0.64 0.60 0.66 0.60
0.53 0.60 0.60 0.55 0.29 1.00 0.60 0.54 0.49 0.87 0.56 0.56 0.87 0.59 0.58 0.52 0.27 0.51 0.35 0.54 0.59 0.59 0.58 0.51 0.24 0.33 0.54 0.22 0.43 0.53 0.51 0.50 0.51 0.53 0.51 0.51 0.47 0.53 0.47
0.54 0.61 0.61 0.56 0.29 1.00 0.61 0.54 0.50 0.87 0.57 0.56 0.87 0.60 0.58 0.52 0.27 0.52 0.36 0.54 0.60 0.60 0.59 0.52 0.24 0.34 0.54 0.23 0.43 0.53 0.51 0.50 0.52 0.53 0.51 0.51 0.47 0.53 0.47
0.52 0.60 0.60 0.55 0.28 1.00 0.60 0.53 0.49 0.87 0.56 0.55 0.87 0.59 0.57 0.51 0.26 0.50 0.34 0.52 0.59 0.59 0.57 0.50 0.23 0.32 0.52 0.21 0.41 0.52 0.49 0.49 0.50 0.52 0.49 0.49 0.45 0.52 0.45
0.73 0.82 0.82 0.80 0.53 1.00 0.82 0.79 0.75 0.93 0.80 0.80 0.93 0.82 0.81 0.78 0.51 0.78 0.61 0.79 0.82 0.82 0.81 0.78 0.50 0.63 0.79 0.47 0.72 0.79 0.78 0.77 0.78 0.79 0.78 0.78 0.75 0.79 0.75
0.59 0.68 0.68 0.63 0.36 1.00 0.68 0.62 0.57 0.89 0.65 0.64 0.89 0.67 0.65 0.61 0.33 0.60 0.43 0.61 0.67 0.67 0.66 0.60 0.31 0.41 0.61 0.29 0.52 0.61 0.59 0.59 0.60 0.61 0.59 0.59 0.55 0.61 0.55
0.79 0.88 0.88 0.86 0.62 1.00 0.88 0.85 0.82 0.95 0.87 0.87 0.95 0.88 0.88 0.86 0.61 0.86 0.70 0.86 0.88 0.88 0.88 0.86 0.62 0.75 0.86 0.59 0.82 0.86 0.86 0.86 0.86 0.86 0.86 0.86 0.84 0.86 0.84
0.75 0.83 0.83 0.80 0.55 1.00 0.83 0.79 0.76 0.93 0.81 0.81 0.93 0.83 0.82 0.79 0.53 0.80 0.64 0.80 0.83 0.83 0.82 0.80 0.53 0.67 0.80 0.50 0.75 0.81 0.79 0.79 0.80 0.81 0.79 0.79 0.77 0.81 0.77
0.88 0.95 0.95 0.94 0.76 1.00 0.95 0.93 0.91 0.97 0.94 0.94 0.97 0.95 0.95 0.94 0.74 0.94 0.83 0.94 0.95 0.95 0.95 0.94 0.79 0.88 0.94 0.74 0.92 0.94 0.94 0.94 0.94 0.94 0.94 0.94 0.93 0.94 0.93
0.66 0.75 0.75 0.71 0.43 1.00 0.75 0.69 0.65 0.91 0.72 0.72 0.91 0.74 0.73 0.69 0.42 0.69 0.53 0.70 0.74 0.74 0.74 0.69 0.40 0.53 0.70 0.37 0.62 0.70 0.69 0.69 0.69 0.70 0.69 0.69 0.65 0.70 0.65
0.90 0.96 0.96 0.96 0.80 1.00 0.96 0.95 0.94 0.98 0.96 0.96 0.98 0.96 0.96 0.96 0.78 0.96 0.87 0.96 0.96 0.96 0.96 0.96 0.83 0.91 0.96 0.78 0.94 0.96 0.96 0.96 0.96 0.96 0.96 0.96 0.95 0.96 0.95
0.79 0.87 0.87 0.85 0.61 1.00 0.87 0.84 0.82 0.95 0.86 0.86 0.95 0.87 0.87 0.85 0.60 0.85 0.69 0.85 0.87 0.87 0.87 0.85 0.60 0.73 0.85 0.56 0.81 0.85 0.85 0.85 0.85 0.85 0.85 0.85 0.82 0.85 0.82
0.53 0.61 0.61 0.56 0.28 1.00 0.61 0.54 0.50 0.86 0.56 0.56 0.86 0.59 0.57 0.51 0.26 0.51 0.35 0.54 0.59 0.59 0.57 0.51 0.24 0.33 0.54 0.23 0.43 0.53 0.51 0.51 0.51 0.53 0.51 0.51 0.46 0.53 0.46
0.94 0.99 0.99 0.98 0.89 1.00 0.99 0.98 0.98 0.99 0.98 0.98 0.99 0.99 0.99 0.98 0.88 0.98 0.93 0.98 0.99 0.99 0.99 0.98 0.93 0.97 0.98 0.89 0.98 0.98 0.98 0.98 0.98 0.98 0.98 0.98 0.98 0.98 0.98
0.82 0.91 0.91 0.89 0.67 1.00 0.91 0.88 0.86 0.96 0.90 0.90 0.96 0.91 0.91 0.89 0.65 0.89 0.75 0.89 0.91 0.91 0.91 0.89 0.67 0.79 0.89 0.63 0.85 0.89 0.89 0.89 0.89 0.89 0.89 0.89 0.87 0.89 0.87
0.80 0.89 0.89 0.87 0.63 1.00 0.89 0.87 0.84 0.95 0.88 0.88 0.95 0.89 0.89 0.87 0.63 0.87 0.72 0.87 0.89 0.89 0.89 0.87 0.64 0.77 0.87 0.59 0.83 0.87 0.87 0.87 0.87 0.87 0.87 0.87 0.85 0.87 0.85
0.64 0.74 0.74 0.71 0.43 1.00 0.74 0.69 0.65 0.90 0.72 0.71 0.90 0.73 0.73 0.68 0.41 0.68 0.51 0.69 0.73 0.73 0.73 0.68 0.39 0.51 0.69 0.36 0.61 0.69 0.68 0.68 0.68 0.69 0.68 0.68 0.64 0.69 0.64
0.80 0.89 0.89 0.87 0.64 1.00 0.89 0.86 0.84 0.94 0.88 0.87 0.94 0.88 0.88 0.86 0.62 0.87 0.72 0.87 0.88 0.88 0.88 0.87 0.64 0.76 0.87 0.60 0.82 0.87 0.86 0.86 0.87 0.87 0.86 0.86 0.84 0.87 0.84
0.58 0.66 0.66 0.62 0.34 1.00 0.66 0.60 0.56 0.88 0.63 0.62 0.88 0.65 0.64 0.58 0.31 0.58 0.42 0.60 0.65 0.65 0.64 0.58 0.30 0.40 0.60 0.28 0.50 0.60 0.57 0.57 0.58 0.60 0.57 0.57 0.53 0.60 0.53
0.91 0.97 0.97 0.97 0.83 1.00 0.97 0.96 0.95 0.98 0.97 0.97 0.98 0.97 0.97 0.97 0.82 0.97 0.89 0.97 0.97 0.97 0.97 0.97 0.87 0.94 0.97 0.83 0.96 0.97 0.97 0.97 0.97 0.97 0.97 0.97 0.96 0.97 0.96
0.63 0.71 0.71 0.67 0.40 1.00 0.71 0.66 0.62 0.90 0.68 0.68 0.90 0.71 0.70 0.65 0.37 0.65 0.48 0.66 0.71 0.71 0.70 0.65 0.36 0.48 0.66 0.33 0.58 0.66 0.64 0.64 0.65 0.66 0.64 0.64 0.61 0.66 0.61
0.78 0.87 0.87 0.85 0.61 1.00 0.87 0.84 0.81 0.95 0.86 0.86 0.95 0.87 0.87 0.85 0.58 0.85 0.69 0.85 0.87 0.87 0.87 0.85 0.60 0.73 0.85 0.56 0.80 0.85 0.84 0.84 0.85 0.85 0.84 0.84 0.82 0.85 0.82
0.80 0.89 0.89 0.87 0.63 1.00 0.89 0.86 0.84 0.95 0.88 0.88 0.95 0.89 0.88 0.86 0.62 0.87 0.71 0.87 0.89 0.89 0.88 0.87 0.63 0.76 0.87 0.58 0.83 0.87 0.86 0.86 0.87 0.87 0.86 0.86 0.84 0.87 0.84
0.78 0.87 0.87 0.85 0.60 1.00 0.87 0.84 0.81 0.95 0.86 0.86 0.95 0.87 0.87 0.85 0.59 0.85 0.70 0.85 0.87 0.87 0.87 0.85 0.60 0.73 0.85 0.55 0.81 0.85 0.85 0.85 0.85 0.85 0.85 0.85 0.83 0.85 0.83
0.79 0.88 0.88 0.87 0.64 1.00 0.88 0.86 0.83 0.95 0.87 0.87 0.95 0.88 0.88 0.86 0.60 0.86 0.71 0.87 0.88 0.88 0.88 0.86 0.63 0.76 0.87 0.59 0.82 0.87 0.86 0.86 0.86 0.87 0.86 0.86 0.84 0.87 0.84
0.78 0.88 0.88 0.86 0.62 1.00 0.88 0.85 0.82 0.95 0.87 0.86 0.95 0.88 0.87 0.85 0.59 0.85 0.71 0.86 0.88 0.88 0.88 0.85 0.61 0.75 0.86 0.57 0.81 0.86 0.85 0.85 0.85 0.86 0.85 0.85 0.83 0.86 0.83
0.95 0.99 0.99 0.98 0.90 1.00 0.99 0.98 0.98 0.99 0.99 0.99 0.99 0.99 0.99 0.99 0.89 0.99 0.94 0.99 0.99 0.99 0.99 0.99 0.94 0.98 0.99 0.90 0.98 0.99 0.99 0.99 0.99 0.99 0.99 0.99 0.98 0.99 0.98
0.62 0.70 0.70 0.66 0.38 1.00 0.70 0.64 0.61 0.89 0.67 0.67 0.89 0.69 0.68 0.63 0.36 0.63 0.47 0.65 0.69 0.69 0.68 0.63 0.34 0.46 0.65 0.31 0.56 0.65 0.63 0.63 0.63 0.65 0.63 0.63 0.59 0.65 0.59
0.71 0.79 0.79 0.76 0.49 1.00 0.79 0.75 0.71 0.92 0.77 0.77 0.92 0.78 0.78 0.75 0.47 0.75 0.58 0.75 0.78 0.78 0.78 0.75 0.46 0.59 0.75 0.43 0.68 0.75 0.74 0.74 0.75 0.75 0.74 0.74 0.71 0.75 0.71
0.70 0.78 0.78 0.76 0.49 1.00 0.78 0.75 0.71 0.91 0.77 0.77 0.91 0.79 0.78 0.75 0.48 0.75 0.57 0.75 0.79 0.79 0.78 0.75 0.46 0.59 0.75 0.43 0.68 0.75 0.74 0.74 0.75 0.75 0.74 0.74 0.71 0.75 0.71
0.89 0.96 0.96 0.95 0.79 1.00 0.96 0.95 0.93 0.98 0.96 0.95 0.98 0.96 0.96 0.95 0.77 0.96 0.85 0.96 0.96 0.96 0.96 0.96 0.82 0.90 0.96 0.78 0.94 0.96 0.96 0.96 0.96 0.96 0.96 0.96 0.94 0.96 0.94
0.83 0.92 0.92 0.90 0.70 1.00 0.92 0.90 0.88 0.96 0.91 0.91 0.96 0.92 0.92 0.90 0.68 0.91 0.78 0.91 0.92 0.92 0.92 0.91 0.72 0.83 0.91 0.67 0.88 0.91 0.91 0.91 0.91 0.91 0.91 0.91 0.89 0.91 0.89
0.58 0.66 0.66 0.61 0.34 1.00 0.66 0.60 0.55 0.88 0.62 0.61 0.88 0.65 0.63 0.58 0.32 0.57 0.41 0.59 0.65 0.65 0.63 0.57 0.30 0.40 0.59 0.28 0.50 0.59 0.57 0.57 0.57 0.59 0.57 0.57 0.53 0.59 0.53
0.73 0.82 0.82 0.79 0.53 1.00 0.82 0.78 0.75 0.93 0.80 0.80 0.93 0.81 0.81 0.78 0.50 0.78 0.62 0.79 0.81 0.81 0.81 0.78 0.51 0.64 0.79 0.48 0.73 0.78 0.78 0.78 0.78 0.78 0.78 0.78 0.75 0.78 0.75
0.77 0.86 0.86 0.84 0.60 1.00 0.86 0.83 0.80 0.94 0.85 0.84 0.94 0.85 0.85 0.83 0.57 0.83 0.67 0.83 0.85 0.85 0.85 0.83 0.58 0.71 0.83 0.53 0.79 0.83 0.83 0.83 0.83 0.83 0.83 0.83 0.80 0.83 0.80
0.77 0.86 0.86 0.84 0.60 1.00 0.86 0.83 0.80 0.94 0.85 0.85 0.94 0.86 0.86 0.83 0.58 0.84 0.68 0.84 0.86 0.86 0.86 0.84 0.59 0.72 0.84 0.55 0.79 0.84 0.83 0.83 0.84 0.84 0.83 0.83 0.81 0.84 0.81
0.60 0.69 0.69 0.65 0.36 1.00 0.69 0.63 0.59 0.89 0.66 0.65 0.89 0.67 0.66 0.61 0.33 0.60 0.43 0.61 0.67 0.67 0.66 0.60 0.31 0.43 0.61 0.29 0.53 0.61 0.59 0.59 0.60 0.61 0.59 0.59 0.55 0.61 0.55
