0.29 0.47 0.47 0.51 1.00 0.29 0.47 0.53 0.56 0.31 0.41 0.39 0.31 0.34 0.35 0.37 0.18 0.33 0.18 0.28 0.34 0.34 0.35 0.33 0.13 0.19 0.28 0.12 0.24 0.28 0.28 0.28 0.33 0.28 0.28 0.28 0.27 0.28 0.27
0.28 0.46 0.46 0.51 1.00 0.29 0.46 0.53 0.55 0.30 0.41 0.39 0.30 0.34 0.35 0.36 0.17 0.33 0.18 0.27 0.34 0.34 0.34 0.33 0.13 0.19 0.27 0.12 0.24 0.28 0.28 0.28 0.33 0.28 0.28 0.28 0.27 0.28 0.27
0.88 0.91 0.91 0.92 1.00 0.90 0.91 0.92 0.92 0.91 0.91 0.91 0.91 0.91 0.91 0.91 0.83 0.91 0.87 0.91 0.91 0.91 0.91 0.91 0.87 0.90 0.91 0.83 0.91 0.91 0.91 0.91 0.91 0.91 0.91 0.91 0.91 0.91 0.91
0.74 0.82 0.82 0.83 1.00 0.78 0.82 0.83 0.84 0.80 0.81 0.81 0.80 0.81 0.81 0.80 0.65 0.80 0.71 0.80 0.81 0.81 0.81 0.80 0.68 0.76 0.80 0.64 0.79 0.80 0.80 0.80 0.80 0.80 0.80 0.80 0.80 0.80 0.80
0.35 0.52 0.52 0.57 1.00 0.36 0.52 0.58 0.60 0.39 0.48 0.46 0.39 0.42 0.43 0.44 0.23 0.41 0.25 0.36 0.42 0.42 0.43 0.41 0.19 0.27 0.36 0.17 0.33 0.36 0.37 0.37 0.41 0.36 0.37 0.37 0.35 0.36 0.35
0.45 0.61 0.61 0.64 1.00 0.48 0.61 0.65 0.67 0.50 0.57 0.56 0.50 0.53 0.54 0.54 0.34 0.52 0.37 0.49 0.53 0.53 0.54 0.52 0.31 0.40 0.49 0.28 0.46 0.49 0.50 0.50 0.52 0.49 0.50 0.50 0.48 0.49 0.48
0.56 0.69 0.69 0.71 1.00 0.61 0.69 0.72 0.73 0.63 0.67 0.67 0.63 0.65 0.66 0.66 0.45 0.65 0.51 0.63 0.65 0.65 0.65 0.65 0.45 0.55 0.63 0.42 0.60 0.63 0.63 0.64 0.65 0.63 0.63 0.64 0.62 0.63 0.62
0.32 0.49 0.49 0.53 1.00 0.33 0.49 0.55 0.57 0.35 0.44 0.42 0.35 0.38 0.39 0.40 0.20 0.37 0.22 0.32 0.38 0.38 0.39 0.37 0.16 0.23 0.32 0.15 0.28 0.32 0.33 0.33 0.37 0.32 0.33 0.33 0.31 0.32 0.31
0.35 0.52 0.52 0.56 1.00 0.37 0.52 0.57 0.60 0.39 0.47 0.45 0.39 0.42 0.43 0.44 0.23 0.40 0.25 0.36 0.42 0.42 0.42 0.40 0.20 0.27 0.36 0.18 0.33 0.36 0.37 0.37 0.40 0.36 0.37 0.37 0.35 0.36 0.35
0.32 0.49 0.49 0.54 1.00 0.33 0.49 0.55 0.58 0.35 0.44 0.42 0.35 0.38 0.39 0.40 0.20 0.37 0.22 0.33 0.38 0.38 0.39 0.37 0.17 0.23 0.33 0.15 0.30 0.33 0.33 0.33 0.37 0.33 0.33 0.33 0.31 0.33 0.31
0.82 0.87 0.87 0.88 1.00 0.86 0.87 0.88 0.88 0.86 0.87 0.87 0.86 0.87 0.87 0.87 0.75 0.87 0.81 0.87 0.87 0.87 0.87 0.87 0.79 0.85 0.87 0.75 0.86 0.87 0.87 0.87 0.87 0.87 0.87 0.87 0.87 0.87 0.87
0.69 0.79 0.79 0.80 1.00 0.74 0.79 0.80 0.81 0.76 0.78 0.78 0.76 0.77 0.78 0.77 0.61 0.77 0.67 0.77 0.77 0.77 0.77 0.77 0.63 0.71 0.77 0.59 0.75 0.77 0.77 0.77 0.77 0.77 0.77 0.77 0.76 0.77 0.76
0.53 0.68 0.68 0.70 1.00 0.59 0.68 0.71 0.72 0.61 0.65 0.65 0.61 0.64 0.64 0.63 0.44 0.63 0.49 0.61 0.64 0.64 0.64 0.63 0.43 0.53 0.61 0.40 0.58 0.61 0.61 0.61 0.63 0.61 0.61 0.61 0.60 0.61 0.60
0.85 0.90 0.90 0.90 1.00 0.88 0.90 0.90 0.90 0.89 0.90 0.89 0.89 0.89 0.89 0.89 0.79 0.89 0.84 0.89 0.89 0.89 0.89 0.89 0.84 0.88 0.89 0.80 0.89 0.89 0.89 0.89 0.89 0.89 0.89 0.89 0.89 0.89 0.89
0.53 0.67 0.67 0.69 1.00 0.58 0.67 0.70 0.71 0.60 0.65 0.64 0.60 0.62 0.63 0.62 0.43 0.61 0.48 0.60 0.62 0.62 0.63 0.61 0.41 0.51 0.60 0.38 0.57 0.60 0.60 0.60 0.61 0.60 0.60 0.60 0.58 0.60 0.58
0.78 0.85 0.85 0.86 1.00 0.83 0.85 0.86 0.86 0.84 0.85 0.84 0.84 0.85 0.85 0.84 0.71 0.85 0.77 0.84 0.85 0.85 0.85 0.85 0.75 0.81 0.84 0.71 0.83 0.84 0.84 0.84 0.85 0.84 0.84 0.84 0.84 0.84 0.84
0.41 0.57 0.57 0.61 1.00 0.44 0.57 0.62 0.64 0.46 0.54 0.52 0.46 0.50 0.50 0.51 0.29 0.48 0.33 0.45 0.50 0.50 0.50 0.48 0.27 0.35 0.45 0.25 0.41 0.45 0.45 0.45 0.48 0.45 0.45 0.45 0.44 0.45 0.44
0.37 0.53 0.53 0.57 1.00 0.39 0.53 0.58 0.60 0.41 0.49 0.48 0.41 0.44 0.45 0.46 0.26 0.43 0.28 0.39 0.44 0.44 0.45 0.43 0.22 0.29 0.39 0.20 0.36 0.39 0.40 0.40 0.43 0.39 0.40 0.40 0.39 0.39 0.39
0.61 0.73 0.73 0.75 1.00 0.66 0.73 0.75 0.76 0.68 0.71 0.71 0.68 0.70 0.70 0.70 0.51 0.69 0.57 0.68 0.70 0.70 0.70 0.69 0.51 0.61 0.68 0.48 0.66 0.68 0.69 0.69 0.69 0.68 0.69 0.69 0.67 0.68 0.67
0.28 0.45 0.45 0.50 1.00 0.28 0.45 0.52 0.54 0.30 0.40 0.39 0.30 0.34 0.35 0.37 0.18 0.33 0.17 0.27 0.34 0.34 0.34 0.33 0.13 0.18 0.27 0.12 0.24 0.27 0.27 0.27 0.33 0.27 0.27 0.28 0.26 0.27 0.26
0.46 0.62 0.62 0.64 1.00 0.49 0.62 0.65 0.67 0.52 0.58 0.57 0.52 0.54 0.55 0.55 0.33 0.53 0.38 0.50 0.54 0.54 0.55 0.53 0.32 0.40 0.50 0.29 0.47 0.50 0.51 0.51 0.53 0.50 0.51 0.51 0.49 0.50 0.49
0.44 0.60 0.60 0.63 1.00 0.48 0.60 0.64 0.66 0.50 0.57 0.55 0.50 0.53 0.53 0.53 0.32 0.51 0.36 0.48 0.53 0.53 0.53 0.51 0.29 0.39 0.48 0.27 0.45 0.49 0.49 0.49 0.51 0.49 0.49 0.49 0.47 0.49 0.47
0.36 0.53 0.53 0.57 1.00 0.38 0.53 0.58 0.60 0.40 0.48 0.47 0.40 0.43 0.44 0.45 0.24 0.42 0.26 0.38 0.43 0.43 0.44 0.42 0.21 0.28 0.38 0.19 0.34 0.38 0.38 0.39 0.42 0.38 0.38 0.39 0.37 0.38 0.37
0.48 0.62 0.62 0.65 1.00 0.51 0.62 0.66 0.67 0.54 0.60 0.59 0.54 0.57 0.57 0.57 0.36 0.56 0.40 0.53 0.57 0.57 0.57 0.56 0.34 0.44 0.53 0.32 0.49 0.53 0.53 0.53 0.56 0.53 0.53 0.53 0.52 0.53 0.52
0.38 0.55 0.55 0.59 1.00 0.40 0.55 0.60 0.62 0.43 0.50 0.49 0.43 0.45 0.46 0.47 0.26 0.44 0.29 0.40 0.45 0.45 0.46 0.44 0.23 0.31 0.40 0.21 0.37 0.41 0.41 0.41 0.44 0.41 0.41 0.41 0.39 0.41 0.39
0.59 0.71 0.71 0.73 1.00 0.63 0.71 0.74 0.75 0.65 0.69 0.69 0.65 0.68 0.68 0.68 0.47 0.67 0.54 0.66 0.68 0.68 0.68 0.67 0.49 0.59 0.66 0.45 0.63 0.66 0.66 0.66 0.67 0.66 0.66 0.66 0.65 0.66 0.65
0.28 0.45 0.45 0.50 1.00 0.28 0.45 0.51 0.54 0.30 0.40 0.38 0.30 0.33 0.34 0.36 0.17 0.32 0.17 0.27 0.33 0.33 0.34 0.32 0.13 0.19 0.27 0.12 0.23 0.27 0.27 0.27 0.32 0.27 0.27 0.27 0.26 0.27 0.26
0.47 0.62 0.62 0.65 1.00 0.51 0.62 0.66 0.68 0.54 0.60 0.58 0.54 0.56 0.57 0.57 0.36 0.55 0.40 0.53 0.56 0.56 0.57 0.55 0.34 0.43 0.53 0.31 0.49 0.53 0.53 0.53 0.55 0.53 0.53 0.53 0.51 0.53 0.51
0.52 0.66 0.66 0.69 1.00 0.56 0.66 0.69 0.71 0.58 0.63 0.63 0.58 0.61 0.62 0.61 0.41 0.60 0.46 0.58 0.61 0.61 0.61 0.60 0.39 0.49 0.58 0.36 0.55 0.58 0.58 0.58 0.60 0.58 0.58 0.58 0.57 0.58 0.57
0.66 0.77 0.77 0.78 1.00 0.71 0.77 0.78 0.79 0.73 0.75 0.75 0.73 0.75 0.75 0.75 0.57 0.74 0.63 0.74 0.75 0.75 0.75 0.74 0.59 0.68 0.74 0.55 0.72 0.74 0.74 0.74 0.74 0.74 0.74 0.74 0.73 0.74 0.73
0.30 0.48 0.48 0.52 1.00 0.31 0.48 0.53 0.56 0.33 0.43 0.41 0.33 0.37 0.38 0.39 0.19 0.35 0.20 0.31 0.37 0.37 0.37 0.35 0.16 0.21 0.31 0.15 0.27 0.31 0.31 0.31 0.35 0.31 0.31 0.31 0.30 0.31 0.30
0.58 0.71 0.71 0.73 1.00 0.64 0.71 0.73 0.74 0.66 0.69 0.68 0.66 0.68 0.68 0.67 0.48 0.67 0.54 0.65 0.68 0.68 0.68 0.67 0.48 0.58 0.65 0.45 0.63 0.66 0.66 0.66 0.67 0.66 0.66 0.66 0.64 0.66 0.64
0.35 0.52 0.52 0.56 1.00 0.36 0.52 0.57 0.60 0.38 0.47 0.45 0.38 0.42 0.42 0.43 0.23 0.40 0.25 0.36 0.42 0.42 0.42 0.40 0.19 0.26 0.36 0.17 0.32 0.36 0.36 0.36 0.40 0.36 0.36 0.36 0.35 0.36 0.35
0.42 0.58 0.58 0.61 1.00 0.44 0.58 0.62 0.64 0.47 0.54 0.52 0.47 0.49 0.50 0.50 0.29 0.48 0.33 0.45 0.49 0.49 0.50 0.48 0.27 0.35 0.45 0.25 0.41 0.45 0.46 0.46 0.48 0.45 0.46 0.46 0.44 0.45 0.44
0.49 0.64 0.64 0.66 1.00 0.53 0.64 0.67 0.69 0.55 0.61 0.60 0.55 0.58 0.58 0.59 0.38 0.57 0.42 0.54 0.58 0.58 0.58 0.57 0.36 0.45 0.54 0.33 0.51 0.54 0.55 0.55 0.57 0.54 0.55 0.55 0.53 0.54 0.53
0.53 0.66 0.66 0.69 1.00 0.57 0.66 0.69 0.71 0.59 0.64 0.63 0.59 0.61 0.62 0.62 0.41 0.60 0.46 0.58 0.61 0.61 0.62 0.60 0.41 0.50 0.58 0.38 0.55 0.59 0.58 0.58 0.60 0.59 0.58 0.58 0.57 0.59 0.57
0.27 0.45 0.45 0.50 1.00 0.28 0.45 0.51 0.54 0.30 0.40 0.38 0.30 0.33 0.34 0.35 0.17 0.32 0.17 0.27 0.33 0.33 0.34 0.32 0.13 0.18 0.27 0.12 0.23 0.27 0.27 0.27 0.32 0.27 0.27 0.27 0.26 0.27 0.26
0.32 0.50 0.50 0.55 1.00 0.34 0.50 0.56 0.58 0.36 0.45 0.43 0.36 0.39 0.40 0.41 0.20 0.38 0.22 0.33 0.39 0.39 0.40 0.38 0.17 0.23 0.33 0.15 0.29 0.33 0.33 0.33 0.38 0.33 0.33 0.33 0.32 0.33 0.32
0.87 0.91 0.91 0.91 1.00 0.90 0.91 0.91 0.91 0.90 0.91 0.91 0.90 0.91 0.91 0.91 0.81 0.91 0.86 0.91 0.91 0.91 0.91 0.91 0.85 0.89 0.91 0.82 0.90 0.91 0.91 0.91 0.91 0.91 0.91 0.91 0.90 0.91 0.90
0.28 0.46 0.46 0.50 1.00 0.29 0.46 0.52 0.55 0.31 0.40 0.38 0.31 0.33 0.34 0.36 0.18 0.32 0.18 0.27 0.33 0.33 0.34 0.32 0.13 0.18 0.27 0.12 0.24 0.27 0.28 0.28 0.32 0.27 0.28 0.28 0.27 0.27 0.27
0.82 0.88 0.88 0.89 1.00 0.87 0.88 0.89 0.89 0.88 0.88 0.88 0.88 0.88 0.88 0.88 0.76 0.88 0.82 0.88 0.88 0.88 0.88 0.88 0.81 0.86 0.88 0.77 0.87 0.88 0.88 0.88 0.88 0.88 0.88 0.88 0.87 0.88 0.87
0.87 0.91 0.91 0.92 1.00 0.90 0.91 0.92 0.92 0.91 0.91 0.91 0.91 0.91 0.91 0.91 0.83 0.91 0.87 0.91 0.91 0.91 0.91 0.91 0.87 0.90 0.91 0.83 0.91 0.91 0.91 0.91 0.91 0.91 0.91 0.91 0.91 0.91 0.91
0.46 0.61 0.61 0.64 1.00 0.50 0.61 0.65 0.66 0.52 0.58 0.57 0.52 0.55 0.55 0.55 0.34 0.53 0.39 0.51 0.55 0.55 0.55 0.53 0.32 0.42 0.51 0.30 0.48 0.51 0.51 0.51 0.53 0.51 0.51 0.51 0.50 0.51 0.50
0.30 0.48 0.48 0.52 1.00 0.31 0.48 0.54 0.57 0.33 0.43 0.41 0.33 0.36 0.37 0.38 0.19 0.35 0.20 0.30 0.36 0.36 0.37 0.35 0.15 0.21 0.30 0.13 0.27 0.30 0.31 0.31 0.35 0.30 0.31 0.31 0.29 0.30 0.29
0.73 0.81 0.81 0.82 1.00 0.77 0.81 0.82 0.83 0.79 0.80 0.80 0.79 0.80 0.80 0.79 0.63 0.79 0.70 0.79 0.80 0.80 0.80 0.79 0.66 0.74 0.79 0.62 0.78 0.79 0.79 0.79 0.79 0.79 0.79 0.79 0.78 0.79 0.78
0.34 0.52 0.52 0.56 1.00 0.37 0.52 0.57 0.60 0.38 0.47 0.45 0.38 0.42 0.43 0.43 0.23 0.40 0.25 0.36 0.42 0.42 0.42 0.40 0.19 0.26 0.36 0.18 0.33 0.36 0.37 0.37 0.40 0.36 0.37 0.37 0.35 0.36 0.35
0.43 0.58 0.58 0.62 1.00 0.46 0.58 0.63 0.64 0.48 0.55 0.54 0.48 0.51 0.52 0.52 0.32 0.50 0.35 0.47 0.51 0.51 0.52 0.50 0.29 0.37 0.47 0.26 0.43 0.47 0.47 0.47 0.50 0.47 0.47 0.47 0.46 0.47 0.46
0.51 0.65 0.65 0.67 1.00 0.56 0.65 0.68 0.69 0.58 0.62 0.62 0.58 0.60 0.61 0.60 0.39 0.59 0.45 0.57 0.60 0.60 0.60 0.59 0.38 0.47 0.57 0.35 0.54 0.57 0.57 0.57 0.59 0.57 0.57 0.57 0.55 0.57 0.55
0.40 0.56 0.56 0.60 1.00 0.42 0.56 0.61 0.63 0.44 0.52 0.51 0.44 0.48 0.49 0.49 0.28 0.47 0.31 0.42 0.48 0.48 0.48 0.47 0.25 0.34 0.42 0.23 0.39 0.43 0.44 0.44 0.47 0.43 0.44 0.44 0.42 0.43 0.42
0.47 0.63 0.63 0.66 1.00 0.52 0.63 0.67 0.68 0.54 0.60 0.59 0.54 0.57 0.58 0.57 0.36 0.55 0.41 0.54 0.57 0.57 0.57 0.55 0.35 0.44 0.54 0.32 0.50 0.54 0.54 0.54 0.55 0.54 0.54 0.54 0.52 0.54 0.52
0.47 0.63 0.63 0.65 1.00 0.51 0.63 0.66 0.68 0.53 0.59 0.58 0.53 0.56 0.57 0.57 0.36 0.55 0.40 0.53 0.56 0.56 0.56 0.55 0.34 0.44 0.53 0.31 0.50 0.53 0.53 0.53 0.55 0.53 0.53 0.53 0.52 0.53 0.52
0.27 0.46 0.46 0.50 1.00 0.28 0.46 0.52 0.55 0.30 0.40 0.38 0.30 0.33 0.34 0.36 0.17 0.32 0.17 0.27 0.33 0.33 0.34 0.32 0.13 0.18 0.27 0.12 0.23 0.27 0.27 0.27 0.32 0.27 0.27 0.28 0.26 0.27 0.26
0.81 0.87 0.87 0.87 1.00 0.85 0.87 0.87 0.88 0.86 0.86 0.86 0.86 0.86 0.86 0.86 0.74 0.86 0.80 0.86 0.86 0.86 0.86 0.86 0.79 0.84 0.86 0.75 0.85 0.86 0.86 0.86 0.86 0.86 0.86 0.86 0.86 0.86 0.86
0.44 0.59 0.59 0.62 1.00 0.48 0.59 0.63 0.65 0.50 0.56 0.55 0.50 0.52 0.53 0.52 0.32 0.50 0.35 0.48 0.52 0.52 0.52 0.50 0.29 0.39 0.48 0.26 0.45 0.48 0.48 0.48 0.50 0.48 0.48 0.48 0.47 0.48 0.47
0.41 0.57 0.57 0.61 1.00 0.44 0.57 0.62 0.64 0.46 0.53 0.51 0.46 0.49 0.49 0.50 0.29 0.47 0.32 0.44 0.49 0.49 0.49 0.47 0.27 0.34 0.44 0.24 0.40 0.44 0.44 0.44 0.47 0.44 0.44 0.44 0.43 0.44 0.43
0.62 0.74 0.74 0.75 1.00 0.67 0.74 0.76 0.77 0.69 0.72 0.72 0.69 0.71 0.71 0.71 0.51 0.70 0.58 0.69 0.71 0.71 0.71 0.70 0.52 0.62 0.69 0.48 0.67 0.69 0.69 0.69 0.70 0.69 0.69 0.69 0.68 0.69 0.68
0.31 0.49 0.49 0.54 1.00 0.33 0.49 0.55 0.57 0.34 0.44 0.42 0.34 0.37 0.38 0.40 0.20 0.36 0.21 0.32 0.37 0.37 0.38 0.36 0.16 0.22 0.32 0.15 0.28 0.32 0.32 0.32 0.36 0.32 0.32 0.32 0.31 0.32 0.31
0.83 0.88 0.88 0.88 1.00 0.87 0.88 0.89 0.89 0.88 0.88 0.88 0.88 0.88 0.88 0.88 0.76 0.88 0.82 0.88 0.88 0.88 0.88 0.88 0.81 0.86 0.88 0.77 0.87 0.88 0.88 0.88 0.88 0.88 0.88 0.88 0.87 0.88 0.87
0.90 0.93 0.93 0.94 1.00 0.93 0.93 0.94 0.94 0.93 0.93 0.93 0.93 0.93 0.93 0.93 0.86 0.93 0.89 0.93 0.93 0.93 0.93 0.93 0.90 0.92 0.93 0.87 0.93 0.93 0.93 0.93 0.93 0.93 0.93 0.93 0.93 0.93 0.93
0.43 0.59 0.59 0.62 1.00 0.46 0.59 0.63 0.65 0.48 0.55 0.54 0.48 0.50 0.51 0.52 0.30 0.49 0.34 0.46 0.50 0.50 0.51 0.49 0.27 0.36 0.46 0.25 0.43 0.46 0.46 0.46 0.49 0.46 0.46 0.46 0.45 0.46 0.45
0.39 0.55 0.55 0.59 1.00 0.41 0.55 0.60 0.62 0.44 0.51 0.50 0.44 0.47 0.47 0.48 0.28 0.46 0.30 0.42 0.47 0.47 0.47 0.46 0.24 0.33 0.42 0.22 0.39 0.42 0.43 0.43 0.46 0.42 0.43 0.43 0.41 0.42 0.41
0.54 0.68 0.68 0.70 1.00 0.59 0.68 0.71 0.72 0.62 0.66 0.65 0.62 0.64 0.64 0.64 0.43 0.63 0.49 0.61 0.64 0.64 0.64 0.63 0.43 0.53 0.61 0.40 0.58 0.61 0.61 0.61 0.63 0.61 0.61 0.61 0.60 0.61 0.60
0.75 0.83 0.83 0.83 1.00 0.79 0.83 0.83 0.84 0.81 0.82 0.82 0.81 0.81 0.81 0.81 0.66 0.81 0.73 0.81 0.81 0.81 0.81 0.81 0.70 0.77 0.81 0.66 0.80 0.81 0.81 0.81 0.81 0.81 0.81 0.81 0.80 0.81 0.80
0.59 0.72 0.72 0.73 1.00 0.64 0.72 0.74 0.75 0.66 0.70 0.69 0.66 0.68 0.68 0.68 0.47 0.67 0.54 0.66 0.68 0.68 0.68 0.67 0.48 0.58 0.66 0.45 0.63 0.66 0.66 0.66 0.67 0.66 0.66 0.66 0.65 0.66 0.65
0.45 0.61 0.61 0.64 1.00 0.49 0.61 0.65 0.66 0.51 0.58 0.57 0.51 0.54 0.55 0.55 0.34 0.53 0.38 0.50 0.54 0.54 0.55 0.53 0.32 0.41 0.50 0.29 0.47 0.50 0.51 0.51 0.53 0.50 0.51 0.51 0.49 0.50 0.49
0.67 0.77 0.77 0.78 1.00 0.72 0.77 0.79 0.80 0.74 0.76 0.75 0.74 0.75 0.75 0.75 0.57 0.74 0.64 0.74 0.75 0.75 0.75 0.74 0.60 0.69 0.74 0.56 0.72 0.74 0.74 0.74 0.74 0.74 0.74 0.74 0.73 0.74 0.73
0.48 0.64 0.64 0.66 1.00 0.53 0.64 0.67 0.69 0.55 0.61 0.60 0.55 0.58 0.58 0.59 0.37 0.57 0.42 0.54 0.58 0.58 0.58 0.57 0.35 0.44 0.54 0.32 0.51 0.54 0.54 0.54 0.57 0.54 0.54 0.54 0.53 0.54 0.53
0.46 0.62 0.62 0.64 1.00 0.50 0.62 0.65 0.67 0.52 0.58 0.57 0.52 0.55 0.55 0.55 0.34 0.54 0.39 0.51 0.55 0.55 0.55 0.54 0.32 0.42 0.51 0.30 0.48 0.51 0.51 0.51 0.54 0.51 0.51 0.51 0.49 0.51 0.49
0.33 0.50 0.50 0.54 1.00 0.35 0.50 0.55 0.58 0.36 0.45 0.43 0.36 0.40 0.40 0.41 0.21 0.38 0.23 0.34 0.40 0.40 0.40 0.38 0.18 0.25 0.34 0.16 0.30 0.34 0.35 0.35 0.38 0.34 0.35 0.35 0.33 0.34 0.33
0.71 0.81 0.81 0.82 1.00 0.77 0.81 0.82 0.82 0.78 0.80 0.80 0.78 0.79 0.80 0.79 0.63 0.79 0.70 0.79 0.79 0.79 0.80 0.79 0.66 0.74 0.79 0.62 0.77 0.79 0.79 0.79 0.79 0.79 0.79 0.79 0.78 0.79 0.78
0.76 0.83 0.83 0.84 1.00 0.81 0.83 0.84 0.85 0.82 0.83 0.82 0.82 0.83 0.83 0.82 0.68 0.82 0.74 0.82 0.83 0.83 0.83 0.82 0.72 0.79 0.82 0.68 0.81 0.82 0.82 0.82 0.82 0.82 0.82 0.82 0.82 0.82 0.82
0.29 0.46 0.46 0.51 1.00 0.30 0.46 0.52 0.55 0.32 0.41 0.39 0.32 0.34 0.35 0.37 0.17 0.33 0.18 0.28 0.34 0.34 0.35 0.33 0.14 0.20 0.28 0.13 0.25 0.28 0.29 0.29 0.33 0.28 0.29 0.29 0.27 0.28 0.27
0.42 0.58 0.58 0.61 1.00 0.45 0.58 0.62 0.64 0.47 0.54 0.53 0.47 0.50 0.50 0.51 0.30 0.49 0.34 0.45 0.50 0.50 0.50 0.49 0.27 0.36 0.45 0.25 0.42 0.46 0.46 0.46 0.49 0.46 0.46 0.46 0.45 0.46 0.45
0.64 0.76 0.76 0.77 1.00 0.70 0.76 0.77 0.78 0.72 0.74 0.74 0.72 0.73 0.73 0.73 0.54 0.73 0.61 0.72 0.73 0.73 0.73 0.73 0.57 0.66 0.72 0.53 0.70 0.72 0.72 0.72 0.73 0.72 0.72 0.72 0.71 0.72 0.71
0.34 0.52 0.52 0.56 1.00 0.35 0.52 0.57 0.60 0.38 0.47 0.45 0.38 0.41 0.42 0.43 0.23 0.40 0.24 0.35 0.41 0.41 0.41 0.40 0.19 0.26 0.35 0.17 0.32 0.36 0.36 0.36 0.40 0.36 0.36 0.36 0.34 0.36 0.34
0.29 0.47 0.47 0.51 1.00 0.29 0.47 0.53 0.56 0.31 0.41 0.40 0.31 0.34 0.35 0.37 0.18 0.33 0.18 0.28 0.34 0.34 0.35 0.33 0.13 0.19 0.28 0.12 0.24 0.28 0.28 0.28 0.33 0.28 0.28 0.28 0.27 0.28 0.27
0.78 0.85 0.85 0.86 1.00 0.83 0.85 0.86 0.86 0.84 0.85 0.85 0.84 0.85 0.85 0.84 0.71 0.84 0.77 0.84 0.85 0.85 0.85 0.84 0.75 0.82 0.84 0.70 0.83 0.84 0.84 0.84 0.84 0.84 0.84 0.84 0.84 0.84 0.84
0.49 0.64 0.64 0.67 1.00 0.54 0.64 0.68 0.69 0.56 0.61 0.60 0.56 0.58 0.59 0.59 0.38 0.58 0.43 0.55 0.58 0.58 0.59 0.58 0.37 0.46 0.55 0.34 0.52 0.55 0.55 0.55 0.58 0.55 0.55 0.56 0.54 0.55 0.54
0.48 0.63 0.63 0.66 1.00 0.52 0.63 0.66 0.68 0.54 0.60 0.59 0.54 0.57 0.57 0.58 0.36 0.56 0.41 0.53 0.57 0.57 0.57 0.56 0.34 0.44 0.53 0.31 0.50 0.53 0.54 0.54 0.56 0.53 0.54 0.54 0.52 0.53 0.52
0.37 0.54 0.54 0.58 1.00 0.39 0.54 0.59 0.61 0.41 0.50 0.48 0.41 0.44 0.45 0.46 0.25 0.43 0.28 0.39 0.44 0.44 0.45 0.43 0.22 0.30 0.39 0.20 0.36 0.39 0.40 0.40 0.43 0.39 0.40 0.40 0.38 0.39 0.38
0.86 0.90 0.90 0.91 1.00 0.89 0.90 0.91 0.91 0.90 0.90 0.90 0.90 0.90 0.90 0.90 0.80 0.90 0.84 0.90 0.90 0.90 0.90 0.90 0.84 0.88 0.90 0.81 0.90 0.90 0.90 0.90 0.90 0.90 0.90 0.90 0.90 0.90 0.90
0.86 0.91 0.91 0.91 1.00 0.90 0.91 0.91 0.92 0.91 0.91 0.91 0.91 0.91 0.91 0.91 0.81 0.91 0.86 0.91 0.91 0.91 0.91 0.91 0.86 0.90 0.91 0.82 0.90 0.91 0.91 0.91 0.91 0.91 0.91 0.91 0.90 0.91 0.90
0.43 0.59 0.59 0.62 1.00 0.46 0.59 0.63 0.65 0.48 0.56 0.55 0.48 0.52 0.52 0.53 0.30 0.51 0.35 0.47 0.52 0.52 0.52 0.51 0.28 0.38 0.47 0.26 0.44 0.47 0.47 0.47 0.51 0.47 0.47 0.47 0.46 0.47 0.46
0.86 0.91 0.91 0.91 1.00 0.90 0.91 0.91 0.91 0.91 0.91 0.91 0.91 0.91 0.91 0.91 0.81 0.91 0.86 0.91 0.91 0.91 0.91 0.91 0.86 0.89 0.91 0.82 0.90 0.91 0.91 0.91 0.91 0.91 0.91 0.91 0.90 0.91 0.90
0.52 0.67 0.67 0.69 1.00 0.58 0.67 0.70 0.72 0.60 0.65 0.64 0.60 0.62 0.63 0.62 0.42 0.61 0.47 0.59 0.62 0.62 0.62 0.61 0.42 0.51 0.59 0.39 0.57 0.60 0.60 0.60 0.61 0.60 0.60 0.60 0.58 0.60 0.58
0.61 0.73 0.73 0.75 1.00 0.66 0.73 0.75 0.76 0.68 0.71 0.71 0.68 0.70 0.70 0.70 0.50 0.69 0.57 0.69 0.70 0.70 0.70 0.69 0.52 0.62 0.69 0.48 0.66 0.69 0.69 0.69 0.69 0.69 0.69 0.69 0.67 0.69 0.67
0.83 0.89 0.89 0.89 1.00 0.87 0.89 0.89 0.89 0.88 0.89 0.89 0.88 0.89 0.89 0.88 0.77 0.88 0.82 0.88 0.89 0.89 0.89 0.88 0.82 0.87 0.88 0.78 0.88 0.88 0.88 0.88 0.88 0.88 0.88 0.88 0.88 0.88 0.88
0.55 0.69 0.69 0.71 1.00 0.60 0.69 0.72 0.73 0.63 0.67 0.66 0.63 0.65 0.65 0.65 0.45 0.64 0.50 0.62 0.65 0.65 0.65 0.64 0.45 0.54 0.62 0.42 0.60 0.63 0.63 0.63 0.64 0.63 0.63 0.63 0.61 0.63 0.61
0.28 0.46 0.46 0.51 1.00 0.30 0.46 0.52 0.55 0.31 0.41 0.39 0.31 0.34 0.35 0.37 0.17 0.33 0.18 0.27 0.34 0.34 0.35 0.33 0.13 0.19 0.27 0.12 0.24 0.28 0.28 0.28 0.33 0.28 0.28 0.28 0.27 0.28 0.27
0.49 0.64 0.64 0.66 1.00 0.53 0.64 0.67 0.69 0.55 0.61 0.60 0.55 0.58 0.58 0.59 0.37 0.57 0.42 0.55 0.58 0.58 0.58 0.57 0.36 0.45 0.55 0.33 0.51 0.55 0.55 0.55 0.57 0.55 0.55 0.55 0.53 0.55 0.53
0.84 0.89 0.89 0.89 1.00 0.87 0.89 0.89 0.90 0.88 0.89 0.89 0.88 0.89 0.89 0.89 0.78 0.89 0.83 0.89 0.89 0.89 0.89 0.89 0.82 0.87 0.89 0.78 0.88 0.89 0.89 0.89 0.89 0.89 0.89 0.89 0.88 0.89 0.88
0.50 0.65 0.65 0.67 1.00 0.55 0.65 0.68 0.69 0.57 0.62 0.61 0.57 0.59 0.60 0.60 0.39 0.58 0.44 0.57 0.59 0.59 0.60 0.58 0.38 0.48 0.57 0.35 0.53 0.57 0.57 0.57 0.58 0.57 0.57 0.57 0.55 0.57 0.55
0.80 0.87 0.87 0.87 1.00 0.85 0.87 0.87 0.88 0.86 0.86 0.86 0.86 0.86 0.86 0.86 0.74 0.86 0.79 0.86 0.86 0.86 0.86 0.86 0.78 0.83 0.86 0.73 0.85 0.86 0.86 0.86 0.86 0.86 0.86 0.86 0.85 0.86 0.85
0.30 0.47 0.47 0.52 1.00 0.31 0.47 0.53 0.56 0.32 0.42 0.40 0.32 0.36 0.37 0.38 0.19 0.34 0.19 0.29 0.36 0.36 0.36 0.34 0.14 0.20 0.29 0.13 0.26 0.29 0.30 0.30 0.34 0.29 0.30 0.30 0.29 0.29 0.29
0.29 0.47 0.47 0.51 1.00 0.30 0.47 0.53 0.55 0.32 0.41 0.39 0.32 0.35 0.36 0.37 0.19 0.34 0.19 0.29 0.35 0.35 0.36 0.34 0.14 0.20 0.29 0.13 0.25 0.29 0.29 0.29 0.34 0.29 0.29 0.29 0.28 0.29 0.28
0.30 0.48 0.48 0.52 1.00 0.31 0.48 0.53 0.56 0.33 0.42 0.40 0.33 0.36 0.37 0.38 0.18 0.35 0.20 0.30 0.36 0.36 0.37 0.35 0.15 0.21 0.30 0.14 0.26 0.30 0.30 0.30 0.35 0.30 0.30 0.31 0.29 0.30 0.29
0.57 0.70 0.70 0.72 1.00 0.62 0.70 0.72 0.74 0.64 0.68 0.67 0.64 0.66 0.66 0.66 0.46 0.65 0.52 0.64 0.66 0.66 0.66 0.65 0.46 0.56 0.64 0.43 0.62 0.64 0.64 0.64 0.65 0.64 0.64 0.64 0.63 0.64 0.63
0.48 0.63 0.63 0.66 1.00 0.52 0.63 0.67 0.68 0.54 0.60 0.59 0.54 0.57 0.57 0.58 0.37 0.56 0.41 0.53 0.57 0.57 0.57 0.56 0.35 0.44 0.53 0.33 0.50 0.54 0.54 0.54 0.56 0.54 0.54 0.54 0.52 0.54 0.52
0.86 0.90 0.90 0.90 1.00 0.89 0.90 0.90 0.90 0.90 0.90 0.90 0.90 0.90 0.90 0.90 0.80 0.90 0.85 0.90 0.90 0.90 0.90 0.90 0.84 0.88 0.90 0.80 0.89 0.90 0.90 0.90 0.90 0.90 0.90 0.90 0.89 0.90 0.89
0.63 0.75 0.75 0.77 1.00 0.69 0.75 0.77 0.78 0.71 0.74 0.73 0.71 0.73 0.73 0.73 0.53 0.72 0.61 0.71 0.73 0.73 0.73 0.72 0.55 0.65 0.71 0.51 0.69 0.72 0.72 0.72 0.72 0.72 0.72 0.72 0.70 0.72 0.70
0.46 0.62 0.62 0.65 1.00 0.50 0.62 0.65 0.67 0.52 0.58 0.57 0.52 0.55 0.56 0.56 0.34 0.54 0.38 0.51 0.55 0.55 0.55 0.54 0.32 0.42 0.51 0.29 0.48 0.51 0.52 0.52 0.54 0.51 0.52 0.52 0.50 0.51 0.50
0.61 0.73 0.73 0.74 1.00 0.66 0.73 0.75 0.76 0.68 0.71 0.71 0.68 0.70 0.70 0.70 0.50 0.69 0.57 0.68 0.70 0.70 0.70 0.69 0.51 0.61 0.68 0.48 0.66 0.68 0.68 0.68 0.69 0.68 0.68 0.68 0.67 0.68 0.67
0.31 0.49 0.49 0.54 1.00 0.32 0.49 0.55 0.57 0.34 0.43 0.42 0.34 0.37 0.39 0.40 0.20 0.36 0.21 0.32 0.37 0.37 0.38 0.36 0.16 0.22 0.32 0.14 0.28 0.32 0.32 0.32 0.36 0.32 0.32 0.32 0.31 0.32 0.31
0.89 0.92 0.92 0.92 1.00 0.91 0.92 0.92 0.93 0.92 0.92 0.92 0.92 0.92 0.92 0.92 0.84 0.92 0.88 0.92 0.92 0.92 0.92 0.92 0.88 0.91 0.92 0.85 0.92 0.92 0.92 0.92 0.92 0.92 0.92 0.92 0.92 0.92 0.92
0.30 0.48 0.48 0.52 1.00 0.31 0.48 0.54 0.56 0.33 0.42 0.40 0.33 0.36 0.37 0.38 0.19 0.34 0.20 0.30 0.36 0.36 0.36 0.34 0.15 0.21 0.30 0.14 0.26 0.30 0.30 0.30 0.34 0.30 0.30 0.30 0.29 0.30 0.29
0.57 0.70 0.70 0.72 1.00 0.62 0.70 0.73 0.74 0.64 0.69 0.68 0.64 0.67 0.67 0.67 0.48 0.66 0.52 0.64 0.67 0.67 0.67 0.66 0.46 0.56 0.64 0.43 0.61 0.64 0.64 0.65 0.66 0.64 0.64 0.65 0.63 0.64 0.63
0.58 0.70 0.70 0.72 1.00 0.63 0.70 0.72 0.74 0.65 0.68 0.67 0.65 0.66 0.67 0.66 0.47 0.66 0.52 0.64 0.66 0.66 0.67 0.66 0.46 0.56 0.64 0.43 0.62 0.65 0.65 0.65 0.66 0.65 0.65 0.65 0.63 0.65 0.63
0.28 0.46 0.46 0.51 1.00 0.29 0.46 0.52 0.55 0.31 0.40 0.39 0.31 0.34 0.35 0.37 0.17 0.33 0.17 0.27 0.34 0.34 0.35 0.33 0.13 0.19 0.27 0.12 0.25 0.27 0.28 0.28 0.33 0.27 0.28 0.28 0.27 0.27 0.27
0.30 0.48 0.48 0.52 1.00 0.31 0.48 0.54 0.56 0.33 0.43 0.41 0.33 0.37 0.38 0.39 0.19 0.35 0.20 0.30 0.37 0.37 0.38 0.35 0.15 0.21 0.30 0.14 0.27 0.31 0.31 0.31 0.35 0.31 0.31 0.31 0.30 0.31 0.30
0.47 0.63 0.63 0.65 1.00 0.52 0.63 0.66 0.68 0.54 0.60 0.58 0.54 0.57 0.57 0.57 0.36 0.56 0.41 0.53 0.57 0.57 0.57 0.56 0.35 0.44 0.53 0.33 0.50 0.53 0.53 0.53 0.56 0.53 0.53 0.54 0.52 0.53 0.52
0.43 0.59 0.59 0.62 1.00 0.46 0.59 0.63 0.65 0.48 0.55 0.54 0.48 0.51 0.52 0.52 0.30 0.50 0.35 0.47 0.51 0.51 0.51 0.50 0.29 0.36 0.47 0.27 0.43 0.47 0.47 0.47 0.50 0.47 0.47 0.47 0.45 0.47 0.45
0.29 0.46 0.46 0.51 1.00 0.29 0.46 0.52 0.55 0.31 0.41 0.39 0.31 0.34 0.35 0.37 0.18 0.33 0.19 0.28 0.34 0.34 0.35 0.33 0.14 0.20 0.28 0.13 0.25 0.28 0.28 0.29 0.33 0.28 0.28 0.29 0.27 0.28 0.27
0.83 0.89 0.89 0.89 1.00 0.87 0.89 0.89 0.89 0.88 0.88 0.88 0.88 0.88 0.88 0.88 0.77 0.88 0.82 0.88 0.88 0.88 0.88 0.88 0.81 0.86 0.88 0.78 0.88 0.88 0.88 0.88 0.88 0.88 0.88 0.88 0.88 0.88 0.88
0.42 0.58 0.58 0.61 1.00 0.44 0.58 0.62 0.64 0.46 0.54 0.53 0.46 0.50 0.50 0.51 0.30 0.49 0.33 0.45 0.50 0.50 0.50 0.49 0.27 0.36 0.45 0.25 0.42 0.45 0.46 0.46 0.49 0.45 0.46 0.46 0.44 0.45 0.44
0.47 0.62 0.62 0.65 1.00 0.51 0.62 0.66 0.68 0.53 0.59 0.58 0.53 0.56 0.56 0.56 0.35 0.54 0.40 0.52 0.56 0.56 0.56 0.54 0.34 0.42 0.52 0.31 0.49 0.52 0.52 0.52 0.54 0.52 0.52 0.52 0.50 0.52 0.50
0.30 0.47 0.47 0.52 1.00 0.31 0.47 0.54 0.56 0.33 0.42 0.41 0.33 0.36 0.37 0.39 0.19 0.35 0.20 0.30 0.36 0.36 0.36 0.35 0.15 0.21 0.30 0.14 0.27 0.30 0.31 0.31 0.35 0.30 0.31 0.31 0.29 0.30 0.29
0.81 0.87 0.87 0.88 1.00 0.85 0.87 0.88 0.88 0.86 0.87 0.87 0.86 0.87 0.87 0.87 0.74 0.87 0.80 0.87 0.87 0.87 0.87 0.87 0.79 0.84 0.87 0.74 0.86 0.87 0.87 0.87 0.87 0.87 0.87 0.87 0.86 0.87 0.86
0.74 0.83 0.83 0.84 1.00 0.79 0.83 0.84 0.84 0.81 0.82 0.82 0.81 0.82 0.82 0.81 0.66 0.81 0.73 0.81 0.82 0.82 0.82 0.81 0.70 0.77 0.81 0.66 0.80 0.81 0.81 0.81 0.81 0.81 0.81 0.81 0.81 0.81 0.81
0.79 0.86 0.86 0.86 1.00 0.83 0.86 0.86 0.86 0.84 0.85 0.85 0.84 0.85 0.85 0.85 0.72 0.85 0.77 0.85 0.85 0.85 0.85 0.85 0.76 0.82 0.85 0.72 0.84 0.85 0.85 0.85 0.85 0.85 0.85 0.85 0.84 0.85 0.84
0.49 0.64 0.64 0.66 1.00 0.53 0.64 0.67 0.69 0.56 0.61 0.60 0.56 0.58 0.59 0.59 0.37 0.57 0.43 0.55 0.58 0.58 0.59 0.57 0.36 0.46 0.55 0.33 0.52 0.55 0.55 0.55 0.57 0.55 0.55 0.55 0.54 0.55 0.54
0.43 0.58 0.58 0.61 1.00 0.45 0.58 0.62 0.64 0.48 0.55 0.54 0.48 0.51 0.51 0.52 0.31 0.49 0.34 0.46 0.51 0.51 0.51 0.49 0.27 0.37 0.46 0.25 0.43 0.46 0.47 0.47 0.49 0.46 0.47 0.47 0.45 0.46 0.45
0.39 0.56 0.56 0.60 1.00 0.43 0.56 0.61 0.63 0.45 0.52 0.51 0.45 0.48 0.49 0.49 0.29 0.47 0.32 0.44 0.48 0.48 0.48 0.47 0.26 0.33 0.44 0.23 0.40 0.44 0.44 0.44 0.47 0.44 0.44 0.44 0.42 0.44 0.42
0.79 0.86 0.86 0.86 1.00 0.83 0.86 0.86 0.87 0.84 0.85 0.85 0.84 0.85 0.85 0.85 0.71 0.85 0.77 0.85 0.85 0.85 0.85 0.85 0.76 0.82 0.85 0.71 0.84 0.85 0.85 0.85 0.85 0.85 0.85 0.85 0.84 0.85 0.84
0.31 0.48 0.48 0.53 1.00 0.32 0.48 0.54 0.57 0.34 0.43 0.41 0.34 0.37 0.38 0.39 0.20 0.35 0.21 0.30 0.37 0.37 0.37 0.35 0.16 0.21 0.30 0.14 0.27 0.31 0.31 0.31 0.35 0.31 0.31 0.31 0.30 0.31 0.30
0.51 0.65 0.65 0.68 1.00 0.55 0.65 0.69 0.70 0.57 0.63 0.62 0.57 0.60 0.61 0.61 0.40 0.60 0.45 0.57 0.60 0.60 0.60 0.60 0.40 0.49 0.57 0.37 0.54 0.57 0.58 0.58 0.60 0.57 0.58 0.58 0.56 0.57 0.56
0.48 0.63 0.63 0.66 1.00 0.53 0.63 0.67 0.68 0.55 0.61 0.59 0.55 0.57 0.58 0.58 0.37 0.57 0.41 0.54 0.57 0.57 0.58 0.57 0.35 0.45 0.54 0.32 0.51 0.54 0.55 0.55 0.57 0.54 0.55 0.55 0.53 0.54 0.53
0.40 0.57 0.57 0.60 1.00 0.43 0.57 0.61 0.64 0.45 0.53 0.52 0.45 0.49 0.50 0.50 0.29 0.48 0.32 0.44 0.49 0.49 0.49 0.48 0.26 0.34 0.44 0.24 0.40 0.44 0.44 0.44 0.48 0.44 0.44 0.45 0.43 0.44 0.43
0.87 0.91 0.91 0.92 1.00 0.90 0.91 0.92 0.92 0.91 0.91 0.91 0.91 0.91 0.91 0.91 0.82 0.91 0.87 0.91 0.91 0.91 0.91 0.91 0.86 0.90 0.91 0.83 0.91 0.91 0.91 0.91 0.91 0.91 0.91 0.91 0.91 0.91 0.91
0.30 0.48 0.48 0.53 1.00 0.31 0.48 0.54 0.56 0.33 0.43 0.41 0.33 0.36 0.37 0.39 0.20 0.35 0.20 0.30 0.36 0.36 0.37 0.35 0.15 0.21 0.30 0.14 0.27 0.31 0.31 0.31 0.35 0.31 0.31 0.31 0.30 0.31 0.30
0.45 0.61 0.61 0.64 1.00 0.49 0.61 0.64 0.66 0.51 0.58 0.57 0.51 0.54 0.55 0.55 0.34 0.53 0.38 0.50 0.54 0.54 0.55 0.53 0.31 0.41 0.50 0.29 0.47 0.50 0.51 0.51 0.53 0.50 0.51 0.51 0.49 0.50 0.49
0.29 0.47 0.47 0.52 1.00 0.31 0.47 0.53 0.56 0.32 0.41 0.40 0.32 0.36 0.36 0.38 0.18 0.34 0.19 0.29 0.36 0.36 0.36 0.34 0.14 0.20 0.29 0.13 0.25 0.29 0.29 0.29 0.34 0.29 0.29 0.29 0.28 0.29 0.28
0.29 0.47 0.47 0.52 1.00 0.30 0.47 0.53 0.56 0.32 0.42 0.40 0.32 0.35 0.36 0.37 0.18 0.34 0.19 0.29 0.35 0.35 0.36 0.34 0.14 0.20 0.29 0.13 0.26 0.29 0.29 0.29 0.34 0.29 0.29 0.29 0.28 0.29 0.28
0.51 0.66 0.66 0.69 1.00 0.55 0.66 0.69 0.71 0.57 0.64 0.62 0.57 0.61 0.61 0.61 0.40 0.60 0.45 0.57 0.61 0.61 0.61 0.60 0.39 0.49 0.57 0.35 0.55 0.58 0.58 0.58 0.60 0.58 0.58 0.58 0.56 0.58 0.56
0.83 0.88 0.88 0.88 1.00 0.87 0.88 0.89 0.89 0.87 0.88 0.88 0.87 0.88 0.88 0.87 0.76 0.88 0.81 0.88 0.88 0.88 0.88 0.88 0.81 0.85 0.88 0.76 0.87 0.88 0.88 0.88 0.88 0.88 0.88 0.88 0.87 0.88 0.87
0.43 0.59 0.59 0.62 1.00 0.46 0.59 0.63 0.65 0.48 0.56 0.54 0.48 0.51 0.52 0.52 0.31 0.50 0.35 0.47 0.51 0.51 0.51 0.50 0.28 0.37 0.47 0.26 0.44 0.47 0.47 0.47 0.50 0.47 0.47 0.47 0.46 0.47 0.46
0.77 0.84 0.84 0.85 1.00 0.81 0.84 0.85 0.86 0.83 0.84 0.84 0.83 0.84 0.84 0.83 0.69 0.83 0.75 0.83 0.84 0.84 0.84 0.83 0.72 0.80 0.83 0.68 0.82 0.83 0.83 0.83 0.83 0.83 0.83 0.83 0.82 0.83 0.82
0.33 0.51 0.51 0.55 1.00 0.34 0.51 0.56 0.59 0.36 0.46 0.44 0.36 0.39 0.41 0.42 0.22 0.39 0.23 0.34 0.39 0.39 0.40 0.39 0.18 0.24 0.34 0.17 0.31 0.34 0.35 0.35 0.39 0.34 0.35 0.35 0.34 0.34 0.34
0.58 0.71 0.71 0.73 1.00 0.64 0.71 0.73 0.74 0.66 0.70 0.69 0.66 0.68 0.68 0.68 0.48 0.67 0.55 0.66 0.68 0.68 0.68 0.67 0.49 0.58 0.66 0.45 0.64 0.66 0.66 0.66 0.67 0.66 0.66 0.66 0.65 0.66 0.65
0.34 0.51 0.51 0.55 1.00 0.36 0.51 0.57 0.59 0.38 0.46 0.45 0.38 0.40 0.42 0.43 0.22 0.40 0.24 0.35 0.40 0.40 0.41 0.40 0.19 0.26 0.35 0.17 0.32 0.35 0.36 0.36 0.40 0.35 0.36 0.36 0.34 0.35 0.34
0.35 0.52 0.52 0.57 1.00 0.37 0.52 0.58 0.60 0.39 0.48 0.46 0.39 0.43 0.43 0.44 0.24 0.41 0.26 0.37 0.43 0.43 0.43 0.41 0.21 0.28 0.37 0.19 0.34 0.38 0.38 0.38 0.41 0.38 0.38 0.38 0.36 0.38 0.36
0.37 0.54 0.54 0.58 1.00 0.40 0.54 0.59 0.61 0.42 0.50 0.48 0.42 0.45 0.46 0.46 0.26 0.44 0.28 0.40 0.45 0.45 0.45 0.44 0.23 0.30 0.40 0.20 0.36 0.40 0.40 0.40 0.44 0.40 0.40 0.40 0.39 0.40 0.39
0.58 0.71 0.71 0.73 1.00 0.64 0.71 0.73 0.74 0.65 0.69 0.68 0.65 0.68 0.68 0.68 0.48 0.67 0.53 0.65 0.68 0.68 0.68 0.67 0.48 0.57 0.65 0.45 0.62 0.65 0.66 0.66 0.67 0.65 0.66 0.66 0.64 0.65 0.64
0.51 0.65 0.65 0.68 1.00 0.55 0.65 0.68 0.70 0.58 0.63 0.62 0.58 0.60 0.60 0.60 0.39 0.59 0.45 0.57 0.60 0.60 0.60 0.59 0.38 0.48 0.57 0.36 0.54 0.57 0.57 0.57 0.59 0.57 0.57 0.57 0.56 0.57 0.56
0.66 0.77 0.77 0.78 1.00 0.72 0.77 0.78 0.79 0.73 0.76 0.75 0.73 0.75 0.75 0.75 0.57 0.75 0.63 0.74 0.75 0.75 0.75 0.75 0.60 0.69 0.74 0.56 0.72 0.74 0.74 0.74 0.75 0.74 0.74 0.74 0.73 0.74 0.73
0.84 0.89 0.89 0.89 1.00 0.88 0.89 0.89 0.90 0.88 0.89 0.89 0.88 0.89 0.89 0.88 0.78 0.89 0.83 0.89 0.89 0.89 0.89 0.89 0.82 0.87 0.89 0.79 0.88 0.89 0.89 0.89 0.89 0.89 0.89 0.89 0.88 0.89 0.88
0.40 0.57 0.57 0.60 1.00 0.42 0.57 0.61 0.63 0.44 0.53 0.51 0.44 0.48 0.49 0.49 0.28 0.46 0.31 0.43 0.48 0.48 0.48 0.46 0.25 0.33 0.43 0.23 0.40 0.43 0.43 0.43 0.46 0.43 0.43 0.43 0.41 0.43 0.41
0.34 0.50 0.50 0.55 1.00 0.35 0.50 0.56 0.59 0.37 0.46 0.44 0.37 0.40 0.41 0.41 0.22 0.38 0.24 0.35 0.40 0.40 0.40 0.38 0.18 0.25 0.35 0.16 0.31 0.34 0.35 0.35 0.38 0.34 0.35 0.35 0.34 0.34 0.34
0.56 0.69 0.69 0.71 1.00 0.61 0.69 0.72 0.73 0.63 0.67 0.67 0.63 0.65 0.66 0.65 0.45 0.64 0.50 0.63 0.65 0.65 0.66 0.64 0.45 0.55 0.63 0.41 0.60 0.63 0.63 0.63 0.64 0.63 0.63 0.63 0.61 0.63 0.61
0.30 0.48 0.48 0.52 1.00 0.31 0.48 0.54 0.57 0.33 0.43 0.41 0.33 0.36 0.37 0.39 0.20 0.35 0.20 0.30 0.36 0.36 0.37 0.35 0.16 0.21 0.30 0.14 0.27 0.30 0.31 0.31 0.35 0.30 0.31 0.31 0.29 0.30 0.29
0.78 0.85 0.85 0.86 1.00 0.83 0.85 0.86 0.86 0.84 0.85 0.85 0.84 0.85 0.85 0.84 0.71 0.84 0.77 0.84 0.85 0.85 0.85 0.84 0.75 0.81 0.84 0.71 0.83 0.84 0.84 0.84 0.84 0.84 0.84 0.84 0.84 0.84 0.84
0.44 0.60 0.60 0.63 1.00 0.47 0.60 0.64 0.66 0.49 0.56 0.55 0.49 0.53 0.53 0.53 0.32 0.51 0.36 0.48 0.53 0.53 0.53 0.51 0.30 0.39 0.48 0.28 0.45 0.49 0.49 0.49 0.51 0.49 0.49 0.49 0.47 0.49 0.47
0.82 0.88 0.88 0.89 1.00 0.86 0.88 0.89 0.89 0.88 0.88 0.88 0.88 0.88 0.88 0.88 0.77 0.88 0.82 0.88 0.88 0.88 0.88 0.88 0.81 0.86 0.88 0.77 0.87 0.88 0.88 0.88 0.88 0.88 0.88 0.88 0.88 0.88 0.88
0.59 0.71 0.71 0.73 1.00 0.63 0.71 0.73 0.74 0.65 0.69 0.68 0.65 0.67 0.68 0.67 0.47 0.67 0.54 0.65 0.67 0.67 0.68 0.67 0.47 0.58 0.65 0.44 0.63 0.65 0.66 0.66 0.67 0.65 0.66 0.66 0.64 0.65 0.64
0.28 0.47 0.47 0.51 1.00 0.29 0.47 0.53 0.56 0.31 0.41 0.39 0.31 0.34 0.35 0.37 0.18 0.33 0.17 0.28 0.34 0.34 0.35 0.33 0.14 0.19 0.28 0.12 0.25 0.28 0.28 0.28 0.33 0.28 0.28 0.28 0.27 0.28 0.27
0.56 0.69 0.69 0.71 1.00 0.60 0.69 0.72 0.73 0.62 0.67 0.66 0.62 0.65 0.65 0.65 0.45 0.64 0.50 0.62 0.65 0.65 0.65 0.64 0.45 0.54 0.62 0.41 0.60 0.63 0.63 0.63 0.64 0.63 0.63 0.63 0.61 0.63 0.61
0.46 0.61 0.61 0.64 1.00 0.48 0.61 0.65 0.67 0.51 0.58 0.57 0.51 0.54 0.55 0.55 0.34 0.53 0.37 0.50 0.54 0.54 0.55 0.53 0.32 0.41 0.50 0.29 0.47 0.51 0.51 0.51 0.53 0.51 0.51 0.51 0.49 0.51 0.49
0.85 0.90 0.90 0.90 1.00 0.89 0.90 0.90 0.91 0.90 0.90 0.90 0.90 0.90 0.90 0.90 0.79 0.90 0.85 0.90 0.90 0.90 0.90 0.90 0.83 0.88 0.90 0.79 0.89 0.90 0.90 0.90 0.90 0.90 0.90 0.90 0.90 0.90 0.90
0.45 0.61 0.61 0.63 1.00 0.49 0.61 0.64 0.66 0.51 0.57 0.56 0.51 0.54 0.55 0.55 0.34 0.53 0.37 0.50 0.54 0.54 0.54 0.53 0.31 0.40 0.50 0.29 0.46 0.50 0.50 0.50 0.53 0.50 0.50 0.50 0.49 0.50 0.49
0.59 0.71 0.71 0.73 1.00 0.64 0.71 0.74 0.75 0.65 0.69 0.68 0.65 0.67 0.68 0.68 0.48 0.67 0.53 0.65 0.67 0.67 0.68 0.67 0.48 0.58 0.65 0.45 0.63 0.66 0.66 0.66 0.67 0.66 0.66 0.66 0.65 0.66 0.65
0.40 0.57 0.57 0.60 1.00 0.43 0.57 0.61 0.63 0.45 0.53 0.51 0.45 0.48 0.49 0.50 0.29 0.47 0.32 0.44 0.48 0.48 0.49 0.47 0.25 0.34 0.44 0.23 0.40 0.44 0.44 0.44 0.47 0.44 0.44 0.44 0.42 0.44 0.42
0.54 0.67 0.67 0.70 1.00 0.58 0.67 0.70 0.72 0.60 0.65 0.65 0.60 0.63 0.63 0.63 0.43 0.62 0.48 0.60 0.63 0.63 0.63 0.62 0.43 0.52 0.60 0.39 0.57 0.60 0.60 0.60 0.62 0.60 0.60 0.60 0.59 0.60 0.59
0.57 0.70 0.70 0.72 1.00 0.61 0.70 0.72 0.73 0.64 0.68 0.67 0.64 0.66 0.66 0.66 0.46 0.65 0.52 0.64 0.66 0.66 0.66 0.65 0.46 0.56 0.64 0.43 0.61 0.64 0.64 0.64 0.65 0.64 0.64 0.64 0.63 0.64 0.63
0.32 0.49 0.49 0.53 1.00 0.33 0.49 0.54 0.57 0.35 0.44 0.42 0.35 0.37 0.38 0.40 0.19 0.36 0.21 0.32 0.37 0.37 0.38 0.36 0.17 0.23 0.32 0.15 0.28 0.32 0.32 0.32 0.36 0.32 0.32 0.33 0.31 0.32 0.31
0.51 0.66 0.66 0.68 1.00 0.56 0.66 0.69 0.70 0.58 0.64 0.63 0.58 0.61 0.61 0.61 0.40 0.60 0.45 0.57 0.61 0.61 0.61 0.60 0.39 0.49 0.57 0.36 0.55 0.58 0.58 0.58 0.60 0.58 0.58 0.58 0.57 0.58 0.57
0.86 0.91 0.91 0.91 1.00 0.89 0.91 0.91 0.91 0.90 0.91 0.91 0.90 0.91 0.91 0.90 0.81 0.91 0.86 0.90 0.91 0.91 0.91 0.91 0.85 0.89 0.90 0.82 0.90 0.90 0.91 0.91 0.91 0.90 0.91 0.91 0.90 0.90 0.90
0.68 0.78 0.78 0.79 1.00 0.73 0.78 0.80 0.81 0.75 0.77 0.77 0.75 0.76 0.76 0.76 0.59 0.76 0.65 0.75 0.76 0.76 0.76 0.76 0.61 0.70 0.75 0.57 0.73 0.75 0.75 0.75 0.76 0.75 0.75 0.75 0.74 0.75 0.74
0.56 0.69 0.69 0.71 1.00 0.61 0.69 0.72 0.73 0.63 0.67 0.67 0.63 0.66 0.66 0.66 0.46 0.65 0.51 0.64 0.66 0.66 0.66 0.65 0.46 0.56 0.64 0.42 0.61 0.64 0.64 0.64 0.65 0.64 0.64 0.64 0.63 0.64 0.63
0.86 0.90 0.90 0.91 1.00 0.89 0.90 0.91 0.91 0.90 0.90 0.90 0.90 0.90 0.90 0.90 0.80 0.90 0.85 0.90 0.90 0.90 0.90 0.90 0.85 0.89 0.90 0.81 0.90 0.90 0.90 0.90 0.90 0.90 0.90 0.90 0.90 0.90 0.90
0.83 0.88 0.88 0.89 1.00 0.87 0.88 0.89 0.89 0.88 0.88 0.88 0.88 0.88 0.88 0.88 0.77 0.88 0.82 0.88 0.88 0.88 0.88 0.88 0.82 0.86 0.88 0.78 0.88 0.88 0.88 0.88 0.88 0.88 0.88 0.88 0.88 0.88 0.88
0.83 0.89 0.89 0.89 1.00 0.87 0.89 0.89 0.89 0.88 0.88 0.88 0.88 0.88 0.88 0.88 0.77 0.88 0.82 0.88 0.88 0.88 0.88 0.88 0.81 0.86 0.88 0.77 0.88 0.88 0.88 0.88 0.88 0.88 0.88 0.88 0.88 0.88 0.88
0.57 0.70 0.70 0.72 1.00 0.62 0.70 0.73 0.74 0.64 0.68 0.68 0.64 0.66 0.67 0.66 0.46 0.65 0.52 0.64 0.66 0.66 0.67 0.65 0.47 0.56 0.64 0.43 0.61 0.64 0.64 0.64 0.65 0.64 0.64 0.64 0.63 0.64 0.63
0.30 0.48 0.48 0.53 1.00 0.32 0.48 0.54 0.57 0.34 0.43 0.41 0.34 0.37 0.38 0.39 0.20 0.36 0.21 0.31 0.37 0.37 0.38 0.36 0.16 0.22 0.31 0.15 0.28 0.32 0.32 0.32 0.36 0.32 0.32 0.32 0.31 0.32 0.31
0.69 0.79 0.79 0.80 1.00 0.74 0.79 0.80 0.81 0.76 0.78 0.78 0.76 0.77 0.78 0.77 0.60 0.77 0.66 0.76 0.77 0.77 0.77 0.77 0.63 0.71 0.76 0.58 0.75 0.76 0.77 0.77 0.77 0.76 0.77 0.77 0.76 0.76 0.76
0.51 0.66 0.66 0.68 1.00 0.56 0.66 0.69 0.70 0.59 0.64 0.63 0.59 0.61 0.61 0.62 0.40 0.60 0.46 0.58 0.61 0.61 0.61 0.60 0.40 0.50 0.58 0.37 0.55 0.59 0.59 0.59 0.60 0.59 0.59 0.59 0.57 0.59 0.57
0.88 0.92 0.92 0.92 1.00 0.91 0.92 0.92 0.92 0.92 0.92 0.92 0.92 0.92 0.92 0.92 0.83 0.92 0.87 0.92 0.92 0.92 0.92 0.92 0.87 0.91 0.92 0.84 0.91 0.92 0.92 0.92 0.92 0.92 0.92 0.92 0.91 0.92 0.91
0.57 0.70 0.70 0.72 1.00 0.63 0.70 0.73 0.74 0.65 0.68 0.67 0.65 0.67 0.67 0.67 0.46 0.66 0.53 0.65 0.67 0.67 0.67 0.66 0.47 0.57 0.65 0.43 0.62 0.65 0.65 0.65 0.66 0.65 0.65 0.65 0.64 0.65 0.64
0.53 0.67 0.67 0.69 1.00 0.58 0.67 0.70 0.72 0.60 0.65 0.64 0.60 0.63 0.63 0.62 0.42 0.61 0.48 0.60 0.63 0.63 0.63 0.61 0.41 0.51 0.60 0.38 0.56 0.60 0.60 0.60 0.61 0.60 0.60 0.60 0.58 0.60 0.58
0.36 0.53 0.53 0.57 1.00 0.38 0.53 0.58 0.61 0.41 0.49 0.47 0.41 0.44 0.44 0.45 0.25 0.42 0.27 0.38 0.44 0.44 0.44 0.42 0.22 0.29 0.38 0.19 0.35 0.38 0.39 0.39 0.42 0.38 0.39 0.39 0.37 0.38 0.37
0.41 0.58 0.58 0.61 1.00 0.45 0.58 0.62 0.64 0.47 0.54 0.53 0.47 0.49 0.50 0.51 0.30 0.48 0.34 0.45 0.49 0.49 0.50 0.48 0.27 0.36 0.45 0.25 0.42 0.45 0.45 0.45 0.48 0.45 0.45 0.45 0.44 0.45 0.44
0.33 0.50 0.50 0.54 1.00 0.34 0.50 0.56 0.58 0.36 0.45 0.43 0.36 0.39 0.40 0.41 0.22 0.38 0.23 0.33 0.39 0.39 0.40 0.38 0.17 0.25 0.33 0.16 0.30 0.34 0.34 0.34 0.38 0.34 0.34 0.34 0.32 0.34 0.32
0.37 0.54 0.54 0.58 1.00 0.39 0.54 0.59 0.62 0.41 0.50 0.48 0.41 0.45 0.45 0.46 0.25 0.43 0.28 0.39 0.45 0.45 0.45 0.43 0.22 0.29 0.39 0.20 0.35 0.39 0.40 0.40 0.43 0.39 0.40 0.40 0.39 0.39 0.39
0.56 0.69 0.69 0.71 1.00 0.60 0.69 0.72 0.73 0.63 0.67 0.66 0.63 0.65 0.65 0.65 0.45 0.64 0.50 0.63 0.65 0.65 0.65 0.64 0.44 0.54 0.63 0.41 0.60 0.63 0.63 0.63 0.64 0.63 0.63 0.63 0.62 0.63 0.62
0.49 0.64 0.64 0.67 1.00 0.53 0.64 0.67 0.69 0.55 0.61 0.60 0.55 0.58 0.59 0.59 0.38 0.58 0.43 0.55 0.58 0.58 0.59 0.58 0.36 0.46 0.55 0.34 0.52 0.55 0.56 0.56 0.58 0.55 0.56 0.56 0.54 0.55 0.54
0.80 0.87 0.87 0.87 1.00 0.85 0.87 0.87 0.88 0.86 0.86 0.86 0.86 0.86 0.86 0.86 0.74 0.86 0.79 0.86 0.86 0.86 0.86 0.86 0.78 0.84 0.86 0.74 0.85 0.86 0.86 0.86 0.86 0.86 0.86 0.86 0.86 0.86 0.86
0.61 0.73 0.73 0.75 1.00 0.66 0.73 0.75 0.76 0.69 0.72 0.71 0.69 0.70 0.71 0.70 0.51 0.70 0.58 0.69 0.70 0.70 0.71 0.70 0.52 0.61 0.69 0.49 0.66 0.69 0.69 0.69 0.70 0.69 0.69 0.69 0.68 0.69 0.68
0.48 0.62 0.62 0.65 1.00 0.52 0.62 0.66 0.68 0.54 0.60 0.59 0.54 0.57 0.57 0.57 0.36 0.56 0.41 0.53 0.57 0.57 0.57 0.56 0.35 0.44 0.53 0.32 0.50 0.54 0.54 0.54 0.56 0.54 0.54 0.54 0.52 0.54 0.52
0.80 0.86 0.86 0.87 1.00 0.84 0.86 0.87 0.87 0.85 0.86 0.86 0.85 0.86 0.86 0.85 0.73 0.86 0.78 0.85 0.86 0.86 0.86 0.86 0.77 0.83 0.85 0.73 0.85 0.85 0.85 0.85 0.86 0.85 0.85 0.85 0.85 0.85 0.85
0.73 0.81 0.81 0.82 1.00 0.77 0.81 0.82 0.83 0.79 0.81 0.80 0.79 0.80 0.80 0.80 0.64 0.80 0.71 0.79 0.80 0.80 0.80 0.80 0.67 0.75 0.79 0.63 0.78 0.79 0.80 0.80 0.80 0.79 0.80 0.80 0.79 0.79 0.79
0.30 0.47 0.47 0.52 1.00 0.31 0.47 0.53 0.55 0.33 0.42 0.40 0.33 0.35 0.36 0.38 0.19 0.34 0.19 0.29 0.35 0.35 0.36 0.34 0.14 0.20 0.29 0.13 0.26 0.30 0.30 0.30 0.34 0.30 0.30 0.30 0.29 0.30 0.29
0.46 0.61 0.61 0.64 1.00 0.49 0.61 0.65 0.67 0.52 0.58 0.57 0.52 0.55 0.55 0.55 0.35 0.54 0.38 0.51 0.55 0.55 0.55 0.54 0.32 0.42 0.51 0.30 0.48 0.51 0.51 0.52 0.54 0.51 0.51 0.52 0.50 0.51 0.50
0.42 0.58 0.58 0.61 1.00 0.45 0.58 0.63 0.65 0.47 0.55 0.53 0.47 0.51 0.51 0.51 0.30 0.49 0.33 0.46 0.51 0.51 0.51 0.49 0.27 0.36 0.46 0.25 0.42 0.46 0.46 0.46 0.49 0.46 0.46 0.46 0.45 0.46 0.45
0.63 0.74 0.74 0.75 1.00 0.68 0.74 0.76 0.77 0.70 0.73 0.73 0.70 0.72 0.72 0.72 0.53 0.71 0.59 0.70 0.72 0.72 0.72 0.71 0.54 0.64 0.70 0.50 0.68 0.70 0.71 0.71 0.71 0.70 0.71 0.71 0.70 0.70 0.70
0.50 0.64 0.64 0.67 1.00 0.54 0.64 0.67 0.69 0.56 0.61 0.60 0.56 0.59 0.59 0.59 0.38 0.58 0.43 0.56 0.59 0.59 0.59 0.58 0.37 0.47 0.56 0.35 0.53 0.56 0.56 0.56 0.58 0.56 0.56 0.56 0.54 0.56 0.54
0.36 0.54 0.54 0.57 1.00 0.38 0.54 0.59 0.61 0.41 0.49 0.47 0.41 0.43 0.44 0.45 0.25 0.42 0.27 0.38 0.43 0.43 0.44 0.42 0.21 0.28 0.38 0.19 0.34 0.38 0.38 0.39 0.42 0.38 0.38 0.39 0.37 0.38 0.37
0.56 0.70 0.70 0.72 1.00 0.61 0.70 0.72 0.73 0.63 0.68 0.67 0.63 0.66 0.66 0.65 0.46 0.65 0.51 0.63 0.66 0.66 0.66 0.65 0.46 0.55 0.63 0.43 0.61 0.63 0.64 0.64 0.65 0.63 0.64 0.64 0.62 0.63 0.62
0.57 0.70 0.70 0.72 1.00 0.62 0.70 0.72 0.74 0.64 0.68 0.67 0.64 0.66 0.66 0.66 0.46 0.65 0.52 0.64 0.66 0.66 0.66 0.65 0.46 0.56 0.64 0.43 0.61 0.64 0.64 0.64 0.65 0.64 0.64 0.64 0.63 0.64 0.63
0.49 0.64 0.64 0.66 1.00 0.53 0.64 0.67 0.68 0.56 0.61 0.60 0.56 0.58 0.58 0.58 0.38 0.57 0.43 0.55 0.58 0.58 0.58 0.57 0.36 0.46 0.55 0.33 0.52 0.55 0.55 0.55 0.57 0.55 0.55 0.55 0.53 0.55 0.53
0.81 0.87 0.87 0.88 1.00 0.85 0.87 0.88 0.88 0.86 0.87 0.87 0.86 0.87 0.87 0.86 0.74 0.87 0.80 0.86 0.87 0.87 0.87 0.87 0.78 0.84 0.86 0.74 0.86 0.86 0.86 0.86 0.87 0.86 0.86 0.86 0.86 0.86 0.86
0.63 0.74 0.74 0.76 1.00 0.68 0.74 0.76 0.77 0.70 0.73 0.72 0.70 0.72 0.72 0.72 0.51 0.71 0.58 0.70 0.72 0.72 0.72 0.71 0.53 0.63 0.70 0.49 0.67 0.70 0.70 0.70 0.71 0.70 0.70 0.70 0.69 0.70 0.69
0.50 0.65 0.65 0.68 1.00 0.55 0.65 0.68 0.69 0.57 0.62 0.61 0.57 0.60 0.60 0.60 0.39 0.59 0.44 0.56 0.60 0.60 0.60 0.59 0.38 0.48 0.56 0.35 0.53 0.57 0.57 0.57 0.59 0.57 0.57 0.57 0.55 0.57 0.55
