0.79 0.85 0.85 0.85 0.74 0.83 0.85 0.85 0.84 0.85 0.85 0.85 0.85 0.85 0.85 0.85 1.00 0.86 0.79 0.85 0.85 0.85 0.85 0.86 0.77 0.83 0.85 0.73 0.85 0.85 0.85 0.85 0.86 0.85 0.85 0.85 0.85 0.85 0.85
0.55 0.66 0.66 0.65 0.48 0.62 0.66 0.65 0.63 0.64 0.66 0.66 0.64 0.68 0.68 0.68 1.00 0.70 0.54 0.66 0.68 0.68 0.68 0.70 0.49 0.59 0.66 0.46 0.65 0.67 0.67 0.68 0.70 0.67 0.67 0.68 0.67 0.67 0.67
0.62 0.72 0.72 0.71 0.55 0.69 0.72 0.71 0.70 0.71 0.72 0.73 0.71 0.73 0.73 0.73 1.00 0.75 0.62 0.73 0.73 0.73 0.73 0.75 0.57 0.67 0.73 0.53 0.71 0.73 0.73 0.73 0.75 0.73 0.73 0.73 0.73 0.73 0.73
0.35 0.47 0.47 0.46 0.29 0.41 0.47 0.46 0.44 0.44 0.48 0.49 0.44 0.51 0.51 0.53 1.00 0.60 0.35 0.49 0.51 0.51 0.52 0.60 0.27 0.39 0.49 0.26 0.46 0.50 0.52 0.52 0.60 0.50 0.52 0.52 0.51 0.50 0.51
0.68 0.77 0.77 0.76 0.62 0.74 0.77 0.76 0.75 0.76 0.77 0.77 0.76 0.77 0.78 0.77 1.00 0.79 0.68 0.77 0.77 0.77 0.78 0.79 0.64 0.73 0.77 0.60 0.76 0.77 0.78 0.78 0.79 0.77 0.78 0.78 0.77 0.77 0.77
0.59 0.69 0.69 0.68 0.52 0.65 0.69 0.68 0.66 0.67 0.69 0.69 0.67 0.70 0.70 0.70 1.00 0.73 0.58 0.69 0.70 0.70 0.70 0.73 0.53 0.63 0.69 0.49 0.68 0.69 0.70 0.70 0.73 0.69 0.70 0.70 0.69 0.69 0.69
0.85 0.90 0.90 0.89 0.82 0.89 0.90 0.89 0.89 0.89 0.90 0.90 0.89 0.90 0.90 0.90 1.00 0.90 0.85 0.90 0.90 0.90 0.90 0.90 0.85 0.88 0.90 0.81 0.89 0.90 0.90 0.90 0.90 0.90 0.90 0.90 0.89 0.90 0.89
0.79 0.85 0.85 0.85 0.75 0.83 0.85 0.85 0.84 0.85 0.85 0.85 0.85 0.85 0.85 0.85 1.00 0.85 0.79 0.85 0.85 0.85 0.85 0.85 0.78 0.83 0.85 0.74 0.84 0.85 0.85 0.85 0.85 0.85 0.85 0.85 0.85 0.85 0.85
0.46 0.57 0.57 0.57 0.39 0.52 0.57 0.56 0.54 0.55 0.58 0.59 0.55 0.60 0.60 0.61 1.00 0.65 0.46 0.59 0.60 0.60 0.60 0.65 0.39 0.50 0.59 0.36 0.56 0.59 0.60 0.60 0.65 0.59 0.60 0.61 0.60 0.59 0.60
0.23 0.35 0.35 0.34 0.18 0.28 0.35 0.34 0.32 0.31 0.36 0.37 0.31 0.39 0.40 0.44 1.00 0.52 0.23 0.36 0.39 0.39 0.40 0.52 0.17 0.26 0.36 0.16 0.34 0.37 0.39 0.40 0.52 0.37 0.39 0.40 0.39 0.37 0.39
0.24 0.36 0.36 0.35 0.19 0.30 0.36 0.35 0.33 0.33 0.37 0.38 0.33 0.40 0.41 0.45 1.00 0.54 0.24 0.38 0.40 0.40 0.41 0.54 0.18 0.28 0.38 0.17 0.36 0.39 0.41 0.42 0.54 0.39 0.41 0.42 0.41 0.39 0.41
0.62 0.72 0.72 0.71 0.55 0.68 0.72 0.71 0.69 0.70 0.72 0.72 0.70 0.73 0.73 0.73 1.00 0.75 0.61 0.72 0.73 0.73 0.73 0.75 0.57 0.66 0.72 0.53 0.71 0.72 0.73 0.73 0.75 0.72 0.73 0.73 0.72 0.72 0.72
0.68 0.76 0.76 0.76 0.62 0.74 0.76 0.76 0.74 0.76 0.77 0.77 0.76 0.77 0.77 0.77 1.00 0.78 0.67 0.77 0.77 0.77 0.77 0.78 0.64 0.73 0.77 0.60 0.76 0.77 0.77 0.77 0.78 0.77 0.77 0.77 0.77 0.77 0.77
0.51 0.63 0.63 0.62 0.45 0.58 0.63 0.62 0.60 0.60 0.63 0.64 0.60 0.65 0.65 0.65 1.00 0.69 0.50 0.63 0.65 0.65 0.65 0.69 0.45 0.56 0.63 0.41 0.61 0.63 0.65 0.65 0.69 0.63 0.65 0.65 0.64 0.63 0.64
0.85 0.89 0.89 0.89 0.81 0.88 0.89 0.89 0.88 0.89 0.89 0.89 0.89 0.89 0.89 0.89 1.00 0.89 0.84 0.89 0.89 0.89 0.89 0.89 0.83 0.87 0.89 0.80 0.89 0.89 0.89 0.89 0.89 0.89 0.89 0.89 0.89 0.89 0.89
0.27 0.39 0.39 0.38 0.22 0.33 0.39 0.38 0.36 0.35 0.40 0.41 0.35 0.43 0.44 0.47 1.00 0.55 0.28 0.41 0.43 0.43 0.44 0.55 0.21 0.30 0.41 0.19 0.38 0.41 0.43 0.44 0.55 0.41 0.43 0.44 0.43 0.41 0.43
0.59 0.69 0.69 0.68 0.51 0.64 0.69 0.67 0.66 0.67 0.69 0.69 0.67 0.70 0.70 0.70 1.00 0.73 0.58 0.69 0.70 0.70 0.70 0.73 0.51 0.63 0.69 0.48 0.68 0.70 0.70 0.70 0.73 0.70 0.70 0.70 0.70 0.70 0.70
0.28 0.40 0.40 0.39 0.22 0.33 0.40 0.39 0.36 0.36 0.41 0.42 0.36 0.43 0.44 0.47 1.00 0.55 0.28 0.41 0.43 0.43 0.44 0.55 0.21 0.31 0.41 0.20 0.39 0.42 0.44 0.45 0.55 0.42 0.44 0.45 0.44 0.42 0.44
0.83 0.88 0.88 0.88 0.79 0.87 0.88 0.88 0.87 0.88 0.88 0.88 0.88 0.88 0.88 0.88 1.00 0.88 0.83 0.88 0.88 0.88 0.88 0.88 0.82 0.87 0.88 0.78 0.88 0.88 0.88 0.88 0.88 0.88 0.88 0.88 0.88 0.88 0.88
0.28 0.40 0.40 0.39 0.23 0.34 0.40 0.39 0.37 0.37 0.42 0.42 0.37 0.44 0.44 0.48 1.00 0.55 0.29 0.42 0.44 0.44 0.45 0.55 0.21 0.32 0.42 0.21 0.40 0.43 0.45 0.45 0.55 0.43 0.45 0.45 0.45 0.43 0.45
0.38 0.51 0.51 0.50 0.32 0.45 0.51 0.49 0.47 0.48 0.51 0.52 0.48 0.54 0.54 0.56 1.00 0.61 0.38 0.52 0.54 0.54 0.54 0.61 0.31 0.43 0.52 0.29 0.50 0.53 0.55 0.55 0.61 0.53 0.55 0.55 0.54 0.53 0.54
0.47 0.59 0.59 0.58 0.39 0.53 0.59 0.57 0.55 0.56 0.59 0.60 0.56 0.61 0.61 0.62 1.00 0.66 0.47 0.60 0.61 0.61 0.61 0.66 0.40 0.50 0.60 0.37 0.57 0.60 0.61 0.61 0.66 0.60 0.61 0.62 0.60 0.60 0.60
0.34 0.46 0.46 0.45 0.28 0.40 0.46 0.45 0.42 0.43 0.47 0.48 0.43 0.50 0.50 0.52 1.00 0.59 0.33 0.47 0.50 0.50 0.50 0.59 0.27 0.37 0.47 0.25 0.45 0.48 0.50 0.50 0.59 0.48 0.50 0.50 0.49 0.48 0.49
0.73 0.80 0.80 0.80 0.67 0.78 0.80 0.80 0.79 0.80 0.80 0.80 0.80 0.81 0.81 0.81 1.00 0.81 0.73 0.81 0.81 0.81 0.81 0.81 0.70 0.77 0.81 0.67 0.79 0.81 0.81 0.81 0.81 0.81 0.81 0.81 0.80 0.81 0.80
0.37 0.49 0.49 0.48 0.31 0.43 0.49 0.48 0.46 0.46 0.50 0.51 0.46 0.52 0.53 0.55 1.00 0.60 0.37 0.50 0.52 0.52 0.53 0.60 0.30 0.40 0.50 0.27 0.48 0.51 0.53 0.53 0.60 0.51 0.53 0.53 0.52 0.51 0.52
0.36 0.49 0.49 0.48 0.29 0.43 0.49 0.48 0.45 0.45 0.49 0.50 0.45 0.52 0.52 0.55 1.00 0.61 0.36 0.50 0.52 0.52 0.53 0.61 0.29 0.40 0.50 0.26 0.48 0.51 0.53 0.53 0.61 0.51 0.53 0.53 0.52 0.51 0.52
0.37 0.49 0.49 0.49 0.30 0.43 0.49 0.48 0.46 0.46 0.50 0.50 0.46 0.52 0.52 0.55 1.00 0.60 0.35 0.50 0.52 0.52 0.52 0.60 0.29 0.39 0.50 0.27 0.47 0.50 0.52 0.52 0.60 0.50 0.52 0.52 0.52 0.50 0.52
0.24 0.36 0.36 0.35 0.19 0.29 0.36 0.35 0.33 0.32 0.37 0.38 0.32 0.40 0.41 0.44 1.00 0.53 0.24 0.37 0.40 0.40 0.41 0.53 0.17 0.27 0.37 0.16 0.35 0.38 0.41 0.41 0.53 0.38 0.41 0.41 0.41 0.38 0.41
0.22 0.33 0.33 0.32 0.17 0.27 0.33 0.33 0.30 0.30 0.35 0.36 0.30 0.37 0.38 0.42 1.00 0.52 0.22 0.35 0.37 0.37 0.39 0.52 0.15 0.24 0.35 0.14 0.33 0.36 0.38 0.39 0.52 0.36 0.38 0.39 0.39 0.36 0.39
0.62 0.72 0.72 0.71 0.56 0.69 0.72 0.71 0.70 0.71 0.72 0.72 0.71 0.73 0.73 0.73 1.00 0.75 0.62 0.72 0.73 0.73 0.73 0.75 0.56 0.66 0.72 0.53 0.71 0.72 0.73 0.73 0.75 0.72 0.73 0.73 0.72 0.72 0.72
0.75 0.82 0.82 0.81 0.70 0.80 0.82 0.81 0.81 0.81 0.82 0.82 0.81 0.82 0.82 0.82 1.00 0.83 0.75 0.82 0.82 0.82 0.82 0.83 0.72 0.79 0.82 0.68 0.81 0.82 0.82 0.82 0.83 0.82 0.82 0.82 0.82 0.82 0.82
0.85 0.89 0.89 0.88 0.80 0.88 0.89 0.88 0.88 0.88 0.89 0.89 0.88 0.89 0.89 0.89 1.00 0.89 0.84 0.89 0.89 0.89 0.89 0.89 0.83 0.87 0.89 0.80 0.88 0.89 0.89 0.89 0.89 0.89 0.89 0.89 0.88 0.89 0.88
0.22 0.33 0.33 0.33 0.17 0.27 0.33 0.33 0.31 0.29 0.35 0.36 0.29 0.38 0.39 0.44 1.00 0.53 0.23 0.35 0.38 0.38 0.39 0.53 0.17 0.25 0.35 0.15 0.33 0.36 0.39 0.39 0.53 0.36 0.39 0.39 0.39 0.36 0.39
0.24 0.36 0.36 0.35 0.19 0.30 0.36 0.35 0.32 0.33 0.37 0.38 0.33 0.40 0.41 0.44 1.00 0.53 0.24 0.38 0.40 0.40 0.41 0.53 0.19 0.28 0.38 0.17 0.36 0.39 0.41 0.41 0.53 0.39 0.41 0.41 0.41 0.39 0.41
0.40 0.53 0.53 0.52 0.34 0.47 0.53 0.52 0.49 0.50 0.54 0.54 0.50 0.56 0.56 0.58 1.00 0.63 0.40 0.54 0.56 0.56 0.56 0.63 0.32 0.44 0.54 0.31 0.52 0.55 0.56 0.57 0.63 0.55 0.56 0.57 0.56 0.55 0.56
0.45 0.57 0.57 0.56 0.38 0.52 0.57 0.56 0.54 0.54 0.57 0.58 0.54 0.59 0.59 0.61 1.00 0.65 0.44 0.57 0.59 0.59 0.60 0.65 0.38 0.49 0.57 0.35 0.55 0.58 0.60 0.60 0.65 0.58 0.60 0.60 0.59 0.58 0.59
0.82 0.87 0.87 0.86 0.78 0.86 0.87 0.86 0.86 0.86 0.87 0.87 0.86 0.87 0.87 0.87 1.00 0.87 0.82 0.87 0.87 0.87 0.87 0.87 0.81 0.85 0.87 0.78 0.86 0.87 0.87 0.87 0.87 0.87 0.87 0.87 0.87 0.87 0.87
0.24 0.35 0.35 0.35 0.19 0.29 0.35 0.35 0.32 0.32 0.36 0.37 0.32 0.40 0.40 0.44 1.00 0.53 0.24 0.37 0.40 0.40 0.41 0.53 0.18 0.27 0.37 0.17 0.35 0.38 0.40 0.41 0.53 0.38 0.40 0.41 0.40 0.38 0.40
0.62 0.71 0.71 0.71 0.56 0.69 0.71 0.71 0.70 0.70 0.72 0.72 0.70 0.73 0.73 0.73 1.00 0.74 0.62 0.72 0.73 0.73 0.73 0.74 0.57 0.67 0.72 0.53 0.71 0.72 0.73 0.73 0.74 0.72 0.73 0.73 0.72 0.72 0.72
0.28 0.40 0.40 0.39 0.23 0.33 0.40 0.39 0.37 0.36 0.41 0.42 0.36 0.43 0.44 0.47 1.00 0.55 0.28 0.41 0.43 0.43 0.44 0.55 0.20 0.31 0.41 0.19 0.39 0.42 0.44 0.44 0.55 0.42 0.44 0.44 0.44 0.42 0.44
0.56 0.67 0.67 0.66 0.48 0.63 0.67 0.66 0.64 0.65 0.67 0.68 0.65 0.69 0.69 0.69 1.00 0.71 0.56 0.68 0.69 0.69 0.69 0.71 0.50 0.61 0.68 0.47 0.66 0.68 0.69 0.69 0.71 0.68 0.69 0.69 0.68 0.68 0.68
0.47 0.59 0.59 0.58 0.40 0.54 0.59 0.57 0.55 0.56 0.60 0.60 0.56 0.61 0.62 0.62 1.00 0.66 0.46 0.60 0.61 0.61 0.62 0.66 0.41 0.51 0.60 0.38 0.57 0.60 0.61 0.61 0.66 0.60 0.61 0.62 0.60 0.60 0.60
0.58 0.68 0.68 0.67 0.50 0.64 0.68 0.67 0.65 0.66 0.68 0.68 0.66 0.69 0.69 0.69 1.00 0.71 0.57 0.68 0.69 0.69 0.69 0.71 0.51 0.61 0.68 0.48 0.66 0.69 0.69 0.69 0.71 0.69 0.69 0.69 0.68 0.69 0.68
0.87 0.90 0.90 0.90 0.83 0.90 0.90 0.90 0.90 0.90 0.90 0.90 0.90 0.90 0.90 0.90 1.00 0.90 0.86 0.90 0.90 0.90 0.90 0.90 0.86 0.89 0.90 0.83 0.90 0.90 0.90 0.90 0.90 0.90 0.90 0.90 0.90 0.90 0.90
0.24 0.36 0.36 0.35 0.19 0.29 0.36 0.35 0.32 0.32 0.37 0.38 0.32 0.40 0.41 0.44 1.00 0.53 0.24 0.37 0.40 0.40 0.41 0.53 0.18 0.27 0.37 0.16 0.35 0.38 0.41 0.41 0.53 0.38 0.41 0.41 0.41 0.38 0.41
0.46 0.58 0.58 0.57 0.40 0.53 0.58 0.57 0.55 0.56 0.59 0.60 0.56 0.61 0.61 0.62 1.00 0.66 0.46 0.59 0.61 0.61 0.61 0.66 0.40 0.51 0.59 0.37 0.57 0.60 0.61 0.61 0.66 0.60 0.61 0.61 0.60 0.60 0.60
0.44 0.56 0.56 0.55 0.38 0.51 0.56 0.55 0.53 0.53 0.57 0.58 0.53 0.59 0.60 0.61 1.00 0.65 0.45 0.58 0.59 0.59 0.60 0.65 0.38 0.49 0.58 0.35 0.56 0.58 0.60 0.60 0.65 0.58 0.60 0.60 0.58 0.58 0.58
0.45 0.58 0.58 0.57 0.38 0.52 0.58 0.57 0.54 0.55 0.58 0.59 0.55 0.60 0.61 0.62 1.00 0.65 0.45 0.59 0.60 0.60 0.61 0.65 0.38 0.50 0.59 0.36 0.57 0.59 0.61 0.61 0.65 0.59 0.61 0.61 0.60 0.59 0.60
0.74 0.81 0.81 0.81 0.67 0.79 0.81 0.81 0.79 0.80 0.81 0.81 0.80 0.82 0.82 0.81 1.00 0.82 0.73 0.81 0.82 0.82 0.82 0.82 0.71 0.78 0.81 0.67 0.80 0.82 0.82 0.82 0.82 0.82 0.82 0.82 0.81 0.82 0.81
0.46 0.58 0.58 0.57 0.39 0.52 0.58 0.57 0.54 0.55 0.58 0.59 0.55 0.60 0.61 0.61 1.00 0.65 0.47 0.59 0.60 0.60 0.61 0.65 0.39 0.51 0.59 0.36 0.57 0.59 0.61 0.61 0.65 0.59 0.61 0.61 0.60 0.59 0.60
0.28 0.40 0.40 0.39 0.22 0.33 0.40 0.38 0.36 0.36 0.41 0.41 0.36 0.43 0.44 0.47 1.00 0.55 0.27 0.41 0.43 0.43 0.44 0.55 0.21 0.30 0.41 0.20 0.38 0.41 0.44 0.44 0.55 0.41 0.44 0.44 0.44 0.41 0.44
0.55 0.66 0.66 0.65 0.47 0.61 0.66 0.65 0.63 0.64 0.66 0.67 0.64 0.68 0.68 0.68 1.00 0.71 0.54 0.66 0.68 0.68 0.68 0.71 0.48 0.59 0.66 0.45 0.65 0.67 0.68 0.68 0.71 0.67 0.68 0.68 0.67 0.67 0.67
0.29 0.41 0.41 0.40 0.23 0.35 0.41 0.40 0.37 0.38 0.42 0.43 0.38 0.45 0.46 0.49 1.00 0.56 0.29 0.42 0.45 0.45 0.46 0.56 0.22 0.32 0.42 0.20 0.40 0.43 0.45 0.45 0.56 0.43 0.45 0.46 0.45 0.43 0.45
0.65 0.74 0.74 0.73 0.58 0.71 0.74 0.73 0.71 0.72 0.74 0.74 0.72 0.75 0.75 0.75 1.00 0.76 0.64 0.74 0.75 0.75 0.75 0.76 0.60 0.69 0.74 0.56 0.73 0.74 0.75 0.75 0.76 0.74 0.75 0.75 0.74 0.74 0.74
0.34 0.47 0.47 0.46 0.28 0.41 0.47 0.46 0.43 0.43 0.48 0.48 0.43 0.50 0.51 0.53 1.00 0.59 0.35 0.48 0.50 0.50 0.51 0.59 0.27 0.38 0.48 0.25 0.46 0.49 0.50 0.51 0.59 0.49 0.50 0.51 0.50 0.49 0.50
0.27 0.39 0.39 0.38 0.22 0.33 0.39 0.38 0.36 0.36 0.40 0.42 0.36 0.43 0.44 0.47 1.00 0.55 0.27 0.41 0.43 0.43 0.44 0.55 0.21 0.31 0.41 0.19 0.39 0.41 0.44 0.44 0.55 0.41 0.44 0.44 0.44 0.41 0.44
0.32 0.44 0.44 0.43 0.25 0.37 0.44 0.43 0.41 0.41 0.45 0.46 0.41 0.48 0.48 0.51 1.00 0.57 0.33 0.46 0.48 0.48 0.48 0.57 0.25 0.35 0.46 0.24 0.43 0.46 0.48 0.48 0.57 0.46 0.48 0.48 0.47 0.46 0.47
0.81 0.87 0.87 0.86 0.77 0.85 0.87 0.86 0.86 0.86 0.87 0.87 0.86 0.87 0.87 0.87 1.00 0.87 0.81 0.87 0.87 0.87 0.87 0.87 0.80 0.84 0.87 0.76 0.86 0.87 0.87 0.87 0.87 0.87 0.87 0.87 0.86 0.87 0.86
0.75 0.82 0.82 0.81 0.70 0.80 0.82 0.81 0.81 0.81 0.82 0.82 0.81 0.82 0.82 0.82 1.00 0.83 0.75 0.82 0.82 0.82 0.82 0.83 0.72 0.79 0.82 0.68 0.81 0.82 0.82 0.82 0.83 0.82 0.82 0.82 0.82 0.82 0.82
0.84 0.88 0.88 0.88 0.81 0.87 0.88 0.88 0.88 0.88 0.88 0.88 0.88 0.88 0.88 0.88 1.00 0.89 0.84 0.88 0.88 0.88 0.88 0.89 0.83 0.87 0.88 0.80 0.88 0.88 0.88 0.88 0.89 0.88 0.88 0.88 0.88 0.88 0.88
0.85 0.90 0.90 0.89 0.82 0.89 0.90 0.89 0.89 0.89 0.90 0.90 0.89 0.90 0.90 0.90 1.00 0.90 0.86 0.90 0.90 0.90 0.90 0.90 0.85 0.88 0.90 0.81 0.89 0.90 0.90 0.90 0.90 0.90 0.90 0.90 0.90 0.90 0.90
0.29 0.41 0.41 0.40 0.23 0.34 0.41 0.40 0.37 0.37 0.42 0.43 0.37 0.45 0.45 0.48 1.00 0.56 0.28 0.42 0.45 0.45 0.45 0.56 0.23 0.32 0.42 0.21 0.40 0.43 0.45 0.45 0.56 0.43 0.45 0.46 0.45 0.43 0.45
0.45 0.57 0.57 0.56 0.38 0.52 0.57 0.56 0.54 0.55 0.58 0.59 0.55 0.60 0.60 0.61 1.00 0.65 0.45 0.58 0.60 0.60 0.60 0.65 0.39 0.50 0.58 0.36 0.56 0.59 0.60 0.60 0.65 0.59 0.60 0.60 0.59 0.59 0.59
0.31 0.43 0.43 0.42 0.25 0.37 0.43 0.42 0.40 0.40 0.44 0.45 0.40 0.47 0.48 0.50 1.00 0.58 0.31 0.45 0.47 0.47 0.48 0.58 0.24 0.34 0.45 0.22 0.42 0.46 0.48 0.48 0.58 0.46 0.48 0.48 0.47 0.46 0.47
0.34 0.46 0.46 0.45 0.28 0.40 0.46 0.44 0.42 0.43 0.47 0.48 0.43 0.49 0.50 0.52 1.00 0.58 0.34 0.47 0.49 0.49 0.50 0.58 0.26 0.37 0.47 0.25 0.45 0.48 0.50 0.50 0.58 0.48 0.50 0.50 0.49 0.48 0.49
0.50 0.61 0.61 0.60 0.43 0.56 0.61 0.60 0.58 0.59 0.62 0.62 0.59 0.63 0.64 0.64 1.00 0.67 0.50 0.63 0.63 0.63 0.64 0.67 0.42 0.54 0.63 0.40 0.60 0.63 0.64 0.64 0.67 0.63 0.64 0.64 0.63 0.63 0.63
0.56 0.67 0.67 0.66 0.50 0.62 0.67 0.66 0.64 0.65 0.67 0.67 0.65 0.69 0.69 0.69 1.00 0.71 0.55 0.68 0.69 0.69 0.69 0.71 0.51 0.61 0.68 0.46 0.66 0.68 0.68 0.69 0.71 0.68 0.68 0.69 0.68 0.68 0.68
0.51 0.62 0.62 0.62 0.44 0.58 0.62 0.61 0.59 0.60 0.63 0.64 0.60 0.65 0.65 0.66 1.00 0.68 0.51 0.63 0.65 0.65 0.65 0.68 0.44 0.55 0.63 0.41 0.61 0.64 0.65 0.65 0.68 0.64 0.65 0.65 0.64 0.64 0.64
0.41 0.53 0.53 0.52 0.34 0.47 0.53 0.51 0.49 0.50 0.54 0.54 0.50 0.56 0.56 0.58 1.00 0.63 0.41 0.54 0.56 0.56 0.57 0.63 0.33 0.44 0.54 0.31 0.52 0.55 0.56 0.56 0.63 0.55 0.56 0.57 0.55 0.55 0.55
0.41 0.54 0.54 0.53 0.34 0.48 0.54 0.52 0.50 0.51 0.54 0.55 0.51 0.56 0.57 0.58 1.00 0.63 0.40 0.54 0.56 0.56 0.57 0.63 0.33 0.44 0.54 0.31 0.52 0.55 0.57 0.57 0.63 0.55 0.57 0.57 0.56 0.55 0.56
0.32 0.44 0.44 0.43 0.26 0.38 0.44 0.43 0.41 0.41 0.45 0.46 0.41 0.48 0.48 0.51 1.00 0.57 0.33 0.45 0.48 0.48 0.49 0.57 0.25 0.36 0.45 0.23 0.43 0.46 0.48 0.48 0.57 0.46 0.48 0.48 0.48 0.46 0.48
0.84 0.89 0.89 0.89 0.81 0.88 0.89 0.89 0.88 0.89 0.89 0.89 0.89 0.89 0.89 0.89 1.00 0.89 0.84 0.89 0.89 0.89 0.89 0.89 0.84 0.88 0.89 0.81 0.89 0.89 0.89 0.89 0.89 0.89 0.89 0.89 0.89 0.89 0.89
0.64 0.74 0.74 0.73 0.58 0.71 0.74 0.73 0.71 0.73 0.74 0.74 0.73 0.75 0.75 0.75 1.00 0.76 0.64 0.74 0.75 0.75 0.75 0.76 0.59 0.69 0.74 0.55 0.72 0.74 0.75 0.75 0.76 0.74 0.75 0.75 0.74 0.74 0.74
0.86 0.90 0.90 0.90 0.81 0.89 0.90 0.90 0.89 0.90 0.90 0.90 0.90 0.90 0.90 0.90 1.00 0.90 0.85 0.90 0.90 0.90 0.90 0.90 0.85 0.89 0.90 0.81 0.89 0.90 0.90 0.90 0.90 0.90 0.90 0.90 0.90 0.90 0.90
0.85 0.89 0.89 0.89 0.81 0.88 0.89 0.89 0.88 0.89 0.89 0.89 0.89 0.89 0.89 0.89 1.00 0.89 0.85 0.89 0.89 0.89 0.89 0.89 0.84 0.88 0.89 0.80 0.89 0.89 0.89 0.89 0.89 0.89 0.89 0.89 0.89 0.89 0.89
0.41 0.54 0.54 0.53 0.35 0.49 0.54 0.53 0.51 0.51 0.55 0.55 0.51 0.57 0.57 0.59 1.00 0.63 0.41 0.56 0.57 0.57 0.58 0.63 0.34 0.46 0.56 0.31 0.53 0.56 0.57 0.57 0.63 0.56 0.57 0.57 0.57 0.56 0.57
0.58 0.68 0.68 0.67 0.51 0.65 0.68 0.67 0.66 0.67 0.69 0.69 0.67 0.70 0.70 0.70 1.00 0.72 0.57 0.69 0.70 0.70 0.70 0.72 0.52 0.62 0.69 0.48 0.67 0.69 0.70 0.70 0.72 0.69 0.70 0.70 0.69 0.69 0.69
0.83 0.88 0.88 0.88 0.79 0.87 0.88 0.88 0.87 0.88 0.88 0.88 0.88 0.88 0.88 0.88 1.00 0.88 0.83 0.88 0.88 0.88 0.88 0.88 0.82 0.87 0.88 0.79 0.88 0.88 0.88 0.88 0.88 0.88 0.88 0.88 0.88 0.88 0.88
0.42 0.54 0.54 0.52 0.35 0.49 0.54 0.52 0.50 0.51 0.54 0.55 0.51 0.56 0.57 0.58 1.00 0.63 0.42 0.55 0.56 0.56 0.57 0.63 0.35 0.46 0.55 0.33 0.53 0.56 0.57 0.57 0.63 0.56 0.57 0.57 0.56 0.56 0.56
0.54 0.65 0.65 0.64 0.46 0.61 0.65 0.64 0.62 0.63 0.66 0.66 0.63 0.67 0.67 0.67 1.00 0.70 0.53 0.66 0.67 0.67 0.67 0.70 0.48 0.59 0.66 0.45 0.64 0.66 0.67 0.67 0.70 0.66 0.67 0.67 0.66 0.66 0.66
0.73 0.80 0.80 0.80 0.67 0.78 0.80 0.80 0.78 0.79 0.80 0.80 0.79 0.81 0.81 0.80 1.00 0.81 0.72 0.80 0.81 0.81 0.81 0.81 0.69 0.77 0.80 0.66 0.79 0.80 0.80 0.81 0.81 0.80 0.80 0.81 0.80 0.80 0.80
0.81 0.87 0.87 0.87 0.77 0.85 0.87 0.86 0.86 0.87 0.87 0.87 0.87 0.87 0.87 0.87 1.00 0.87 0.82 0.87 0.87 0.87 0.87 0.87 0.80 0.85 0.87 0.76 0.87 0.87 0.87 0.87 0.87 0.87 0.87 0.87 0.87 0.87 0.87
0.62 0.71 0.71 0.70 0.54 0.68 0.71 0.70 0.68 0.70 0.71 0.71 0.70 0.72 0.72 0.72 1.00 0.74 0.60 0.72 0.72 0.72 0.72 0.74 0.56 0.66 0.72 0.52 0.70 0.72 0.72 0.72 0.74 0.72 0.72 0.72 0.71 0.72 0.71
0.26 0.38 0.38 0.38 0.20 0.32 0.38 0.37 0.34 0.34 0.39 0.40 0.34 0.42 0.43 0.47 1.00 0.54 0.26 0.40 0.42 0.42 0.43 0.54 0.20 0.30 0.40 0.19 0.38 0.41 0.43 0.43 0.54 0.41 0.43 0.43 0.43 0.41 0.43
0.88 0.91 0.91 0.91 0.85 0.91 0.91 0.91 0.91 0.91 0.91 0.91 0.91 0.91 0.91 0.91 1.00 0.91 0.88 0.91 0.91 0.91 0.91 0.91 0.88 0.90 0.91 0.85 0.91 0.91 0.91 0.91 0.91 0.91 0.91 0.91 0.91 0.91 0.91
0.88 0.91 0.91 0.91 0.85 0.91 0.91 0.91 0.91 0.91 0.91 0.91 0.91 0.92 0.92 0.92 1.00 0.92 0.88 0.92 0.92 0.92 0.92 0.92 0.88 0.91 0.92 0.85 0.91 0.92 0.92 0.92 0.92 0.92 0.92 0.92 0.91 0.92 0.91
0.30 0.43 0.43 0.42 0.25 0.36 0.43 0.42 0.39 0.39 0.43 0.44 0.39 0.46 0.46 0.49 1.00 0.57 0.30 0.44 0.46 0.46 0.46 0.57 0.23 0.33 0.44 0.22 0.42 0.45 0.46 0.47 0.57 0.45 0.46 0.47 0.46 0.45 0.46
0.46 0.58 0.58 0.57 0.39 0.53 0.58 0.57 0.55 0.56 0.58 0.59 0.56 0.60 0.61 0.61 1.00 0.66 0.46 0.59 0.60 0.60 0.61 0.66 0.39 0.50 0.59 0.36 0.57 0.59 0.61 0.61 0.66 0.59 0.61 0.61 0.60 0.59 0.60
0.71 0.79 0.79 0.78 0.64 0.76 0.79 0.78 0.77 0.78 0.78 0.79 0.78 0.79 0.79 0.79 1.00 0.80 0.70 0.79 0.79 0.79 0.79 0.80 0.67 0.75 0.79 0.63 0.78 0.79 0.79 0.79 0.80 0.79 0.79 0.79 0.78 0.79 0.78
0.87 0.91 0.91 0.90 0.84 0.90 0.91 0.90 0.90 0.90 0.91 0.91 0.90 0.91 0.91 0.91 1.00 0.91 0.87 0.91 0.91 0.91 0.91 0.91 0.87 0.90 0.91 0.84 0.90 0.91 0.91 0.91 0.91 0.91 0.91 0.91 0.90 0.91 0.90
0.76 0.82 0.82 0.82 0.70 0.80 0.82 0.81 0.81 0.81 0.82 0.82 0.81 0.82 0.82 0.82 1.00 0.83 0.75 0.82 0.82 0.82 0.82 0.83 0.72 0.79 0.82 0.69 0.81 0.82 0.82 0.82 0.83 0.82 0.82 0.82 0.82 0.82 0.82
0.65 0.74 0.74 0.73 0.58 0.71 0.74 0.73 0.72 0.73 0.74 0.74 0.73 0.75 0.75 0.75 1.00 0.76 0.64 0.74 0.75 0.75 0.75 0.76 0.60 0.69 0.74 0.57 0.73 0.75 0.75 0.75 0.76 0.75 0.75 0.75 0.74 0.75 0.74
0.22 0.34 0.34 0.34 0.18 0.28 0.34 0.33 0.31 0.31 0.35 0.37 0.31 0.38 0.39 0.44 1.00 0.53 0.23 0.36 0.38 0.38 0.40 0.53 0.16 0.27 0.36 0.16 0.34 0.37 0.40 0.40 0.53 0.37 0.40 0.40 0.40 0.37 0.40
0.26 0.38 0.38 0.37 0.21 0.31 0.38 0.37 0.35 0.34 0.39 0.40 0.34 0.42 0.43 0.47 1.00 0.55 0.26 0.40 0.42 0.42 0.43 0.55 0.19 0.30 0.40 0.18 0.38 0.40 0.43 0.44 0.55 0.40 0.43 0.44 0.43 0.40 0.43
0.84 0.89 0.89 0.89 0.80 0.88 0.89 0.89 0.88 0.89 0.89 0.89 0.89 0.89 0.89 0.89 1.00 0.89 0.84 0.89 0.89 0.89 0.89 0.89 0.84 0.87 0.89 0.80 0.88 0.89 0.89 0.89 0.89 0.89 0.89 0.89 0.89 0.89 0.89
0.27 0.39 0.39 0.38 0.22 0.33 0.39 0.38 0.36 0.35 0.40 0.41 0.35 0.43 0.44 0.47 1.00 0.55 0.27 0.41 0.43 0.43 0.44 0.55 0.20 0.30 0.41 0.19 0.38 0.41 0.43 0.44 0.55 0.41 0.43 0.44 0.43 0.41 0.43
0.83 0.88 0.88 0.88 0.79 0.87 0.88 0.88 0.87 0.87 0.88 0.88 0.87 0.88 0.88 0.88 1.00 0.88 0.82 0.88 0.88 0.88 0.88 0.88 0.82 0.86 0.88 0.78 0.88 0.88 0.88 0.88 0.88 0.88 0.88 0.88 0.88 0.88 0.88
0.26 0.38 0.38 0.37 0.21 0.32 0.38 0.37 0.35 0.34 0.39 0.40 0.34 0.42 0.43 0.47 1.00 0.54 0.26 0.39 0.42 0.42 0.44 0.54 0.19 0.29 0.39 0.18 0.37 0.40 0.42 0.43 0.54 0.40 0.42 0.43 0.43 0.40 0.43
0.41 0.54 0.54 0.53 0.34 0.48 0.54 0.53 0.50 0.51 0.55 0.55 0.51 0.57 0.57 0.58 1.00 0.63 0.41 0.54 0.57 0.57 0.57 0.63 0.33 0.45 0.54 0.31 0.52 0.55 0.56 0.57 0.63 0.55 0.56 0.57 0.56 0.55 0.56
0.27 0.40 0.40 0.39 0.23 0.33 0.40 0.39 0.36 0.36 0.40 0.41 0.36 0.43 0.44 0.47 1.00 0.55 0.27 0.41 0.43 0.43 0.44 0.55 0.21 0.30 0.41 0.19 0.38 0.41 0.44 0.44 0.55 0.41 0.44 0.44 0.43 0.41 0.43
0.38 0.50 0.50 0.49 0.32 0.45 0.50 0.49 0.47 0.48 0.51 0.52 0.48 0.54 0.54 0.56 1.00 0.61 0.39 0.52 0.54 0.54 0.54 0.61 0.32 0.42 0.52 0.30 0.49 0.52 0.54 0.54 0.61 0.52 0.54 0.54 0.53 0.52 0.53
0.44 0.55 0.55 0.55 0.37 0.50 0.55 0.54 0.52 0.53 0.56 0.57 0.53 0.58 0.59 0.60 1.00 0.64 0.44 0.57 0.58 0.58 0.59 0.64 0.37 0.48 0.57 0.35 0.55 0.57 0.59 0.59 0.64 0.57 0.59 0.59 0.58 0.57 0.58
0.23 0.35 0.35 0.34 0.18 0.28 0.35 0.34 0.32 0.31 0.36 0.37 0.31 0.39 0.40 0.44 1.00 0.53 0.24 0.36 0.39 0.39 0.40 0.53 0.17 0.26 0.36 0.16 0.34 0.37 0.40 0.40 0.53 0.37 0.40 0.40 0.40 0.37 0.40
0.55 0.66 0.66 0.65 0.48 0.61 0.66 0.65 0.63 0.64 0.66 0.67 0.64 0.68 0.68 0.68 1.00 0.71 0.54 0.66 0.68 0.68 0.68 0.71 0.49 0.59 0.66 0.46 0.65 0.67 0.68 0.68 0.71 0.67 0.68 0.68 0.67 0.67 0.67
0.70 0.78 0.78 0.77 0.64 0.75 0.78 0.77 0.76 0.77 0.78 0.78 0.77 0.78 0.78 0.78 1.00 0.79 0.69 0.78 0.78 0.78 0.78 0.79 0.66 0.74 0.78 0.62 0.77 0.78 0.79 0.79 0.79 0.78 0.79 0.79 0.78 0.78 0.78
0.41 0.53 0.53 0.52 0.34 0.47 0.53 0.52 0.49 0.50 0.53 0.54 0.50 0.56 0.56 0.57 1.00 0.62 0.40 0.54 0.56 0.56 0.56 0.62 0.34 0.44 0.54 0.31 0.51 0.54 0.56 0.56 0.62 0.54 0.56 0.56 0.55 0.54 0.55
0.27 0.39 0.39 0.38 0.21 0.32 0.39 0.38 0.36 0.35 0.40 0.41 0.35 0.42 0.43 0.47 1.00 0.55 0.27 0.40 0.42 0.42 0.44 0.55 0.20 0.30 0.40 0.19 0.38 0.41 0.43 0.44 0.55 0.41 0.43 0.44 0.43 0.41 0.43
0.79 0.85 0.85 0.85 0.75 0.84 0.85 0.85 0.84 0.85 0.85 0.85 0.85 0.86 0.86 0.85 1.00 0.86 0.80 0.85 0.86 0.86 0.86 0.86 0.78 0.83 0.85 0.74 0.85 0.85 0.86 0.86 0.86 0.85 0.86 0.86 0.85 0.85 0.85
0.37 0.49 0.49 0.48 0.31 0.43 0.49 0.48 0.45 0.46 0.50 0.50 0.46 0.52 0.53 0.54 1.00 0.60 0.36 0.50 0.52 0.52 0.53 0.60 0.30 0.41 0.50 0.28 0.48 0.51 0.52 0.53 0.60 0.51 0.52 0.53 0.52 0.51 0.52
0.56 0.67 0.67 0.66 0.49 0.63 0.67 0.66 0.64 0.65 0.67 0.67 0.65 0.68 0.68 0.69 1.00 0.71 0.56 0.67 0.68 0.68 0.69 0.71 0.50 0.60 0.67 0.47 0.66 0.68 0.68 0.69 0.71 0.68 0.68 0.69 0.68 0.68 0.68
0.31 0.44 0.44 0.43 0.26 0.37 0.44 0.43 0.41 0.40 0.45 0.45 0.40 0.47 0.48 0.51 1.00 0.57 0.32 0.45 0.47 0.47 0.48 0.57 0.24 0.35 0.45 0.23 0.43 0.46 0.48 0.48 0.57 0.46 0.48 0.48 0.47 0.46 0.47
0.86 0.90 0.90 0.90 0.82 0.89 0.90 0.90 0.89 0.90 0.90 0.90 0.90 0.90 0.90 0.90 1.00 0.90 0.86 0.90 0.90 0.90 0.90 0.90 0.85 0.89 0.90 0.82 0.90 0.90 0.90 0.90 0.90 0.90 0.90 0.90 0.90 0.90 0.90
0.79 0.85 0.85 0.84 0.75 0.83 0.85 0.84 0.84 0.84 0.85 0.85 0.84 0.85 0.85 0.85 1.00 0.85 0.79 0.85 0.85 0.85 0.85 0.85 0.77 0.83 0.85 0.73 0.84 0.85 0.85 0.85 0.85 0.85 0.85 0.85 0.84 0.85 0.84
0.47 0.58 0.58 0.57 0.40 0.53 0.58 0.57 0.55 0.55 0.59 0.60 0.55 0.61 0.61 0.62 1.00 0.65 0.46 0.59 0.61 0.61 0.61 0.65 0.40 0.51 0.59 0.37 0.57 0.60 0.61 0.61 0.65 0.60 0.61 0.61 0.60 0.60 0.60
0.46 0.57 0.57 0.57 0.39 0.52 0.57 0.56 0.54 0.55 0.58 0.58 0.55 0.60 0.60 0.62 1.00 0.66 0.47 0.59 0.60 0.60 0.61 0.66 0.39 0.50 0.59 0.36 0.56 0.59 0.61 0.61 0.66 0.59 0.61 0.61 0.60 0.59 0.60
0.30 0.43 0.43 0.42 0.25 0.36 0.43 0.42 0.39 0.39 0.44 0.45 0.39 0.46 0.47 0.50 1.00 0.56 0.30 0.43 0.46 0.46 0.47 0.56 0.23 0.34 0.43 0.21 0.42 0.44 0.46 0.46 0.56 0.44 0.46 0.47 0.46 0.44 0.46
0.30 0.42 0.42 0.41 0.24 0.36 0.42 0.41 0.38 0.39 0.43 0.44 0.39 0.46 0.47 0.49 1.00 0.57 0.30 0.44 0.46 0.46 0.47 0.57 0.23 0.33 0.44 0.22 0.41 0.44 0.47 0.47 0.57 0.44 0.47 0.47 0.46 0.44 0.46
0.61 0.71 0.71 0.70 0.54 0.67 0.71 0.70 0.69 0.70 0.71 0.71 0.70 0.72 0.72 0.72 1.00 0.74 0.61 0.71 0.72 0.72 0.72 0.74 0.55 0.66 0.71 0.52 0.70 0.72 0.72 0.72 0.74 0.72 0.72 0.72 0.71 0.72 0.71
0.73 0.81 0.81 0.80 0.68 0.78 0.81 0.80 0.79 0.80 0.81 0.81 0.80 0.81 0.81 0.81 1.00 0.82 0.73 0.81 0.81 0.81 0.81 0.82 0.71 0.78 0.81 0.66 0.80 0.81 0.81 0.81 0.82 0.81 0.81 0.81 0.81 0.81 0.81
0.51 0.63 0.63 0.62 0.45 0.59 0.63 0.62 0.60 0.61 0.63 0.64 0.61 0.65 0.65 0.65 1.00 0.69 0.52 0.64 0.65 0.65 0.65 0.69 0.46 0.56 0.64 0.42 0.62 0.64 0.65 0.65 0.69 0.64 0.65 0.65 0.64 0.64 0.64
0.76 0.83 0.83 0.82 0.71 0.81 0.83 0.82 0.82 0.82 0.83 0.83 0.82 0.83 0.83 0.83 1.00 0.84 0.75 0.83 0.83 0.83 0.83 0.84 0.73 0.80 0.83 0.70 0.82 0.83 0.83 0.83 0.84 0.83 0.83 0.83 0.83 0.83 0.83
0.44 0.56 0.56 0.55 0.37 0.50 0.56 0.55 0.53 0.53 0.56 0.57 0.53 0.58 0.59 0.60 1.00 0.64 0.43 0.56 0.58 0.58 0.59 0.64 0.36 0.48 0.56 0.34 0.54 0.57 0.58 0.59 0.64 0.57 0.58 0.59 0.57 0.57 0.57
0.45 0.57 0.57 0.56 0.38 0.51 0.57 0.56 0.54 0.54 0.58 0.58 0.54 0.59 0.60 0.60 1.00 0.65 0.44 0.58 0.59 0.59 0.60 0.65 0.38 0.48 0.58 0.35 0.55 0.58 0.60 0.60 0.65 0.58 0.60 0.60 0.59 0.58 0.59
0.29 0.41 0.41 0.40 0.23 0.35 0.41 0.40 0.38 0.37 0.42 0.43 0.37 0.45 0.45 0.48 1.00 0.56 0.29 0.42 0.45 0.45 0.45 0.56 0.21 0.32 0.42 0.20 0.40 0.43 0.45 0.46 0.56 0.43 0.45 0.46 0.45 0.43 0.45
0.51 0.63 0.63 0.62 0.44 0.58 0.63 0.62 0.60 0.60 0.63 0.64 0.60 0.65 0.65 0.65 1.00 0.69 0.51 0.63 0.65 0.65 0.65 0.69 0.44 0.56 0.63 0.42 0.62 0.64 0.65 0.65 0.69 0.64 0.65 0.65 0.63 0.64 0.63
0.33 0.46 0.46 0.45 0.27 0.39 0.46 0.44 0.42 0.42 0.47 0.47 0.42 0.49 0.50 0.52 1.00 0.58 0.33 0.47 0.49 0.49 0.50 0.58 0.26 0.37 0.47 0.24 0.45 0.47 0.49 0.50 0.58 0.47 0.49 0.50 0.49 0.47 0.49
0.78 0.84 0.84 0.84 0.73 0.82 0.84 0.84 0.83 0.83 0.84 0.84 0.83 0.84 0.84 0.84 1.00 0.85 0.77 0.84 0.84 0.84 0.84 0.85 0.76 0.82 0.84 0.72 0.84 0.84 0.84 0.84 0.85 0.84 0.84 0.84 0.84 0.84 0.84
0.53 0.64 0.64 0.63 0.47 0.59 0.64 0.63 0.61 0.62 0.64 0.65 0.62 0.66 0.66 0.67 1.00 0.69 0.52 0.65 0.66 0.66 0.66 0.69 0.46 0.58 0.65 0.43 0.63 0.65 0.66 0.66 0.69 0.65 0.66 0.66 0.65 0.65 0.65
0.56 0.67 0.67 0.66 0.49 0.62 0.67 0.65 0.63 0.65 0.67 0.68 0.65 0.69 0.69 0.69 1.00 0.72 0.55 0.68 0.69 0.69 0.69 0.72 0.50 0.60 0.68 0.47 0.66 0.68 0.69 0.69 0.72 0.68 0.69 0.69 0.68 0.68 0.68
0.46 0.57 0.57 0.56 0.39 0.52 0.57 0.56 0.54 0.55 0.57 0.58 0.55 0.60 0.60 0.61 1.00 0.65 0.45 0.58 0.60 0.60 0.60 0.65 0.38 0.50 0.58 0.36 0.56 0.58 0.60 0.60 0.65 0.58 0.60 0.60 0.59 0.58 0.59
0.31 0.43 0.43 0.42 0.25 0.37 0.43 0.42 0.40 0.40 0.45 0.46 0.40 0.47 0.48 0.51 1.00 0.58 0.31 0.45 0.47 0.47 0.48 0.58 0.24 0.34 0.45 0.23 0.43 0.46 0.48 0.48 0.58 0.46 0.48 0.48 0.47 0.46 0.47
0.50 0.62 0.62 0.61 0.44 0.57 0.62 0.61 0.59 0.60 0.62 0.63 0.60 0.64 0.64 0.65 1.00 0.68 0.51 0.63 0.64 0.64 0.65 0.68 0.44 0.55 0.63 0.41 0.61 0.63 0.64 0.64 0.68 0.63 0.64 0.64 0.63 0.63 0.63
0.51 0.63 0.63 0.62 0.45 0.58 0.63 0.62 0.60 0.61 0.63 0.64 0.61 0.65 0.65 0.65 1.00 0.69 0.51 0.64 0.65 0.65 0.65 0.69 0.45 0.56 0.64 0.42 0.62 0.64 0.65 0.65 0.69 0.64 0.65 0.65 0.64 0.64 0.64
0.47 0.58 0.58 0.57 0.39 0.53 0.58 0.57 0.55 0.55 0.58 0.59 0.55 0.60 0.61 0.61 1.00 0.65 0.45 0.58 0.60 0.60 0.61 0.65 0.39 0.50 0.58 0.36 0.56 0.59 0.60 0.60 0.65 0.59 0.60 0.60 0.59 0.59 0.59
0.47 0.59 0.59 0.58 0.40 0.54 0.59 0.58 0.55 0.56 0.59 0.60 0.56 0.61 0.61 0.62 1.00 0.66 0.46 0.59 0.61 0.61 0.61 0.66 0.40 0.51 0.59 0.38 0.58 0.60 0.61 0.61 0.66 0.60 0.61 0.61 0.61 0.60 0.61
0.28 0.40 0.40 0.39 0.23 0.34 0.40 0.39 0.37 0.36 0.41 0.42 0.36 0.44 0.45 0.48 1.00 0.56 0.28 0.42 0.44 0.44 0.45 0.56 0.21 0.31 0.42 0.19 0.40 0.42 0.45 0.45 0.56 0.42 0.45 0.45 0.45 0.42 0.45
0.30 0.42 0.42 0.41 0.25 0.35 0.42 0.41 0.39 0.38 0.43 0.44 0.38 0.45 0.46 0.49 1.00 0.56 0.29 0.43 0.45 0.45 0.46 0.56 0.22 0.33 0.43 0.20 0.41 0.43 0.46 0.46 0.56 0.43 0.46 0.46 0.46 0.43 0.46
0.86 0.90 0.90 0.90 0.82 0.89 0.90 0.90 0.89 0.90 0.90 0.90 0.90 0.90 0.90 0.90 1.00 0.90 0.86 0.90 0.90 0.90 0.90 0.90 0.85 0.89 0.90 0.82 0.90 0.90 0.90 0.90 0.90 0.90 0.90 0.90 0.90 0.90 0.90
0.34 0.46 0.46 0.46 0.29 0.41 0.46 0.46 0.43 0.43 0.48 0.48 0.43 0.50 0.51 0.53 1.00 0.59 0.35 0.48 0.50 0.50 0.51 0.59 0.28 0.38 0.48 0.26 0.46 0.49 0.51 0.51 0.59 0.49 0.51 0.51 0.51 0.49 0.51
0.47 0.59 0.59 0.58 0.41 0.54 0.59 0.58 0.55 0.57 0.59 0.60 0.57 0.62 0.62 0.62 1.00 0.66 0.47 0.60 0.62 0.62 0.62 0.66 0.41 0.52 0.60 0.37 0.58 0.61 0.62 0.62 0.66 0.61 0.62 0.62 0.61 0.61 0.61
0.35 0.47 0.47 0.46 0.28 0.41 0.47 0.46 0.44 0.44 0.48 0.49 0.44 0.50 0.51 0.53 1.00 0.59 0.35 0.48 0.50 0.50 0.51 0.59 0.27 0.38 0.48 0.26 0.46 0.49 0.51 0.51 0.59 0.49 0.51 0.51 0.50 0.49 0.50
0.46 0.58 0.58 0.57 0.39 0.53 0.58 0.57 0.55 0.56 0.59 0.59 0.56 0.61 0.61 0.62 1.00 0.66 0.46 0.59 0.61 0.61 0.61 0.66 0.39 0.50 0.59 0.37 0.57 0.60 0.61 0.61 0.66 0.60 0.61 0.61 0.60 0.60 0.60
0.64 0.74 0.74 0.73 0.58 0.71 0.74 0.73 0.72 0.73 0.74 0.74 0.73 0.75 0.75 0.75 1.00 0.77 0.64 0.74 0.75 0.75 0.75 0.77 0.61 0.69 0.74 0.57 0.73 0.75 0.75 0.75 0.77 0.75 0.75 0.75 0.74 0.75 0.74
0.43 0.56 0.56 0.55 0.36 0.50 0.56 0.54 0.52 0.53 0.56 0.57 0.53 0.58 0.59 0.60 1.00 0.64 0.44 0.57 0.58 0.58 0.59 0.64 0.37 0.48 0.57 0.34 0.55 0.58 0.59 0.59 0.64 0.58 0.59 0.59 0.58 0.58 0.58
0.28 0.40 0.40 0.39 0.22 0.33 0.40 0.38 0.36 0.35 0.40 0.42 0.35 0.43 0.44 0.47 1.00 0.55 0.27 0.41 0.43 0.43 0.44 0.55 0.20 0.30 0.41 0.19 0.39 0.42 0.44 0.44 0.55 0.42 0.44 0.44 0.44 0.42 0.44
0.57 0.67 0.67 0.66 0.49 0.63 0.67 0.66 0.64 0.65 0.67 0.68 0.65 0.69 0.69 0.69 1.00 0.71 0.56 0.68 0.69 0.69 0.69 0.71 0.50 0.61 0.68 0.47 0.66 0.68 0.69 0.69 0.71 0.68 0.69 0.69 0.68 0.68 0.68
0.61 0.70 0.70 0.70 0.54 0.67 0.70 0.70 0.68 0.69 0.71 0.71 0.69 0.72 0.72 0.72 1.00 0.74 0.60 0.71 0.72 0.72 0.72 0.74 0.55 0.65 0.71 0.51 0.70 0.71 0.72 0.72 0.74 0.71 0.72 0.72 0.71 0.71 0.71
0.32 0.44 0.44 0.43 0.26 0.38 0.44 0.43 0.40 0.41 0.45 0.46 0.41 0.48 0.49 0.51 1.00 0.57 0.32 0.46 0.48 0.48 0.49 0.57 0.24 0.36 0.46 0.22 0.43 0.46 0.48 0.48 0.57 0.46 0.48 0.48 0.47 0.46 0.47
0.49 0.60 0.60 0.59 0.41 0.55 0.60 0.59 0.57 0.58 0.60 0.61 0.58 0.62 0.63 0.63 1.00 0.67 0.48 0.61 0.62 0.62 0.63 0.67 0.41 0.52 0.61 0.38 0.59 0.61 0.63 0.63 0.67 0.61 0.63 0.63 0.62 0.61 0.62
0.56 0.66 0.66 0.66 0.49 0.62 0.66 0.66 0.64 0.65 0.67 0.67 0.65 0.68 0.68 0.68 1.00 0.71 0.55 0.67 0.68 0.68 0.68 0.71 0.50 0.60 0.67 0.46 0.65 0.67 0.68 0.68 0.71 0.67 0.68 0.68 0.67 0.67 0.67
0.25 0.36 0.36 0.35 0.20 0.30 0.36 0.35 0.33 0.33 0.38 0.39 0.33 0.41 0.42 0.45 1.00 0.54 0.25 0.38 0.41 0.41 0.42 0.54 0.18 0.29 0.38 0.18 0.37 0.39 0.42 0.42 0.54 0.39 0.42 0.42 0.41 0.39 0.41
0.37 0.49 0.49 0.48 0.30 0.44 0.49 0.48 0.46 0.46 0.50 0.50 0.46 0.52 0.53 0.54 1.00 0.60 0.36 0.50 0.52 0.52 0.53 0.60 0.29 0.40 0.50 0.28 0.48 0.51 0.53 0.53 0.60 0.51 0.53 0.53 0.52 0.51 0.52
0.23 0.34 0.34 0.34 0.18 0.28 0.34 0.34 0.32 0.31 0.36 0.37 0.31 0.38 0.39 0.44 1.00 0.52 0.23 0.36 0.38 0.38 0.39 0.52 0.16 0.25 0.36 0.15 0.34 0.36 0.39 0.39 0.52 0.36 0.39 0.39 0.39 0.36 0.39
0.71 0.79 0.79 0.78 0.65 0.76 0.79 0.78 0.77 0.78 0.79 0.79 0.78 0.79 0.79 0.79 1.00 0.80 0.70 0.79 0.79 0.79 0.79 0.80 0.68 0.75 0.79 0.64 0.78 0.79 0.79 0.79 0.80 0.79 0.79 0.79 0.79 0.79 0.79
0.54 0.66 0.66 0.65 0.47 0.61 0.66 0.65 0.63 0.63 0.66 0.66 0.63 0.67 0.67 0.67 1.00 0.70 0.54 0.66 0.67 0.67 0.67 0.70 0.47 0.58 0.66 0.44 0.64 0.66 0.67 0.67 0.70 0.66 0.67 0.67 0.67 0.66 0.67
0.50 0.61 0.61 0.60 0.43 0.56 0.61 0.60 0.58 0.59 0.62 0.62 0.59 0.64 0.64 0.64 1.00 0.68 0.50 0.62 0.64 0.64 0.64 0.68 0.44 0.54 0.62 0.41 0.60 0.63 0.64 0.64 0.68 0.63 0.64 0.64 0.63 0.63 0.63
0.55 0.66 0.66 0.65 0.48 0.62 0.66 0.65 0.63 0.64 0.66 0.66 0.64 0.67 0.68 0.68 1.00 0.70 0.54 0.66 0.67 0.67 0.68 0.70 0.49 0.59 0.66 0.46 0.64 0.67 0.67 0.67 0.70 0.67 0.67 0.67 0.66 0.67 0.66
0.24 0.36 0.36 0.35 0.20 0.29 0.36 0.35 0.33 0.32 0.37 0.38 0.32 0.40 0.41 0.45 1.00 0.53 0.24 0.37 0.40 0.40 0.41 0.53 0.18 0.28 0.37 0.17 0.36 0.38 0.41 0.41 0.53 0.38 0.41 0.41 0.41 0.38 0.41
0.71 0.78 0.78 0.78 0.64 0.76 0.78 0.77 0.76 0.77 0.78 0.78 0.77 0.79 0.79 0.79 1.00 0.80 0.70 0.79 0.79 0.79 0.79 0.80 0.67 0.75 0.79 0.63 0.77 0.79 0.79 0.79 0.80 0.79 0.79 0.79 0.78 0.79 0.78
0.34 0.47 0.47 0.46 0.28 0.40 0.47 0.46 0.43 0.43 0.48 0.48 0.43 0.50 0.50 0.53 1.00 0.59 0.34 0.48 0.50 0.50 0.51 0.59 0.28 0.38 0.48 0.26 0.46 0.49 0.51 0.51 0.59 0.49 0.51 0.51 0.50 0.49 0.50
0.87 0.91 0.91 0.91 0.84 0.90 0.91 0.91 0.90 0.91 0.91 0.91 0.91 0.91 0.91 0.91 1.00 0.91 0.87 0.91 0.91 0.91 0.91 0.91 0.87 0.90 0.91 0.84 0.91 0.91 0.91 0.91 0.91 0.91 0.91 0.91 0.91 0.91 0.91
0.61 0.71 0.71 0.70 0.54 0.67 0.71 0.70 0.68 0.70 0.71 0.71 0.70 0.73 0.73 0.73 1.00 0.75 0.61 0.72 0.73 0.73 0.73 0.75 0.56 0.65 0.72 0.52 0.70 0.72 0.73 0.73 0.75 0.72 0.73 0.73 0.72 0.72 0.72
0.36 0.48 0.48 0.47 0.29 0.42 0.48 0.47 0.45 0.44 0.49 0.49 0.44 0.51 0.52 0.54 1.00 0.60 0.35 0.49 0.51 0.51 0.52 0.60 0.28 0.39 0.49 0.26 0.47 0.50 0.52 0.52 0.60 0.50 0.52 0.52 0.51 0.50 0.51
0.58 0.69 0.69 0.68 0.51 0.65 0.69 0.68 0.66 0.67 0.69 0.69 0.67 0.70 0.70 0.70 1.00 0.72 0.58 0.69 0.70 0.70 0.70 0.72 0.52 0.63 0.69 0.49 0.68 0.69 0.70 0.70 0.72 0.69 0.70 0.70 0.69 0.69 0.69
0.83 0.88 0.88 0.88 0.78 0.87 0.88 0.87 0.87 0.87 0.88 0.88 0.87 0.88 0.88 0.88 1.00 0.88 0.83 0.88 0.88 0.88 0.88 0.88 0.81 0.86 0.88 0.77 0.87 0.88 0.88 0.88 0.88 0.88 0.88 0.88 0.88 0.88 0.88
0.83 0.88 0.88 0.87 0.79 0.87 0.88 0.87 0.87 0.87 0.88 0.88 0.87 0.88 0.88 0.88 1.00 0.88 0.83 0.88 0.88 0.88 0.88 0.88 0.82 0.86 0.88 0.78 0.87 0.88 0.88 0.88 0.88 0.88 0.88 0.88 0.87 0.88 0.87
0.41 0.53 0.53 0.52 0.34 0.47 0.53 0.52 0.49 0.50 0.54 0.54 0.50 0.56 0.56 0.57 1.00 0.62 0.41 0.54 0.56 0.56 0.56 0.62 0.34 0.45 0.54 0.32 0.52 0.54 0.56 0.56 0.62 0.54 0.56 0.56 0.55 0.54 0.55
0.67 0.76 0.76 0.75 0.61 0.73 0.76 0.75 0.74 0.75 0.76 0.76 0.75 0.77 0.77 0.76 1.00 0.78 0.67 0.76 0.77 0.77 0.77 0.78 0.63 0.72 0.76 0.59 0.75 0.76 0.77 0.77 0.78 0.76 0.77 0.77 0.76 0.76 0.76
0.81 0.86 0.86 0.86 0.76 0.84 0.86 0.86 0.85 0.86 0.86 0.86 0.86 0.86 0.86 0.86 1.00 0.86 0.80 0.86 0.86 0.86 0.86 0.86 0.80 0.84 0.86 0.76 0.86 0.86 0.86 0.86 0.86 0.86 0.86 0.86 0.86 0.86 0.86
0.81 0.87 0.87 0.87 0.77 0.86 0.87 0.87 0.86 0.87 0.87 0.87 0.87 0.87 0.87 0.87 1.00 0.87 0.82 0.87 0.87 0.87 0.87 0.87 0.81 0.85 0.87 0.77 0.87 0.87 0.87 0.87 0.87 0.87 0.87 0.87 0.87 0.87 0.87
0.45 0.57 0.57 0.55 0.37 0.51 0.57 0.55 0.53 0.53 0.57 0.58 0.53 0.59 0.59 0.61 1.00 0.65 0.44 0.58 0.59 0.59 0.60 0.65 0.37 0.49 0.58 0.35 0.55 0.58 0.59 0.59 0.65 0.58 0.59 0.60 0.58 0.58 0.58
0.41 0.54 0.54 0.53 0.35 0.47 0.54 0.52 0.50 0.50 0.54 0.55 0.50 0.56 0.57 0.58 1.00 0.63 0.42 0.55 0.56 0.56 0.57 0.63 0.35 0.46 0.55 0.32 0.53 0.55 0.57 0.57 0.63 0.55 0.57 0.57 0.56 0.55 0.56
0.59 0.69 0.69 0.68 0.52 0.65 0.69 0.68 0.66 0.67 0.69 0.70 0.67 0.71 0.71 0.71 1.00 0.73 0.59 0.70 0.71 0.71 0.71 0.73 0.53 0.63 0.70 0.49 0.68 0.70 0.71 0.71 0.73 0.70 0.71 0.71 0.70 0.70 0.70
0.88 0.91 0.91 0.91 0.84 0.90 0.91 0.91 0.90 0.91 0.91 0.91 0.91 0.91 0.91 0.91 1.00 0.91 0.87 0.91 0.91 0.91 0.91 0.91 0.87 0.90 0.91 0.84 0.91 0.91 0.91 0.91 0.91 0.91 0.91 0.91 0.91 0.91 0.91
0.57 0.67 0.67 0.67 0.50 0.63 0.67 0.66 0.65 0.66 0.68 0.68 0.66 0.69 0.69 0.70 1.00 0.72 0.56 0.68 0.69 0.69 0.69 0.72 0.51 0.62 0.68 0.47 0.67 0.68 0.69 0.69 0.72 0.68 0.69 0.69 0.68 0.68 0.68
0.87 0.91 0.91 0.91 0.84 0.90 0.91 0.91 0.90 0.91 0.91 0.91 0.91 0.91 0.91 0.91 1.00 0.91 0.87 0.91 0.91 0.91 0.91 0.91 0.88 0.90 0.91 0.84 0.91 0.91 0.91 0.91 0.91 0.91 0.91 0.91 0.91 0.91 0.91
0.50 0.61 0.61 0.60 0.42 0.57 0.61 0.60 0.58 0.59 0.62 0.62 0.59 0.64 0.64 0.64 1.00 0.68 0.49 0.62 0.64 0.64 0.64 0.68 0.43 0.54 0.62 0.40 0.60 0.63 0.64 0.64 0.68 0.63 0.64 0.64 0.63 0.63 0.63
0.37 0.49 0.49 0.48 0.31 0.43 0.49 0.48 0.46 0.46 0.50 0.51 0.46 0.53 0.53 0.55 1.00 0.60 0.38 0.51 0.53 0.53 0.53 0.60 0.29 0.41 0.51 0.28 0.49 0.51 0.53 0.53 0.60 0.51 0.53 0.53 0.52 0.51 0.52
0.50 0.61 0.61 0.61 0.43 0.57 0.61 0.61 0.58 0.59 0.62 0.63 0.59 0.64 0.64 0.64 1.00 0.68 0.50 0.63 0.64 0.64 0.64 0.68 0.43 0.55 0.63 0.40 0.61 0.63 0.64 0.64 0.68 0.63 0.64 0.64 0.63 0.63 0.63
0.45 0.57 0.57 0.56 0.38 0.52 0.57 0.56 0.53 0.54 0.57 0.58 0.54 0.59 0.60 0.60 1.00 0.65 0.45 0.58 0.59 0.59 0.60 0.65 0.38 0.49 0.58 0.35 0.56 0.58 0.60 0.60 0.65 0.58 0.60 0.60 0.59 0.58 0.59
0.69 0.77 0.77 0.76 0.62 0.74 0.77 0.76 0.75 0.76 0.77 0.77 0.76 0.78 0.78 0.77 1.00 0.79 0.68 0.77 0.78 0.78 0.78 0.79 0.64 0.72 0.77 0.61 0.76 0.77 0.78 0.78 0.79 0.77 0.78 0.78 0.77 0.77 0.77
0.51 0.62 0.62 0.60 0.43 0.57 0.62 0.60 0.59 0.60 0.62 0.62 0.60 0.64 0.64 0.64 1.00 0.67 0.50 0.62 0.64 0.64 0.64 0.67 0.44 0.55 0.62 0.41 0.60 0.63 0.64 0.64 0.67 0.63 0.64 0.64 0.63 0.63 0.63
0.28 0.39 0.39 0.38 0.22 0.32 0.39 0.39 0.36 0.35 0.41 0.42 0.35 0.43 0.44 0.47 1.00 0.55 0.28 0.41 0.43 0.43 0.44 0.55 0.21 0.31 0.41 0.19 0.39 0.42 0.44 0.45 0.55 0.42 0.44 0.45 0.44 0.42 0.44
0.70 0.78 0.78 0.77 0.64 0.75 0.78 0.77 0.76 0.77 0.78 0.78 0.77 0.79 0.79 0.79 1.00 0.79 0.70 0.78 0.79 0.79 0.79 0.79 0.66 0.75 0.78 0.63 0.77 0.78 0.79 0.79 0.79 0.78 0.79 0.79 0.78 0.78 0.78
0.27 0.39 0.39 0.38 0.22 0.33 0.39 0.38 0.36 0.36 0.41 0.41 0.36 0.43 0.44 0.47 1.00 0.55 0.27 0.41 0.43 0.43 0.44 0.55 0.20 0.30 0.41 0.19 0.39 0.42 0.44 0.44 0.55 0.42 0.44 0.44 0.44 0.42 0.44
0.34 0.46 0.46 0.45 0.28 0.40 0.46 0.45 0.43 0.43 0.47 0.48 0.43 0.50 0.50 0.53 1.00 0.59 0.34 0.48 0.50 0.50 0.50 0.59 0.26 0.37 0.48 0.25 0.46 0.48 0.50 0.51 0.59 0.48 0.50 0.51 0.50 0.48 0.50
0.42 0.54 0.54 0.53 0.35 0.49 0.54 0.53 0.51 0.52 0.55 0.56 0.52 0.57 0.58 0.59 1.00 0.63 0.42 0.55 0.57 0.57 0.58 0.63 0.35 0.46 0.55 0.33 0.53 0.56 0.57 0.57 0.63 0.56 0.57 0.57 0.56 0.56 0.56
0.52 0.63 0.63 0.62 0.45 0.58 0.63 0.62 0.60 0.61 0.63 0.64 0.61 0.65 0.65 0.66 1.00 0.69 0.52 0.64 0.65 0.65 0.65 0.69 0.45 0.57 0.64 0.42 0.62 0.65 0.66 0.66 0.69 0.65 0.66 0.66 0.65 0.65 0.65
0.35 0.48 0.48 0.47 0.29 0.42 0.48 0.46 0.44 0.44 0.49 0.49 0.44 0.51 0.51 0.54 1.00 0.59 0.36 0.49 0.51 0.51 0.51 0.59 0.28 0.39 0.49 0.26 0.47 0.49 0.51 0.52 0.59 0.49 0.51 0.52 0.51 0.49 0.51
0.55 0.66 0.66 0.65 0.48 0.62 0.66 0.64 0.63 0.64 0.66 0.66 0.64 0.67 0.67 0.68 1.00 0.70 0.54 0.66 0.67 0.67 0.68 0.70 0.49 0.59 0.66 0.45 0.65 0.67 0.68 0.68 0.70 0.67 0.68 0.68 0.67 0.67 0.67
0.41 0.53 0.53 0.52 0.34 0.47 0.53 0.52 0.49 0.50 0.53 0.54 0.50 0.56 0.56 0.58 1.00 0.63 0.41 0.54 0.56 0.56 0.56 0.63 0.34 0.45 0.54 0.32 0.52 0.55 0.56 0.56 0.63 0.55 0.56 0.56 0.56 0.55 0.56
0.80 0.86 0.86 0.85 0.76 0.84 0.86 0.85 0.85 0.86 0.86 0.86 0.86 0.86 0.86 0.86 1.00 0.86 0.80 0.86 0.86 0.86 0.86 0.86 0.80 0.84 0.86 0.76 0.85 0.86 0.86 0.86 0.86 0.86 0.86 0.86 0.86 0.86 0.86
0.83 0.87 0.87 0.87 0.78 0.86 0.87 0.87 0.86 0.87 0.87 0.87 0.87 0.87 0.87 0.87 1.00 0.88 0.82 0.87 0.87 0.87 0.87 0.88 0.81 0.86 0.87 0.78 0.87 0.87 0.88 0.88 0.88 0.87 0.88 0.88 0.87 0.87 0.87
0.45 0.57 0.57 0.56 0.37 0.52 0.57 0.56 0.53 0.55 0.57 0.58 0.55 0.59 0.60 0.61 1.00 0.65 0.45 0.58 0.59 0.59 0.60 0.65 0.38 0.48 0.58 0.35 0.55 0.59 0.60 0.60 0.65 0.59 0.60 0.60 0.59 0.59 0.59
0.34 0.47 0.47 0.45 0.28 0.40 0.47 0.45 0.43 0.43 0.47 0.48 0.43 0.50 0.51 0.53 1.00 0.59 0.34 0.48 0.50 0.50 0.51 0.59 0.27 0.38 0.48 0.25 0.46 0.49 0.51 0.51 0.59 0.49 0.51 0.51 0.50 0.49 0.50
0.87 0.91 0.91 0.91 0.83 0.90 0.91 0.91 0.90 0.91 0.91 0.91 0.91 0.91 0.91 0.91 1.00 0.91 0.87 0.91 0.91 0.91 0.91 0.91 0.87 0.90 0.91 0.83 0.91 0.91 0.91 0.91 0.91 0.91 0.91 0.91 0.91 0.91 0.91
0.75 0.82 0.82 0.82 0.70 0.80 0.82 0.81 0.81 0.81 0.82 0.82 0.81 0.82 0.82 0.82 1.00 0.83 0.75 0.82 0.82 0.82 0.82 0.83 0.73 0.79 0.82 0.69 0.81 0.82 0.82 0.82 0.83 0.82 0.82 0.82 0.82 0.82 0.82
0.49 0.60 0.60 0.60 0.43 0.55 0.60 0.59 0.57 0.58 0.61 0.61 0.58 0.63 0.63 0.63 1.00 0.67 0.48 0.61 0.63 0.63 0.63 0.67 0.42 0.53 0.61 0.39 0.60 0.61 0.63 0.63 0.67 0.61 0.63 0.63 0.62 0.61 0.62
0.47 0.58 0.58 0.57 0.39 0.53 0.58 0.57 0.55 0.56 0.59 0.60 0.56 0.61 0.61 0.62 1.00 0.66 0.46 0.59 0.61 0.61 0.62 0.66 0.39 0.51 0.59 0.36 0.57 0.60 0.61 0.61 0.66 0.60 0.61 0.61 0.60 0.60 0.60
0.47 0.59 0.59 0.58 0.40 0.54 0.59 0.58 0.56 0.56 0.59 0.60 0.56 0.61 0.62 0.62 1.00 0.66 0.47 0.61 0.61 0.61 0.62 0.66 0.41 0.52 0.61 0.38 0.58 0.61 0.62 0.62 0.66 0.61 0.62 0.62 0.61 0.61 0.61
