0.56 0.69 0.69 0.65 0.35 0.88 0.69 0.63 0.59 1.00 0.67 0.66 1.00 0.70 0.69 0.63 0.35 0.63 0.46 0.66 0.70 0.70 0.69 0.63 0.32 0.43 0.66 0.30 0.55 0.65 0.63 0.63 0.63 0.65 0.63 0.63 0.58 0.65 0.58
0.74 0.87 0.87 0.84 0.57 0.93 0.87 0.84 0.80 1.00 0.85 0.85 1.00 0.88 0.87 0.84 0.56 0.84 0.67 0.85 0.88 0.88 0.87 0.84 0.56 0.70 0.85 0.53 0.79 0.85 0.84 0.84 0.84 0.85 0.84 0.84 0.81 0.85 0.81
0.58 0.71 0.71 0.66 0.38 0.89 0.71 0.65 0.60 1.00 0.68 0.68 1.00 0.73 0.71 0.65 0.36 0.65 0.47 0.67 0.73 0.73 0.72 0.65 0.34 0.46 0.67 0.32 0.57 0.67 0.64 0.64 0.65 0.67 0.64 0.64 0.60 0.67 0.60
0.61 0.74 0.74 0.70 0.41 0.90 0.74 0.69 0.65 1.00 0.72 0.72 1.00 0.76 0.75 0.69 0.40 0.69 0.52 0.72 0.76 0.76 0.75 0.69 0.38 0.50 0.72 0.36 0.62 0.72 0.69 0.69 0.69 0.72 0.69 0.69 0.65 0.72 0.65
0.92 0.99 0.99 0.98 0.85 0.98 0.99 0.98 0.96 1.00 0.98 0.98 1.00 0.99 0.99 0.98 0.83 0.98 0.91 0.98 0.99 0.99 0.99 0.98 0.88 0.95 0.98 0.84 0.97 0.98 0.99 0.99 0.98 0.98 0.99 0.99 0.98 0.98 0.98
0.71 0.84 0.84 0.81 0.54 0.93 0.84 0.80 0.76 1.00 0.83 0.83 1.00 0.86 0.85 0.81 0.53 0.82 0.64 0.83 0.86 0.86 0.85 0.82 0.52 0.67 0.83 0.48 0.76 0.83 0.82 0.82 0.82 0.83 0.82 0.82 0.78 0.83 0.78
0.95 0.99 0.99 0.99 0.90 0.99 0.99 0.99 0.98 1.00 0.99 0.99 1.00 1.00 1.00 0.99 0.88 0.99 0.94 0.99 1.00 1.00 1.00 0.99 0.94 0.98 0.99 0.90 0.99 1.00 0.99 0.99 0.99 1.00 0.99 0.99 0.99 1.00 0.99
0.76 0.89 0.89 0.87 0.61 0.94 0.89 0.86 0.83 1.00 0.88 0.88 1.00 0.90 0.90 0.87 0.59 0.87 0.70 0.88 0.90 0.90 0.90 0.87 0.61 0.75 0.88 0.57 0.82 0.88 0.87 0.87 0.87 0.88 0.87 0.87 0.85 0.88 0.85
0.61 0.75 0.75 0.71 0.41 0.90 0.75 0.70 0.65 1.00 0.73 0.73 1.00 0.77 0.75 0.70 0.41 0.70 0.52 0.72 0.77 0.77 0.76 0.70 0.39 0.51 0.72 0.36 0.62 0.72 0.70 0.69 0.70 0.72 0.70 0.70 0.66 0.72 0.66
0.55 0.68 0.68 0.63 0.34 0.87 0.68 0.61 0.57 1.00 0.65 0.64 1.00 0.69 0.67 0.61 0.34 0.61 0.44 0.65 0.69 0.69 0.68 0.61 0.30 0.42 0.65 0.28 0.53 0.64 0.61 0.61 0.61 0.64 0.61 0.61 0.57 0.64 0.57
0.81 0.92 0.92 0.90 0.67 0.95 0.92 0.90 0.87 1.00 0.92 0.91 1.00 0.93 0.92 0.90 0.65 0.91 0.76 0.91 0.93 0.93 0.92 0.91 0.68 0.81 0.91 0.64 0.87 0.91 0.91 0.91 0.91 0.91 0.91 0.91 0.89 0.91 0.89
0.64 0.77 0.77 0.73 0.43 0.90 0.77 0.71 0.67 1.00 0.75 0.74 1.00 0.77 0.76 0.71 0.42 0.71 0.54 0.73 0.77 0.77 0.77 0.71 0.40 0.54 0.73 0.37 0.64 0.73 0.71 0.71 0.71 0.73 0.71 0.71 0.67 0.73 0.67
0.78 0.90 0.90 0.88 0.63 0.95 0.90 0.87 0.84 1.00 0.89 0.89 1.00 0.91 0.90 0.88 0.60 0.88 0.72 0.89 0.91 0.91 0.90 0.88 0.62 0.76 0.89 0.58 0.84 0.89 0.88 0.88 0.88 0.89 0.88 0.88 0.86 0.89 0.86
0.78 0.90 0.90 0.88 0.64 0.94 0.90 0.87 0.84 1.00 0.89 0.89 1.00 0.91 0.91 0.88 0.62 0.89 0.73 0.89 0.91 0.91 0.91 0.89 0.64 0.78 0.89 0.60 0.85 0.89 0.89 0.89 0.89 0.89 0.89 0.89 0.87 0.89 0.87
0.93 0.99 0.99 0.99 0.87 0.99 0.99 0.99 0.98 1.00 0.99 0.99 1.00 0.99 0.99 0.99 0.86 0.99 0.93 0.99 0.99 0.99 0.99 0.99 0.91 0.97 0.99 0.87 0.98 0.99 0.99 0.99 0.99 0.99 0.99 0.99 0.98 0.99 0.98
0.84 0.95 0.95 0.94 0.74 0.97 0.95 0.93 0.91 1.00 0.95 0.95 1.00 0.96 0.96 0.94 0.71 0.95 0.82 0.95 0.96 0.96 0.96 0.95 0.76 0.87 0.95 0.71 0.92 0.95 0.95 0.95 0.95 0.95 0.95 0.95 0.93 0.95 0.93
0.77 0.90 0.90 0.88 0.63 0.94 0.90 0.88 0.85 1.00 0.89 0.89 1.00 0.91 0.91 0.88 0.60 0.89 0.73 0.89 0.91 0.91 0.91 0.89 0.63 0.76 0.89 0.58 0.84 0.89 0.88 0.88 0.89 0.89 0.88 0.88 0.86 0.89 0.86
0.69 0.83 0.83 0.80 0.52 0.92 0.83 0.79 0.75 1.00 0.81 0.81 1.00 0.84 0.83 0.79 0.49 0.79 0.61 0.81 0.84 0.84 0.83 0.79 0.49 0.63 0.81 0.46 0.73 0.80 0.79 0.79 0.79 0.80 0.79 0.79 0.76 0.80 0.76
0.79 0.91 0.91 0.89 0.64 0.95 0.91 0.88 0.85 1.00 0.90 0.90 1.00 0.91 0.91 0.89 0.62 0.89 0.74 0.90 0.91 0.91 0.91 0.89 0.65 0.79 0.90 0.60 0.85 0.90 0.89 0.89 0.89 0.90 0.89 0.89 0.87 0.90 0.87
0.75 0.87 0.87 0.85 0.58 0.94 0.87 0.84 0.81 1.00 0.86 0.86 1.00 0.88 0.88 0.85 0.56 0.85 0.68 0.86 0.88 0.88 0.88 0.85 0.57 0.71 0.86 0.53 0.80 0.86 0.85 0.85 0.85 0.86 0.85 0.85 0.82 0.86 0.82
0.65 0.79 0.79 0.75 0.47 0.91 0.79 0.74 0.70 1.00 0.77 0.77 1.00 0.80 0.79 0.74 0.45 0.75 0.57 0.76 0.80 0.80 0.79 0.75 0.44 0.58 0.76 0.41 0.68 0.76 0.74 0.74 0.75 0.76 0.74 0.74 0.70 0.76 0.70
0.63 0.77 0.77 0.73 0.43 0.91 0.77 0.72 0.67 1.00 0.75 0.75 1.00 0.78 0.77 0.72 0.42 0.72 0.54 0.74 0.78 0.78 0.77 0.72 0.41 0.55 0.74 0.38 0.65 0.73 0.72 0.72 0.72 0.73 0.72 0.72 0.68 0.73 0.68
0.66 0.79 0.79 0.76 0.47 0.91 0.79 0.75 0.71 1.00 0.78 0.77 1.00 0.81 0.80 0.75 0.45 0.75 0.57 0.76 0.81 0.81 0.80 0.75 0.44 0.58 0.76 0.41 0.68 0.76 0.74 0.74 0.75 0.76 0.74 0.74 0.71 0.76 0.71
0.70 0.83 0.83 0.81 0.53 0.92 0.83 0.80 0.76 1.00 0.83 0.83 1.00 0.85 0.84 0.81 0.51 0.81 0.64 0.82 0.85 0.85 0.85 0.81 0.51 0.65 0.82 0.48 0.74 0.82 0.81 0.80 0.81 0.82 0.81 0.80 0.77 0.82 0.77
0.60 0.74 0.74 0.69 0.40 0.89 0.74 0.68 0.63 1.00 0.72 0.72 1.00 0.76 0.75 0.69 0.40 0.69 0.51 0.71 0.76 0.76 0.75 0.69 0.37 0.50 0.71 0.35 0.61 0.71 0.69 0.69 0.69 0.71 0.69 0.69 0.65 0.71 0.65
0.66 0.80 0.80 0.76 0.48 0.91 0.80 0.75 0.71 1.00 0.78 0.78 1.00 0.81 0.80 0.75 0.46 0.76 0.58 0.77 0.81 0.81 0.80 0.76 0.46 0.59 0.77 0.43 0.69 0.77 0.76 0.75 0.76 0.77 0.76 0.76 0.72 0.77 0.72
0.53 0.66 0.66 0.61 0.32 0.87 0.66 0.59 0.55 1.00 0.63 0.63 1.00 0.68 0.66 0.59 0.31 0.58 0.42 0.62 0.68 0.68 0.66 0.58 0.28 0.39 0.62 0.27 0.51 0.61 0.59 0.58 0.58 0.61 0.59 0.58 0.54 0.61 0.54
0.90 0.98 0.98 0.97 0.82 0.98 0.98 0.97 0.96 1.00 0.98 0.98 1.00 0.98 0.98 0.98 0.80 0.98 0.89 0.98 0.98 0.98 0.98 0.98 0.85 0.93 0.98 0.80 0.96 0.98 0.98 0.98 0.98 0.98 0.98 0.98 0.97 0.98 0.97
0.61 0.74 0.74 0.70 0.41 0.89 0.74 0.69 0.65 1.00 0.71 0.71 1.00 0.75 0.73 0.69 0.40 0.68 0.52 0.71 0.75 0.75 0.74 0.68 0.38 0.50 0.71 0.36 0.61 0.71 0.68 0.68 0.68 0.71 0.68 0.68 0.64 0.71 0.64
0.81 0.92 0.92 0.90 0.68 0.95 0.92 0.90 0.87 1.00 0.92 0.92 1.00 0.93 0.93 0.91 0.66 0.92 0.77 0.92 0.93 0.93 0.93 0.92 0.69 0.82 0.92 0.64 0.88 0.92 0.92 0.92 0.92 0.92 0.92 0.92 0.90 0.92 0.90
0.95 1.00 1.00 0.99 0.91 0.99 1.00 0.99 0.99 1.00 1.00 1.00 1.00 1.00 1.00 1.00 0.90 1.00 0.95 1.00 1.00 1.00 1.00 1.00 0.95 0.99 1.00 0.91 0.99 1.00 1.00 1.00 1.00 1.00 1.00 1.00 0.99 1.00 0.99
0.55 0.68 0.68 0.63 0.34 0.88 0.68 0.61 0.57 1.00 0.65 0.65 1.00 0.70 0.68 0.61 0.34 0.61 0.44 0.64 0.70 0.70 0.68 0.61 0.31 0.42 0.64 0.28 0.53 0.64 0.61 0.61 0.61 0.64 0.61 0.61 0.56 0.64 0.56
0.78 0.90 0.90 0.88 0.63 0.94 0.90 0.87 0.84 1.00 0.89 0.89 1.00 0.91 0.90 0.88 0.61 0.88 0.72 0.89 0.91 0.91 0.91 0.88 0.63 0.76 0.89 0.59 0.84 0.89 0.88 0.88 0.88 0.89 0.88 0.88 0.86 0.89 0.86
0.60 0.75 0.75 0.72 0.42 0.89 0.75 0.70 0.66 1.00 0.73 0.72 1.00 0.76 0.75 0.70 0.40 0.70 0.52 0.72 0.76 0.76 0.75 0.70 0.39 0.51 0.72 0.36 0.62 0.72 0.70 0.69 0.70 0.72 0.70 0.69 0.65 0.72 0.65
0.70 0.83 0.83 0.80 0.52 0.92 0.83 0.79 0.76 1.00 0.82 0.82 1.00 0.85 0.84 0.80 0.51 0.80 0.62 0.80 0.85 0.85 0.84 0.80 0.50 0.63 0.80 0.46 0.73 0.80 0.79 0.79 0.80 0.80 0.79 0.79 0.76 0.80 0.76
0.61 0.75 0.75 0.71 0.42 0.89 0.75 0.70 0.66 1.00 0.73 0.73 1.00 0.77 0.76 0.71 0.41 0.70 0.54 0.73 0.77 0.77 0.76 0.70 0.40 0.53 0.73 0.37 0.63 0.73 0.71 0.71 0.70 0.73 0.71 0.71 0.66 0.73 0.66
0.65 0.78 0.78 0.74 0.45 0.90 0.78 0.73 0.69 1.00 0.76 0.76 1.00 0.79 0.78 0.74 0.44 0.74 0.56 0.75 0.79 0.79 0.79 0.74 0.43 0.56 0.75 0.40 0.67 0.76 0.73 0.73 0.74 0.76 0.73 0.74 0.70 0.76 0.70
0.81 0.93 0.93 0.91 0.67 0.95 0.93 0.90 0.88 1.00 0.92 0.92 1.00 0.93 0.93 0.90 0.66 0.91 0.77 0.91 0.93 0.93 0.93 0.91 0.68 0.81 0.91 0.63 0.87 0.91 0.91 0.91 0.91 0.91 0.91 0.91 0.89 0.91 0.89
0.69 0.83 0.83 0.80 0.52 0.92 0.83 0.79 0.75 1.00 0.82 0.82 1.00 0.84 0.84 0.80 0.51 0.80 0.63 0.82 0.84 0.84 0.84 0.80 0.50 0.65 0.82 0.47 0.74 0.82 0.80 0.80 0.80 0.82 0.80 0.80 0.77 0.82 0.77
0.95 0.99 0.99 0.99 0.89 0.99 0.99 0.99 0.98 1.00 0.99 0.99 1.00 0.99 0.99 0.99 0.89 0.99 0.94 0.99 0.99 0.99 0.99 0.99 0.93 0.98 0.99 0.89 0.99 0.99 0.99 0.99 0.99 0.99 0.99 0.99 0.99 0.99 0.99
0.81 0.93 0.93 0.90 0.67 0.95 0.93 0.90 0.87 1.00 0.92 0.92 1.00 0.93 0.93 0.91 0.65 0.91 0.76 0.91 0.93 0.93 0.93 0.91 0.67 0.80 0.91 0.63 0.87 0.92 0.91 0.91 0.91 0.92 0.91 0.91 0.89 0.92 0.89
0.80 0.92 0.92 0.90 0.67 0.95 0.92 0.89 0.86 1.00 0.91 0.91 1.00 0.92 0.92 0.90 0.65 0.90 0.75 0.91 0.92 0.92 0.92 0.90 0.67 0.79 0.91 0.62 0.86 0.91 0.90 0.90 0.90 0.91 0.90 0.90 0.88 0.91 0.88
0.86 0.96 0.96 0.95 0.75 0.97 0.96 0.94 0.92 1.00 0.95 0.95 1.00 0.96 0.96 0.95 0.73 0.95 0.83 0.95 0.96 0.96 0.96 0.95 0.78 0.88 0.95 0.73 0.93 0.95 0.95 0.95 0.95 0.95 0.95 0.95 0.94 0.95 0.94
0.79 0.91 0.91 0.89 0.64 0.95 0.91 0.88 0.85 1.00 0.90 0.90 1.00 0.92 0.91 0.89 0.63 0.90 0.74 0.90 0.92 0.92 0.91 0.90 0.65 0.79 0.90 0.61 0.85 0.90 0.90 0.90 0.90 0.90 0.90 0.90 0.87 0.90 0.87
0.78 0.90 0.90 0.88 0.63 0.94 0.90 0.88 0.85 1.00 0.89 0.89 1.00 0.91 0.91 0.88 0.60 0.88 0.73 0.89 0.91 0.91 0.91 0.88 0.62 0.76 0.89 0.58 0.84 0.89 0.88 0.88 0.88 0.89 0.88 0.88 0.86 0.89 0.86
0.55 0.68 0.68 0.63 0.34 0.88 0.68 0.62 0.58 1.00 0.65 0.65 1.00 0.70 0.68 0.62 0.34 0.62 0.45 0.65 0.70 0.70 0.68 0.62 0.32 0.43 0.65 0.30 0.54 0.65 0.62 0.62 0.62 0.65 0.62 0.62 0.57 0.65 0.57
0.53 0.66 0.66 0.61 0.32 0.87 0.66 0.59 0.55 1.00 0.63 0.63 1.00 0.67 0.65 0.59 0.31 0.58 0.41 0.62 0.67 0.67 0.66 0.58 0.28 0.39 0.62 0.26 0.51 0.62 0.59 0.59 0.58 0.62 0.59 0.59 0.54 0.62 0.54
0.73 0.86 0.86 0.83 0.56 0.93 0.86 0.82 0.79 1.00 0.85 0.85 1.00 0.87 0.86 0.83 0.55 0.84 0.66 0.84 0.87 0.87 0.87 0.84 0.55 0.69 0.84 0.51 0.78 0.84 0.84 0.83 0.84 0.84 0.84 0.83 0.80 0.84 0.80
0.73 0.86 0.86 0.83 0.57 0.93 0.86 0.82 0.79 1.00 0.84 0.84 1.00 0.86 0.86 0.83 0.54 0.83 0.65 0.84 0.86 0.86 0.86 0.83 0.54 0.68 0.84 0.51 0.77 0.84 0.83 0.83 0.83 0.84 0.83 0.83 0.80 0.84 0.80
0.60 0.73 0.73 0.69 0.40 0.89 0.73 0.67 0.63 1.00 0.71 0.70 1.00 0.75 0.73 0.67 0.38 0.68 0.51 0.70 0.75 0.75 0.73 0.68 0.37 0.49 0.70 0.34 0.60 0.70 0.68 0.68 0.68 0.70 0.68 0.68 0.64 0.70 0.64
0.75 0.88 0.88 0.86 0.60 0.94 0.88 0.85 0.81 1.00 0.87 0.87 1.00 0.89 0.89 0.86 0.57 0.87 0.69 0.87 0.89 0.89 0.89 0.87 0.58 0.73 0.87 0.54 0.81 0.87 0.86 0.86 0.87 0.87 0.86 0.86 0.83 0.87 0.83
0.72 0.85 0.85 0.82 0.56 0.93 0.85 0.82 0.78 1.00 0.84 0.84 1.00 0.87 0.86 0.82 0.54 0.83 0.65 0.84 0.87 0.87 0.86 0.83 0.54 0.67 0.84 0.50 0.77 0.83 0.82 0.82 0.83 0.83 0.82 0.82 0.79 0.83 0.79
0.52 0.64 0.64 0.59 0.30 0.87 0.64 0.57 0.53 1.00 0.62 0.62 1.00 0.66 0.64 0.57 0.30 0.57 0.41 0.61 0.66 0.66 0.64 0.57 0.27 0.38 0.61 0.26 0.49 0.60 0.57 0.57 0.57 0.60 0.57 0.57 0.52 0.60 0.52
0.84 0.95 0.95 0.93 0.72 0.96 0.95 0.93 0.90 1.00 0.94 0.94 1.00 0.95 0.95 0.94 0.71 0.94 0.81 0.94 0.95 0.95 0.95 0.94 0.75 0.86 0.94 0.70 0.91 0.94 0.94 0.94 0.94 0.94 0.94 0.94 0.93 0.94 0.93
0.57 0.70 0.70 0.66 0.37 0.88 0.70 0.64 0.60 1.00 0.68 0.68 1.00 0.73 0.71 0.64 0.35 0.65 0.48 0.68 0.73 0.73 0.71 0.65 0.34 0.46 0.68 0.31 0.56 0.67 0.64 0.64 0.65 0.67 0.64 0.64 0.60 0.67 0.60
0.59 0.73 0.73 0.68 0.39 0.89 0.73 0.67 0.63 1.00 0.70 0.70 1.00 0.75 0.73 0.67 0.38 0.67 0.50 0.70 0.75 0.75 0.74 0.67 0.37 0.49 0.70 0.34 0.59 0.69 0.67 0.67 0.67 0.69 0.67 0.67 0.63 0.69 0.63
0.57 0.70 0.70 0.65 0.37 0.88 0.70 0.64 0.59 1.00 0.68 0.67 1.00 0.73 0.71 0.64 0.35 0.64 0.47 0.67 0.73 0.73 0.71 0.64 0.33 0.46 0.67 0.31 0.57 0.67 0.64 0.64 0.64 0.67 0.64 0.64 0.60 0.67 0.60
0.71 0.85 0.85 0.82 0.55 0.93 0.85 0.81 0.78 1.00 0.84 0.84 1.00 0.86 0.86 0.82 0.53 0.82 0.65 0.83 0.86 0.86 0.86 0.82 0.53 0.68 0.83 0.49 0.77 0.83 0.82 0.82 0.82 0.83 0.82 0.82 0.79 0.83 0.79
0.71 0.85 0.85 0.82 0.54 0.93 0.85 0.81 0.77 1.00 0.83 0.83 1.00 0.86 0.86 0.82 0.54 0.83 0.66 0.84 0.86 0.86 0.86 0.83 0.53 0.67 0.84 0.50 0.77 0.84 0.83 0.82 0.83 0.84 0.83 0.82 0.79 0.84 0.79
0.68 0.82 0.82 0.79 0.50 0.91 0.82 0.78 0.74 1.00 0.81 0.81 1.00 0.83 0.83 0.79 0.49 0.79 0.61 0.80 0.83 0.83 0.83 0.79 0.48 0.62 0.80 0.45 0.72 0.80 0.78 0.78 0.79 0.80 0.78 0.78 0.75 0.80 0.75
0.77 0.89 0.89 0.87 0.62 0.94 0.89 0.86 0.83 1.00 0.88 0.88 1.00 0.90 0.90 0.87 0.60 0.87 0.72 0.88 0.90 0.90 0.90 0.87 0.61 0.75 0.88 0.57 0.82 0.88 0.87 0.87 0.87 0.88 0.87 0.87 0.85 0.88 0.85
0.65 0.79 0.79 0.75 0.46 0.91 0.79 0.74 0.70 1.00 0.77 0.77 1.00 0.80 0.79 0.74 0.45 0.75 0.57 0.76 0.80 0.80 0.79 0.75 0.44 0.57 0.76 0.41 0.68 0.76 0.74 0.74 0.75 0.76 0.74 0.74 0.70 0.76 0.70
0.69 0.82 0.82 0.79 0.50 0.92 0.82 0.77 0.74 1.00 0.80 0.80 1.00 0.83 0.83 0.78 0.49 0.79 0.62 0.80 0.83 0.83 0.83 0.79 0.49 0.63 0.80 0.46 0.73 0.80 0.79 0.79 0.79 0.80 0.79 0.79 0.76 0.80 0.76
0.52 0.64 0.64 0.59 0.31 0.87 0.64 0.58 0.53 1.00 0.61 0.60 1.00 0.66 0.64 0.56 0.30 0.56 0.41 0.60 0.66 0.66 0.64 0.56 0.28 0.38 0.60 0.26 0.49 0.60 0.57 0.57 0.56 0.60 0.57 0.57 0.52 0.60 0.52
0.57 0.70 0.70 0.66 0.37 0.88 0.70 0.64 0.60 1.00 0.67 0.67 1.00 0.72 0.70 0.64 0.35 0.64 0.47 0.67 0.72 0.72 0.70 0.64 0.33 0.45 0.67 0.31 0.56 0.66 0.64 0.64 0.64 0.66 0.64 0.64 0.59 0.66 0.59
0.76 0.88 0.88 0.86 0.61 0.94 0.88 0.85 0.83 1.00 0.87 0.87 1.00 0.89 0.89 0.86 0.58 0.87 0.71 0.87 0.89 0.89 0.89 0.87 0.60 0.74 0.87 0.55 0.82 0.87 0.86 0.86 0.87 0.87 0.86 0.86 0.84 0.87 0.84
0.64 0.77 0.77 0.74 0.44 0.90 0.77 0.73 0.69 1.00 0.76 0.75 1.00 0.79 0.78 0.73 0.44 0.73 0.55 0.75 0.79 0.79 0.78 0.73 0.41 0.56 0.75 0.38 0.66 0.75 0.73 0.73 0.73 0.75 0.73 0.73 0.69 0.75 0.69
0.58 0.71 0.71 0.67 0.39 0.88 0.71 0.65 0.61 1.00 0.69 0.69 1.00 0.73 0.72 0.65 0.35 0.65 0.47 0.68 0.73 0.73 0.72 0.65 0.34 0.46 0.68 0.32 0.57 0.67 0.65 0.64 0.65 0.67 0.65 0.65 0.60 0.67 0.60
0.95 1.00 1.00 0.99 0.92 0.99 1.00 0.99 0.99 1.00 1.00 1.00 1.00 1.00 1.00 1.00 0.90 1.00 0.95 1.00 1.00 1.00 1.00 1.00 0.95 0.99 1.00 0.91 0.99 1.00 1.00 1.00 1.00 1.00 1.00 1.00 0.99 1.00 0.99
0.66 0.79 0.79 0.75 0.47 0.91 0.79 0.74 0.71 1.00 0.77 0.77 1.00 0.80 0.80 0.74 0.46 0.75 0.57 0.76 0.80 0.80 0.80 0.75 0.44 0.58 0.76 0.41 0.68 0.76 0.75 0.75 0.75 0.76 0.75 0.75 0.71 0.76 0.71
0.70 0.83 0.83 0.80 0.52 0.92 0.83 0.79 0.75 1.00 0.82 0.82 1.00 0.84 0.84 0.80 0.51 0.81 0.63 0.81 0.84 0.84 0.84 0.81 0.51 0.65 0.81 0.47 0.75 0.81 0.81 0.80 0.81 0.81 0.81 0.81 0.77 0.81 0.77
0.93 0.99 0.99 0.99 0.88 0.99 0.99 0.99 0.98 1.00 0.99 0.99 1.00 0.99 0.99 0.99 0.87 0.99 0.93 0.99 0.99 0.99 0.99 0.99 0.92 0.97 0.99 0.88 0.99 0.99 0.99 0.99 0.99 0.99 0.99 0.99 0.99 0.99 0.99
0.56 0.69 0.69 0.65 0.35 0.88 0.69 0.63 0.59 1.00 0.67 0.66 1.00 0.71 0.69 0.63 0.34 0.63 0.46 0.66 0.71 0.71 0.69 0.63 0.32 0.45 0.66 0.30 0.55 0.66 0.63 0.63 0.63 0.66 0.63 0.63 0.58 0.66 0.58
0.73 0.87 0.87 0.84 0.58 0.93 0.87 0.83 0.80 1.00 0.86 0.85 1.00 0.87 0.87 0.84 0.56 0.84 0.67 0.84 0.87 0.87 0.87 0.84 0.56 0.70 0.84 0.52 0.79 0.85 0.84 0.84 0.84 0.85 0.84 0.84 0.80 0.85 0.80
0.74 0.87 0.87 0.85 0.58 0.93 0.87 0.84 0.80 1.00 0.86 0.86 1.00 0.88 0.88 0.84 0.56 0.84 0.67 0.85 0.88 0.88 0.88 0.84 0.57 0.70 0.85 0.53 0.79 0.85 0.84 0.84 0.84 0.85 0.84 0.84 0.81 0.85 0.81
0.78 0.91 0.91 0.88 0.63 0.94 0.91 0.88 0.85 1.00 0.90 0.90 1.00 0.92 0.91 0.89 0.62 0.89 0.74 0.90 0.92 0.92 0.91 0.89 0.64 0.78 0.90 0.59 0.85 0.90 0.89 0.89 0.89 0.90 0.89 0.89 0.87 0.90 0.87
0.57 0.70 0.70 0.66 0.36 0.87 0.70 0.64 0.60 1.00 0.68 0.68 1.00 0.72 0.70 0.64 0.36 0.64 0.47 0.67 0.72 0.72 0.71 0.64 0.34 0.44 0.67 0.31 0.56 0.66 0.64 0.64 0.64 0.66 0.64 0.64 0.59 0.66 0.59
0.78 0.91 0.91 0.89 0.64 0.95 0.91 0.88 0.85 1.00 0.90 0.90 1.00 0.92 0.91 0.89 0.63 0.90 0.74 0.90 0.92 0.92 0.91 0.90 0.65 0.78 0.90 0.60 0.85 0.90 0.89 0.89 0.90 0.90 0.89 0.89 0.87 0.90 0.87
0.78 0.91 0.91 0.89 0.65 0.95 0.91 0.89 0.86 1.00 0.90 0.90 1.00 0.92 0.92 0.89 0.63 0.90 0.74 0.90 0.92 0.92 0.92 0.90 0.66 0.78 0.90 0.61 0.85 0.90 0.90 0.90 0.90 0.90 0.90 0.90 0.87 0.90 0.87
0.93 0.99 0.99 0.98 0.87 0.98 0.99 0.98 0.97 1.00 0.99 0.99 1.00 0.99 0.99 0.99 0.84 0.99 0.92 0.99 0.99 0.99 0.99 0.99 0.89 0.96 0.99 0.85 0.98 0.99 0.99 0.99 0.99 0.99 0.99 0.99 0.98 0.99 0.98
0.80 0.92 0.92 0.90 0.66 0.95 0.92 0.90 0.87 1.00 0.91 0.91 1.00 0.92 0.92 0.90 0.64 0.90 0.76 0.91 0.92 0.92 0.92 0.90 0.67 0.80 0.91 0.63 0.87 0.91 0.90 0.90 0.90 0.91 0.90 0.90 0.88 0.91 0.88
0.62 0.76 0.76 0.72 0.43 0.90 0.76 0.71 0.66 1.00 0.74 0.74 1.00 0.78 0.76 0.71 0.41 0.71 0.55 0.74 0.78 0.78 0.77 0.71 0.40 0.54 0.74 0.38 0.65 0.74 0.72 0.72 0.71 0.74 0.72 0.72 0.68 0.74 0.68
0.74 0.87 0.87 0.85 0.58 0.93 0.87 0.84 0.81 1.00 0.86 0.86 1.00 0.88 0.88 0.85 0.56 0.85 0.68 0.86 0.88 0.88 0.88 0.85 0.57 0.71 0.86 0.53 0.79 0.85 0.84 0.84 0.85 0.85 0.84 0.84 0.82 0.85 0.82
0.59 0.73 0.73 0.68 0.39 0.88 0.73 0.67 0.63 1.00 0.70 0.70 1.00 0.74 0.73 0.66 0.37 0.67 0.49 0.69 0.74 0.74 0.73 0.67 0.35 0.48 0.69 0.33 0.59 0.69 0.67 0.67 0.67 0.69 0.67 0.67 0.63 0.69 0.63
0.63 0.77 0.77 0.74 0.45 0.90 0.77 0.72 0.68 1.00 0.75 0.75 1.00 0.79 0.77 0.72 0.43 0.72 0.55 0.74 0.79 0.79 0.78 0.72 0.41 0.55 0.74 0.39 0.65 0.74 0.72 0.72 0.72 0.74 0.72 0.72 0.68 0.74 0.68
0.82 0.93 0.93 0.91 0.68 0.95 0.93 0.90 0.88 1.00 0.92 0.92 1.00 0.93 0.93 0.91 0.67 0.92 0.77 0.92 0.93 0.93 0.93 0.92 0.69 0.82 0.92 0.64 0.88 0.92 0.91 0.91 0.92 0.92 0.91 0.91 0.89 0.92 0.89
0.64 0.77 0.77 0.74 0.44 0.90 0.77 0.72 0.68 1.00 0.76 0.75 1.00 0.79 0.78 0.73 0.43 0.73 0.55 0.75 0.79 0.79 0.78 0.73 0.42 0.55 0.75 0.40 0.66 0.75 0.73 0.73 0.73 0.75 0.73 0.73 0.69 0.75 0.69
0.52 0.66 0.66 0.61 0.32 0.87 0.66 0.59 0.54 1.00 0.63 0.63 1.00 0.67 0.66 0.59 0.31 0.58 0.42 0.62 0.67 0.67 0.66 0.58 0.28 0.38 0.62 0.27 0.50 0.62 0.59 0.58 0.58 0.62 0.59 0.58 0.53 0.62 0.53
0.95 1.00 1.00 0.99 0.90 0.99 1.00 0.99 0.99 1.00 1.00 1.00 1.00 1.00 1.00 0.99 0.89 1.00 0.95 1.00 1.00 1.00 1.00 1.00 0.94 0.98 1.00 0.90 0.99 1.00 1.00 1.00 1.00 1.00 1.00 1.00 0.99 1.00 0.99
0.80 0.92 0.92 0.90 0.66 0.95 0.92 0.89 0.86 1.00 0.91 0.91 1.00 0.92 0.92 0.91 0.65 0.91 0.76 0.91 0.92 0.92 0.92 0.91 0.67 0.81 0.91 0.63 0.87 0.91 0.91 0.91 0.91 0.91 0.91 0.91 0.89 0.91 0.89
0.95 0.99 0.99 0.99 0.89 0.99 0.99 0.99 0.98 1.00 0.99 0.99 1.00 0.99 0.99 0.99 0.88 0.99 0.93 0.99 0.99 0.99 0.99 0.99 0.93 0.98 0.99 0.88 0.99 0.99 0.99 0.99 0.99 0.99 0.99 0.99 0.99 0.99 0.99
0.69 0.82 0.82 0.79 0.50 0.91 0.82 0.78 0.74 1.00 0.80 0.80 1.00 0.83 0.82 0.78 0.49 0.79 0.61 0.80 0.83 0.83 0.83 0.79 0.49 0.62 0.80 0.45 0.72 0.80 0.78 0.78 0.79 0.80 0.78 0.78 0.75 0.80 0.75
0.94 0.99 0.99 0.99 0.89 0.99 0.99 0.99 0.98 1.00 0.99 0.99 1.00 0.99 0.99 0.99 0.87 0.99 0.93 0.99 0.99 0.99 0.99 0.99 0.92 0.97 0.99 0.88 0.99 0.99 0.99 0.99 0.99 0.99 0.99 0.99 0.99 0.99 0.99
0.94 0.99 0.99 0.99 0.89 0.99 0.99 0.99 0.98 1.00 0.99 0.99 1.00 0.99 0.99 0.99 0.87 0.99 0.93 0.99 0.99 0.99 0.99 0.99 0.92 0.97 0.99 0.88 0.99 0.99 0.99 0.99 0.99 0.99 0.99 0.99 0.99 0.99 0.99
0.85 0.95 0.95 0.94 0.73 0.96 0.95 0.93 0.91 1.00 0.95 0.95 1.00 0.96 0.95 0.94 0.72 0.95 0.82 0.95 0.96 0.96 0.96 0.95 0.76 0.87 0.95 0.71 0.92 0.95 0.95 0.95 0.95 0.95 0.95 0.95 0.93 0.95 0.93
0.60 0.74 0.74 0.69 0.41 0.90 0.74 0.68 0.64 1.00 0.72 0.72 1.00 0.76 0.75 0.69 0.38 0.69 0.51 0.71 0.76 0.76 0.75 0.69 0.38 0.50 0.71 0.35 0.61 0.71 0.68 0.68 0.69 0.71 0.68 0.68 0.64 0.71 0.64
0.82 0.93 0.93 0.91 0.69 0.96 0.93 0.91 0.88 1.00 0.92 0.92 1.00 0.93 0.93 0.91 0.66 0.92 0.77 0.92 0.93 0.93 0.93 0.92 0.69 0.82 0.92 0.65 0.88 0.92 0.92 0.92 0.92 0.92 0.92 0.92 0.90 0.92 0.90
0.84 0.95 0.95 0.93 0.73 0.96 0.95 0.93 0.91 1.00 0.94 0.94 1.00 0.95 0.95 0.94 0.72 0.94 0.81 0.94 0.95 0.95 0.95 0.94 0.75 0.86 0.94 0.69 0.91 0.94 0.94 0.94 0.94 0.94 0.94 0.94 0.93 0.94 0.93
0.57 0.70 0.70 0.66 0.36 0.88 0.70 0.64 0.60 1.00 0.68 0.67 1.00 0.71 0.70 0.64 0.34 0.64 0.46 0.66 0.71 0.71 0.70 0.64 0.32 0.44 0.66 0.30 0.55 0.66 0.64 0.63 0.64 0.66 0.64 0.64 0.59 0.66 0.59
0.94 0.99 0.99 0.99 0.88 0.99 0.99 0.99 0.98 1.00 0.99 0.99 1.00 0.99 0.99 0.99 0.87 0.99 0.93 0.99 0.99 0.99 0.99 0.99 0.92 0.97 0.99 0.88 0.99 0.99 0.99 0.99 0.99 0.99 0.99 0.99 0.99 0.99 0.99
0.76 0.89 0.89 0.86 0.61 0.94 0.89 0.86 0.83 1.00 0.88 0.88 1.00 0.90 0.89 0.87 0.59 0.87 0.71 0.87 0.90 0.90 0.89 0.87 0.61 0.74 0.87 0.57 0.82 0.87 0.87 0.87 0.87 0.87 0.87 0.87 0.84 0.87 0.84
0.70 0.83 0.83 0.80 0.52 0.92 0.83 0.79 0.75 1.00 0.82 0.82 1.00 0.85 0.84 0.80 0.51 0.81 0.64 0.82 0.85 0.85 0.84 0.81 0.51 0.65 0.82 0.47 0.74 0.82 0.81 0.81 0.81 0.82 0.81 0.81 0.77 0.82 0.77
0.87 0.96 0.96 0.95 0.77 0.97 0.96 0.95 0.93 1.00 0.96 0.96 1.00 0.97 0.97 0.96 0.76 0.96 0.85 0.96 0.97 0.97 0.97 0.96 0.79 0.89 0.96 0.75 0.93 0.96 0.96 0.96 0.96 0.96 0.96 0.96 0.94 0.96 0.94
0.81 0.92 0.92 0.91 0.67 0.95 0.92 0.90 0.88 1.00 0.92 0.91 1.00 0.93 0.93 0.91 0.65 0.91 0.76 0.91 0.93 0.93 0.93 0.91 0.68 0.81 0.91 0.63 0.87 0.91 0.91 0.91 0.91 0.91 0.91 0.91 0.89 0.91 0.89
0.96 1.00 1.00 1.00 0.93 0.99 1.00 1.00 0.99 1.00 1.00 1.00 1.00 1.00 1.00 1.00 0.92 1.00 0.96 1.00 1.00 1.00 1.00 1.00 0.96 0.99 1.00 0.93 0.99 1.00 1.00 1.00 1.00 1.00 1.00 1.00 0.99 1.00 0.99
0.76 0.89 0.89 0.87 0.61 0.94 0.89 0.86 0.83 1.00 0.89 0.88 1.00 0.90 0.90 0.87 0.59 0.88 0.71 0.88 0.90 0.90 0.90 0.88 0.61 0.75 0.88 0.56 0.83 0.88 0.87 0.87 0.88 0.88 0.87 0.87 0.85 0.88 0.85
0.82 0.93 0.93 0.91 0.68 0.96 0.93 0.90 0.88 1.00 0.92 0.92 1.00 0.94 0.93 0.92 0.66 0.92 0.77 0.92 0.94 0.94 0.93 0.92 0.69 0.82 0.92 0.66 0.88 0.92 0.92 0.92 0.92 0.92 0.92 0.92 0.90 0.92 0.90
0.90 0.98 0.98 0.97 0.81 0.98 0.98 0.97 0.95 1.00 0.97 0.97 1.00 0.98 0.98 0.97 0.79 0.97 0.88 0.97 0.98 0.98 0.98 0.97 0.84 0.93 0.97 0.79 0.96 0.97 0.97 0.97 0.97 0.97 0.97 0.97 0.96 0.97 0.96
0.69 0.82 0.82 0.79 0.50 0.92 0.82 0.77 0.74 1.00 0.81 0.80 1.00 0.83 0.82 0.78 0.49 0.78 0.61 0.79 0.83 0.83 0.83 0.78 0.48 0.62 0.79 0.44 0.71 0.79 0.78 0.78 0.78 0.79 0.78 0.78 0.74 0.79 0.74
0.96 1.00 1.00 1.00 0.93 0.99 1.00 1.00 0.99 1.00 1.00 1.00 1.00 1.00 1.00 1.00 0.91 1.00 0.96 1.00 1.00 1.00 1.00 1.00 0.96 0.99 1.00 0.93 0.99 1.00 1.00 1.00 1.00 1.00 1.00 1.00 0.99 1.00 0.99
0.67 0.80 0.80 0.77 0.49 0.91 0.80 0.76 0.72 1.00 0.79 0.78 1.00 0.81 0.81 0.76 0.47 0.77 0.59 0.78 0.81 0.81 0.81 0.77 0.46 0.60 0.78 0.42 0.70 0.78 0.76 0.76 0.77 0.78 0.76 0.76 0.72 0.78 0.72
0.95 0.99 0.99 0.99 0.89 0.99 0.99 0.99 0.98 1.00 0.99 0.99 1.00 0.99 0.99 0.99 0.88 0.99 0.93 0.99 0.99 0.99 0.99 0.99 0.93 0.98 0.99 0.90 0.99 0.99 0.99 0.99 0.99 0.99 0.99 0.99 0.99 0.99 0.99
0.89 0.97 0.97 0.96 0.80 0.98 0.97 0.96 0.95 1.00 0.97 0.97 1.00 0.98 0.98 0.97 0.78 0.97 0.87 0.97 0.98 0.98 0.98 0.97 0.83 0.92 0.97 0.78 0.95 0.97 0.97 0.97 0.97 0.97 0.97 0.97 0.96 0.97 0.96
0.91 0.98 0.98 0.98 0.83 0.98 0.98 0.98 0.96 1.00 0.98 0.98 1.00 0.98 0.98 0.98 0.82 0.98 0.90 0.98 0.98 0.98 0.98 0.98 0.87 0.94 0.98 0.82 0.97 0.98 0.98 0.98 0.98 0.98 0.98 0.98 0.97 0.98 0.97
0.81 0.93 0.93 0.91 0.69 0.96 0.93 0.91 0.88 1.00 0.92 0.92 1.00 0.94 0.93 0.91 0.68 0.92 0.78 0.92 0.94 0.94 0.94 0.92 0.70 0.83 0.92 0.65 0.89 0.93 0.92 0.92 0.92 0.93 0.92 0.92 0.90 0.93 0.90
0.92 0.99 0.99 0.99 0.86 0.98 0.99 0.98 0.97 1.00 0.99 0.99 1.00 0.99 0.99 0.99 0.85 0.99 0.91 0.99 0.99 0.99 0.99 0.99 0.90 0.96 0.99 0.86 0.98 0.99 0.99 0.99 0.99 0.99 0.99 0.99 0.98 0.99 0.98
0.77 0.89 0.89 0.87 0.62 0.94 0.89 0.86 0.83 1.00 0.89 0.89 1.00 0.90 0.90 0.88 0.60 0.88 0.72 0.88 0.90 0.90 0.90 0.88 0.62 0.75 0.88 0.58 0.83 0.88 0.88 0.87 0.88 0.88 0.88 0.87 0.85 0.88 0.85
0.71 0.85 0.85 0.83 0.55 0.93 0.85 0.82 0.78 1.00 0.83 0.84 1.00 0.86 0.86 0.82 0.52 0.82 0.65 0.83 0.86 0.86 0.86 0.82 0.53 0.68 0.83 0.49 0.77 0.83 0.82 0.82 0.82 0.83 0.82 0.82 0.80 0.83 0.80
0.64 0.77 0.77 0.73 0.44 0.90 0.77 0.72 0.68 1.00 0.75 0.75 1.00 0.79 0.78 0.72 0.44 0.73 0.55 0.74 0.79 0.79 0.78 0.73 0.41 0.55 0.74 0.39 0.65 0.74 0.72 0.72 0.73 0.74 0.72 0.72 0.68 0.74 0.68
0.95 0.99 0.99 0.99 0.91 0.99 0.99 0.99 0.99 1.00 0.99 1.00 1.00 1.00 1.00 0.99 0.89 1.00 0.95 1.00 1.00 1.00 1.00 1.00 0.94 0.98 1.00 0.90 0.99 1.00 1.00 1.00 1.00 1.00 1.00 1.00 0.99 1.00 0.99
0.56 0.69 0.69 0.65 0.36 0.88 0.69 0.63 0.59 1.00 0.67 0.66 1.00 0.70 0.69 0.63 0.34 0.63 0.47 0.66 0.70 0.70 0.69 0.63 0.31 0.43 0.66 0.30 0.55 0.65 0.63 0.63 0.63 0.65 0.63 0.63 0.58 0.65 0.58
0.83 0.94 0.94 0.92 0.70 0.96 0.94 0.92 0.89 1.00 0.93 0.93 1.00 0.94 0.94 0.92 0.68 0.93 0.80 0.93 0.94 0.94 0.94 0.93 0.71 0.84 0.93 0.67 0.89 0.93 0.93 0.93 0.93 0.93 0.93 0.93 0.91 0.93 0.91
0.75 0.87 0.87 0.85 0.59 0.94 0.87 0.84 0.80 1.00 0.86 0.86 1.00 0.88 0.88 0.85 0.56 0.85 0.69 0.86 0.88 0.88 0.88 0.85 0.58 0.72 0.86 0.54 0.80 0.86 0.85 0.85 0.85 0.86 0.85 0.85 0.82 0.86 0.82
0.51 0.64 0.64 0.59 0.30 0.86 0.64 0.57 0.53 1.00 0.61 0.60 1.00 0.66 0.64 0.56 0.29 0.57 0.40 0.60 0.66 0.66 0.64 0.57 0.26 0.37 0.60 0.24 0.48 0.59 0.56 0.56 0.57 0.59 0.56 0.56 0.51 0.59 0.51
0.69 0.82 0.82 0.80 0.52 0.92 0.82 0.79 0.75 1.00 0.81 0.80 1.00 0.84 0.83 0.79 0.50 0.79 0.61 0.80 0.84 0.84 0.83 0.79 0.50 0.64 0.80 0.46 0.73 0.80 0.79 0.79 0.79 0.80 0.79 0.79 0.76 0.80 0.76
0.62 0.75 0.75 0.71 0.42 0.89 0.75 0.69 0.65 1.00 0.73 0.73 1.00 0.77 0.76 0.70 0.41 0.70 0.52 0.72 0.77 0.77 0.76 0.70 0.39 0.52 0.72 0.36 0.63 0.71 0.70 0.70 0.70 0.71 0.70 0.70 0.66 0.71 0.66
0.70 0.84 0.84 0.81 0.53 0.92 0.84 0.80 0.77 1.00 0.83 0.83 1.00 0.85 0.85 0.80 0.51 0.81 0.64 0.82 0.85 0.85 0.85 0.81 0.52 0.67 0.82 0.48 0.75 0.82 0.81 0.81 0.81 0.82 0.81 0.81 0.77 0.82 0.77
0.53 0.66 0.66 0.61 0.32 0.87 0.66 0.59 0.55 1.00 0.63 0.63 1.00 0.68 0.66 0.59 0.32 0.59 0.43 0.62 0.68 0.68 0.66 0.59 0.29 0.41 0.62 0.27 0.51 0.61 0.59 0.59 0.59 0.61 0.59 0.59 0.54 0.61 0.54
0.93 0.99 0.99 0.99 0.88 0.99 0.99 0.99 0.98 1.00 0.99 0.99 1.00 0.99 0.99 0.99 0.86 0.99 0.93 0.99 0.99 0.99 0.99 0.99 0.90 0.96 0.99 0.86 0.98 0.99 0.99 0.99 0.99 0.99 0.99 0.99 0.98 0.99 0.98
0.76 0.88 0.88 0.86 0.60 0.94 0.88 0.85 0.82 1.00 0.88 0.87 1.00 0.89 0.89 0.86 0.59 0.87 0.70 0.87 0.89 0.89 0.89 0.87 0.60 0.73 0.87 0.55 0.82 0.87 0.86 0.86 0.87 0.87 0.86 0.86 0.84 0.87 0.84
0.58 0.71 0.71 0.67 0.38 0.89 0.71 0.66 0.61 1.00 0.69 0.69 1.00 0.73 0.72 0.65 0.37 0.66 0.48 0.68 0.73 0.73 0.72 0.66 0.35 0.47 0.68 0.33 0.58 0.68 0.66 0.66 0.66 0.68 0.66 0.66 0.61 0.68 0.61
0.55 0.69 0.69 0.65 0.36 0.87 0.69 0.63 0.59 1.00 0.66 0.66 1.00 0.70 0.69 0.63 0.34 0.62 0.46 0.66 0.70 0.70 0.69 0.62 0.32 0.43 0.66 0.30 0.54 0.65 0.62 0.62 0.62 0.65 0.62 0.62 0.58 0.65 0.58
0.95 1.00 1.00 0.99 0.91 0.99 1.00 0.99 0.99 1.00 0.99 0.99 1.00 1.00 1.00 0.99 0.89 1.00 0.95 0.99 1.00 1.00 1.00 1.00 0.94 0.98 0.99 0.90 0.99 0.99 1.00 1.00 1.00 0.99 1.00 1.00 0.99 0.99 0.99
0.57 0.71 0.71 0.67 0.37 0.89 0.71 0.66 0.61 1.00 0.69 0.69 1.00 0.74 0.72 0.66 0.37 0.66 0.49 0.69 0.74 0.74 0.72 0.66 0.35 0.47 0.69 0.32 0.58 0.68 0.66 0.65 0.66 0.68 0.66 0.66 0.61 0.68 0.61
0.71 0.84 0.84 0.81 0.53 0.93 0.84 0.80 0.76 1.00 0.83 0.83 1.00 0.85 0.85 0.81 0.51 0.81 0.63 0.82 0.85 0.85 0.85 0.81 0.51 0.65 0.82 0.48 0.74 0.81 0.80 0.80 0.81 0.81 0.80 0.80 0.77 0.81 0.77
0.75 0.88 0.88 0.85 0.59 0.94 0.88 0.85 0.81 1.00 0.86 0.86 1.00 0.89 0.88 0.85 0.57 0.86 0.69 0.86 0.89 0.89 0.89 0.86 0.58 0.72 0.86 0.54 0.80 0.86 0.86 0.86 0.86 0.86 0.86 0.86 0.83 0.86 0.83
0.54 0.66 0.66 0.62 0.33 0.88 0.66 0.60 0.56 1.00 0.64 0.64 1.00 0.70 0.67 0.60 0.31 0.61 0.44 0.64 0.70 0.70 0.68 0.61 0.30 0.42 0.64 0.28 0.52 0.63 0.61 0.60 0.61 0.63 0.61 0.61 0.56 0.63 0.56
0.70 0.83 0.83 0.79 0.52 0.92 0.83 0.78 0.74 1.00 0.81 0.81 1.00 0.84 0.83 0.80 0.51 0.80 0.62 0.81 0.84 0.84 0.84 0.80 0.49 0.64 0.81 0.46 0.73 0.81 0.80 0.80 0.80 0.81 0.80 0.80 0.77 0.81 0.77
0.83 0.94 0.94 0.93 0.71 0.96 0.94 0.92 0.90 1.00 0.94 0.94 1.00 0.95 0.94 0.93 0.69 0.93 0.80 0.94 0.95 0.95 0.94 0.93 0.74 0.85 0.94 0.68 0.90 0.94 0.93 0.93 0.93 0.94 0.93 0.93 0.92 0.94 0.92
0.95 0.99 0.99 0.99 0.90 0.99 0.99 0.99 0.99 1.00 0.99 0.99 1.00 1.00 1.00 0.99 0.89 0.99 0.94 0.99 1.00 1.00 1.00 0.99 0.94 0.98 0.99 0.90 0.99 0.99 0.99 0.99 0.99 0.99 0.99 0.99 0.99 0.99 0.99
0.89 0.97 0.97 0.97 0.80 0.97 0.97 0.96 0.95 1.00 0.97 0.97 1.00 0.97 0.97 0.96 0.78 0.97 0.87 0.97 0.97 0.97 0.97 0.97 0.82 0.91 0.97 0.77 0.95 0.97 0.97 0.97 0.97 0.97 0.97 0.97 0.96 0.97 0.96
0.79 0.91 0.91 0.89 0.65 0.94 0.91 0.89 0.86 1.00 0.90 0.90 1.00 0.92 0.92 0.89 0.64 0.90 0.75 0.90 0.92 0.92 0.92 0.90 0.65 0.78 0.90 0.61 0.86 0.91 0.90 0.90 0.90 0.91 0.90 0.90 0.88 0.91 0.88
0.90 0.98 0.98 0.97 0.83 0.98 0.98 0.97 0.96 1.00 0.98 0.98 1.00 0.98 0.98 0.98 0.80 0.98 0.89 0.98 0.98 0.98 0.98 0.98 0.85 0.93 0.98 0.80 0.96 0.98 0.98 0.98 0.98 0.98 0.98 0.98 0.97 0.98 0.97
0.55 0.68 0.68 0.63 0.35 0.87 0.68 0.61 0.57 1.00 0.66 0.65 1.00 0.70 0.69 0.61 0.33 0.62 0.45 0.64 0.70 0.70 0.69 0.62 0.31 0.42 0.64 0.29 0.53 0.64 0.61 0.61 0.62 0.64 0.61 0.61 0.56 0.64 0.56
0.52 0.65 0.65 0.60 0.32 0.87 0.65 0.58 0.54 1.00 0.62 0.61 1.00 0.66 0.64 0.58 0.31 0.58 0.41 0.62 0.66 0.66 0.65 0.58 0.27 0.38 0.62 0.26 0.50 0.61 0.58 0.58 0.58 0.61 0.58 0.58 0.53 0.61 0.53
0.57 0.71 0.71 0.67 0.36 0.89 0.71 0.65 0.61 1.00 0.68 0.68 1.00 0.72 0.71 0.65 0.36 0.65 0.48 0.68 0.72 0.72 0.71 0.65 0.34 0.46 0.68 0.32 0.57 0.67 0.65 0.65 0.65 0.67 0.65 0.65 0.60 0.67 0.60
0.60 0.74 0.74 0.70 0.41 0.89 0.74 0.69 0.65 1.00 0.72 0.71 1.00 0.75 0.74 0.69 0.40 0.69 0.52 0.71 0.75 0.75 0.74 0.69 0.38 0.51 0.71 0.35 0.62 0.71 0.69 0.69 0.69 0.71 0.69 0.69 0.65 0.71 0.65
0.93 0.99 0.99 0.99 0.87 0.99 0.99 0.99 0.97 1.00 0.99 0.99 1.00 0.99 0.99 0.99 0.86 0.99 0.93 0.99 0.99 0.99 0.99 0.99 0.91 0.97 0.99 0.87 0.98 0.99 0.99 0.99 0.99 0.99 0.99 0.99 0.98 0.99 0.98
0.53 0.65 0.65 0.60 0.31 0.87 0.65 0.58 0.54 1.00 0.62 0.62 1.00 0.67 0.65 0.58 0.31 0.58 0.42 0.62 0.67 0.67 0.65 0.58 0.28 0.38 0.62 0.27 0.50 0.62 0.58 0.58 0.58 0.62 0.58 0.58 0.54 0.62 0.54
0.66 0.80 0.80 0.77 0.49 0.91 0.80 0.76 0.72 1.00 0.78 0.78 1.00 0.81 0.81 0.76 0.47 0.77 0.59 0.78 0.81 0.81 0.81 0.77 0.46 0.60 0.78 0.42 0.70 0.78 0.76 0.76 0.77 0.78 0.76 0.76 0.73 0.78 0.73
0.93 0.99 0.99 0.99 0.87 0.99 0.99 0.98 0.97 1.00 0.99 0.99 1.00 0.99 0.99 0.99 0.86 0.99 0.93 0.99 0.99 0.99 0.99 0.99 0.90 0.96 0.99 0.86 0.98 0.99 0.99 0.99 0.99 0.99 0.99 0.99 0.98 0.99 0.98
0.81 0.92 0.92 0.90 0.68 0.95 0.92 0.90 0.87 1.00 0.91 0.91 1.00 0.93 0.93 0.91 0.65 0.91 0.76 0.92 0.93 0.93 0.93 0.91 0.68 0.81 0.92 0.64 0.87 0.92 0.91 0.91 0.91 0.92 0.91 0.91 0.89 0.92 0.89
0.68 0.82 0.82 0.79 0.51 0.92 0.82 0.78 0.74 1.00 0.81 0.81 1.00 0.84 0.83 0.79 0.49 0.79 0.62 0.81 0.84 0.84 0.83 0.79 0.49 0.63 0.81 0.46 0.73 0.81 0.79 0.79 0.79 0.81 0.79 0.79 0.76 0.81 0.76
0.57 0.71 0.71 0.66 0.37 0.89 0.71 0.64 0.60 1.00 0.68 0.68 1.00 0.72 0.70 0.64 0.36 0.64 0.47 0.67 0.72 0.72 0.70 0.64 0.32 0.44 0.67 0.31 0.56 0.66 0.64 0.63 0.64 0.66 0.64 0.64 0.59 0.66 0.59
0.91 0.98 0.98 0.98 0.83 0.98 0.98 0.97 0.96 1.00 0.98 0.98 1.00 0.98 0.98 0.98 0.82 0.98 0.90 0.98 0.98 0.98 0.98 0.98 0.86 0.94 0.98 0.81 0.97 0.98 0.98 0.98 0.98 0.98 0.98 0.98 0.97 0.98 0.97
0.70 0.84 0.84 0.81 0.53 0.92 0.84 0.80 0.76 1.00 0.83 0.82 1.00 0.85 0.84 0.81 0.51 0.81 0.63 0.82 0.85 0.85 0.84 0.81 0.51 0.65 0.82 0.47 0.75 0.81 0.80 0.80 0.81 0.81 0.80 0.80 0.77 0.81 0.77
0.92 0.99 0.99 0.98 0.85 0.98 0.99 0.98 0.97 1.00 0.99 0.99 1.00 0.99 0.99 0.98 0.83 0.99 0.91 0.99 0.99 0.99 0.99 0.99 0.88 0.95 0.99 0.84 0.98 0.99 0.99 0.99 0.99 0.99 0.99 0.99 0.98 0.99 0.98
0.65 0.79 0.79 0.75 0.46 0.91 0.79 0.74 0.69 1.00 0.77 0.77 1.00 0.81 0.80 0.75 0.45 0.75 0.57 0.76 0.81 0.81 0.80 0.75 0.44 0.57 0.76 0.41 0.68 0.76 0.74 0.74 0.75 0.76 0.74 0.74 0.71 0.76 0.71
0.81 0.92 0.92 0.90 0.67 0.95 0.92 0.90 0.87 1.00 0.91 0.91 1.00 0.93 0.93 0.90 0.66 0.91 0.76 0.91 0.93 0.93 0.93 0.91 0.67 0.80 0.91 0.63 0.86 0.91 0.91 0.91 0.91 0.91 0.91 0.91 0.89 0.91 0.89
0.72 0.84 0.84 0.81 0.54 0.92 0.84 0.80 0.77 1.00 0.83 0.83 1.00 0.85 0.85 0.81 0.53 0.82 0.64 0.83 0.85 0.85 0.85 0.82 0.52 0.67 0.83 0.48 0.76 0.83 0.82 0.82 0.82 0.83 0.82 0.82 0.78 0.83 0.78
0.69 0.83 0.83 0.80 0.51 0.92 0.83 0.79 0.75 1.00 0.81 0.81 1.00 0.84 0.83 0.79 0.50 0.79 0.61 0.80 0.84 0.84 0.83 0.79 0.49 0.63 0.80 0.46 0.72 0.80 0.79 0.78 0.79 0.80 0.79 0.79 0.76 0.80 0.76
0.80 0.92 0.92 0.90 0.66 0.95 0.92 0.89 0.86 1.00 0.91 0.91 1.00 0.93 0.92 0.90 0.64 0.91 0.76 0.91 0.93 0.93 0.93 0.91 0.67 0.80 0.91 0.63 0.87 0.91 0.91 0.90 0.91 0.91 0.91 0.90 0.88 0.91 0.88
0.89 0.97 0.97 0.96 0.80 0.98 0.97 0.96 0.94 1.00 0.97 0.97 1.00 0.97 0.97 0.97 0.77 0.97 0.86 0.97 0.97 0.97 0.97 0.97 0.82 0.91 0.97 0.77 0.95 0.97 0.97 0.97 0.97 0.97 0.97 0.97 0.96 0.97 0.96
0.78 0.90 0.90 0.88 0.63 0.94 0.90 0.88 0.84 1.00 0.90 0.90 1.00 0.91 0.91 0.89 0.63 0.89 0.73 0.90 0.91 0.91 0.91 0.89 0.64 0.78 0.90 0.59 0.85 0.89 0.89 0.89 0.89 0.89 0.89 0.89 0.86 0.89 0.86
0.96 1.00 1.00 0.99 0.92 0.99 1.00 0.99 0.99 1.00 1.00 1.00 1.00 1.00 1.00 1.00 0.91 1.00 0.95 1.00 1.00 1.00 1.00 1.00 0.95 0.99 1.00 0.91 0.99 1.00 1.00 1.00 1.00 1.00 1.00 1.00 0.99 1.00 0.99
0.73 0.86 0.86 0.83 0.56 0.93 0.86 0.83 0.79 1.00 0.85 0.85 1.00 0.87 0.87 0.83 0.55 0.83 0.66 0.84 0.87 0.87 0.87 0.83 0.56 0.69 0.84 0.52 0.78 0.84 0.83 0.83 0.83 0.84 0.83 0.83 0.80 0.84 0.80
0.76 0.89 0.89 0.87 0.60 0.94 0.89 0.86 0.82 1.00 0.88 0.88 1.00 0.90 0.90 0.86 0.59 0.87 0.70 0.87 0.90 0.90 0.90 0.87 0.61 0.73 0.87 0.56 0.82 0.87 0.87 0.87 0.87 0.87 0.87 0.87 0.84 0.87 0.84
0.81 0.93 0.93 0.91 0.68 0.95 0.93 0.91 0.88 1.00 0.92 0.92 1.00 0.93 0.93 0.91 0.67 0.92 0.77 0.92 0.93 0.93 0.93 0.92 0.69 0.82 0.92 0.64 0.88 0.92 0.92 0.92 0.92 0.92 0.92 0.92 0.90 0.92 0.90
0.93 0.99 0.99 0.98 0.86 0.99 0.99 0.98 0.97 1.00 0.99 0.99 1.00 0.99 0.99 0.98 0.84 0.99 0.91 0.99 0.99 0.99 0.99 0.99 0.90 0.96 0.99 0.85 0.98 0.99 0.99 0.99 0.99 0.99 0.99 0.99 0.98 0.99 0.98
0.75 0.88 0.88 0.86 0.59 0.94 0.88 0.85 0.81 1.00 0.87 0.87 1.00 0.89 0.88 0.85 0.57 0.86 0.69 0.86 0.89 0.89 0.88 0.86 0.59 0.72 0.86 0.54 0.80 0.86 0.85 0.85 0.86 0.86 0.85 0.85 0.83 0.86 0.83
0.65 0.79 0.79 0.75 0.46 0.90 0.79 0.74 0.70 1.00 0.77 0.77 1.00 0.80 0.79 0.74 0.45 0.74 0.57 0.76 0.80 0.80 0.79 0.74 0.43 0.58 0.76 0.41 0.68 0.76 0.74 0.74 0.74 0.76 0.74 0.74 0.71 0.76 0.71
0.71 0.85 0.85 0.82 0.54 0.93 0.85 0.81 0.77 1.00 0.83 0.83 1.00 0.86 0.85 0.82 0.53 0.82 0.65 0.83 0.86 0.86 0.85 0.82 0.53 0.67 0.83 0.50 0.76 0.83 0.82 0.81 0.82 0.83 0.82 0.82 0.78 0.83 0.78
0.55 0.68 0.68 0.64 0.34 0.87 0.68 0.62 0.58 1.00 0.65 0.65 1.00 0.70 0.68 0.62 0.33 0.61 0.45 0.65 0.70 0.70 0.68 0.61 0.31 0.42 0.65 0.29 0.54 0.64 0.61 0.61 0.61 0.64 0.61 0.61 0.57 0.64 0.57
0.65 0.79 0.79 0.76 0.47 0.91 0.79 0.75 0.70 1.00 0.77 0.77 1.00 0.81 0.80 0.75 0.45 0.75 0.58 0.77 0.81 0.81 0.80 0.75 0.44 0.58 0.77 0.41 0.67 0.77 0.74 0.74 0.75 0.77 0.74 0.74 0.70 0.77 0.70
0.64 0.78 0.78 0.75 0.46 0.90 0.78 0.73 0.69 1.00 0.76 0.76 1.00 0.80 0.79 0.74 0.44 0.74 0.56 0.76 0.80 0.80 0.79 0.74 0.43 0.57 0.76 0.40 0.67 0.75 0.74 0.74 0.74 0.75 0.74 0.74 0.69 0.75 0.69
0.69 0.82 0.82 0.79 0.50 0.92 0.82 0.78 0.74 1.00 0.80 0.81 1.00 0.83 0.83 0.79 0.50 0.79 0.61 0.80 0.83 0.83 0.83 0.79 0.49 0.63 0.80 0.45 0.72 0.80 0.79 0.79 0.79 0.80 0.79 0.79 0.75 0.80 0.75
0.94 0.99 0.99 0.99 0.88 0.99 0.99 0.99 0.98 1.00 0.99 0.99 1.00 0.99 0.99 0.99 0.87 0.99 0.93 0.99 0.99 0.99 0.99 0.99 0.92 0.97 0.99 0.87 0.99 0.99 0.99 0.99 0.99 0.99 0.99 0.99 0.99 0.99 0.99
0.77 0.90 0.90 0.88 0.63 0.94 0.90 0.87 0.84 1.00 0.89 0.89 1.00 0.91 0.90 0.88 0.61 0.88 0.72 0.89 0.91 0.91 0.90 0.88 0.63 0.77 0.89 0.58 0.84 0.89 0.88 0.88 0.88 0.89 0.88 0.88 0.86 0.89 0.86
0.95 0.99 0.99 0.99 0.90 0.99 0.99 0.99 0.98 1.00 0.99 0.99 1.00 1.00 1.00 0.99 0.89 1.00 0.94 1.00 1.00 1.00 1.00 1.00 0.94 0.98 1.00 0.90 0.99 1.00 0.99 0.99 1.00 1.00 0.99 0.99 0.99 1.00 0.99
0.66 0.81 0.81 0.77 0.48 0.91 0.81 0.76 0.72 1.00 0.79 0.79 1.00 0.82 0.81 0.76 0.48 0.77 0.59 0.78 0.82 0.82 0.81 0.77 0.46 0.60 0.78 0.43 0.70 0.78 0.77 0.77 0.77 0.78 0.77 0.77 0.73 0.78 0.73
0.61 0.74 0.74 0.70 0.41 0.90 0.74 0.69 0.64 1.00 0.72 0.72 1.00 0.76 0.75 0.70 0.41 0.69 0.51 0.72 0.76 0.76 0.75 0.69 0.38 0.51 0.72 0.35 0.62 0.71 0.69 0.69 0.69 0.71 0.69 0.69 0.65 0.71 0.65
0.56 0.70 0.70 0.66 0.37 0.88 0.70 0.64 0.60 1.00 0.68 0.67 1.00 0.72 0.70 0.64 0.36 0.64 0.48 0.67 0.72 0.72 0.71 0.64 0.34 0.45 0.67 0.31 0.56 0.67 0.64 0.64 0.64 0.67 0.64 0.64 0.59 0.67 0.59
0.61 0.75 0.75 0.71 0.42 0.89 0.75 0.70 0.65 1.00 0.73 0.72 1.00 0.76 0.75 0.70 0.41 0.70 0.51 0.72 0.76 0.76 0.75 0.70 0.39 0.51 0.72 0.37 0.62 0.71 0.69 0.69 0.70 0.71 0.69 0.69 0.65 0.71 0.65
0.51 0.64 0.64 0.59 0.30 0.86 0.64 0.57 0.53 1.00 0.61 0.61 1.00 0.66 0.64 0.57 0.30 0.57 0.40 0.61 0.66 0.66 0.65 0.57 0.28 0.37 0.61 0.26 0.48 0.60 0.57 0.56 0.57 0.60 0.57 0.56 0.52 0.60 0.52
0.60 0.73 0.73 0.69 0.40 0.89 0.73 0.68 0.63 1.00 0.70 0.70 1.00 0.74 0.73 0.67 0.39 0.68 0.49 0.69 0.74 0.74 0.73 0.68 0.36 0.48 0.69 0.33 0.59 0.69 0.67 0.67 0.68 0.69 0.67 0.67 0.63 0.69 0.63
0.81 0.93 0.93 0.91 0.69 0.96 0.93 0.91 0.88 1.00 0.92 0.92 1.00 0.94 0.94 0.92 0.68 0.92 0.78 0.92 0.94 0.94 0.94 0.92 0.70 0.83 0.92 0.66 0.88 0.92 0.92 0.92 0.92 0.92 0.92 0.92 0.90 0.92 0.90
0.66 0.79 0.79 0.76 0.46 0.91 0.79 0.75 0.71 1.00 0.77 0.77 1.00 0.80 0.79 0.75 0.46 0.75 0.57 0.76 0.80 0.80 0.80 0.75 0.44 0.58 0.76 0.41 0.68 0.76 0.74 0.74 0.75 0.76 0.74 0.74 0.71 0.76 0.71
0.75 0.88 0.88 0.85 0.58 0.94 0.88 0.84 0.81 1.00 0.86 0.87 1.00 0.89 0.88 0.85 0.57 0.85 0.69 0.86 0.89 0.89 0.88 0.85 0.59 0.72 0.86 0.55 0.81 0.86 0.85 0.85 0.85 0.86 0.85 0.86 0.83 0.86 0.83
0.90 0.98 0.98 0.97 0.82 0.98 0.98 0.97 0.95 1.00 0.98 0.98 1.00 0.98 0.98 0.97 0.80 0.98 0.89 0.98 0.98 0.98 0.98 0.98 0.87 0.94 0.98 0.81 0.96 0.98 0.98 0.98 0.98 0.98 0.98 0.98 0.97 0.98 0.97
0.67 0.81 0.81 0.78 0.49 0.91 0.81 0.77 0.73 1.00 0.79 0.79 1.00 0.82 0.81 0.77 0.48 0.77 0.60 0.79 0.82 0.82 0.81 0.77 0.47 0.60 0.79 0.43 0.71 0.79 0.77 0.77 0.77 0.79 0.77 0.77 0.73 0.79 0.73
0.80 0.92 0.92 0.91 0.68 0.95 0.92 0.90 0.87 1.00 0.92 0.92 1.00 0.93 0.93 0.91 0.65 0.91 0.77 0.91 0.93 0.93 0.93 0.91 0.68 0.81 0.91 0.63 0.87 0.91 0.91 0.91 0.91 0.91 0.91 0.91 0.89 0.91 0.89
0.52 0.65 0.65 0.61 0.32 0.87 0.65 0.59 0.54 1.00 0.62 0.61 1.00 0.67 0.65 0.58 0.30 0.58 0.42 0.61 0.67 0.67 0.65 0.58 0.27 0.38 0.61 0.25 0.50 0.61 0.58 0.58 0.58 0.61 0.58 0.58 0.53 0.61 0.53
0.81 0.93 0.93 0.91 0.68 0.95 0.93 0.90 0.88 1.00 0.92 0.92 1.00 0.93 0.93 0.91 0.66 0.91 0.76 0.91 0.93 0.93 0.93 0.91 0.68 0.81 0.91 0.63 0.87 0.91 0.91 0.91 0.91 0.91 0.91 0.91 0.89 0.91 0.89
0.95 1.00 1.00 0.99 0.91 0.99 1.00 0.99 0.99 1.00 1.00 1.00 1.00 1.00 1.00 1.00 0.89 1.00 0.95 1.00 1.00 1.00 1.00 1.00 0.94 0.98 1.00 0.90 0.99 1.00 1.00 1.00 1.00 1.00 1.00 1.00 0.99 1.00 0.99
0.62 0.76 0.76 0.72 0.43 0.90 0.76 0.71 0.67 1.00 0.74 0.74 1.00 0.77 0.77 0.71 0.41 0.71 0.54 0.73 0.77 0.77 0.77 0.71 0.39 0.54 0.73 0.37 0.65 0.73 0.71 0.71 0.71 0.73 0.71 0.71 0.68 0.73 0.68
0.79 0.92 0.92 0.90 0.65 0.95 0.92 0.89 0.86 1.00 0.91 0.91 1.00 0.92 0.92 0.90 0.65 0.90 0.75 0.91 0.92 0.92 0.92 0.90 0.66 0.79 0.91 0.62 0.87 0.91 0.90 0.90 0.90 0.91 0.90 0.90 0.88 0.91 0.88
0.91 0.98 0.98 0.97 0.82 0.98 0.98 0.97 0.96 1.00 0.98 0.98 1.00 0.98 0.98 0.98 0.81 0.98 0.89 0.98 0.98 0.98 0.98 0.98 0.86 0.94 0.98 0.81 0.97 0.98 0.98 0.98 0.98 0.98 0.98 0.98 0.97 0.98 0.97
0.93 0.99 0.99 0.99 0.87 0.99 0.99 0.98 0.97 1.00 0.99 0.99 1.00 0.99 0.99 0.99 0.84 0.99 0.91 0.99 0.99 0.99 0.99 0.99 0.90 0.96 0.99 0.85 0.98 0.99 0.99 0.99 0.99 0.99 0.99 0.99 0.98 0.99 0.98
0.95 1.00 1.00 0.99 0.89 0.99 1.00 0.99 0.98 1.00 0.99 0.99 1.00 1.00 1.00 0.99 0.87 1.00 0.94 0.99 1.00 1.00 1.00 1.00 0.93 0.98 0.99 0.89 0.99 1.00 1.00 1.00 1.00 1.00 1.00 1.00 0.99 1.00 0.99
0.61 0.75 0.75 0.71 0.42 0.89 0.75 0.69 0.65 1.00 0.73 0.73 1.00 0.77 0.75 0.70 0.40 0.69 0.52 0.72 0.77 0.77 0.76 0.69 0.39 0.52 0.72 0.36 0.62 0.71 0.69 0.69 0.69 0.71 0.69 0.69 0.65 0.71 0.65
