0.72 0.88 0.88 0.86 0.60 0.83 0.88 0.85 0.82 0.87 0.88 0.89 0.87 0.92 0.92 0.89 0.62 0.92 0.78 0.99 0.92 0.92 0.92 0.92 0.65 0.81 0.99 0.62 0.90 1.00 0.96 0.96 0.92 1.00 0.96 0.96 0.92 1.00 0.92
0.46 0.63 0.63 0.61 0.35 0.60 0.63 0.60 0.56 0.66 0.65 0.67 0.66 0.74 0.72 0.69 0.41 0.75 0.64 0.97 0.74 0.74 0.73 0.75 0.40 0.59 0.97 0.42 0.76 1.00 0.89 0.88 0.75 1.00 0.89 0.89 0.80 1.00 0.80
0.72 0.88 0.88 0.86 0.61 0.84 0.88 0.86 0.83 0.88 0.89 0.89 0.88 0.93 0.93 0.90 0.62 0.92 0.78 0.99 0.93 0.93 0.93 0.92 0.65 0.81 0.99 0.62 0.91 1.00 0.96 0.96 0.92 1.00 0.96 0.96 0.92 1.00 0.92
0.50 0.68 0.68 0.65 0.39 0.64 0.68 0.64 0.60 0.70 0.69 0.71 0.70 0.78 0.77 0.73 0.44 0.78 0.68 0.97 0.78 0.78 0.77 0.78 0.43 0.63 0.97 0.44 0.79 1.00 0.91 0.90 0.78 1.00 0.91 0.90 0.82 1.00 0.82
0.93 0.99 0.99 0.99 0.87 0.98 0.99 0.99 0.98 0.99 0.99 0.99 0.99 1.00 1.00 0.99 0.86 1.00 0.93 1.00 1.00 1.00 1.00 1.00 0.92 0.98 1.00 0.88 0.99 1.00 1.00 1.00 1.00 1.00 1.00 1.00 0.99 1.00 0.99
0.37 0.54 0.54 0.50 0.26 0.52 0.54 0.49 0.45 0.59 0.55 0.57 0.59 0.66 0.64 0.60 0.34 0.68 0.60 0.96 0.66 0.66 0.65 0.68 0.32 0.51 0.96 0.35 0.72 1.00 0.87 0.86 0.68 1.00 0.87 0.86 0.75 1.00 0.75
0.80 0.94 0.94 0.92 0.69 0.90 0.94 0.92 0.89 0.93 0.94 0.94 0.93 0.96 0.96 0.94 0.70 0.96 0.82 0.99 0.96 0.96 0.96 0.96 0.73 0.87 0.99 0.69 0.94 1.00 0.98 0.97 0.96 1.00 0.98 0.97 0.95 1.00 0.95
0.93 1.00 1.00 0.99 0.88 0.98 1.00 0.99 0.98 0.99 0.99 1.00 0.99 1.00 1.00 0.99 0.87 1.00 0.94 1.00 1.00 1.00 1.00 1.00 0.92 0.97 1.00 0.88 0.99 1.00 1.00 1.00 1.00 1.00 1.00 1.00 0.99 1.00 0.99
0.88 0.97 0.97 0.97 0.80 0.95 0.97 0.97 0.95 0.97 0.98 0.98 0.97 0.99 0.99 0.98 0.79 0.98 0.89 1.00 0.99 0.99 0.99 0.98 0.84 0.93 1.00 0.79 0.97 1.00 0.99 0.99 0.98 1.00 0.99 0.99 0.98 1.00 0.98
0.82 0.95 0.95 0.93 0.71 0.91 0.95 0.93 0.90 0.94 0.95 0.95 0.94 0.97 0.97 0.95 0.72 0.97 0.84 1.00 0.97 0.97 0.97 0.97 0.75 0.89 1.00 0.71 0.95 1.00 0.98 0.98 0.97 1.00 0.98 0.98 0.96 1.00 0.96
0.95 1.00 1.00 0.99 0.91 0.99 1.00 0.99 0.99 0.99 1.00 1.00 0.99 1.00 1.00 1.00 0.90 1.00 0.95 1.00 1.00 1.00 1.00 1.00 0.95 0.98 1.00 0.91 0.99 1.00 1.00 1.00 1.00 1.00 1.00 1.00 0.99 1.00 0.99
0.85 0.96 0.96 0.95 0.75 0.93 0.96 0.95 0.93 0.95 0.96 0.96 0.95 0.98 0.98 0.97 0.74 0.98 0.86 1.00 0.98 0.98 0.98 0.98 0.78 0.91 1.00 0.74 0.96 1.00 0.99 0.99 0.98 1.00 0.99 0.99 0.97 1.00 0.97
0.42 0.59 0.59 0.57 0.31 0.57 0.59 0.56 0.52 0.63 0.61 0.62 0.63 0.70 0.69 0.65 0.38 0.72 0.62 0.96 0.70 0.70 0.70 0.72 0.36 0.55 0.96 0.39 0.75 1.00 0.89 0.87 0.72 1.00 0.89 0.88 0.77 1.00 0.77
0.77 0.92 0.92 0.90 0.67 0.87 0.92 0.90 0.87 0.91 0.93 0.93 0.91 0.95 0.95 0.93 0.68 0.95 0.81 0.99 0.95 0.95 0.95 0.95 0.70 0.85 0.99 0.68 0.93 1.00 0.97 0.97 0.95 1.00 0.97 0.97 0.94 1.00 0.94
0.65 0.82 0.82 0.80 0.54 0.77 0.82 0.79 0.76 0.82 0.83 0.84 0.82 0.89 0.88 0.85 0.57 0.89 0.75 0.99 0.89 0.89 0.89 0.89 0.58 0.76 0.99 0.56 0.87 1.00 0.95 0.94 0.89 1.00 0.95 0.95 0.90 1.00 0.90
0.66 0.83 0.83 0.81 0.54 0.78 0.83 0.80 0.76 0.82 0.84 0.85 0.82 0.89 0.89 0.86 0.57 0.89 0.75 0.99 0.89 0.89 0.89 0.89 0.58 0.76 0.99 0.56 0.88 1.00 0.95 0.94 0.89 1.00 0.95 0.94 0.89 1.00 0.89
0.76 0.90 0.90 0.88 0.64 0.85 0.90 0.88 0.85 0.89 0.90 0.91 0.89 0.94 0.93 0.92 0.65 0.94 0.80 0.99 0.94 0.94 0.94 0.94 0.68 0.83 0.99 0.65 0.92 1.00 0.97 0.97 0.94 1.00 0.97 0.97 0.93 1.00 0.93
0.94 1.00 1.00 0.99 0.90 0.98 1.00 0.99 0.99 1.00 1.00 1.00 1.00 1.00 1.00 1.00 0.88 1.00 0.94 1.00 1.00 1.00 1.00 1.00 0.94 0.98 1.00 0.89 0.99 1.00 1.00 1.00 1.00 1.00 1.00 1.00 1.00 1.00 1.00
0.73 0.88 0.88 0.87 0.62 0.84 0.88 0.86 0.83 0.88 0.89 0.90 0.88 0.93 0.93 0.90 0.63 0.93 0.80 0.99 0.93 0.93 0.93 0.93 0.66 0.82 0.99 0.63 0.92 1.00 0.97 0.97 0.93 1.00 0.97 0.97 0.93 1.00 0.93
0.59 0.76 0.76 0.73 0.46 0.72 0.76 0.73 0.69 0.77 0.78 0.79 0.77 0.84 0.83 0.80 0.52 0.84 0.72 0.98 0.84 0.84 0.84 0.84 0.52 0.70 0.98 0.51 0.85 1.00 0.93 0.93 0.84 1.00 0.93 0.93 0.86 1.00 0.86
0.70 0.86 0.86 0.84 0.58 0.81 0.86 0.83 0.80 0.86 0.87 0.88 0.86 0.91 0.91 0.88 0.61 0.91 0.77 0.99 0.91 0.91 0.91 0.91 0.62 0.78 0.99 0.60 0.89 1.00 0.96 0.95 0.91 1.00 0.96 0.95 0.91 1.00 0.91
0.42 0.59 0.59 0.57 0.31 0.57 0.59 0.56 0.52 0.63 0.61 0.63 0.63 0.71 0.69 0.66 0.39 0.72 0.63 0.97 0.71 0.71 0.70 0.72 0.37 0.56 0.97 0.39 0.74 1.00 0.89 0.87 0.72 1.00 0.89 0.88 0.77 1.00 0.77
0.52 0.69 0.69 0.66 0.39 0.65 0.69 0.66 0.62 0.72 0.71 0.72 0.72 0.79 0.78 0.74 0.46 0.80 0.67 0.97 0.79 0.79 0.78 0.80 0.45 0.63 0.97 0.45 0.79 1.00 0.92 0.91 0.80 1.00 0.92 0.91 0.83 1.00 0.83
0.60 0.78 0.78 0.75 0.48 0.73 0.78 0.74 0.70 0.78 0.79 0.80 0.78 0.85 0.85 0.81 0.53 0.85 0.71 0.98 0.85 0.85 0.85 0.85 0.53 0.71 0.98 0.52 0.85 1.00 0.93 0.93 0.85 1.00 0.93 0.93 0.87 1.00 0.87
0.60 0.78 0.78 0.76 0.48 0.73 0.78 0.75 0.72 0.79 0.79 0.81 0.79 0.86 0.85 0.82 0.52 0.85 0.72 0.98 0.86 0.86 0.85 0.85 0.53 0.72 0.98 0.52 0.85 1.00 0.94 0.93 0.85 1.00 0.94 0.93 0.87 1.00 0.87
0.61 0.78 0.78 0.76 0.49 0.74 0.78 0.75 0.72 0.80 0.79 0.80 0.80 0.86 0.85 0.82 0.53 0.86 0.73 0.98 0.86 0.86 0.86 0.86 0.53 0.72 0.98 0.52 0.85 1.00 0.94 0.93 0.86 1.00 0.94 0.93 0.87 1.00 0.87
0.68 0.85 0.85 0.83 0.56 0.80 0.85 0.82 0.79 0.85 0.86 0.86 0.85 0.90 0.90 0.87 0.59 0.90 0.76 0.99 0.90 0.90 0.90 0.90 0.61 0.78 0.99 0.58 0.88 1.00 0.95 0.95 0.90 1.00 0.95 0.95 0.90 1.00 0.90
0.64 0.81 0.81 0.78 0.51 0.76 0.81 0.78 0.74 0.80 0.82 0.83 0.80 0.87 0.86 0.84 0.55 0.87 0.73 0.98 0.87 0.87 0.87 0.87 0.54 0.74 0.98 0.53 0.86 1.00 0.94 0.94 0.87 1.00 0.94 0.94 0.89 1.00 0.89
0.63 0.81 0.81 0.79 0.52 0.76 0.81 0.78 0.75 0.81 0.81 0.83 0.81 0.88 0.87 0.84 0.55 0.87 0.74 0.98 0.88 0.88 0.88 0.87 0.55 0.73 0.98 0.54 0.87 1.00 0.94 0.94 0.87 1.00 0.94 0.94 0.88 1.00 0.88
0.82 0.94 0.94 0.93 0.71 0.91 0.94 0.93 0.90 0.94 0.95 0.95 0.94 0.97 0.97 0.95 0.72 0.96 0.85 1.00 0.97 0.97 0.97 0.96 0.77 0.89 1.00 0.72 0.95 1.00 0.98 0.98 0.96 1.00 0.98 0.98 0.96 1.00 0.96
0.82 0.94 0.94 0.93 0.72 0.91 0.94 0.93 0.90 0.94 0.95 0.95 0.94 0.97 0.97 0.95 0.72 0.97 0.85 1.00 0.97 0.97 0.97 0.97 0.76 0.90 1.00 0.72 0.95 1.00 0.98 0.98 0.97 1.00 0.98 0.98 0.96 1.00 0.96
0.68 0.85 0.85 0.83 0.57 0.80 0.85 0.83 0.79 0.84 0.86 0.87 0.84 0.90 0.90 0.88 0.59 0.90 0.76 0.99 0.90 0.90 0.90 0.90 0.61 0.78 0.99 0.59 0.89 1.00 0.96 0.95 0.90 1.00 0.96 0.96 0.91 1.00 0.91
0.70 0.87 0.87 0.85 0.60 0.83 0.87 0.85 0.82 0.87 0.88 0.88 0.87 0.92 0.92 0.89 0.62 0.92 0.78 0.99 0.92 0.92 0.92 0.92 0.64 0.80 0.99 0.61 0.90 1.00 0.96 0.95 0.92 1.00 0.96 0.95 0.92 1.00 0.92
0.94 1.00 1.00 0.99 0.89 0.98 1.00 0.99 0.98 0.99 1.00 1.00 0.99 1.00 1.00 1.00 0.88 1.00 0.94 1.00 1.00 1.00 1.00 1.00 0.93 0.98 1.00 0.88 0.99 1.00 1.00 1.00 1.00 1.00 1.00 1.00 0.99 1.00 0.99
0.95 1.00 1.00 0.99 0.90 0.98 1.00 0.99 0.99 0.99 1.00 1.00 0.99 1.00 1.00 1.00 0.88 1.00 0.94 1.00 1.00 1.00 1.00 1.00 0.94 0.98 1.00 0.89 0.99 1.00 1.00 1.00 1.00 1.00 1.00 1.00 0.99 1.00 0.99
0.69 0.85 0.85 0.82 0.56 0.80 0.85 0.82 0.79 0.84 0.86 0.86 0.84 0.90 0.90 0.87 0.59 0.90 0.76 0.99 0.90 0.90 0.90 0.90 0.60 0.78 0.99 0.58 0.89 1.00 0.95 0.95 0.90 1.00 0.95 0.95 0.90 1.00 0.90
0.69 0.86 0.86 0.84 0.58 0.81 0.86 0.83 0.80 0.86 0.87 0.88 0.86 0.91 0.91 0.89 0.61 0.91 0.77 0.99 0.91 0.91 0.91 0.91 0.62 0.78 0.99 0.60 0.89 1.00 0.96 0.96 0.91 1.00 0.96 0.96 0.91 1.00 0.91
0.50 0.68 0.68 0.66 0.39 0.64 0.68 0.65 0.61 0.70 0.70 0.72 0.70 0.78 0.77 0.73 0.45 0.79 0.68 0.97 0.78 0.78 0.78 0.79 0.44 0.63 0.97 0.44 0.80 1.00 0.92 0.91 0.79 1.00 0.92 0.91 0.82 1.00 0.82
0.78 0.92 0.92 0.91 0.68 0.88 0.92 0.90 0.88 0.91 0.93 0.93 0.91 0.95 0.95 0.93 0.69 0.95 0.82 0.99 0.95 0.95 0.95 0.95 0.72 0.86 0.99 0.68 0.93 1.00 0.97 0.97 0.95 1.00 0.97 0.97 0.94 1.00 0.94
0.42 0.59 0.59 0.57 0.31 0.57 0.59 0.56 0.52 0.63 0.61 0.63 0.63 0.71 0.70 0.65 0.39 0.72 0.63 0.97 0.71 0.71 0.70 0.72 0.36 0.56 0.97 0.38 0.75 1.00 0.89 0.87 0.72 1.00 0.89 0.88 0.77 1.00 0.77
0.79 0.93 0.93 0.91 0.68 0.89 0.93 0.91 0.88 0.92 0.93 0.94 0.92 0.96 0.96 0.94 0.68 0.95 0.82 0.99 0.96 0.96 0.96 0.95 0.72 0.86 0.99 0.68 0.93 1.00 0.97 0.97 0.95 1.00 0.97 0.97 0.95 1.00 0.95
0.74 0.89 0.89 0.87 0.63 0.84 0.89 0.87 0.84 0.88 0.90 0.90 0.88 0.93 0.93 0.91 0.64 0.93 0.79 0.99 0.93 0.93 0.93 0.93 0.66 0.82 0.99 0.63 0.92 1.00 0.97 0.96 0.93 1.00 0.97 0.96 0.93 1.00 0.93
0.65 0.82 0.82 0.80 0.54 0.77 0.82 0.80 0.76 0.82 0.83 0.84 0.82 0.88 0.88 0.85 0.56 0.88 0.75 0.99 0.88 0.88 0.88 0.88 0.57 0.75 0.99 0.55 0.87 1.00 0.95 0.94 0.88 1.00 0.95 0.94 0.89 1.00 0.89
0.71 0.87 0.87 0.85 0.59 0.83 0.87 0.84 0.81 0.87 0.88 0.88 0.87 0.92 0.92 0.89 0.62 0.92 0.78 0.99 0.92 0.92 0.92 0.92 0.63 0.80 0.99 0.61 0.90 1.00 0.96 0.96 0.92 1.00 0.96 0.96 0.92 1.00 0.92
0.72 0.87 0.87 0.86 0.60 0.82 0.87 0.85 0.82 0.87 0.88 0.89 0.87 0.92 0.92 0.90 0.61 0.92 0.77 0.99 0.92 0.92 0.92 0.92 0.64 0.80 0.99 0.60 0.90 1.00 0.96 0.96 0.92 1.00 0.96 0.96 0.92 1.00 0.92
0.68 0.85 0.85 0.83 0.57 0.80 0.85 0.82 0.79 0.85 0.86 0.87 0.85 0.91 0.90 0.87 0.60 0.91 0.76 0.99 0.91 0.91 0.91 0.91 0.61 0.78 0.99 0.59 0.89 1.00 0.96 0.95 0.91 1.00 0.96 0.95 0.91 1.00 0.91
0.49 0.67 0.67 0.64 0.37 0.63 0.67 0.63 0.59 0.69 0.68 0.70 0.69 0.77 0.76 0.72 0.43 0.77 0.66 0.97 0.77 0.77 0.77 0.77 0.42 0.61 0.97 0.43 0.79 1.00 0.90 0.90 0.77 1.00 0.90 0.90 0.81 1.00 0.81
0.50 0.67 0.67 0.65 0.37 0.64 0.67 0.64 0.60 0.70 0.69 0.70 0.70 0.77 0.76 0.72 0.44 0.78 0.66 0.97 0.77 0.77 0.76 0.78 0.42 0.62 0.97 0.43 0.79 1.00 0.91 0.90 0.78 1.00 0.91 0.90 0.81 1.00 0.81
0.71 0.87 0.87 0.85 0.60 0.82 0.87 0.85 0.81 0.87 0.88 0.89 0.87 0.92 0.92 0.89 0.63 0.92 0.78 0.99 0.92 0.92 0.92 0.92 0.64 0.81 0.99 0.61 0.90 1.00 0.96 0.96 0.92 1.00 0.96 0.96 0.92 1.00 0.92
0.76 0.90 0.90 0.89 0.64 0.86 0.90 0.88 0.85 0.90 0.91 0.91 0.90 0.94 0.94 0.92 0.66 0.94 0.81 0.99 0.94 0.94 0.94 0.94 0.68 0.84 0.99 0.65 0.92 1.00 0.97 0.97 0.94 1.00 0.97 0.97 0.93 1.00 0.93
0.72 0.88 0.88 0.86 0.61 0.83 0.88 0.86 0.82 0.88 0.89 0.89 0.88 0.92 0.92 0.90 0.62 0.92 0.78 0.99 0.92 0.92 0.92 0.92 0.63 0.81 0.99 0.60 0.90 1.00 0.96 0.96 0.92 1.00 0.96 0.96 0.92 1.00 0.92
0.75 0.90 0.90 0.88 0.64 0.85 0.90 0.88 0.85 0.89 0.90 0.91 0.89 0.93 0.93 0.92 0.64 0.93 0.80 0.99 0.93 0.93 0.93 0.93 0.66 0.83 0.99 0.63 0.92 1.00 0.97 0.96 0.93 1.00 0.97 0.97 0.93 1.00 0.93
0.68 0.85 0.85 0.83 0.56 0.80 0.85 0.82 0.78 0.84 0.85 0.86 0.84 0.90 0.90 0.87 0.59 0.91 0.76 0.99 0.90 0.90 0.90 0.91 0.59 0.77 0.99 0.57 0.89 1.00 0.95 0.95 0.91 1.00 0.95 0.95 0.91 1.00 0.91
0.51 0.68 0.68 0.65 0.38 0.65 0.68 0.65 0.61 0.71 0.70 0.71 0.71 0.78 0.77 0.73 0.46 0.79 0.67 0.97 0.78 0.78 0.77 0.79 0.44 0.63 0.97 0.45 0.80 1.00 0.91 0.90 0.79 1.00 0.91 0.90 0.82 1.00 0.82
0.55 0.73 0.73 0.70 0.41 0.67 0.73 0.69 0.65 0.74 0.74 0.75 0.74 0.81 0.80 0.77 0.48 0.82 0.69 0.98 0.81 0.81 0.81 0.82 0.47 0.66 0.98 0.48 0.82 1.00 0.92 0.92 0.82 1.00 0.92 0.92 0.84 1.00 0.84
0.52 0.70 0.70 0.67 0.40 0.66 0.70 0.66 0.62 0.72 0.71 0.73 0.72 0.79 0.78 0.75 0.46 0.79 0.68 0.98 0.79 0.79 0.78 0.79 0.45 0.64 0.98 0.46 0.80 1.00 0.91 0.91 0.79 1.00 0.91 0.91 0.82 1.00 0.82
0.72 0.88 0.88 0.86 0.60 0.83 0.88 0.85 0.82 0.87 0.88 0.89 0.87 0.92 0.92 0.89 0.62 0.92 0.79 0.99 0.92 0.92 0.92 0.92 0.64 0.80 0.99 0.62 0.90 1.00 0.96 0.96 0.92 1.00 0.96 0.96 0.92 1.00 0.92
0.84 0.95 0.95 0.94 0.74 0.92 0.95 0.94 0.92 0.94 0.96 0.96 0.94 0.97 0.97 0.96 0.72 0.97 0.85 1.00 0.97 0.97 0.97 0.97 0.78 0.90 1.00 0.74 0.96 1.00 0.98 0.98 0.97 1.00 0.98 0.98 0.96 1.00 0.96
0.94 1.00 1.00 0.99 0.89 0.98 1.00 0.99 0.98 0.99 1.00 1.00 0.99 1.00 1.00 1.00 0.87 1.00 0.94 1.00 1.00 1.00 1.00 1.00 0.93 0.98 1.00 0.89 0.99 1.00 1.00 1.00 1.00 1.00 1.00 1.00 0.99 1.00 0.99
0.93 0.99 0.99 0.99 0.87 0.98 0.99 0.99 0.98 0.99 0.99 0.99 0.99 1.00 1.00 0.99 0.87 1.00 0.93 1.00 1.00 1.00 1.00 1.00 0.92 0.97 1.00 0.87 0.99 1.00 1.00 1.00 1.00 1.00 1.00 1.00 0.99 1.00 0.99
0.87 0.97 0.97 0.96 0.78 0.94 0.97 0.96 0.94 0.97 0.97 0.98 0.97 0.99 0.99 0.98 0.78 0.99 0.88 1.00 0.99 0.99 0.99 0.99 0.82 0.93 1.00 0.77 0.97 1.00 0.99 0.99 0.99 1.00 0.99 0.99 0.98 1.00 0.98
0.95 1.00 1.00 0.99 0.91 0.99 1.00 0.99 0.99 1.00 1.00 1.00 1.00 1.00 1.00 1.00 0.90 1.00 0.95 1.00 1.00 1.00 1.00 1.00 0.94 0.98 1.00 0.91 0.99 1.00 1.00 1.00 1.00 1.00 1.00 1.00 1.00 1.00 1.00
0.63 0.80 0.80 0.77 0.49 0.75 0.80 0.77 0.73 0.81 0.81 0.82 0.81 0.87 0.86 0.83 0.53 0.87 0.73 0.98 0.87 0.87 0.87 0.87 0.54 0.72 0.98 0.52 0.86 1.00 0.94 0.94 0.87 1.00 0.94 0.94 0.88 1.00 0.88
0.57 0.74 0.74 0.72 0.44 0.70 0.74 0.71 0.67 0.76 0.76 0.77 0.76 0.83 0.82 0.79 0.50 0.83 0.70 0.98 0.83 0.83 0.82 0.83 0.49 0.69 0.98 0.49 0.83 1.00 0.93 0.92 0.83 1.00 0.93 0.92 0.86 1.00 0.86
0.79 0.93 0.93 0.91 0.68 0.89 0.93 0.91 0.88 0.92 0.93 0.94 0.92 0.96 0.96 0.94 0.69 0.96 0.83 1.00 0.96 0.96 0.96 0.96 0.73 0.87 1.00 0.69 0.94 1.00 0.98 0.98 0.96 1.00 0.98 0.98 0.95 1.00 0.95
0.63 0.80 0.80 0.78 0.51 0.76 0.80 0.78 0.74 0.81 0.82 0.83 0.81 0.88 0.87 0.84 0.55 0.87 0.73 0.99 0.88 0.88 0.87 0.87 0.55 0.73 0.99 0.54 0.86 1.00 0.94 0.94 0.87 1.00 0.94 0.94 0.88 1.00 0.88
0.94 1.00 1.00 0.99 0.89 0.98 1.00 0.99 0.98 0.99 1.00 0.99 0.99 1.00 1.00 1.00 0.87 1.00 0.93 1.00 1.00 1.00 1.00 1.00 0.92 0.98 1.00 0.88 0.99 1.00 1.00 1.00 1.00 1.00 1.00 1.00 0.99 1.00 0.99
0.39 0.56 0.56 0.53 0.28 0.53 0.56 0.52 0.48 0.60 0.58 0.59 0.60 0.68 0.66 0.62 0.34 0.68 0.60 0.96 0.68 0.68 0.67 0.68 0.35 0.53 0.96 0.37 0.73 1.00 0.88 0.86 0.68 1.00 0.88 0.87 0.75 1.00 0.75
0.46 0.64 0.64 0.62 0.35 0.60 0.64 0.60 0.57 0.66 0.66 0.67 0.66 0.75 0.73 0.69 0.42 0.75 0.65 0.97 0.75 0.75 0.74 0.75 0.41 0.59 0.97 0.43 0.78 1.00 0.90 0.89 0.75 1.00 0.90 0.89 0.80 1.00 0.80
0.94 0.99 0.99 0.99 0.87 0.98 0.99 0.99 0.98 0.99 0.99 0.99 0.99 1.00 1.00 0.99 0.86 1.00 0.93 1.00 1.00 1.00 1.00 1.00 0.91 0.97 1.00 0.86 0.99 1.00 1.00 1.00 1.00 1.00 1.00 1.00 0.99 1.00 0.99
0.56 0.73 0.73 0.71 0.44 0.69 0.73 0.70 0.66 0.75 0.74 0.76 0.75 0.82 0.81 0.78 0.48 0.82 0.69 0.98 0.82 0.82 0.81 0.82 0.48 0.67 0.98 0.48 0.82 1.00 0.93 0.92 0.82 1.00 0.93 0.92 0.85 1.00 0.85
0.40 0.56 0.56 0.54 0.28 0.54 0.56 0.53 0.48 0.60 0.58 0.59 0.60 0.68 0.67 0.63 0.37 0.70 0.61 0.96 0.68 0.68 0.67 0.70 0.34 0.53 0.96 0.37 0.73 1.00 0.88 0.86 0.70 1.00 0.88 0.87 0.76 1.00 0.76
0.91 0.99 0.99 0.99 0.86 0.97 0.99 0.99 0.97 0.99 0.99 0.99 0.99 1.00 0.99 0.99 0.84 0.99 0.92 1.00 1.00 1.00 1.00 0.99 0.89 0.97 1.00 0.85 0.99 1.00 1.00 1.00 0.99 1.00 1.00 1.00 0.99 1.00 0.99
0.65 0.82 0.82 0.81 0.53 0.77 0.82 0.80 0.76 0.82 0.83 0.84 0.82 0.89 0.88 0.85 0.56 0.89 0.74 0.99 0.89 0.89 0.89 0.89 0.57 0.76 0.99 0.55 0.88 1.00 0.95 0.94 0.89 1.00 0.95 0.95 0.89 1.00 0.89
0.96 1.00 1.00 1.00 0.92 0.99 1.00 1.00 0.99 1.00 1.00 1.00 1.00 1.00 1.00 1.00 0.91 1.00 0.96 1.00 1.00 1.00 1.00 1.00 0.96 0.99 1.00 0.92 1.00 1.00 1.00 1.00 1.00 1.00 1.00 1.00 1.00 1.00 1.00
0.74 0.90 0.90 0.88 0.64 0.85 0.90 0.88 0.85 0.89 0.90 0.91 0.89 0.94 0.93 0.92 0.65 0.93 0.79 0.99 0.94 0.94 0.94 0.93 0.68 0.82 0.99 0.65 0.92 1.00 0.97 0.97 0.93 1.00 0.97 0.97 0.93 1.00 0.93
0.64 0.81 0.81 0.78 0.53 0.76 0.81 0.78 0.75 0.81 0.82 0.83 0.81 0.87 0.87 0.84 0.55 0.88 0.74 0.99 0.87 0.87 0.87 0.88 0.56 0.75 0.99 0.55 0.86 1.00 0.94 0.94 0.88 1.00 0.94 0.94 0.89 1.00 0.89
0.91 0.99 0.99 0.98 0.84 0.97 0.99 0.98 0.97 0.98 0.99 0.99 0.98 0.99 0.99 0.99 0.83 0.99 0.91 1.00 0.99 0.99 0.99 0.99 0.88 0.96 1.00 0.84 0.98 1.00 0.99 0.99 0.99 1.00 0.99 0.99 0.99 1.00 0.99
0.96 1.00 1.00 1.00 0.92 0.99 1.00 1.00 0.99 1.00 1.00 1.00 1.00 1.00 1.00 1.00 0.91 1.00 0.96 1.00 1.00 1.00 1.00 1.00 0.96 0.99 1.00 0.92 1.00 1.00 1.00 1.00 1.00 1.00 1.00 1.00 1.00 1.00 1.00
0.85 0.96 0.96 0.95 0.76 0.93 0.96 0.95 0.92 0.96 0.96 0.97 0.96 0.98 0.98 0.97 0.76 0.98 0.87 1.00 0.98 0.98 0.98 0.98 0.80 0.92 1.00 0.76 0.96 1.00 0.99 0.99 0.98 1.00 0.99 0.99 0.97 1.00 0.97
0.54 0.73 0.73 0.70 0.43 0.68 0.73 0.69 0.65 0.74 0.74 0.75 0.74 0.81 0.81 0.76 0.49 0.81 0.69 0.98 0.81 0.81 0.81 0.81 0.48 0.66 0.98 0.48 0.82 1.00 0.92 0.92 0.81 1.00 0.92 0.92 0.84 1.00 0.84
0.60 0.78 0.78 0.75 0.48 0.73 0.78 0.75 0.71 0.78 0.79 0.80 0.78 0.85 0.84 0.81 0.52 0.85 0.72 0.98 0.85 0.85 0.85 0.85 0.53 0.71 0.98 0.52 0.84 1.00 0.94 0.93 0.85 1.00 0.94 0.93 0.87 1.00 0.87
0.72 0.88 0.88 0.86 0.60 0.83 0.88 0.85 0.82 0.87 0.88 0.89 0.87 0.92 0.92 0.89 0.63 0.92 0.78 0.99 0.92 0.92 0.92 0.92 0.65 0.80 0.99 0.62 0.90 1.00 0.96 0.96 0.92 1.00 0.96 0.96 0.92 1.00 0.92
0.91 0.99 0.99 0.98 0.84 0.97 0.99 0.98 0.97 0.98 0.99 0.99 0.98 0.99 0.99 0.99 0.83 0.99 0.91 1.00 0.99 0.99 0.99 0.99 0.89 0.96 1.00 0.84 0.98 1.00 1.00 1.00 0.99 1.00 1.00 1.00 0.99 1.00 0.99
0.90 0.99 0.99 0.98 0.84 0.97 0.99 0.98 0.97 0.98 0.99 0.99 0.98 0.99 0.99 0.99 0.82 0.99 0.91 1.00 0.99 0.99 1.00 0.99 0.87 0.95 1.00 0.83 0.98 1.00 1.00 1.00 0.99 1.00 1.00 1.00 0.99 1.00 0.99
0.50 0.68 0.68 0.66 0.39 0.65 0.68 0.65 0.61 0.70 0.70 0.71 0.70 0.78 0.77 0.73 0.45 0.78 0.67 0.98 0.78 0.78 0.77 0.78 0.43 0.62 0.98 0.44 0.79 1.00 0.91 0.90 0.78 1.00 0.91 0.90 0.82 1.00 0.82
0.72 0.88 0.88 0.86 0.61 0.83 0.88 0.86 0.82 0.87 0.88 0.89 0.87 0.93 0.92 0.90 0.62 0.92 0.78 0.99 0.93 0.93 0.93 0.92 0.65 0.81 0.99 0.62 0.91 1.00 0.96 0.96 0.92 1.00 0.96 0.96 0.92 1.00 0.92
0.60 0.77 0.77 0.75 0.48 0.73 0.77 0.74 0.70 0.78 0.78 0.79 0.78 0.85 0.84 0.81 0.52 0.85 0.72 0.98 0.85 0.85 0.85 0.85 0.52 0.71 0.98 0.51 0.84 1.00 0.93 0.93 0.85 1.00 0.93 0.93 0.86 1.00 0.86
0.86 0.97 0.97 0.96 0.78 0.94 0.97 0.96 0.94 0.96 0.97 0.98 0.96 0.99 0.98 0.97 0.76 0.98 0.88 1.00 0.99 0.99 0.99 0.98 0.82 0.93 1.00 0.78 0.97 1.00 0.99 0.99 0.98 1.00 0.99 0.99 0.97 1.00 0.97
0.83 0.95 0.95 0.94 0.73 0.92 0.95 0.94 0.92 0.95 0.96 0.96 0.95 0.97 0.97 0.96 0.74 0.97 0.85 1.00 0.97 0.97 0.97 0.97 0.77 0.90 1.00 0.73 0.95 1.00 0.98 0.98 0.97 1.00 0.98 0.98 0.96 1.00 0.96
0.63 0.81 0.81 0.78 0.52 0.76 0.81 0.78 0.74 0.81 0.82 0.83 0.81 0.88 0.87 0.84 0.55 0.87 0.73 0.99 0.88 0.88 0.87 0.87 0.56 0.74 0.99 0.54 0.86 1.00 0.94 0.94 0.87 1.00 0.94 0.94 0.88 1.00 0.88
0.72 0.88 0.88 0.86 0.60 0.83 0.88 0.85 0.82 0.87 0.89 0.89 0.87 0.92 0.92 0.90 0.63 0.93 0.77 0.99 0.92 0.92 0.92 0.93 0.64 0.81 0.99 0.62 0.90 1.00 0.96 0.96 0.93 1.00 0.96 0.96 0.92 1.00 0.92
0.76 0.91 0.91 0.89 0.65 0.87 0.91 0.89 0.86 0.90 0.91 0.92 0.90 0.95 0.94 0.92 0.66 0.94 0.81 0.99 0.95 0.95 0.94 0.94 0.70 0.84 0.99 0.65 0.92 1.00 0.97 0.97 0.94 1.00 0.97 0.97 0.93 1.00 0.93
0.93 0.99 0.99 0.99 0.88 0.98 0.99 0.99 0.98 0.99 0.99 0.99 0.99 1.00 1.00 0.99 0.87 1.00 0.93 1.00 1.00 1.00 1.00 1.00 0.92 0.97 1.00 0.87 0.99 1.00 1.00 1.00 1.00 1.00 1.00 1.00 0.99 1.00 0.99
0.68 0.85 0.85 0.83 0.57 0.80 0.85 0.82 0.79 0.84 0.86 0.87 0.84 0.90 0.90 0.87 0.60 0.90 0.77 0.99 0.90 0.90 0.90 0.90 0.60 0.77 0.99 0.58 0.88 1.00 0.95 0.95 0.90 1.00 0.95 0.95 0.90 1.00 0.90
0.79 0.93 0.93 0.91 0.69 0.89 0.93 0.91 0.88 0.92 0.93 0.93 0.92 0.95 0.95 0.94 0.69 0.95 0.83 0.99 0.95 0.95 0.95 0.95 0.72 0.86 0.99 0.68 0.94 1.00 0.98 0.97 0.95 1.00 0.98 0.98 0.95 1.00 0.95
0.90 0.98 0.98 0.98 0.82 0.96 0.98 0.97 0.96 0.98 0.98 0.98 0.98 0.99 0.99 0.99 0.82 0.99 0.90 1.00 0.99 0.99 0.99 0.99 0.87 0.95 1.00 0.82 0.98 1.00 0.99 0.99 0.99 1.00 0.99 0.99 0.98 1.00 0.98
0.96 1.00 1.00 1.00 0.92 0.99 1.00 1.00 0.99 1.00 1.00 1.00 1.00 1.00 1.00 1.00 0.91 1.00 0.96 1.00 1.00 1.00 1.00 1.00 0.96 0.99 1.00 0.92 1.00 1.00 1.00 1.00 1.00 1.00 1.00 1.00 1.00 1.00 1.00
0.47 0.64 0.64 0.62 0.34 0.60 0.64 0.61 0.57 0.67 0.66 0.67 0.67 0.75 0.74 0.70 0.41 0.75 0.64 0.97 0.75 0.75 0.74 0.75 0.40 0.59 0.97 0.41 0.77 1.00 0.90 0.89 0.75 1.00 0.90 0.89 0.80 1.00 0.80
0.92 0.99 0.99 0.99 0.86 0.97 0.99 0.98 0.97 0.99 0.99 0.99 0.99 1.00 1.00 0.99 0.85 1.00 0.92 1.00 1.00 1.00 1.00 1.00 0.90 0.97 1.00 0.85 0.99 1.00 1.00 1.00 1.00 1.00 1.00 1.00 0.99 1.00 0.99
0.95 1.00 1.00 0.99 0.91 0.99 1.00 0.99 0.99 0.99 1.00 1.00 0.99 1.00 1.00 1.00 0.89 1.00 0.95 1.00 1.00 1.00 1.00 1.00 0.94 0.98 1.00 0.90 0.99 1.00 1.00 1.00 1.00 1.00 1.00 1.00 0.99 1.00 0.99
0.93 0.99 0.99 0.99 0.88 0.98 0.99 0.99 0.98 0.99 0.99 0.99 0.99 1.00 1.00 0.99 0.87 1.00 0.93 1.00 1.00 1.00 1.00 1.00 0.92 0.98 1.00 0.89 0.99 1.00 1.00 1.00 1.00 1.00 1.00 1.00 0.99 1.00 0.99
0.89 0.98 0.98 0.97 0.82 0.96 0.98 0.97 0.96 0.97 0.98 0.98 0.97 0.99 0.99 0.98 0.81 0.99 0.89 1.00 0.99 0.99 0.99 0.99 0.85 0.94 1.00 0.81 0.98 1.00 0.99 0.99 0.99 1.00 0.99 0.99 0.98 1.00 0.98
0.67 0.83 0.83 0.81 0.55 0.78 0.83 0.81 0.77 0.83 0.84 0.85 0.83 0.89 0.89 0.86 0.58 0.89 0.75 0.99 0.89 0.89 0.89 0.89 0.58 0.77 0.99 0.56 0.88 1.00 0.95 0.95 0.89 1.00 0.95 0.95 0.90 1.00 0.90
0.87 0.97 0.97 0.96 0.77 0.94 0.97 0.96 0.94 0.96 0.97 0.97 0.96 0.99 0.98 0.97 0.77 0.98 0.87 1.00 0.99 0.99 0.99 0.98 0.81 0.92 1.00 0.76 0.97 1.00 0.99 0.99 0.98 1.00 0.99 0.99 0.97 1.00 0.97
0.77 0.91 0.91 0.90 0.65 0.87 0.91 0.89 0.86 0.90 0.92 0.92 0.90 0.95 0.95 0.92 0.66 0.94 0.81 0.99 0.95 0.95 0.95 0.94 0.69 0.84 0.99 0.66 0.92 1.00 0.97 0.97 0.94 1.00 0.97 0.97 0.94 1.00 0.94
0.54 0.72 0.72 0.69 0.41 0.68 0.72 0.68 0.64 0.74 0.73 0.74 0.74 0.81 0.80 0.76 0.48 0.82 0.69 0.98 0.81 0.81 0.80 0.82 0.47 0.67 0.98 0.47 0.82 1.00 0.93 0.92 0.82 1.00 0.93 0.92 0.84 1.00 0.84
0.93 0.99 0.99 0.99 0.88 0.98 0.99 0.99 0.98 0.99 0.99 1.00 0.99 1.00 1.00 0.99 0.87 1.00 0.93 1.00 1.00 1.00 1.00 1.00 0.92 0.97 1.00 0.88 0.99 1.00 1.00 1.00 1.00 1.00 1.00 1.00 0.99 1.00 0.99
0.40 0.57 0.57 0.55 0.30 0.55 0.57 0.54 0.50 0.61 0.59 0.61 0.61 0.69 0.67 0.64 0.37 0.71 0.61 0.96 0.69 0.69 0.68 0.71 0.37 0.54 0.96 0.40 0.74 1.00 0.88 0.87 0.71 1.00 0.88 0.87 0.77 1.00 0.77
0.42 0.60 0.60 0.57 0.31 0.57 0.60 0.56 0.52 0.63 0.61 0.63 0.63 0.71 0.69 0.66 0.39 0.72 0.63 0.97 0.71 0.71 0.70 0.72 0.37 0.56 0.97 0.39 0.76 1.00 0.89 0.88 0.72 1.00 0.89 0.88 0.77 1.00 0.77
0.37 0.54 0.54 0.52 0.26 0.52 0.54 0.51 0.47 0.59 0.56 0.58 0.59 0.66 0.65 0.61 0.35 0.68 0.59 0.96 0.66 0.66 0.66 0.68 0.33 0.52 0.96 0.36 0.72 1.00 0.88 0.86 0.68 1.00 0.88 0.86 0.74 1.00 0.74
0.57 0.75 0.75 0.72 0.45 0.70 0.75 0.72 0.68 0.76 0.76 0.77 0.76 0.83 0.82 0.79 0.50 0.83 0.70 0.98 0.83 0.83 0.82 0.83 0.50 0.68 0.98 0.50 0.84 1.00 0.93 0.93 0.83 1.00 0.93 0.93 0.86 1.00 0.86
0.72 0.88 0.88 0.86 0.61 0.83 0.88 0.86 0.83 0.88 0.89 0.90 0.88 0.93 0.93 0.90 0.63 0.92 0.79 0.99 0.93 0.93 0.93 0.92 0.64 0.81 0.99 0.62 0.91 1.00 0.97 0.96 0.92 1.00 0.97 0.96 0.93 1.00 0.93
0.75 0.90 0.90 0.89 0.64 0.86 0.90 0.88 0.85 0.90 0.91 0.91 0.90 0.94 0.94 0.92 0.65 0.94 0.81 0.99 0.94 0.94 0.94 0.94 0.68 0.84 0.99 0.65 0.92 1.00 0.97 0.97 0.94 1.00 0.97 0.97 0.94 1.00 0.94
0.63 0.80 0.80 0.78 0.50 0.75 0.80 0.78 0.74 0.80 0.81 0.82 0.80 0.87 0.87 0.83 0.54 0.87 0.73 0.98 0.87 0.87 0.87 0.87 0.55 0.74 0.98 0.54 0.86 1.00 0.94 0.93 0.87 1.00 0.94 0.94 0.88 1.00 0.88
0.42 0.59 0.59 0.56 0.31 0.56 0.59 0.56 0.52 0.62 0.61 0.62 0.62 0.70 0.69 0.65 0.38 0.71 0.62 0.96 0.70 0.70 0.69 0.71 0.37 0.55 0.96 0.39 0.75 1.00 0.88 0.87 0.71 1.00 0.88 0.87 0.77 1.00 0.77
0.46 0.64 0.64 0.61 0.34 0.61 0.64 0.60 0.56 0.67 0.65 0.66 0.67 0.74 0.72 0.69 0.40 0.74 0.64 0.97 0.74 0.74 0.73 0.74 0.40 0.59 0.97 0.41 0.77 1.00 0.90 0.88 0.74 1.00 0.90 0.89 0.80 1.00 0.80
0.46 0.64 0.64 0.61 0.35 0.61 0.64 0.60 0.56 0.67 0.66 0.67 0.67 0.74 0.73 0.70 0.41 0.76 0.64 0.97 0.74 0.74 0.74 0.76 0.40 0.60 0.97 0.41 0.77 1.00 0.90 0.89 0.76 1.00 0.90 0.89 0.80 1.00 0.80
0.74 0.89 0.89 0.87 0.62 0.84 0.89 0.86 0.83 0.88 0.90 0.90 0.88 0.93 0.93 0.91 0.64 0.93 0.79 0.99 0.93 0.93 0.93 0.93 0.66 0.82 0.99 0.63 0.91 1.00 0.97 0.96 0.93 1.00 0.97 0.97 0.93 1.00 0.93
0.78 0.92 0.92 0.90 0.66 0.87 0.92 0.90 0.87 0.91 0.92 0.93 0.91 0.95 0.95 0.93 0.67 0.95 0.81 0.99 0.95 0.95 0.95 0.95 0.70 0.85 0.99 0.66 0.93 1.00 0.98 0.97 0.95 1.00 0.98 0.97 0.95 1.00 0.95
0.85 0.96 0.96 0.95 0.76 0.93 0.96 0.95 0.93 0.95 0.96 0.97 0.95 0.98 0.98 0.97 0.74 0.97 0.87 1.00 0.98 0.98 0.98 0.97 0.79 0.91 1.00 0.75 0.96 1.00 0.99 0.99 0.97 1.00 0.99 0.98 0.97 1.00 0.97
0.71 0.87 0.87 0.86 0.60 0.82 0.87 0.85 0.82 0.87 0.88 0.89 0.87 0.92 0.92 0.89 0.62 0.92 0.78 0.99 0.92 0.92 0.92 0.92 0.64 0.80 0.99 0.61 0.90 1.00 0.96 0.96 0.92 1.00 0.96 0.96 0.92 1.00 0.92
0.45 0.63 0.63 0.60 0.34 0.60 0.63 0.60 0.56 0.66 0.65 0.66 0.66 0.73 0.72 0.69 0.40 0.74 0.64 0.96 0.73 0.73 0.73 0.74 0.39 0.57 0.96 0.41 0.76 1.00 0.89 0.88 0.74 1.00 0.89 0.89 0.79 1.00 0.79
0.84 0.96 0.96 0.95 0.74 0.92 0.96 0.94 0.92 0.95 0.96 0.96 0.95 0.98 0.97 0.96 0.74 0.97 0.85 1.00 0.98 0.98 0.98 0.97 0.79 0.91 1.00 0.75 0.96 1.00 0.99 0.99 0.97 1.00 0.99 0.99 0.97 1.00 0.97
0.46 0.63 0.63 0.61 0.34 0.60 0.63 0.61 0.57 0.67 0.65 0.67 0.67 0.74 0.73 0.70 0.41 0.76 0.64 0.97 0.74 0.74 0.73 0.76 0.40 0.59 0.97 0.41 0.78 1.00 0.90 0.89 0.76 1.00 0.90 0.89 0.80 1.00 0.80
0.68 0.85 0.85 0.83 0.57 0.80 0.85 0.82 0.79 0.85 0.86 0.86 0.85 0.90 0.90 0.87 0.59 0.90 0.77 0.99 0.90 0.90 0.90 0.90 0.60 0.78 0.99 0.57 0.89 1.00 0.95 0.95 0.90 1.00 0.95 0.95 0.91 1.00 0.91
0.93 0.99 0.99 0.99 0.88 0.98 0.99 0.99 0.98 0.99 0.99 0.99 0.99 1.00 1.00 0.99 0.87 1.00 0.93 1.00 1.00 1.00 1.00 1.00 0.92 0.97 1.00 0.88 0.99 1.00 1.00 1.00 1.00 1.00 1.00 1.00 0.99 1.00 0.99
0.92 0.99 0.99 0.99 0.85 0.97 0.99 0.98 0.97 0.99 0.99 0.99 0.99 1.00 1.00 0.99 0.84 0.99 0.92 1.00 1.00 1.00 1.00 0.99 0.90 0.97 1.00 0.85 0.99 1.00 1.00 1.00 0.99 1.00 1.00 1.00 0.99 1.00 0.99
0.79 0.92 0.92 0.91 0.68 0.88 0.92 0.91 0.88 0.92 0.93 0.93 0.92 0.96 0.95 0.94 0.69 0.96 0.83 1.00 0.96 0.96 0.96 0.96 0.71 0.87 1.00 0.67 0.94 1.00 0.98 0.98 0.96 1.00 0.98 0.98 0.95 1.00 0.95
0.53 0.71 0.71 0.68 0.40 0.67 0.71 0.68 0.64 0.72 0.73 0.74 0.72 0.80 0.79 0.76 0.47 0.80 0.69 0.98 0.80 0.80 0.79 0.80 0.45 0.65 0.98 0.46 0.81 1.00 0.92 0.91 0.80 1.00 0.92 0.91 0.83 1.00 0.83
0.73 0.88 0.88 0.86 0.60 0.83 0.88 0.85 0.82 0.87 0.88 0.89 0.87 0.92 0.92 0.90 0.62 0.92 0.79 0.99 0.92 0.92 0.92 0.92 0.65 0.81 0.99 0.62 0.91 1.00 0.96 0.96 0.92 1.00 0.96 0.96 0.92 1.00 0.92
0.62 0.80 0.80 0.77 0.50 0.75 0.80 0.77 0.73 0.80 0.81 0.82 0.80 0.87 0.86 0.83 0.54 0.87 0.73 0.98 0.87 0.87 0.86 0.87 0.55 0.73 0.98 0.54 0.86 1.00 0.94 0.93 0.87 1.00 0.94 0.93 0.88 1.00 0.88
0.80 0.94 0.94 0.93 0.70 0.90 0.94 0.92 0.89 0.93 0.94 0.94 0.93 0.96 0.96 0.95 0.70 0.96 0.83 1.00 0.96 0.96 0.96 0.96 0.73 0.88 1.00 0.68 0.94 1.00 0.98 0.98 0.96 1.00 0.98 0.98 0.95 1.00 0.95
0.62 0.80 0.80 0.78 0.51 0.75 0.80 0.77 0.74 0.80 0.81 0.82 0.80 0.87 0.86 0.83 0.54 0.86 0.73 0.98 0.87 0.87 0.86 0.86 0.55 0.73 0.98 0.54 0.86 1.00 0.94 0.94 0.86 1.00 0.94 0.94 0.88 1.00 0.88
0.75 0.90 0.90 0.88 0.63 0.85 0.90 0.88 0.85 0.89 0.90 0.91 0.89 0.94 0.93 0.92 0.66 0.93 0.80 0.99 0.94 0.94 0.93 0.93 0.68 0.83 0.99 0.64 0.92 1.00 0.97 0.97 0.93 1.00 0.97 0.97 0.93 1.00 0.93
0.43 0.60 0.60 0.57 0.31 0.57 0.60 0.57 0.52 0.63 0.61 0.63 0.63 0.70 0.69 0.66 0.39 0.72 0.62 0.97 0.70 0.70 0.70 0.72 0.36 0.55 0.97 0.39 0.75 1.00 0.90 0.88 0.72 1.00 0.90 0.89 0.78 1.00 0.78
0.39 0.55 0.55 0.53 0.28 0.52 0.55 0.52 0.48 0.59 0.57 0.58 0.59 0.67 0.65 0.62 0.36 0.69 0.61 0.96 0.67 0.67 0.66 0.69 0.33 0.53 0.96 0.36 0.73 1.00 0.88 0.86 0.69 1.00 0.88 0.87 0.75 1.00 0.75
0.68 0.86 0.86 0.84 0.57 0.80 0.86 0.83 0.80 0.85 0.86 0.87 0.85 0.91 0.91 0.88 0.60 0.91 0.76 0.99 0.91 0.91 0.91 0.91 0.61 0.78 0.99 0.58 0.89 1.00 0.96 0.95 0.91 1.00 0.96 0.95 0.91 1.00 0.91
0.40 0.56 0.56 0.53 0.28 0.54 0.56 0.52 0.48 0.61 0.57 0.59 0.61 0.68 0.67 0.63 0.36 0.69 0.61 0.96 0.68 0.68 0.67 0.69 0.35 0.53 0.96 0.37 0.74 1.00 0.89 0.87 0.69 1.00 0.89 0.88 0.76 1.00 0.76
0.65 0.82 0.82 0.80 0.54 0.78 0.82 0.80 0.76 0.82 0.83 0.84 0.82 0.89 0.88 0.85 0.56 0.88 0.74 0.99 0.89 0.89 0.89 0.88 0.57 0.75 0.99 0.55 0.87 1.00 0.95 0.94 0.88 1.00 0.95 0.94 0.89 1.00 0.89
0.71 0.88 0.88 0.86 0.61 0.83 0.88 0.86 0.82 0.87 0.89 0.89 0.87 0.92 0.92 0.90 0.63 0.93 0.78 0.99 0.92 0.92 0.92 0.93 0.64 0.81 0.99 0.62 0.91 1.00 0.97 0.96 0.93 1.00 0.97 0.96 0.93 1.00 0.93
0.37 0.54 0.54 0.51 0.27 0.52 0.54 0.51 0.47 0.59 0.55 0.57 0.59 0.66 0.64 0.60 0.34 0.67 0.59 0.96 0.66 0.66 0.65 0.67 0.32 0.51 0.96 0.35 0.72 1.00 0.88 0.86 0.67 1.00 0.88 0.86 0.75 1.00 0.75
0.96 1.00 1.00 1.00 0.91 0.99 1.00 0.99 0.99 1.00 1.00 1.00 1.00 1.00 1.00 1.00 0.89 1.00 0.95 1.00 1.00 1.00 1.00 1.00 0.95 0.99 1.00 0.91 0.99 1.00 1.00 1.00 1.00 1.00 1.00 1.00 1.00 1.00 1.00
0.75 0.90 0.90 0.88 0.62 0.85 0.90 0.87 0.84 0.88 0.90 0.91 0.88 0.94 0.93 0.91 0.64 0.94 0.79 0.99 0.94 0.94 0.94 0.94 0.67 0.83 0.99 0.64 0.91 1.00 0.97 0.97 0.94 1.00 0.97 0.97 0.93 1.00 0.93
0.76 0.91 0.91 0.89 0.65 0.87 0.91 0.89 0.86 0.90 0.91 0.92 0.90 0.95 0.94 0.93 0.66 0.95 0.80 0.99 0.95 0.95 0.95 0.95 0.70 0.84 0.99 0.65 0.92 1.00 0.97 0.97 0.95 1.00 0.97 0.97 0.94 1.00 0.94
0.78 0.92 0.92 0.90 0.67 0.88 0.92 0.90 0.87 0.91 0.92 0.93 0.91 0.95 0.95 0.93 0.68 0.95 0.82 0.99 0.95 0.95 0.95 0.95 0.71 0.85 0.99 0.68 0.93 1.00 0.98 0.97 0.95 1.00 0.98 0.97 0.94 1.00 0.94
0.55 0.72 0.72 0.70 0.42 0.68 0.72 0.69 0.65 0.74 0.73 0.74 0.74 0.81 0.80 0.77 0.48 0.81 0.69 0.98 0.81 0.81 0.80 0.81 0.47 0.66 0.98 0.48 0.82 1.00 0.92 0.91 0.81 1.00 0.92 0.91 0.83 1.00 0.83
0.68 0.84 0.84 0.82 0.56 0.80 0.84 0.82 0.78 0.84 0.85 0.86 0.84 0.90 0.90 0.87 0.58 0.90 0.76 0.99 0.90 0.90 0.90 0.90 0.59 0.76 0.99 0.57 0.88 1.00 0.95 0.95 0.90 1.00 0.95 0.95 0.90 1.00 0.90
0.81 0.94 0.94 0.93 0.71 0.90 0.94 0.92 0.90 0.93 0.94 0.95 0.93 0.97 0.97 0.95 0.71 0.97 0.83 1.00 0.97 0.97 0.97 0.97 0.74 0.88 1.00 0.70 0.94 1.00 0.98 0.98 0.97 1.00 0.98 0.98 0.95 1.00 0.95
0.66 0.83 0.83 0.81 0.55 0.79 0.83 0.81 0.78 0.84 0.84 0.85 0.84 0.89 0.89 0.86 0.57 0.89 0.75 0.99 0.89 0.89 0.89 0.89 0.59 0.75 0.99 0.57 0.87 1.00 0.95 0.95 0.89 1.00 0.95 0.95 0.89 1.00 0.89
0.95 1.00 1.00 0.99 0.90 0.99 1.00 0.99 0.99 0.99 1.00 1.00 0.99 1.00 1.00 1.00 0.89 1.00 0.95 1.00 1.00 1.00 1.00 1.00 0.94 0.98 1.00 0.90 0.99 1.00 1.00 1.00 1.00 1.00 1.00 1.00 0.99 1.00 0.99
0.70 0.86 0.86 0.84 0.58 0.82 0.86 0.84 0.80 0.87 0.87 0.88 0.87 0.92 0.91 0.89 0.62 0.91 0.77 0.99 0.92 0.92 0.92 0.91 0.63 0.80 0.99 0.60 0.90 1.00 0.96 0.95 0.91 1.00 0.96 0.96 0.91 1.00 0.91
0.93 0.99 0.99 0.99 0.89 0.98 0.99 0.99 0.98 0.99 0.99 1.00 0.99 1.00 1.00 0.99 0.87 1.00 0.93 1.00 1.00 1.00 1.00 1.00 0.91 0.97 1.00 0.87 0.99 1.00 1.00 1.00 1.00 1.00 1.00 1.00 0.99 1.00 0.99
0.96 1.00 1.00 1.00 0.93 0.99 1.00 1.00 0.99 1.00 1.00 1.00 1.00 1.00 1.00 1.00 0.91 1.00 0.96 1.00 1.00 1.00 1.00 1.00 0.96 0.99 1.00 0.93 1.00 1.00 1.00 1.00 1.00 1.00 1.00 1.00 1.00 1.00 1.00
0.41 0.58 0.58 0.56 0.30 0.55 0.58 0.55 0.51 0.62 0.60 0.61 0.62 0.69 0.67 0.64 0.36 0.70 0.61 0.96 0.69 0.69 0.68 0.70 0.35 0.55 0.96 0.38 0.74 1.00 0.88 0.87 0.70 1.00 0.88 0.87 0.75 1.00 0.75
0.87 0.98 0.98 0.97 0.80 0.95 0.98 0.96 0.95 0.97 0.98 0.98 0.97 0.99 0.99 0.98 0.77 0.99 0.88 1.00 0.99 0.99 0.99 0.99 0.84 0.93 1.00 0.78 0.97 1.00 0.99 0.99 0.99 1.00 0.99 0.99 0.98 1.00 0.98
0.72 0.88 0.88 0.86 0.61 0.83 0.88 0.85 0.82 0.87 0.88 0.89 0.87 0.92 0.92 0.89 0.62 0.92 0.78 0.99 0.92 0.92 0.92 0.92 0.64 0.80 0.99 0.61 0.90 1.00 0.96 0.96 0.92 1.00 0.96 0.96 0.92 1.00 0.92
0.43 0.60 0.60 0.57 0.32 0.57 0.60 0.57 0.53 0.63 0.62 0.64 0.63 0.71 0.70 0.66 0.39 0.72 0.62 0.97 0.71 0.71 0.71 0.72 0.38 0.56 0.97 0.40 0.75 1.00 0.90 0.88 0.72 1.00 0.90 0.89 0.78 1.00 0.78
0.39 0.56 0.56 0.54 0.28 0.54 0.56 0.53 0.49 0.61 0.58 0.59 0.61 0.68 0.66 0.63 0.36 0.69 0.61 0.96 0.68 0.68 0.67 0.69 0.34 0.53 0.96 0.38 0.72 1.00 0.88 0.86 0.69 1.00 0.88 0.87 0.75 1.00 0.75
0.47 0.65 0.65 0.63 0.36 0.61 0.65 0.62 0.58 0.67 0.67 0.69 0.67 0.75 0.75 0.71 0.43 0.77 0.65 0.97 0.75 0.75 0.75 0.77 0.41 0.61 0.97 0.43 0.78 1.00 0.91 0.90 0.77 1.00 0.91 0.90 0.81 1.00 0.81
0.65 0.81 0.81 0.80 0.52 0.77 0.81 0.79 0.75 0.82 0.83 0.84 0.82 0.88 0.88 0.85 0.57 0.88 0.74 0.99 0.88 0.88 0.88 0.88 0.58 0.75 0.99 0.56 0.87 1.00 0.95 0.94 0.88 1.00 0.95 0.94 0.89 1.00 0.89
0.76 0.90 0.90 0.88 0.64 0.86 0.90 0.88 0.85 0.90 0.91 0.91 0.90 0.94 0.94 0.92 0.65 0.94 0.81 0.99 0.94 0.94 0.94 0.94 0.68 0.83 0.99 0.65 0.92 1.00 0.97 0.97 0.94 1.00 0.97 0.97 0.93 1.00 0.93
0.73 0.88 0.88 0.87 0.60 0.83 0.88 0.86 0.83 0.88 0.89 0.90 0.88 0.93 0.93 0.90 0.64 0.93 0.79 0.99 0.93 0.93 0.93 0.93 0.66 0.82 0.99 0.63 0.91 1.00 0.96 0.96 0.93 1.00 0.96 0.96 0.92 1.00 0.92
0.79 0.93 0.93 0.92 0.69 0.89 0.93 0.92 0.89 0.93 0.93 0.94 0.93 0.96 0.96 0.94 0.68 0.96 0.82 0.99 0.96 0.96 0.96 0.96 0.73 0.86 0.99 0.68 0.94 1.00 0.98 0.98 0.96 1.00 0.98 0.98 0.95 1.00 0.95
0.73 0.88 0.88 0.86 0.61 0.83 0.88 0.86 0.82 0.87 0.89 0.89 0.87 0.92 0.92 0.90 0.63 0.92 0.78 0.99 0.92 0.92 0.92 0.92 0.65 0.81 0.99 0.61 0.91 1.00 0.96 0.96 0.92 1.00 0.96 0.96 0.92 1.00 0.92
0.72 0.88 0.88 0.86 0.61 0.84 0.88 0.86 0.83 0.88 0.89 0.89 0.88 0.92 0.92 0.90 0.63 0.93 0.79 0.99 0.92 0.92 0.92 0.93 0.64 0.81 0.99 0.61 0.90 1.00 0.96 0.96 0.93 1.00 0.96 0.96 0.92 1.00 0.92
0.95 1.00 1.00 0.99 0.91 0.99 1.00 0.99 0.99 1.00 1.00 1.00 1.00 1.00 1.00 1.00 0.91 1.00 0.95 1.00 1.00 1.00 1.00 1.00 0.95 0.99 1.00 0.91 0.99 1.00 1.00 1.00 1.00 1.00 1.00 1.00 1.00 1.00 1.00
0.64 0.82 0.82 0.79 0.52 0.77 0.82 0.79 0.75 0.82 0.82 0.83 0.82 0.88 0.88 0.85 0.57 0.88 0.74 0.98 0.88 0.88 0.88 0.88 0.57 0.75 0.98 0.56 0.87 1.00 0.95 0.94 0.88 1.00 0.95 0.94 0.89 1.00 0.89
0.56 0.74 0.74 0.72 0.43 0.70 0.74 0.71 0.67 0.75 0.75 0.77 0.75 0.82 0.81 0.78 0.49 0.82 0.71 0.98 0.82 0.82 0.82 0.82 0.48 0.67 0.98 0.49 0.82 1.00 0.92 0.91 0.82 1.00 0.92 0.92 0.84 1.00 0.84
0.56 0.73 0.73 0.71 0.43 0.69 0.73 0.70 0.66 0.75 0.74 0.76 0.75 0.81 0.80 0.77 0.48 0.81 0.69 0.98 0.81 0.81 0.81 0.81 0.48 0.67 0.98 0.47 0.82 1.00 0.92 0.92 0.81 1.00 0.92 0.92 0.84 1.00 0.84
0.76 0.91 0.91 0.89 0.65 0.87 0.91 0.88 0.85 0.90 0.91 0.92 0.90 0.94 0.94 0.92 0.66 0.94 0.81 0.99 0.94 0.94 0.94 0.94 0.69 0.85 0.99 0.65 0.93 1.00 0.97 0.97 0.94 1.00 0.97 0.97 0.94 1.00 0.94
0.57 0.74 0.74 0.72 0.44 0.70 0.74 0.71 0.67 0.76 0.76 0.77 0.76 0.83 0.82 0.78 0.49 0.83 0.71 0.98 0.83 0.83 0.83 0.83 0.49 0.68 0.98 0.49 0.83 1.00 0.93 0.92 0.83 1.00 0.93 0.92 0.85 1.00 0.85
0.48 0.66 0.66 0.64 0.36 0.63 0.66 0.63 0.59 0.69 0.67 0.69 0.69 0.76 0.75 0.72 0.44 0.78 0.65 0.97 0.76 0.76 0.75 0.78 0.42 0.61 0.97 0.43 0.78 1.00 0.91 0.90 0.78 1.00 0.91 0.90 0.81 1.00 0.81
0.76 0.91 0.91 0.89 0.65 0.87 0.91 0.89 0.86 0.90 0.91 0.92 0.90 0.94 0.94 0.92 0.66 0.94 0.80 0.99 0.94 0.94 0.94 0.94 0.69 0.83 0.99 0.65 0.92 1.00 0.97 0.97 0.94 1.00 0.97 0.97 0.94 1.00 0.94
0.71 0.87 0.87 0.85 0.59 0.82 0.87 0.85 0.82 0.87 0.88 0.89 0.87 0.92 0.92 0.90 0.62 0.92 0.78 0.99 0.92 0.92 0.92 0.92 0.62 0.80 0.99 0.60 0.90 1.00 0.96 0.96 0.92 1.00 0.96 0.96 0.92 1.00 0.92
0.62 0.80 0.80 0.77 0.50 0.74 0.80 0.76 0.73 0.80 0.81 0.82 0.80 0.87 0.86 0.83 0.54 0.87 0.72 0.99 0.87 0.87 0.86 0.87 0.54 0.72 0.99 0.53 0.86 1.00 0.94 0.93 0.87 1.00 0.94 0.93 0.87 1.00 0.87
0.78 0.92 0.92 0.91 0.67 0.88 0.92 0.90 0.87 0.91 0.92 0.93 0.91 0.95 0.95 0.93 0.67 0.95 0.81 0.99 0.95 0.95 0.95 0.95 0.70 0.85 0.99 0.67 0.93 1.00 0.97 0.97 0.95 1.00 0.97 0.97 0.94 1.00 0.94
0.95 1.00 1.00 0.99 0.90 0.99 1.00 0.99 0.99 0.99 1.00 1.00 0.99 1.00 1.00 1.00 0.88 1.00 0.95 1.00 1.00 1.00 1.00 1.00 0.94 0.98 1.00 0.90 0.99 1.00 1.00 1.00 1.00 1.00 1.00 1.00 0.99 1.00 0.99
0.43 0.60 0.60 0.58 0.31 0.57 0.60 0.57 0.53 0.64 0.62 0.63 0.64 0.72 0.70 0.65 0.38 0.72 0.63 0.97 0.72 0.72 0.71 0.72 0.38 0.56 0.97 0.40 0.75 1.00 0.89 0.87 0.72 1.00 0.89 0.88 0.77 1.00 0.77
0.75 0.90 0.90 0.89 0.65 0.85 0.90 0.88 0.86 0.89 0.91 0.91 0.89 0.94 0.94 0.92 0.66 0.94 0.80 0.99 0.94 0.94 0.94 0.94 0.68 0.83 0.99 0.64 0.92 1.00 0.97 0.96 0.94 1.00 0.97 0.97 0.94 1.00 0.94
0.73 0.89 0.89 0.87 0.61 0.84 0.89 0.86 0.83 0.88 0.89 0.90 0.88 0.93 0.93 0.91 0.63 0.93 0.79 0.99 0.93 0.93 0.93 0.93 0.65 0.82 0.99 0.62 0.91 1.00 0.96 0.96 0.93 1.00 0.96 0.96 0.93 1.00 0.93
0.39 0.55 0.55 0.53 0.27 0.53 0.55 0.52 0.47 0.59 0.57 0.59 0.59 0.67 0.65 0.62 0.34 0.69 0.59 0.96 0.67 0.67 0.66 0.69 0.34 0.52 0.96 0.37 0.72 1.00 0.87 0.86 0.69 1.00 0.87 0.86 0.75 1.00 0.75
0.96 1.00 1.00 1.00 0.92 0.99 1.00 1.00 0.99 1.00 1.00 1.00 1.00 1.00 1.00 1.00 0.91 1.00 0.96 1.00 1.00 1.00 1.00 1.00 0.95 0.99 1.00 0.92 0.99 1.00 1.00 1.00 1.00 1.00 1.00 1.00 1.00 1.00 1.00
0.60 0.77 0.77 0.75 0.47 0.74 0.77 0.74 0.70 0.79 0.79 0.80 0.79 0.85 0.84 0.81 0.52 0.85 0.72 0.98 0.85 0.85 0.85 0.85 0.52 0.72 0.98 0.52 0.85 1.00 0.94 0.93 0.85 1.00 0.94 0.93 0.86 1.00 0.86
0.55 0.72 0.72 0.70 0.42 0.68 0.72 0.69 0.65 0.74 0.74 0.75 0.74 0.80 0.79 0.77 0.47 0.81 0.68 0.97 0.80 0.80 0.80 0.81 0.46 0.65 0.97 0.47 0.81 1.00 0.92 0.91 0.81 1.00 0.92 0.91 0.84 1.00 0.84
0.47 0.64 0.64 0.62 0.35 0.62 0.64 0.61 0.57 0.68 0.66 0.68 0.68 0.75 0.74 0.70 0.42 0.76 0.65 0.97 0.75 0.75 0.74 0.76 0.41 0.61 0.97 0.42 0.78 1.00 0.90 0.89 0.76 1.00 0.90 0.89 0.80 1.00 0.80
0.89 0.98 0.98 0.97 0.81 0.96 0.98 0.97 0.95 0.98 0.98 0.98 0.98 0.99 0.99 0.98 0.80 0.99 0.90 1.00 0.99 0.99 0.99 0.99 0.85 0.94 1.00 0.80 0.98 1.00 0.99 0.99 0.99 1.00 0.99 0.99 0.98 1.00 0.98
0.78 0.92 0.92 0.91 0.67 0.87 0.92 0.90 0.88 0.91 0.92 0.93 0.91 0.95 0.95 0.94 0.68 0.95 0.82 0.99 0.95 0.95 0.95 0.95 0.71 0.86 0.99 0.67 0.93 1.00 0.98 0.97 0.95 1.00 0.98 0.97 0.95 1.00 0.95
0.88 0.97 0.97 0.97 0.79 0.95 0.97 0.97 0.95 0.97 0.98 0.98 0.97 0.99 0.99 0.98 0.78 0.98 0.89 1.00 0.99 0.99 0.99 0.98 0.83 0.93 1.00 0.79 0.97 1.00 0.99 0.99 0.98 1.00 0.99 0.99 0.98 1.00 0.98
0.85 0.96 0.96 0.95 0.77 0.93 0.96 0.95 0.93 0.96 0.97 0.97 0.96 0.98 0.98 0.97 0.76 0.98 0.86 1.00 0.98 0.98 0.98 0.98 0.80 0.92 1.00 0.75 0.96 1.00 0.99 0.99 0.98 1.00 0.99 0.99 0.97 1.00 0.97
0.94 1.00 1.00 0.99 0.88 0.98 1.00 0.99 0.99 0.99 1.00 1.00 0.99 1.00 1.00 1.00 0.88 1.00 0.94 1.00 1.00 1.00 1.00 1.00 0.93 0.98 1.00 0.89 0.99 1.00 1.00 1.00 1.00 1.00 1.00 1.00 0.99 1.00 0.99
0.74 0.89 0.89 0.87 0.61 0.84 0.89 0.86 0.83 0.89 0.90 0.90 0.89 0.93 0.93 0.90 0.63 0.93 0.80 0.99 0.93 0.93 0.93 0.93 0.66 0.81 0.99 0.63 0.91 1.00 0.97 0.96 0.93 1.00 0.97 0.96 0.92 1.00 0.92
0.80 0.93 0.93 0.91 0.69 0.89 0.93 0.91 0.88 0.93 0.93 0.94 0.93 0.96 0.96 0.94 0.70 0.95 0.83 0.99 0.96 0.96 0.96 0.95 0.73 0.87 0.99 0.69 0.94 1.00 0.98 0.97 0.95 1.00 0.98 0.97 0.95 1.00 0.95
0.47 0.64 0.64 0.61 0.35 0.60 0.64 0.61 0.56 0.66 0.65 0.67 0.66 0.75 0.73 0.70 0.41 0.75 0.64 0.97 0.75 0.75 0.74 0.75 0.40 0.59 0.97 0.41 0.77 1.00 0.90 0.89 0.75 1.00 0.90 0.89 0.80 1.00 0.80
0.87 0.97 0.97 0.96 0.79 0.94 0.97 0.96 0.94 0.97 0.97 0.98 0.97 0.99 0.98 0.98 0.78 0.98 0.88 1.00 0.99 0.99 0.99 0.98 0.82 0.93 1.00 0.77 0.97 1.00 0.99 0.99 0.98 1.00 0.99 0.99 0.98 1.00 0.98
0.70 0.87 0.87 0.85 0.59 0.82 0.87 0.84 0.81 0.86 0.88 0.88 0.86 0.92 0.91 0.89 0.61 0.91 0.77 0.99 0.92 0.92 0.92 0.91 0.63 0.79 0.99 0.60 0.90 1.00 0.96 0.96 0.91 1.00 0.96 0.96 0.91 1.00 0.91
0.47 0.65 0.65 0.62 0.35 0.62 0.65 0.61 0.57 0.68 0.67 0.68 0.68 0.75 0.74 0.70 0.43 0.76 0.66 0.97 0.75 0.75 0.75 0.76 0.42 0.61 0.97 0.43 0.79 1.00 0.90 0.89 0.76 1.00 0.90 0.90 0.80 1.00 0.80
0.79 0.92 0.92 0.91 0.68 0.88 0.92 0.91 0.88 0.91 0.93 0.93 0.91 0.95 0.95 0.94 0.69 0.95 0.82 1.00 0.95 0.95 0.96 0.95 0.72 0.86 1.00 0.68 0.93 1.00 0.98 0.97 0.95 1.00 0.98 0.97 0.95 1.00 0.95
0.85 0.96 0.96 0.95 0.76 0.93 0.96 0.95 0.93 0.96 0.96 0.97 0.96 0.98 0.98 0.97 0.75 0.98 0.87 1.00 0.98 0.98 0.98 0.98 0.79 0.91 1.00 0.75 0.96 1.00 0.99 0.99 0.98 1.00 0.99 0.99 0.97 1.00 0.97
0.82 0.95 0.95 0.94 0.72 0.91 0.95 0.93 0.91 0.94 0.95 0.95 0.94 0.97 0.97 0.96 0.72 0.97 0.84 1.00 0.97 0.97 0.97 0.97 0.76 0.89 1.00 0.71 0.95 1.00 0.98 0.98 0.97 1.00 0.98 0.98 0.96 1.00 0.96
