0.82 0.95 0.95 1.00 0.63 0.83 0.95 0.97 0.92 0.83 0.89 0.87 0.83 0.84 0.84 0.83 0.48 0.81 0.68 0.79 0.84 0.84 0.84 0.81 0.45 0.60 0.79 0.42 0.71 0.79 0.78 0.78 0.81 0.79 0.78 0.78 0.74 0.79 0.74 0.76 0.51 0.67 0.55 0.65 0.65 0.63 0.65 0.65 0.62 0.63 0.63 0.63 0.09 0.56 0.56 0.56 0.56 0.56 0.12 0.11 0.01 0.06 0.72 0.81 0.81 0.81 0.81 0.82 0.78 0.82 0.82 0.77 0.81 0.77 0.75 0.75 0.57 0.69 0.66 0.71 0.45 0.49 0.49 0.49
0.78 0.94 0.94 1.00 0.58 0.78 0.94 0.96 0.90 0.78 0.86 0.83 0.78 0.78 0.79 0.79 0.43 0.76 0.61 0.72 0.78 0.78 0.79 0.76 0.38 0.52 0.72 0.35 0.65 0.73 0.72 0.72 0.76 0.73 0.72 0.72 0.69 0.73 0.69 0.71 0.44 0.61 0.49 0.59 0.59 0.57 0.59 0.59 0.56 0.57 0.57 0.57 0.06 0.49 0.49 0.49 0.49 0.49 0.09 0.08 0.01 0.05 0.66 0.76 0.76 0.76 0.76 0.77 0.73 0.77 0.77 0.71 0.76 0.72 0.69 0.69 0.51 0.64 0.61 0.66 0.38 0.43 0.43 0.43
0.71 0.92 0.92 1.00 0.54 0.71 0.92 0.95 0.88 0.72 0.82 0.78 0.72 0.72 0.73 0.73 0.36 0.68 0.52 0.64 0.72 0.72 0.72 0.68 0.31 0.43 0.64 0.28 0.54 0.64 0.63 0.63 0.68 0.64 0.63 0.63 0.59 0.64 0.59 0.67 0.37 0.55 0.41 0.52 0.52 0.49 0.52 0.51 0.48 0.49 0.49 0.49 0.04 0.42 0.42 0.42 0.42 0.42 0.07 0.06 0.00 0.04 0.57 0.68 0.68 0.68 0.68 0.70 0.66 0.70 0.70 0.63 0.68 0.64 0.61 0.62 0.42 0.55 0.52 0.58 0.30 0.34 0.34 0.34
0.83 0.95 0.95 1.00 0.62 0.83 0.95 0.97 0.92 0.84 0.89 0.88 0.84 0.84 0.85 0.85 0.51 0.82 0.69 0.80 0.84 0.84 0.85 0.82 0.47 0.61 0.80 0.44 0.73 0.80 0.79 0.79 0.82 0.80 0.79 0.80 0.76 0.80 0.76 0.75 0.50 0.67 0.55 0.65 0.65 0.63 0.65 0.65 0.62 0.63 0.63 0.63 0.09 0.55 0.55 0.55 0.55 0.55 0.13 0.11 0.01 0.06 0.73 0.81 0.81 0.81 0.81 0.83 0.79 0.83 0.83 0.77 0.81 0.78 0.76 0.76 0.58 0.70 0.67 0.72 0.46 0.50 0.50 0.50
0.89 0.97 0.97 1.00 0.69 0.90 0.97 0.98 0.94 0.90 0.93 0.92 0.90 0.90 0.91 0.89 0.57 0.88 0.79 0.88 0.90 0.90 0.91 0.88 0.57 0.72 0.88 0.53 0.82 0.88 0.87 0.87 0.88 0.88 0.87 0.87 0.84 0.88 0.84 0.81 0.60 0.75 0.64 0.74 0.74 0.72 0.74 0.73 0.71 0.72 0.72 0.72 0.15 0.66 0.66 0.66 0.66 0.66 0.18 0.17 0.02 0.09 0.82 0.89 0.89 0.89 0.89 0.89 0.87 0.89 0.89 0.85 0.89 0.86 0.85 0.84 0.68 0.80 0.76 0.82 0.56 0.62 0.62 0.62
0.97 0.99 0.99 1.00 0.83 0.97 0.99 0.99 0.98 0.97 0.98 0.98 0.97 0.98 0.98 0.97 0.73 0.97 0.93 0.97 0.98 0.98 0.98 0.97 0.78 0.90 0.97 0.74 0.95 0.97 0.97 0.97 0.97 0.97 0.97 0.97 0.96 0.97 0.96 0.91 0.80 0.89 0.82 0.89 0.89 0.88 0.89 0.89 0.88 0.88 0.88 0.88 0.31 0.84 0.84 0.84 0.84 0.84 0.33 0.33 0.07 0.17 0.94 0.97 0.97 0.97 0.97 0.97 0.96 0.97 0.97 0.96 0.97 0.96 0.96 0.96 0.85 0.93 0.91 0.94 0.79 0.83 0.83 0.83
0.81 0.95 0.95 1.00 0.61 0.81 0.95 0.96 0.91 0.81 0.88 0.85 0.81 0.81 0.82 0.82 0.47 0.79 0.66 0.77 0.81 0.81 0.82 0.79 0.42 0.57 0.77 0.39 0.68 0.77 0.75 0.75 0.79 0.77 0.75 0.75 0.72 0.77 0.72 0.75 0.48 0.65 0.53 0.63 0.63 0.60 0.63 0.62 0.59 0.60 0.60 0.60 0.08 0.53 0.53 0.53 0.53 0.53 0.10 0.10 0.01 0.06 0.70 0.79 0.79 0.79 0.79 0.80 0.77 0.80 0.80 0.75 0.79 0.75 0.73 0.73 0.55 0.67 0.64 0.70 0.42 0.47 0.47 0.47
1.00 1.00 1.00 1.00 0.95 1.00 1.00 1.00 0.99 1.00 1.00 1.00 1.00 1.00 1.00 1.00 0.90 1.00 0.99 1.00 1.00 1.00 1.00 1.00 0.94 0.98 1.00 0.91 0.99 1.00 1.00 1.00 1.00 1.00 1.00 1.00 0.99 1.00 0.99 0.98 0.95 0.98 0.96 0.98 0.98 0.98 0.98 0.98 0.98 0.98 0.98 0.98 0.61 0.96 0.96 0.96 0.96 0.96 0.59 0.60 0.25 0.36 0.99 1.00 1.00 1.00 1.00 1.00 1.00 1.00 1.00 1.00 1.00 1.00 1.00 1.00 0.97 0.99 0.98 0.99 0.94 0.97 0.97 0.97
0.94 0.98 0.98 1.00 0.76 0.95 0.98 0.99 0.96 0.95 0.96 0.96 0.95 0.95 0.96 0.94 0.67 0.94 0.87 0.94 0.95 0.95 0.95 0.94 0.69 0.83 0.94 0.64 0.90 0.94 0.94 0.94 0.94 0.94 0.94 0.94 0.91 0.94 0.91 0.86 0.71 0.83 0.75 0.83 0.83 0.81 0.83 0.82 0.81 0.81 0.81 0.81 0.23 0.76 0.76 0.76 0.76 0.76 0.26 0.25 0.04 0.13 0.90 0.94 0.94 0.94 0.94 0.95 0.93 0.95 0.95 0.92 0.94 0.93 0.92 0.92 0.79 0.88 0.86 0.89 0.69 0.75 0.75 0.75
0.89 0.97 0.97 1.00 0.70 0.90 0.97 0.98 0.94 0.90 0.93 0.92 0.90 0.91 0.91 0.90 0.59 0.89 0.79 0.88 0.91 0.91 0.91 0.89 0.58 0.72 0.88 0.54 0.82 0.88 0.88 0.88 0.89 0.88 0.88 0.88 0.85 0.88 0.85 0.80 0.60 0.75 0.64 0.73 0.73 0.72 0.73 0.73 0.71 0.72 0.72 0.72 0.14 0.65 0.65 0.65 0.65 0.65 0.17 0.17 0.02 0.09 0.82 0.88 0.88 0.88 0.88 0.89 0.86 0.89 0.89 0.85 0.88 0.86 0.84 0.84 0.69 0.80 0.77 0.81 0.58 0.63 0.63 0.63
0.93 0.98 0.98 1.00 0.75 0.94 0.98 0.99 0.96 0.94 0.96 0.95 0.94 0.95 0.95 0.93 0.66 0.93 0.86 0.93 0.95 0.95 0.95 0.93 0.66 0.80 0.93 0.62 0.88 0.93 0.93 0.93 0.93 0.93 0.93 0.93 0.90 0.93 0.90 0.85 0.69 0.81 0.72 0.81 0.81 0.80 0.81 0.81 0.79 0.80 0.80 0.80 0.21 0.74 0.74 0.74 0.74 0.74 0.24 0.23 0.03 0.12 0.89 0.93 0.93 0.93 0.93 0.94 0.92 0.94 0.94 0.92 0.93 0.92 0.91 0.91 0.77 0.87 0.84 0.88 0.67 0.73 0.73 0.73
0.88 0.97 0.97 1.00 0.68 0.88 0.97 0.98 0.94 0.89 0.92 0.91 0.89 0.89 0.89 0.88 0.57 0.87 0.77 0.86 0.89 0.89 0.89 0.87 0.56 0.70 0.86 0.51 0.80 0.86 0.86 0.86 0.87 0.86 0.86 0.86 0.83 0.86 0.83 0.80 0.58 0.73 0.62 0.72 0.72 0.70 0.72 0.72 0.69 0.70 0.70 0.70 0.13 0.63 0.63 0.63 0.63 0.63 0.17 0.15 0.02 0.08 0.80 0.87 0.87 0.87 0.87 0.88 0.85 0.88 0.88 0.84 0.87 0.84 0.83 0.83 0.66 0.77 0.74 0.79 0.55 0.60 0.60 0.60
0.96 0.99 0.99 1.00 0.80 0.96 0.99 0.99 0.97 0.96 0.97 0.97 0.96 0.97 0.97 0.96 0.71 0.96 0.90 0.96 0.97 0.97 0.97 0.96 0.75 0.87 0.96 0.70 0.92 0.96 0.96 0.96 0.96 0.96 0.96 0.96 0.94 0.96 0.94 0.89 0.76 0.86 0.78 0.85 0.85 0.85 0.85 0.85 0.84 0.85 0.85 0.85 0.26 0.80 0.80 0.80 0.80 0.80 0.29 0.29 0.06 0.15 0.92 0.96 0.96 0.96 0.96 0.96 0.95 0.96 0.96 0.95 0.96 0.95 0.94 0.94 0.83 0.91 0.88 0.92 0.75 0.80 0.80 0.80
0.99 1.00 1.00 1.00 0.93 1.00 1.00 1.00 0.99 1.00 1.00 1.00 1.00 1.00 1.00 0.99 0.87 1.00 0.98 1.00 1.00 1.00 1.00 1.00 0.92 0.97 1.00 0.87 0.99 1.00 1.00 1.00 1.00 1.00 1.00 1.00 0.99 1.00 0.99 0.97 0.92 0.97 0.93 0.97 0.97 0.96 0.97 0.97 0.96 0.96 0.96 0.96 0.55 0.95 0.95 0.95 0.95 0.95 0.53 0.54 0.20 0.31 0.99 1.00 1.00 1.00 1.00 1.00 0.99 1.00 1.00 0.99 1.00 0.99 0.99 0.99 0.95 0.98 0.98 0.99 0.92 0.95 0.95 0.95
0.99 1.00 1.00 1.00 0.94 1.00 1.00 1.00 0.99 1.00 1.00 1.00 1.00 1.00 1.00 1.00 0.88 1.00 0.98 1.00 1.00 1.00 1.00 1.00 0.93 0.98 1.00 0.89 0.99 1.00 1.00 1.00 1.00 1.00 1.00 1.00 0.99 1.00 0.99 0.97 0.94 0.97 0.95 0.97 0.97 0.97 0.97 0.97 0.97 0.97 0.97 0.97 0.57 0.96 0.96 0.96 0.96 0.96 0.55 0.56 0.21 0.32 0.99 1.00 1.00 1.00 1.00 1.00 0.99 1.00 1.00 1.00 1.00 0.99 0.99 0.99 0.96 0.99 0.98 0.99 0.93 0.96 0.96 0.96
0.97 0.99 0.99 1.00 0.83 0.97 0.99 0.99 0.97 0.98 0.98 0.98 0.98 0.98 0.98 0.97 0.75 0.97 0.93 0.98 0.98 0.98 0.98 0.97 0.79 0.90 0.98 0.73 0.95 0.98 0.97 0.97 0.97 0.98 0.97 0.97 0.96 0.98 0.96 0.91 0.80 0.89 0.83 0.89 0.89 0.88 0.89 0.89 0.88 0.88 0.88 0.88 0.32 0.84 0.84 0.84 0.84 0.84 0.33 0.34 0.07 0.17 0.95 0.97 0.97 0.97 0.97 0.98 0.97 0.98 0.98 0.97 0.97 0.96 0.96 0.96 0.86 0.93 0.91 0.94 0.79 0.84 0.84 0.84
0.87 0.96 0.96 1.00 0.67 0.87 0.96 0.98 0.93 0.88 0.92 0.90 0.88 0.88 0.88 0.87 0.54 0.85 0.75 0.84 0.88 0.88 0.88 0.85 0.52 0.67 0.84 0.49 0.77 0.85 0.84 0.84 0.85 0.85 0.84 0.84 0.81 0.85 0.81 0.78 0.56 0.71 0.60 0.70 0.70 0.68 0.70 0.69 0.67 0.68 0.68 0.68 0.12 0.61 0.61 0.61 0.61 0.61 0.15 0.14 0.01 0.07 0.78 0.86 0.86 0.86 0.86 0.87 0.83 0.87 0.87 0.83 0.86 0.83 0.82 0.82 0.64 0.75 0.72 0.77 0.52 0.57 0.57 0.57
0.87 0.96 0.96 1.00 0.67 0.87 0.96 0.98 0.93 0.88 0.92 0.90 0.88 0.88 0.89 0.88 0.55 0.86 0.75 0.85 0.88 0.88 0.88 0.86 0.53 0.67 0.85 0.49 0.78 0.85 0.84 0.84 0.86 0.85 0.84 0.84 0.81 0.85 0.81 0.78 0.57 0.72 0.61 0.70 0.70 0.69 0.70 0.70 0.68 0.69 0.69 0.69 0.13 0.62 0.62 0.62 0.62 0.62 0.16 0.14 0.02 0.08 0.79 0.86 0.86 0.86 0.86 0.87 0.84 0.87 0.87 0.83 0.86 0.83 0.82 0.82 0.64 0.76 0.72 0.77 0.53 0.58 0.58 0.58
0.93 0.98 0.98 1.00 0.75 0.94 0.98 0.99 0.96 0.94 0.96 0.95 0.94 0.95 0.95 0.94 0.66 0.93 0.86 0.93 0.95 0.95 0.95 0.93 0.66 0.81 0.93 0.62 0.88 0.93 0.93 0.93 0.93 0.93 0.93 0.93 0.90 0.93 0.90 0.85 0.69 0.82 0.72 0.81 0.81 0.80 0.81 0.81 0.79 0.80 0.80 0.80 0.21 0.74 0.74 0.74 0.74 0.74 0.24 0.23 0.04 0.13 0.88 0.93 0.93 0.93 0.93 0.94 0.92 0.94 0.94 0.92 0.93 0.92 0.91 0.91 0.77 0.86 0.84 0.87 0.67 0.73 0.73 0.73
0.79 0.94 0.94 1.00 0.60 0.79 0.94 0.96 0.90 0.79 0.86 0.84 0.79 0.80 0.81 0.80 0.45 0.76 0.62 0.74 0.80 0.80 0.81 0.76 0.40 0.54 0.74 0.37 0.65 0.74 0.72 0.72 0.76 0.74 0.72 0.72 0.69 0.74 0.69 0.73 0.46 0.63 0.50 0.61 0.61 0.58 0.61 0.60 0.57 0.58 0.58 0.58 0.07 0.50 0.50 0.50 0.50 0.50 0.10 0.09 0.01 0.06 0.67 0.77 0.77 0.77 0.77 0.78 0.75 0.78 0.78 0.72 0.77 0.73 0.71 0.71 0.52 0.65 0.62 0.67 0.39 0.44 0.44 0.44
0.95 0.99 0.99 1.00 0.78 0.95 0.99 0.99 0.96 0.96 0.96 0.96 0.96 0.96 0.96 0.95 0.68 0.95 0.89 0.95 0.96 0.96 0.96 0.95 0.71 0.84 0.95 0.67 0.90 0.95 0.94 0.94 0.95 0.95 0.94 0.94 0.92 0.95 0.92 0.87 0.73 0.84 0.76 0.84 0.84 0.83 0.84 0.84 0.82 0.83 0.83 0.83 0.24 0.77 0.77 0.77 0.77 0.77 0.26 0.26 0.04 0.14 0.91 0.95 0.95 0.95 0.95 0.95 0.93 0.95 0.95 0.94 0.95 0.94 0.93 0.93 0.81 0.89 0.87 0.90 0.72 0.76 0.76 0.76
0.84 0.95 0.95 1.00 0.64 0.85 0.95 0.97 0.92 0.86 0.90 0.88 0.86 0.86 0.87 0.85 0.51 0.83 0.72 0.81 0.86 0.86 0.86 0.83 0.49 0.63 0.81 0.45 0.74 0.82 0.81 0.81 0.83 0.82 0.81 0.81 0.77 0.82 0.77 0.76 0.53 0.68 0.57 0.67 0.67 0.65 0.67 0.66 0.64 0.65 0.65 0.65 0.11 0.58 0.58 0.58 0.58 0.58 0.13 0.13 0.01 0.07 0.75 0.84 0.84 0.84 0.84 0.85 0.82 0.85 0.85 0.80 0.84 0.81 0.79 0.79 0.61 0.73 0.70 0.75 0.49 0.54 0.54 0.54
0.73 0.92 0.92 1.00 0.56 0.72 0.92 0.95 0.89 0.73 0.83 0.79 0.73 0.73 0.75 0.75 0.39 0.70 0.55 0.66 0.73 0.73 0.74 0.70 0.33 0.46 0.66 0.31 0.57 0.66 0.65 0.65 0.70 0.66 0.65 0.65 0.61 0.66 0.61 0.68 0.39 0.57 0.43 0.54 0.54 0.51 0.54 0.53 0.50 0.51 0.51 0.51 0.05 0.44 0.44 0.44 0.44 0.44 0.07 0.07 0.01 0.04 0.59 0.70 0.70 0.70 0.70 0.72 0.67 0.72 0.72 0.64 0.70 0.65 0.63 0.62 0.45 0.57 0.54 0.59 0.32 0.36 0.36 0.36
0.74 0.93 0.93 1.00 0.56 0.74 0.93 0.96 0.89 0.75 0.84 0.81 0.75 0.75 0.76 0.77 0.40 0.72 0.56 0.67 0.75 0.75 0.76 0.72 0.34 0.47 0.67 0.32 0.58 0.67 0.67 0.66 0.72 0.67 0.67 0.67 0.63 0.67 0.63 0.68 0.40 0.58 0.45 0.55 0.55 0.53 0.55 0.55 0.51 0.53 0.53 0.53 0.05 0.45 0.45 0.45 0.45 0.45 0.08 0.07 0.01 0.04 0.61 0.71 0.71 0.71 0.71 0.73 0.69 0.73 0.73 0.66 0.71 0.67 0.65 0.64 0.46 0.58 0.55 0.61 0.34 0.38 0.38 0.38
0.98 0.99 0.99 1.00 0.86 0.98 0.99 1.00 0.98 0.98 0.98 0.98 0.98 0.98 0.98 0.98 0.77 0.98 0.94 0.98 0.98 0.98 0.98 0.98 0.81 0.92 0.98 0.76 0.96 0.98 0.98 0.98 0.98 0.98 0.98 0.98 0.97 0.98 0.97 0.93 0.83 0.91 0.85 0.91 0.91 0.90 0.91 0.91 0.90 0.90 0.90 0.90 0.35 0.87 0.87 0.87 0.87 0.87 0.36 0.37 0.08 0.19 0.96 0.98 0.98 0.98 0.98 0.98 0.97 0.98 0.98 0.97 0.98 0.97 0.97 0.97 0.88 0.94 0.93 0.95 0.82 0.87 0.87 0.87
0.85 0.96 0.96 1.00 0.64 0.86 0.96 0.97 0.92 0.86 0.91 0.89 0.86 0.86 0.87 0.86 0.52 0.84 0.73 0.83 0.86 0.86 0.87 0.84 0.50 0.65 0.83 0.47 0.76 0.83 0.82 0.82 0.84 0.83 0.82 0.82 0.79 0.83 0.79 0.77 0.54 0.70 0.58 0.68 0.68 0.66 0.68 0.68 0.65 0.66 0.66 0.66 0.11 0.59 0.59 0.59 0.59 0.59 0.14 0.13 0.01 0.07 0.76 0.84 0.84 0.84 0.84 0.85 0.82 0.85 0.85 0.81 0.84 0.81 0.80 0.79 0.62 0.73 0.70 0.75 0.50 0.55 0.55 0.55
0.67 0.90 0.90 1.00 0.51 0.66 0.90 0.95 0.87 0.67 0.80 0.76 0.67 0.68 0.69 0.70 0.34 0.65 0.47 0.59 0.68 0.68 0.69 0.65 0.27 0.38 0.59 0.24 0.49 0.58 0.58 0.58 0.65 0.58 0.58 0.58 0.55 0.58 0.55 0.65 0.34 0.52 0.38 0.49 0.49 0.46 0.49 0.48 0.45 0.46 0.46 0.46 0.04 0.38 0.38 0.38 0.38 0.38 0.06 0.05 0.00 0.03 0.51 0.64 0.64 0.64 0.64 0.66 0.61 0.66 0.66 0.57 0.64 0.59 0.56 0.56 0.38 0.51 0.47 0.53 0.26 0.30 0.30 0.30
0.94 0.98 0.98 1.00 0.75 0.95 0.98 0.99 0.96 0.95 0.96 0.96 0.95 0.95 0.95 0.94 0.67 0.94 0.86 0.94 0.95 0.95 0.95 0.94 0.68 0.82 0.94 0.64 0.89 0.94 0.93 0.93 0.94 0.94 0.93 0.93 0.91 0.94 0.91 0.86 0.70 0.82 0.73 0.82 0.82 0.81 0.82 0.82 0.81 0.81 0.81 0.81 0.22 0.76 0.76 0.76 0.76 0.76 0.24 0.25 0.04 0.13 0.89 0.94 0.94 0.94 0.94 0.94 0.93 0.94 0.94 0.92 0.94 0.92 0.92 0.91 0.78 0.88 0.85 0.89 0.68 0.73 0.73 0.73
0.71 0.92 0.92 1.00 0.52 0.70 0.92 0.95 0.88 0.70 0.81 0.77 0.70 0.70 0.71 0.72 0.36 0.67 0.51 0.62 0.70 0.70 0.71 0.67 0.30 0.42 0.62 0.28 0.54 0.62 0.61 0.61 0.67 0.62 0.61 0.62 0.57 0.62 0.57 0.67 0.36 0.55 0.40 0.51 0.51 0.48 0.51 0.50 0.47 0.48 0.48 0.48 0.04 0.40 0.40 0.40 0.40 0.40 0.07 0.06 0.00 0.03 0.56 0.67 0.67 0.67 0.67 0.69 0.65 0.69 0.69 0.61 0.67 0.62 0.59 0.59 0.41 0.54 0.50 0.56 0.29 0.32 0.32 0.32
0.92 0.98 0.98 1.00 0.73 0.93 0.98 0.98 0.95 0.93 0.95 0.94 0.93 0.94 0.94 0.93 0.64 0.92 0.84 0.92 0.94 0.94 0.94 0.92 0.64 0.79 0.92 0.60 0.87 0.92 0.91 0.91 0.92 0.92 0.91 0.91 0.89 0.92 0.89 0.84 0.66 0.79 0.70 0.78 0.78 0.77 0.78 0.78 0.76 0.77 0.77 0.77 0.18 0.71 0.71 0.71 0.71 0.71 0.22 0.20 0.03 0.11 0.87 0.92 0.92 0.92 0.92 0.92 0.90 0.92 0.92 0.90 0.92 0.90 0.89 0.89 0.74 0.84 0.81 0.86 0.63 0.69 0.69 0.69
0.90 0.97 0.97 1.00 0.71 0.90 0.97 0.98 0.94 0.91 0.94 0.93 0.91 0.92 0.92 0.91 0.60 0.90 0.80 0.89 0.92 0.92 0.92 0.90 0.60 0.74 0.89 0.55 0.83 0.89 0.89 0.89 0.90 0.89 0.89 0.89 0.85 0.89 0.85 0.82 0.63 0.76 0.66 0.75 0.75 0.73 0.75 0.75 0.73 0.73 0.73 0.73 0.15 0.67 0.67 0.67 0.67 0.67 0.19 0.18 0.02 0.10 0.83 0.89 0.89 0.89 0.89 0.90 0.87 0.90 0.90 0.87 0.89 0.87 0.86 0.86 0.70 0.80 0.78 0.82 0.59 0.65 0.65 0.65
0.92 0.98 0.98 1.00 0.73 0.93 0.98 0.98 0.95 0.93 0.95 0.94 0.93 0.93 0.94 0.92 0.63 0.91 0.83 0.92 0.93 0.93 0.93 0.91 0.63 0.78 0.92 0.59 0.86 0.92 0.91 0.91 0.91 0.92 0.91 0.91 0.88 0.92 0.88 0.84 0.66 0.79 0.70 0.78 0.78 0.77 0.78 0.78 0.76 0.77 0.77 0.77 0.18 0.71 0.71 0.71 0.71 0.71 0.21 0.21 0.03 0.11 0.86 0.92 0.92 0.92 0.92 0.92 0.90 0.92 0.92 0.90 0.92 0.90 0.89 0.89 0.74 0.84 0.81 0.85 0.63 0.69 0.69 0.69
0.91 0.97 0.97 1.00 0.73 0.92 0.97 0.99 0.95 0.92 0.95 0.94 0.92 0.93 0.93 0.92 0.63 0.91 0.83 0.91 0.93 0.93 0.93 0.91 0.62 0.77 0.91 0.58 0.85 0.91 0.90 0.90 0.91 0.91 0.90 0.90 0.88 0.91 0.88 0.83 0.65 0.79 0.69 0.77 0.77 0.76 0.77 0.77 0.75 0.76 0.76 0.76 0.17 0.71 0.71 0.71 0.71 0.71 0.21 0.21 0.03 0.10 0.86 0.91 0.91 0.91 0.91 0.92 0.90 0.92 0.92 0.89 0.91 0.89 0.88 0.88 0.74 0.84 0.81 0.85 0.63 0.69 0.69 0.69
0.93 0.98 0.98 1.00 0.75 0.94 0.98 0.99 0.96 0.94 0.96 0.95 0.94 0.94 0.94 0.93 0.65 0.93 0.85 0.93 0.94 0.94 0.94 0.93 0.67 0.80 0.93 0.62 0.88 0.93 0.92 0.92 0.93 0.93 0.92 0.92 0.90 0.93 0.90 0.85 0.68 0.81 0.71 0.80 0.80 0.79 0.80 0.80 0.78 0.79 0.79 0.79 0.20 0.73 0.73 0.73 0.73 0.73 0.23 0.22 0.04 0.12 0.88 0.93 0.93 0.93 0.93 0.94 0.92 0.94 0.94 0.91 0.93 0.91 0.91 0.90 0.77 0.86 0.83 0.87 0.67 0.72 0.72 0.72
0.96 0.99 0.99 1.00 0.80 0.96 0.99 0.99 0.97 0.97 0.98 0.97 0.97 0.97 0.97 0.96 0.71 0.96 0.91 0.96 0.97 0.97 0.97 0.96 0.74 0.87 0.96 0.69 0.93 0.96 0.96 0.96 0.96 0.96 0.96 0.96 0.94 0.96 0.94 0.89 0.76 0.86 0.79 0.86 0.86 0.85 0.86 0.86 0.85 0.85 0.85 0.85 0.27 0.80 0.80 0.80 0.80 0.80 0.29 0.29 0.06 0.15 0.92 0.96 0.96 0.96 0.96 0.96 0.95 0.96 0.96 0.95 0.96 0.95 0.94 0.94 0.83 0.91 0.88 0.92 0.75 0.80 0.80 0.80
0.83 0.95 0.95 1.00 0.64 0.84 0.95 0.97 0.93 0.84 0.90 0.88 0.84 0.85 0.86 0.85 0.51 0.82 0.71 0.81 0.85 0.85 0.85 0.82 0.48 0.63 0.81 0.45 0.73 0.81 0.80 0.80 0.82 0.81 0.80 0.80 0.77 0.81 0.77 0.77 0.53 0.68 0.57 0.66 0.66 0.64 0.66 0.66 0.63 0.64 0.64 0.64 0.10 0.57 0.57 0.57 0.57 0.57 0.13 0.12 0.01 0.07 0.75 0.82 0.82 0.82 0.82 0.83 0.80 0.83 0.83 0.78 0.82 0.78 0.77 0.77 0.60 0.71 0.68 0.73 0.47 0.52 0.52 0.52
0.91 0.97 0.97 1.00 0.71 0.92 0.97 0.98 0.94 0.92 0.94 0.93 0.92 0.92 0.92 0.91 0.62 0.91 0.81 0.90 0.92 0.92 0.92 0.91 0.61 0.76 0.90 0.56 0.84 0.90 0.89 0.89 0.91 0.90 0.89 0.89 0.87 0.90 0.87 0.82 0.63 0.78 0.67 0.77 0.77 0.75 0.77 0.77 0.74 0.75 0.75 0.75 0.17 0.69 0.69 0.69 0.69 0.69 0.21 0.19 0.03 0.10 0.84 0.91 0.91 0.91 0.91 0.91 0.89 0.91 0.91 0.88 0.91 0.89 0.88 0.87 0.72 0.83 0.80 0.84 0.61 0.66 0.66 0.66
1.00 1.00 1.00 1.00 0.93 1.00 1.00 1.00 0.99 1.00 1.00 1.00 1.00 1.00 1.00 1.00 0.87 1.00 0.98 1.00 1.00 1.00 1.00 1.00 0.92 0.97 1.00 0.88 0.99 1.00 1.00 1.00 1.00 1.00 1.00 1.00 0.99 1.00 0.99 0.97 0.93 0.97 0.94 0.97 0.97 0.97 0.97 0.97 0.96 0.97 0.97 0.97 0.55 0.95 0.95 0.95 0.95 0.95 0.53 0.55 0.20 0.31 0.99 1.00 1.00 1.00 1.00 1.00 0.99 1.00 1.00 1.00 1.00 0.99 0.99 0.99 0.95 0.99 0.98 0.99 0.92 0.95 0.95 0.95
0.94 0.98 0.98 1.00 0.77 0.95 0.98 0.99 0.96 0.95 0.96 0.95 0.95 0.95 0.95 0.94 0.67 0.94 0.87 0.94 0.95 0.95 0.95 0.94 0.68 0.82 0.94 0.64 0.90 0.94 0.94 0.94 0.94 0.94 0.94 0.94 0.91 0.94 0.91 0.86 0.70 0.83 0.74 0.82 0.82 0.81 0.82 0.82 0.80 0.81 0.81 0.81 0.21 0.76 0.76 0.76 0.76 0.76 0.26 0.25 0.04 0.13 0.89 0.94 0.94 0.94 0.94 0.94 0.93 0.94 0.94 0.92 0.94 0.92 0.92 0.92 0.79 0.88 0.85 0.88 0.68 0.73 0.73 0.73
0.77 0.94 0.94 1.00 0.58 0.77 0.94 0.96 0.90 0.78 0.85 0.83 0.78 0.78 0.79 0.79 0.43 0.75 0.60 0.72 0.78 0.78 0.79 0.75 0.38 0.51 0.72 0.35 0.63 0.72 0.71 0.71 0.75 0.72 0.71 0.71 0.67 0.72 0.67 0.70 0.43 0.60 0.48 0.57 0.57 0.55 0.57 0.57 0.54 0.55 0.55 0.55 0.06 0.47 0.47 0.47 0.47 0.47 0.09 0.08 0.01 0.05 0.65 0.75 0.75 0.75 0.75 0.76 0.72 0.76 0.76 0.69 0.75 0.70 0.68 0.68 0.49 0.61 0.58 0.64 0.37 0.41 0.41 0.41
0.90 0.98 0.98 1.00 0.70 0.91 0.98 0.98 0.94 0.91 0.94 0.93 0.91 0.92 0.92 0.91 0.60 0.90 0.81 0.89 0.92 0.92 0.92 0.90 0.59 0.74 0.89 0.55 0.83 0.89 0.89 0.89 0.90 0.89 0.89 0.89 0.86 0.89 0.86 0.82 0.62 0.76 0.66 0.75 0.75 0.74 0.75 0.75 0.73 0.74 0.74 0.74 0.16 0.68 0.68 0.68 0.68 0.68 0.19 0.18 0.02 0.10 0.84 0.90 0.90 0.90 0.90 0.91 0.88 0.91 0.91 0.88 0.90 0.87 0.86 0.86 0.70 0.81 0.78 0.83 0.59 0.65 0.65 0.65
0.85 0.96 0.96 1.00 0.64 0.85 0.96 0.97 0.93 0.86 0.90 0.89 0.86 0.86 0.87 0.86 0.52 0.84 0.72 0.82 0.86 0.86 0.87 0.84 0.49 0.64 0.82 0.46 0.74 0.82 0.81 0.81 0.84 0.82 0.81 0.81 0.78 0.82 0.78 0.77 0.54 0.70 0.58 0.68 0.68 0.66 0.68 0.68 0.65 0.66 0.66 0.66 0.10 0.59 0.59 0.59 0.59 0.59 0.14 0.13 0.01 0.07 0.76 0.84 0.84 0.84 0.84 0.85 0.81 0.85 0.85 0.80 0.84 0.81 0.79 0.79 0.61 0.73 0.70 0.75 0.49 0.53 0.53 0.53
0.99 1.00 1.00 1.00 0.89 0.99 1.00 1.00 0.99 0.99 0.99 0.99 0.99 0.99 0.99 0.99 0.82 0.99 0.96 0.99 0.99 0.99 0.99 0.99 0.87 0.95 0.99 0.82 0.98 0.99 0.99 0.99 0.99 0.99 0.99 0.99 0.98 0.99 0.98 0.94 0.88 0.94 0.90 0.94 0.94 0.94 0.94 0.94 0.93 0.94 0.94 0.94 0.44 0.91 0.91 0.91 0.91 0.91 0.44 0.45 0.13 0.24 0.97 0.99 0.99 0.99 0.99 0.99 0.98 0.99 0.99 0.99 0.99 0.98 0.98 0.98 0.92 0.97 0.96 0.97 0.87 0.91 0.91 0.91
0.98 0.99 0.99 1.00 0.85 0.98 0.99 1.00 0.98 0.98 0.99 0.98 0.98 0.99 0.98 0.98 0.77 0.98 0.94 0.98 0.99 0.99 0.99 0.98 0.82 0.92 0.98 0.77 0.96 0.98 0.98 0.98 0.98 0.98 0.98 0.98 0.97 0.98 0.97 0.93 0.83 0.91 0.86 0.91 0.91 0.90 0.91 0.91 0.90 0.90 0.90 0.90 0.37 0.87 0.87 0.87 0.87 0.87 0.38 0.38 0.09 0.21 0.96 0.98 0.98 0.98 0.98 0.98 0.97 0.98 0.98 0.98 0.98 0.97 0.97 0.97 0.89 0.95 0.93 0.96 0.83 0.87 0.87 0.87
0.92 0.98 0.98 1.00 0.74 0.93 0.98 0.99 0.95 0.93 0.95 0.94 0.93 0.94 0.94 0.93 0.63 0.92 0.84 0.92 0.94 0.94 0.94 0.92 0.65 0.79 0.92 0.61 0.87 0.92 0.92 0.92 0.92 0.92 0.92 0.92 0.89 0.92 0.89 0.84 0.67 0.80 0.71 0.79 0.79 0.78 0.79 0.79 0.77 0.78 0.78 0.78 0.19 0.72 0.72 0.72 0.72 0.72 0.22 0.21 0.03 0.11 0.87 0.92 0.92 0.92 0.92 0.93 0.91 0.93 0.93 0.90 0.92 0.90 0.89 0.89 0.75 0.85 0.82 0.86 0.65 0.70 0.70 0.70
0.79 0.94 0.94 1.00 0.59 0.79 0.94 0.96 0.90 0.79 0.87 0.84 0.79 0.80 0.80 0.80 0.44 0.76 0.62 0.74 0.80 0.80 0.80 0.76 0.39 0.54 0.74 0.36 0.65 0.74 0.73 0.73 0.76 0.74 0.73 0.73 0.69 0.74 0.69 0.72 0.45 0.62 0.50 0.60 0.60 0.58 0.60 0.59 0.56 0.58 0.58 0.58 0.07 0.50 0.50 0.50 0.50 0.50 0.10 0.09 0.01 0.05 0.67 0.77 0.77 0.77 0.77 0.78 0.74 0.78 0.78 0.72 0.77 0.73 0.71 0.70 0.52 0.65 0.61 0.67 0.39 0.43 0.43 0.43
0.88 0.97 0.97 1.00 0.69 0.89 0.97 0.98 0.94 0.89 0.92 0.91 0.89 0.89 0.90 0.89 0.57 0.88 0.78 0.87 0.89 0.89 0.90 0.88 0.56 0.72 0.87 0.52 0.81 0.87 0.86 0.86 0.88 0.87 0.86 0.86 0.83 0.87 0.83 0.80 0.60 0.75 0.64 0.74 0.74 0.72 0.74 0.73 0.71 0.72 0.72 0.72 0.14 0.65 0.65 0.65 0.65 0.65 0.17 0.16 0.02 0.09 0.81 0.88 0.88 0.88 0.88 0.88 0.85 0.88 0.88 0.85 0.88 0.85 0.84 0.84 0.67 0.78 0.76 0.80 0.55 0.61 0.61 0.61
0.82 0.95 0.95 1.00 0.62 0.83 0.95 0.97 0.91 0.83 0.89 0.86 0.83 0.83 0.84 0.83 0.49 0.80 0.67 0.78 0.83 0.83 0.84 0.80 0.45 0.59 0.78 0.41 0.70 0.78 0.77 0.77 0.80 0.78 0.77 0.77 0.74 0.78 0.74 0.74 0.50 0.66 0.54 0.64 0.64 0.62 0.64 0.64 0.61 0.62 0.62 0.62 0.09 0.55 0.55 0.55 0.55 0.55 0.12 0.11 0.01 0.06 0.72 0.80 0.80 0.80 0.80 0.82 0.78 0.82 0.82 0.76 0.80 0.77 0.75 0.75 0.57 0.69 0.66 0.71 0.44 0.49 0.49 0.49
0.95 0.99 0.99 1.00 0.79 0.96 0.99 0.99 0.96 0.96 0.97 0.96 0.96 0.96 0.96 0.95 0.69 0.95 0.89 0.95 0.96 0.96 0.96 0.95 0.72 0.85 0.95 0.67 0.91 0.96 0.95 0.95 0.95 0.96 0.95 0.95 0.93 0.96 0.93 0.88 0.74 0.85 0.77 0.84 0.84 0.83 0.84 0.84 0.82 0.83 0.83 0.83 0.26 0.78 0.78 0.78 0.78 0.78 0.28 0.26 0.05 0.14 0.92 0.96 0.96 0.96 0.96 0.96 0.94 0.96 0.96 0.94 0.96 0.94 0.94 0.93 0.81 0.90 0.87 0.91 0.72 0.78 0.78 0.78
1.00 1.00 1.00 1.00 0.94 1.00 1.00 1.00 0.99 1.00 1.00 1.00 1.00 1.00 1.00 1.00 0.89 1.00 0.98 1.00 1.00 1.00 1.00 1.00 0.93 0.98 1.00 0.89 0.99 1.00 1.00 1.00 1.00 1.00 1.00 1.00 0.99 1.00 0.99 0.97 0.94 0.98 0.95 0.98 0.98 0.98 0.98 0.98 0.98 0.98 0.98 0.98 0.58 0.96 0.96 0.96 0.96 0.96 0.56 0.57 0.22 0.34 0.99 1.00 1.00 1.00 1.00 1.00 1.00 1.00 1.00 1.00 1.00 1.00 1.00 1.00 0.96 0.99 0.98 0.99 0.93 0.97 0.97 0.97
0.73 0.92 0.92 1.00 0.55 0.73 0.92 0.96 0.89 0.73 0.83 0.80 0.73 0.74 0.75 0.75 0.40 0.71 0.55 0.67 0.74 0.74 0.74 0.71 0.33 0.45 0.67 0.31 0.57 0.67 0.66 0.65 0.71 0.67 0.66 0.66 0.62 0.67 0.62 0.69 0.40 0.58 0.44 0.55 0.55 0.52 0.55 0.54 0.51 0.52 0.52 0.52 0.05 0.44 0.44 0.44 0.44 0.44 0.08 0.07 0.01 0.04 0.60 0.71 0.71 0.71 0.71 0.73 0.68 0.73 0.73 0.66 0.71 0.67 0.64 0.64 0.46 0.58 0.55 0.61 0.33 0.37 0.37 0.37
0.69 0.91 0.91 1.00 0.53 0.69 0.91 0.94 0.87 0.70 0.81 0.77 0.70 0.70 0.71 0.72 0.36 0.66 0.50 0.62 0.70 0.70 0.71 0.66 0.30 0.42 0.62 0.27 0.52 0.62 0.61 0.61 0.66 0.62 0.61 0.61 0.57 0.62 0.57 0.65 0.35 0.53 0.40 0.50 0.50 0.47 0.50 0.49 0.45 0.47 0.47 0.47 0.04 0.39 0.39 0.39 0.39 0.39 0.06 0.05 0.01 0.03 0.54 0.66 0.66 0.66 0.66 0.68 0.63 0.68 0.68 0.60 0.66 0.61 0.58 0.58 0.40 0.52 0.49 0.55 0.28 0.32 0.32 0.32
0.69 0.91 0.91 1.00 0.52 0.68 0.91 0.95 0.87 0.69 0.80 0.76 0.69 0.69 0.70 0.71 0.35 0.66 0.48 0.61 0.69 0.69 0.70 0.66 0.28 0.40 0.61 0.26 0.52 0.60 0.59 0.59 0.66 0.60 0.59 0.60 0.56 0.60 0.56 0.66 0.35 0.54 0.40 0.50 0.50 0.47 0.50 0.49 0.45 0.47 0.47 0.47 0.04 0.39 0.39 0.39 0.39 0.39 0.07 0.05 0.00 0.04 0.54 0.65 0.65 0.65 0.65 0.68 0.63 0.68 0.68 0.60 0.65 0.61 0.58 0.58 0.40 0.53 0.50 0.55 0.28 0.31 0.31 0.31
0.99 1.00 1.00 1.00 0.93 1.00 1.00 1.00 0.99 1.00 1.00 1.00 1.00 1.00 1.00 0.99 0.87 1.00 0.98 1.00 1.00 1.00 1.00 1.00 0.92 0.97 1.00 0.88 0.99 1.00 1.00 1.00 1.00 1.00 1.00 1.00 0.99 1.00 0.99 0.97 0.93 0.97 0.94 0.97 0.97 0.97 0.97 0.97 0.96 0.97 0.97 0.97 0.56 0.95 0.95 0.95 0.95 0.95 0.54 0.54 0.20 0.31 0.99 1.00 1.00 1.00 1.00 1.00 0.99 1.00 1.00 1.00 1.00 0.99 0.99 0.99 0.95 0.99 0.98 0.99 0.92 0.95 0.95 0.95
1.00 1.00 1.00 1.00 0.96 1.00 1.00 1.00 1.00 1.00 1.00 1.00 1.00 1.00 1.00 1.00 0.91 1.00 0.99 1.00 1.00 1.00 1.00 1.00 0.96 0.98 1.00 0.92 1.00 1.00 1.00 1.00 1.00 1.00 1.00 1.00 1.00 1.00 1.00 0.98 0.96 0.98 0.96 0.98 0.98 0.98 0.98 0.98 0.98 0.98 0.98 0.98 0.65 0.97 0.97 0.97 0.97 0.97 0.62 0.63 0.28 0.39 0.99 1.00 1.00 1.00 1.00 1.00 1.00 1.00 1.00 1.00 1.00 1.00 1.00 1.00 0.97 0.99 0.99 1.00 0.95 0.98 0.98 0.98
0.74 0.93 0.93 1.00 0.56 0.74 0.93 0.95 0.89 0.75 0.84 0.81 0.75 0.75 0.76 0.76 0.40 0.72 0.56 0.68 0.75 0.75 0.76 0.72 0.35 0.48 0.68 0.33 0.60 0.68 0.68 0.68 0.72 0.68 0.68 0.68 0.64 0.68 0.64 0.69 0.40 0.57 0.45 0.54 0.54 0.52 0.54 0.54 0.50 0.52 0.52 0.52 0.05 0.44 0.44 0.44 0.44 0.44 0.08 0.07 0.00 0.04 0.61 0.72 0.72 0.72 0.72 0.74 0.70 0.74 0.74 0.67 0.72 0.68 0.65 0.65 0.46 0.59 0.56 0.62 0.34 0.39 0.39 0.39
0.88 0.97 0.97 1.00 0.68 0.89 0.97 0.98 0.94 0.89 0.92 0.91 0.89 0.89 0.90 0.89 0.57 0.87 0.77 0.87 0.89 0.89 0.90 0.87 0.55 0.71 0.87 0.51 0.80 0.87 0.86 0.86 0.87 0.87 0.86 0.86 0.83 0.87 0.83 0.80 0.59 0.74 0.63 0.72 0.72 0.70 0.72 0.72 0.70 0.70 0.70 0.70 0.13 0.64 0.64 0.64 0.64 0.64 0.17 0.16 0.02 0.09 0.80 0.87 0.87 0.87 0.87 0.88 0.85 0.88 0.88 0.85 0.87 0.85 0.83 0.83 0.66 0.78 0.75 0.79 0.55 0.60 0.60 0.60
0.99 1.00 1.00 1.00 0.90 0.99 1.00 1.00 0.99 0.99 0.99 0.99 0.99 0.99 0.99 0.99 0.83 0.99 0.97 0.99 0.99 0.99 0.99 0.99 0.88 0.96 0.99 0.83 0.98 0.99 0.99 0.99 0.99 0.99 0.99 0.99 0.98 0.99 0.98 0.95 0.89 0.94 0.90 0.94 0.94 0.94 0.94 0.94 0.94 0.94 0.94 0.94 0.45 0.92 0.92 0.92 0.92 0.92 0.46 0.46 0.14 0.25 0.98 0.99 0.99 0.99 0.99 0.99 0.99 0.99 0.99 0.99 0.99 0.99 0.99 0.99 0.93 0.97 0.96 0.98 0.88 0.93 0.93 0.93
0.93 0.98 0.98 1.00 0.75 0.94 0.98 0.99 0.95 0.94 0.96 0.95 0.94 0.94 0.94 0.94 0.65 0.93 0.85 0.93 0.94 0.94 0.94 0.93 0.67 0.81 0.93 0.62 0.88 0.93 0.92 0.92 0.93 0.93 0.92 0.92 0.90 0.93 0.90 0.85 0.69 0.82 0.72 0.80 0.80 0.79 0.80 0.80 0.79 0.79 0.79 0.79 0.20 0.74 0.74 0.74 0.74 0.74 0.23 0.22 0.04 0.12 0.88 0.93 0.93 0.93 0.93 0.94 0.92 0.94 0.94 0.91 0.93 0.91 0.90 0.90 0.77 0.86 0.84 0.87 0.67 0.71 0.71 0.71
0.97 0.99 0.99 1.00 0.83 0.98 0.99 0.99 0.98 0.98 0.98 0.98 0.98 0.98 0.98 0.97 0.75 0.98 0.93 0.97 0.98 0.98 0.98 0.98 0.79 0.90 0.97 0.74 0.95 0.97 0.97 0.97 0.98 0.97 0.97 0.97 0.96 0.97 0.96 0.91 0.79 0.89 0.82 0.88 0.88 0.88 0.88 0.88 0.87 0.88 0.88 0.88 0.32 0.84 0.84 0.84 0.84 0.84 0.33 0.34 0.07 0.18 0.95 0.97 0.97 0.97 0.97 0.97 0.96 0.97 0.97 0.97 0.97 0.96 0.96 0.96 0.86 0.93 0.91 0.94 0.79 0.84 0.84 0.84
0.92 0.98 0.98 1.00 0.74 0.93 0.98 0.99 0.96 0.93 0.95 0.94 0.93 0.94 0.94 0.93 0.65 0.92 0.85 0.92 0.94 0.94 0.94 0.92 0.65 0.80 0.92 0.60 0.87 0.92 0.92 0.92 0.92 0.92 0.92 0.92 0.90 0.92 0.90 0.85 0.68 0.81 0.71 0.80 0.80 0.79 0.80 0.80 0.78 0.79 0.79 0.79 0.20 0.74 0.74 0.74 0.74 0.74 0.23 0.22 0.03 0.12 0.87 0.93 0.93 0.93 0.93 0.93 0.91 0.93 0.93 0.91 0.93 0.91 0.90 0.90 0.76 0.86 0.83 0.87 0.66 0.71 0.71 0.71
0.93 0.98 0.98 1.00 0.75 0.93 0.98 0.99 0.96 0.94 0.95 0.95 0.94 0.94 0.94 0.93 0.65 0.93 0.85 0.93 0.94 0.94 0.94 0.93 0.67 0.80 0.93 0.62 0.88 0.93 0.92 0.92 0.93 0.93 0.92 0.92 0.90 0.93 0.90 0.85 0.69 0.81 0.72 0.80 0.80 0.79 0.80 0.80 0.78 0.79 0.79 0.79 0.20 0.73 0.73 0.73 0.73 0.73 0.23 0.23 0.03 0.11 0.88 0.93 0.93 0.93 0.93 0.94 0.92 0.94 0.94 0.91 0.93 0.91 0.91 0.90 0.77 0.86 0.83 0.87 0.66 0.71 0.71 0.71
0.68 0.91 0.91 1.00 0.51 0.68 0.91 0.94 0.87 0.68 0.80 0.76 0.68 0.67 0.69 0.70 0.34 0.64 0.47 0.59 0.67 0.67 0.68 0.64 0.27 0.38 0.59 0.25 0.49 0.59 0.58 0.58 0.64 0.59 0.58 0.58 0.55 0.59 0.55 0.65 0.34 0.52 0.39 0.48 0.48 0.46 0.48 0.48 0.44 0.46 0.46 0.46 0.03 0.38 0.38 0.38 0.38 0.38 0.06 0.05 0.00 0.03 0.53 0.64 0.64 0.64 0.64 0.67 0.62 0.67 0.67 0.59 0.64 0.60 0.57 0.57 0.39 0.51 0.48 0.53 0.26 0.30 0.30 0.30
0.86 0.96 0.96 1.00 0.66 0.87 0.96 0.98 0.93 0.87 0.91 0.90 0.87 0.88 0.88 0.87 0.54 0.85 0.74 0.84 0.88 0.88 0.88 0.85 0.51 0.67 0.84 0.48 0.77 0.84 0.83 0.83 0.85 0.84 0.83 0.83 0.80 0.84 0.80 0.78 0.56 0.71 0.60 0.70 0.70 0.68 0.70 0.69 0.67 0.68 0.68 0.68 0.12 0.61 0.61 0.61 0.61 0.61 0.15 0.14 0.02 0.08 0.78 0.85 0.85 0.85 0.85 0.86 0.83 0.86 0.86 0.82 0.85 0.83 0.81 0.81 0.63 0.75 0.72 0.77 0.52 0.57 0.57 0.57
0.74 0.93 0.93 1.00 0.56 0.74 0.93 0.95 0.89 0.74 0.83 0.80 0.74 0.74 0.75 0.75 0.40 0.71 0.56 0.67 0.74 0.74 0.75 0.71 0.33 0.47 0.67 0.31 0.58 0.68 0.66 0.66 0.71 0.68 0.66 0.66 0.63 0.68 0.63 0.69 0.40 0.58 0.44 0.54 0.54 0.52 0.54 0.54 0.51 0.52 0.52 0.52 0.05 0.44 0.44 0.44 0.44 0.44 0.08 0.07 0.00 0.04 0.60 0.72 0.72 0.72 0.72 0.73 0.69 0.73 0.73 0.66 0.72 0.67 0.64 0.64 0.46 0.58 0.55 0.60 0.33 0.37 0.37 0.37
0.98 0.99 0.99 1.00 0.84 0.98 0.99 1.00 0.98 0.98 0.99 0.98 0.98 0.98 0.98 0.98 0.76 0.98 0.94 0.98 0.98 0.98 0.98 0.98 0.81 0.91 0.98 0.75 0.95 0.98 0.98 0.98 0.98 0.98 0.98 0.98 0.96 0.98 0.96 0.92 0.82 0.91 0.84 0.90 0.90 0.90 0.90 0.90 0.89 0.90 0.90 0.90 0.33 0.86 0.86 0.86 0.86 0.86 0.35 0.35 0.08 0.19 0.95 0.98 0.98 0.98 0.98 0.98 0.97 0.98 0.98 0.97 0.98 0.97 0.97 0.97 0.87 0.94 0.93 0.95 0.81 0.85 0.85 0.85
1.00 1.00 1.00 1.00 0.94 1.00 1.00 1.00 0.99 1.00 1.00 1.00 1.00 1.00 1.00 1.00 0.88 1.00 0.98 1.00 1.00 1.00 1.00 1.00 0.93 0.98 1.00 0.89 0.99 1.00 1.00 1.00 1.00 1.00 1.00 1.00 0.99 1.00 0.99 0.97 0.94 0.97 0.95 0.97 0.97 0.97 0.97 0.97 0.97 0.97 0.97 0.97 0.57 0.96 0.96 0.96 0.96 0.96 0.55 0.57 0.22 0.33 0.99 1.00 1.00 1.00 1.00 1.00 1.00 1.00 1.00 1.00 1.00 0.99 1.00 1.00 0.96 0.99 0.98 0.99 0.93 0.96 0.96 0.96
0.93 0.98 0.98 1.00 0.74 0.93 0.98 0.99 0.95 0.94 0.96 0.95 0.94 0.94 0.94 0.93 0.64 0.93 0.85 0.92 0.94 0.94 0.94 0.93 0.65 0.79 0.92 0.61 0.87 0.92 0.92 0.92 0.93 0.92 0.92 0.92 0.89 0.92 0.89 0.85 0.67 0.80 0.71 0.79 0.79 0.78 0.79 0.79 0.78 0.78 0.78 0.78 0.19 0.72 0.72 0.72 0.72 0.72 0.23 0.21 0.03 0.11 0.88 0.93 0.93 0.93 0.93 0.93 0.91 0.93 0.93 0.90 0.93 0.91 0.90 0.90 0.75 0.85 0.82 0.87 0.65 0.71 0.71 0.71
0.90 0.97 0.97 1.00 0.71 0.91 0.97 0.98 0.95 0.91 0.94 0.92 0.91 0.91 0.91 0.90 0.59 0.89 0.80 0.89 0.91 0.91 0.91 0.89 0.60 0.74 0.89 0.56 0.83 0.89 0.88 0.88 0.89 0.89 0.88 0.88 0.85 0.89 0.85 0.83 0.63 0.77 0.67 0.76 0.76 0.75 0.76 0.76 0.74 0.75 0.75 0.75 0.15 0.68 0.68 0.68 0.68 0.68 0.19 0.18 0.02 0.10 0.83 0.90 0.90 0.90 0.90 0.91 0.88 0.91 0.91 0.87 0.90 0.87 0.86 0.86 0.71 0.82 0.79 0.83 0.60 0.65 0.65 0.65
0.73 0.92 0.92 1.00 0.54 0.72 0.92 0.95 0.88 0.72 0.82 0.79 0.72 0.72 0.73 0.74 0.38 0.69 0.52 0.64 0.72 0.72 0.73 0.69 0.32 0.44 0.64 0.29 0.56 0.64 0.64 0.64 0.69 0.64 0.64 0.64 0.60 0.64 0.60 0.68 0.38 0.56 0.43 0.53 0.53 0.51 0.53 0.53 0.49 0.51 0.51 0.51 0.05 0.44 0.44 0.44 0.44 0.44 0.07 0.07 0.01 0.04 0.59 0.70 0.70 0.70 0.70 0.72 0.67 0.72 0.72 0.65 0.70 0.66 0.63 0.63 0.44 0.57 0.53 0.59 0.32 0.36 0.36 0.36
0.96 0.99 0.99 1.00 0.81 0.96 0.99 0.99 0.97 0.97 0.97 0.97 0.97 0.97 0.97 0.96 0.72 0.96 0.91 0.96 0.97 0.97 0.97 0.96 0.75 0.88 0.96 0.70 0.93 0.96 0.96 0.96 0.96 0.96 0.96 0.96 0.95 0.96 0.95 0.89 0.77 0.87 0.80 0.86 0.86 0.86 0.86 0.86 0.85 0.86 0.86 0.86 0.28 0.81 0.81 0.81 0.81 0.81 0.30 0.30 0.06 0.16 0.93 0.96 0.96 0.96 0.96 0.96 0.95 0.96 0.96 0.95 0.96 0.95 0.95 0.94 0.84 0.92 0.89 0.92 0.75 0.81 0.81 0.81
0.78 0.94 0.94 1.00 0.59 0.78 0.94 0.96 0.90 0.79 0.86 0.83 0.79 0.79 0.80 0.80 0.45 0.76 0.61 0.73 0.79 0.79 0.80 0.76 0.39 0.53 0.73 0.36 0.65 0.73 0.72 0.72 0.76 0.73 0.72 0.72 0.69 0.73 0.69 0.72 0.44 0.62 0.48 0.59 0.59 0.57 0.59 0.59 0.55 0.57 0.57 0.57 0.07 0.49 0.49 0.49 0.49 0.49 0.09 0.08 0.01 0.05 0.66 0.76 0.76 0.76 0.76 0.78 0.73 0.78 0.78 0.71 0.76 0.72 0.70 0.69 0.51 0.63 0.60 0.65 0.38 0.43 0.43 0.43
0.68 0.91 0.91 1.00 0.52 0.67 0.91 0.94 0.88 0.67 0.80 0.76 0.67 0.67 0.69 0.70 0.33 0.64 0.47 0.58 0.67 0.67 0.68 0.64 0.27 0.38 0.58 0.25 0.50 0.58 0.57 0.57 0.64 0.58 0.57 0.57 0.54 0.58 0.54 0.65 0.35 0.52 0.39 0.49 0.49 0.46 0.49 0.48 0.45 0.46 0.46 0.46 0.04 0.39 0.39 0.39 0.39 0.39 0.06 0.05 0.00 0.03 0.53 0.64 0.64 0.64 0.64 0.66 0.62 0.66 0.66 0.58 0.64 0.59 0.57 0.57 0.38 0.51 0.48 0.53 0.27 0.30 0.30 0.30
1.00 1.00 1.00 1.00 0.95 1.00 1.00 1.00 1.00 1.00 1.00 1.00 1.00 1.00 1.00 1.00 0.89 1.00 0.99 1.00 1.00 1.00 1.00 1.00 0.94 0.98 1.00 0.91 0.99 1.00 1.00 1.00 1.00 1.00 1.00 1.00 0.99 1.00 0.99 0.98 0.95 0.98 0.96 0.98 0.98 0.98 0.98 0.98 0.98 0.98 0.98 0.98 0.62 0.97 0.97 0.97 0.97 0.97 0.60 0.61 0.26 0.37 0.99 1.00 1.00 1.00 1.00 1.00 1.00 1.00 1.00 1.00 1.00 1.00 1.00 1.00 0.97 0.99 0.99 0.99 0.94 0.97 0.97 0.97
0.94 0.98 0.98 1.00 0.76 0.94 0.98 0.99 0.96 0.95 0.97 0.96 0.95 0.96 0.96 0.95 0.67 0.94 0.87 0.94 0.96 0.96 0.96 0.94 0.69 0.82 0.94 0.64 0.90 0.94 0.94 0.94 0.94 0.94 0.94 0.94 0.92 0.94 0.92 0.87 0.71 0.83 0.74 0.82 0.82 0.81 0.82 0.82 0.81 0.81 0.81 0.81 0.22 0.76 0.76 0.76 0.76 0.76 0.25 0.24 0.04 0.13 0.89 0.94 0.94 0.94 0.94 0.94 0.93 0.94 0.94 0.92 0.94 0.92 0.92 0.92 0.78 0.87 0.85 0.88 0.68 0.74 0.74 0.74
0.84 0.95 0.95 1.00 0.65 0.85 0.95 0.97 0.92 0.85 0.90 0.88 0.85 0.86 0.86 0.85 0.52 0.83 0.72 0.82 0.86 0.86 0.86 0.83 0.49 0.64 0.82 0.45 0.74 0.82 0.81 0.81 0.83 0.82 0.81 0.81 0.78 0.82 0.78 0.77 0.53 0.69 0.57 0.67 0.67 0.65 0.67 0.67 0.64 0.65 0.65 0.65 0.10 0.58 0.58 0.58 0.58 0.58 0.14 0.13 0.01 0.07 0.76 0.84 0.84 0.84 0.84 0.84 0.81 0.84 0.84 0.80 0.84 0.80 0.79 0.78 0.61 0.73 0.70 0.75 0.49 0.54 0.54 0.54
0.99 1.00 1.00 1.00 0.91 0.99 1.00 1.00 0.99 0.99 0.99 0.99 0.99 0.99 0.99 0.99 0.83 0.99 0.97 0.99 0.99 0.99 0.99 0.99 0.89 0.96 0.99 0.84 0.98 0.99 0.99 0.99 0.99 0.99 0.99 0.99 0.98 0.99 0.98 0.95 0.89 0.95 0.91 0.95 0.95 0.94 0.95 0.95 0.94 0.94 0.94 0.94 0.46 0.92 0.92 0.92 0.92 0.92 0.46 0.47 0.14 0.26 0.98 0.99 0.99 0.99 0.99 0.99 0.99 0.99 0.99 0.99 0.99 0.99 0.99 0.99 0.93 0.97 0.96 0.98 0.89 0.92 0.92 0.92
0.99 1.00 1.00 1.00 0.94 1.00 1.00 1.00 0.99 1.00 1.00 1.00 1.00 1.00 1.00 1.00 0.88 1.00 0.98 1.00 1.00 1.00 1.00 1.00 0.93 0.98 1.00 0.89 0.99 1.00 1.00 1.00 1.00 1.00 1.00 1.00 0.99 1.00 0.99 0.97 0.93 0.97 0.94 0.97 0.97 0.97 0.97 0.97 0.97 0.97 0.97 0.97 0.56 0.95 0.95 0.95 0.95 0.95 0.55 0.56 0.21 0.33 0.99 1.00 1.00 1.00 1.00 1.00 0.99 1.00 1.00 0.99 1.00 0.99 0.99 0.99 0.96 0.99 0.98 0.99 0.93 0.96 0.96 0.96
0.92 0.98 0.98 1.00 0.74 0.93 0.98 0.99 0.96 0.93 0.96 0.95 0.93 0.94 0.94 0.93 0.64 0.93 0.84 0.92 0.94 0.94 0.94 0.93 0.65 0.79 0.92 0.60 0.87 0.92 0.92 0.92 0.93 0.92 0.92 0.92 0.89 0.92 0.89 0.84 0.67 0.80 0.70 0.79 0.79 0.77 0.79 0.78 0.77 0.77 0.77 0.77 0.19 0.72 0.72 0.72 0.72 0.72 0.22 0.22 0.03 0.11 0.87 0.92 0.92 0.92 0.92 0.93 0.91 0.93 0.93 0.90 0.92 0.90 0.90 0.89 0.74 0.84 0.81 0.86 0.64 0.69 0.69 0.69
0.71 0.92 0.92 1.00 0.54 0.71 0.92 0.95 0.88 0.71 0.82 0.78 0.71 0.71 0.72 0.73 0.37 0.68 0.51 0.63 0.71 0.71 0.72 0.68 0.30 0.42 0.63 0.28 0.54 0.63 0.62 0.62 0.68 0.63 0.62 0.62 0.59 0.63 0.59 0.67 0.38 0.55 0.42 0.52 0.52 0.49 0.52 0.52 0.48 0.49 0.49 0.49 0.04 0.42 0.42 0.42 0.42 0.42 0.07 0.06 0.00 0.03 0.57 0.68 0.68 0.68 0.68 0.70 0.65 0.70 0.70 0.63 0.68 0.64 0.61 0.60 0.42 0.55 0.52 0.57 0.30 0.33 0.33 0.33
0.70 0.91 0.91 1.00 0.52 0.70 0.91 0.95 0.88 0.70 0.81 0.78 0.70 0.71 0.72 0.72 0.35 0.67 0.50 0.62 0.71 0.71 0.71 0.67 0.29 0.40 0.62 0.27 0.52 0.62 0.60 0.60 0.67 0.62 0.60 0.60 0.57 0.62 0.57 0.67 0.36 0.54 0.40 0.51 0.51 0.48 0.51 0.50 0.46 0.48 0.48 0.48 0.04 0.40 0.40 0.40 0.40 0.40 0.06 0.05 0.00 0.03 0.55 0.67 0.67 0.67 0.67 0.69 0.64 0.69 0.69 0.61 0.67 0.62 0.59 0.59 0.41 0.53 0.50 0.56 0.29 0.32 0.32 0.32
1.00 1.00 1.00 1.00 0.95 1.00 1.00 1.00 0.99 1.00 1.00 1.00 1.00 1.00 1.00 1.00 0.89 1.00 0.99 1.00 1.00 1.00 1.00 1.00 0.94 0.99 1.00 0.91 0.99 1.00 1.00 1.00 1.00 1.00 1.00 1.00 0.99 1.00 0.99 0.98 0.95 0.98 0.96 0.98 0.98 0.98 0.98 0.98 0.98 0.98 0.98 0.98 0.62 0.96 0.96 0.96 0.96 0.96 0.58 0.60 0.25 0.36 0.99 1.00 1.00 1.00 1.00 1.00 1.00 1.00 1.00 1.00 1.00 1.00 1.00 1.00 0.97 0.99 0.99 0.99 0.95 0.97 0.97 0.97
0.91 0.97 0.97 1.00 0.73 0.92 0.97 0.99 0.95 0.92 0.94 0.93 0.92 0.93 0.93 0.92 0.62 0.91 0.82 0.91 0.93 0.93 0.93 0.91 0.62 0.77 0.91 0.58 0.85 0.91 0.90 0.90 0.91 0.91 0.90 0.90 0.88 0.91 0.88 0.83 0.65 0.78 0.68 0.77 0.77 0.76 0.77 0.77 0.75 0.76 0.76 0.76 0.18 0.70 0.70 0.70 0.70 0.70 0.21 0.20 0.03 0.10 0.86 0.91 0.91 0.91 0.91 0.91 0.89 0.91 0.91 0.88 0.91 0.89 0.88 0.88 0.73 0.83 0.80 0.85 0.63 0.67 0.67 0.67
0.76 0.93 0.93 1.00 0.57 0.76 0.93 0.96 0.89 0.77 0.85 0.82 0.77 0.78 0.78 0.78 0.42 0.74 0.59 0.71 0.78 0.78 0.78 0.74 0.36 0.50 0.71 0.34 0.62 0.71 0.70 0.70 0.74 0.71 0.70 0.70 0.67 0.71 0.67 0.70 0.43 0.60 0.48 0.57 0.57 0.55 0.57 0.57 0.54 0.55 0.55 0.55 0.06 0.48 0.48 0.48 0.48 0.48 0.09 0.08 0.01 0.05 0.63 0.74 0.74 0.74 0.74 0.75 0.71 0.75 0.75 0.68 0.74 0.69 0.67 0.67 0.48 0.61 0.58 0.64 0.35 0.40 0.40 0.40
0.94 0.98 0.98 1.00 0.77 0.95 0.98 0.99 0.96 0.95 0.96 0.96 0.95 0.95 0.95 0.94 0.67 0.94 0.87 0.94 0.95 0.95 0.95 0.94 0.69 0.83 0.94 0.65 0.89 0.94 0.94 0.94 0.94 0.94 0.94 0.94 0.92 0.94 0.92 0.87 0.71 0.84 0.75 0.83 0.83 0.82 0.83 0.83 0.81 0.82 0.82 0.82 0.22 0.76 0.76 0.76 0.76 0.76 0.26 0.25 0.04 0.14 0.90 0.94 0.94 0.94 0.94 0.95 0.92 0.95 0.95 0.93 0.94 0.92 0.92 0.92 0.79 0.88 0.85 0.89 0.70 0.75 0.75 0.75
0.69 0.91 0.91 1.00 0.53 0.69 0.91 0.95 0.88 0.69 0.81 0.77 0.69 0.69 0.70 0.71 0.35 0.66 0.49 0.61 0.69 0.69 0.70 0.66 0.29 0.40 0.61 0.27 0.52 0.61 0.60 0.60 0.66 0.61 0.60 0.60 0.56 0.61 0.56 0.66 0.36 0.53 0.40 0.50 0.50 0.47 0.50 0.49 0.46 0.47 0.47 0.47 0.04 0.39 0.39 0.39 0.39 0.39 0.06 0.05 0.00 0.04 0.54 0.66 0.66 0.66 0.66 0.68 0.63 0.68 0.68 0.60 0.66 0.61 0.58 0.58 0.40 0.53 0.50 0.55 0.27 0.31 0.31 0.31
0.84 0.96 0.96 1.00 0.65 0.85 0.96 0.97 0.92 0.86 0.91 0.89 0.86 0.86 0.87 0.86 0.52 0.83 0.72 0.82 0.86 0.86 0.86 0.83 0.48 0.64 0.82 0.45 0.74 0.82 0.81 0.81 0.83 0.82 0.81 0.81 0.77 0.82 0.77 0.77 0.53 0.69 0.57 0.67 0.67 0.65 0.67 0.67 0.64 0.65 0.65 0.65 0.10 0.58 0.58 0.58 0.58 0.58 0.14 0.13 0.01 0.07 0.75 0.84 0.84 0.84 0.84 0.84 0.81 0.84 0.84 0.80 0.84 0.80 0.79 0.78 0.61 0.73 0.69 0.75 0.48 0.54 0.54 0.54
0.76 0.93 0.93 1.00 0.58 0.75 0.93 0.96 0.90 0.76 0.84 0.82 0.76 0.76 0.77 0.77 0.42 0.73 0.58 0.69 0.76 0.76 0.77 0.73 0.36 0.49 0.69 0.33 0.61 0.69 0.68 0.68 0.73 0.69 0.68 0.68 0.64 0.69 0.64 0.70 0.42 0.59 0.46 0.56 0.56 0.54 0.56 0.56 0.53 0.54 0.54 0.54 0.06 0.46 0.46 0.46 0.46 0.46 0.09 0.08 0.01 0.04 0.62 0.73 0.73 0.73 0.73 0.75 0.70 0.75 0.75 0.68 0.73 0.68 0.66 0.66 0.48 0.60 0.57 0.63 0.35 0.39 0.39 0.39
0.97 0.99 0.99 1.00 0.82 0.97 0.99 0.99 0.97 0.97 0.98 0.98 0.97 0.98 0.98 0.97 0.74 0.97 0.92 0.97 0.98 0.98 0.98 0.97 0.77 0.89 0.97 0.72 0.94 0.97 0.97 0.97 0.97 0.97 0.97 0.97 0.95 0.97 0.95 0.91 0.79 0.89 0.82 0.88 0.88 0.87 0.88 0.88 0.87 0.87 0.87 0.87 0.30 0.83 0.83 0.83 0.83 0.83 0.33 0.32 0.07 0.16 0.94 0.97 0.97 0.97 0.97 0.97 0.96 0.97 0.97 0.96 0.97 0.96 0.96 0.95 0.85 0.92 0.90 0.93 0.78 0.83 0.83 0.83
0.68 0.91 0.91 1.00 0.51 0.67 0.91 0.95 0.87 0.68 0.80 0.77 0.68 0.69 0.70 0.71 0.34 0.65 0.47 0.59 0.69 0.69 0.70 0.65 0.27 0.39 0.59 0.26 0.50 0.59 0.59 0.58 0.65 0.59 0.59 0.59 0.55 0.59 0.55 0.65 0.35 0.53 0.39 0.49 0.49 0.46 0.49 0.48 0.45 0.46 0.46 0.46 0.04 0.38 0.38 0.38 0.38 0.38 0.06 0.05 0.00 0.03 0.53 0.65 0.65 0.65 0.65 0.67 0.62 0.67 0.67 0.58 0.65 0.60 0.57 0.56 0.39 0.52 0.48 0.54 0.27 0.30 0.30 0.30
1.00 1.00 1.00 1.00 0.95 1.00 1.00 1.00 1.00 1.00 1.00 1.00 1.00 1.00 1.00 1.00 0.89 1.00 0.99 1.00 1.00 1.00 1.00 1.00 0.94 0.99 1.00 0.90 0.99 1.00 1.00 1.00 1.00 1.00 1.00 1.00 1.00 1.00 1.00 0.98 0.95 0.98 0.96 0.98 0.98 0.98 0.98 0.98 0.98 0.98 0.98 0.98 0.60 0.96 0.96 0.96 0.96 0.96 0.59 0.59 0.24 0.35 0.99 1.00 1.00 1.00 1.00 1.00 1.00 1.00 1.00 1.00 1.00 1.00 1.00 1.00 0.97 0.99 0.99 0.99 0.94 0.97 0.97 0.97
0.97 0.99 0.99 1.00 0.83 0.97 0.99 0.99 0.97 0.98 0.98 0.98 0.98 0.98 0.98 0.97 0.75 0.97 0.93 0.97 0.98 0.98 0.98 0.97 0.78 0.90 0.97 0.73 0.95 0.97 0.97 0.97 0.97 0.97 0.97 0.97 0.96 0.97 0.96 0.91 0.80 0.89 0.83 0.89 0.89 0.88 0.89 0.89 0.88 0.88 0.88 0.88 0.31 0.84 0.84 0.84 0.84 0.84 0.33 0.34 0.07 0.17 0.95 0.97 0.97 0.97 0.97 0.98 0.96 0.98 0.98 0.96 0.97 0.96 0.96 0.96 0.86 0.93 0.91 0.94 0.79 0.84 0.84 0.84
0.88 0.96 0.96 1.00 0.68 0.89 0.96 0.98 0.94 0.89 0.92 0.91 0.89 0.89 0.90 0.88 0.56 0.87 0.77 0.87 0.89 0.89 0.90 0.87 0.54 0.70 0.87 0.51 0.79 0.87 0.86 0.86 0.87 0.87 0.86 0.86 0.83 0.87 0.83 0.80 0.58 0.73 0.62 0.72 0.72 0.70 0.72 0.72 0.70 0.70 0.70 0.70 0.14 0.64 0.64 0.64 0.64 0.64 0.17 0.16 0.02 0.09 0.81 0.87 0.87 0.87 0.87 0.88 0.86 0.88 0.88 0.84 0.87 0.85 0.83 0.83 0.67 0.78 0.74 0.80 0.55 0.60 0.60 0.60
0.94 0.98 0.98 1.00 0.77 0.94 0.98 0.99 0.96 0.95 0.96 0.95 0.95 0.95 0.95 0.94 0.67 0.94 0.87 0.94 0.95 0.95 0.95 0.94 0.69 0.83 0.94 0.64 0.89 0.94 0.94 0.94 0.94 0.94 0.94 0.94 0.92 0.94 0.92 0.86 0.72 0.83 0.75 0.83 0.83 0.81 0.83 0.83 0.81 0.81 0.81 0.81 0.23 0.76 0.76 0.76 0.76 0.76 0.27 0.25 0.04 0.13 0.90 0.94 0.94 0.94 0.94 0.94 0.92 0.94 0.94 0.92 0.94 0.92 0.92 0.92 0.79 0.88 0.86 0.89 0.69 0.74 0.74 0.74
0.99 1.00 1.00 1.00 0.90 0.99 1.00 1.00 0.99 0.99 0.99 0.99 0.99 0.99 0.99 0.99 0.84 0.99 0.97 0.99 0.99 0.99 0.99 0.99 0.89 0.96 0.99 0.84 0.98 0.99 0.99 0.99 0.99 0.99 0.99 0.99 0.99 0.99 0.99 0.95 0.89 0.95 0.91 0.95 0.95 0.95 0.95 0.95 0.95 0.95 0.95 0.95 0.47 0.92 0.92 0.92 0.92 0.92 0.47 0.46 0.14 0.26 0.98 0.99 0.99 0.99 0.99 0.99 0.99 0.99 0.99 0.99 0.99 0.99 0.99 0.99 0.93 0.98 0.96 0.98 0.88 0.92 0.92 0.92
0.88 0.97 0.97 1.00 0.67 0.88 0.97 0.98 0.94 0.89 0.92 0.91 0.89 0.89 0.90 0.89 0.56 0.88 0.76 0.86 0.89 0.89 0.90 0.88 0.54 0.69 0.86 0.50 0.79 0.86 0.85 0.85 0.88 0.86 0.85 0.85 0.82 0.86 0.82 0.78 0.57 0.73 0.61 0.71 0.71 0.69 0.71 0.71 0.68 0.69 0.69 0.69 0.12 0.63 0.63 0.63 0.63 0.63 0.16 0.15 0.02 0.08 0.80 0.87 0.87 0.87 0.87 0.88 0.85 0.88 0.88 0.84 0.87 0.84 0.83 0.83 0.66 0.77 0.74 0.79 0.54 0.59 0.59 0.59
0.86 0.96 0.96 1.00 0.66 0.87 0.96 0.97 0.93 0.87 0.91 0.89 0.87 0.87 0.88 0.86 0.54 0.85 0.74 0.84 0.87 0.87 0.88 0.85 0.51 0.67 0.84 0.48 0.77 0.84 0.83 0.83 0.85 0.84 0.83 0.83 0.80 0.84 0.80 0.78 0.55 0.71 0.59 0.69 0.69 0.68 0.69 0.69 0.67 0.68 0.68 0.68 0.11 0.61 0.61 0.61 0.61 0.61 0.14 0.14 0.02 0.08 0.78 0.85 0.85 0.85 0.85 0.86 0.83 0.86 0.86 0.82 0.85 0.82 0.81 0.81 0.64 0.75 0.72 0.77 0.51 0.57 0.57 0.57
1.00 1.00 1.00 1.00 0.94 1.00 1.00 1.00 0.99 1.00 1.00 1.00 1.00 1.00 1.00 0.99 0.87 1.00 0.98 1.00 1.00 1.00 1.00 1.00 0.93 0.98 1.00 0.89 0.99 1.00 1.00 1.00 1.00 1.00 1.00 1.00 0.99 1.00 0.99 0.98 0.94 0.97 0.95 0.97 0.97 0.97 0.97 0.97 0.97 0.97 0.97 0.97 0.56 0.96 0.96 0.96 0.96 0.96 0.55 0.55 0.20 0.32 0.99 1.00 1.00 1.00 1.00 1.00 0.99 1.00 1.00 1.00 1.00 0.99 1.00 1.00 0.96 0.99 0.98 0.99 0.93 0.96 0.96 0.96
0.84 0.96 0.96 1.00 0.64 0.84 0.96 0.97 0.93 0.85 0.90 0.88 0.85 0.86 0.86 0.85 0.51 0.83 0.70 0.81 0.86 0.86 0.86 0.83 0.48 0.64 0.81 0.45 0.74 0.81 0.81 0.81 0.83 0.81 0.81 0.81 0.77 0.81 0.77 0.76 0.52 0.69 0.57 0.67 0.67 0.65 0.67 0.67 0.64 0.65 0.65 0.65 0.09 0.57 0.57 0.57 0.57 0.57 0.13 0.13 0.01 0.07 0.75 0.83 0.83 0.83 0.83 0.84 0.81 0.84 0.84 0.79 0.83 0.80 0.78 0.78 0.61 0.72 0.69 0.74 0.48 0.52 0.52 0.52
0.87 0.97 0.97 1.00 0.68 0.88 0.97 0.98 0.94 0.88 0.92 0.91 0.88 0.89 0.90 0.88 0.56 0.87 0.76 0.85 0.89 0.89 0.89 0.87 0.53 0.69 0.85 0.50 0.79 0.86 0.85 0.85 0.87 0.86 0.85 0.85 0.82 0.86 0.82 0.79 0.57 0.72 0.61 0.71 0.71 0.69 0.71 0.71 0.68 0.69 0.69 0.69 0.12 0.62 0.62 0.62 0.62 0.62 0.16 0.15 0.02 0.08 0.79 0.87 0.87 0.87 0.87 0.88 0.84 0.88 0.88 0.84 0.87 0.84 0.83 0.82 0.65 0.76 0.73 0.78 0.54 0.58 0.58 0.58
0.85 0.95 0.95 1.00 0.65 0.86 0.95 0.98 0.93 0.86 0.91 0.89 0.86 0.86 0.87 0.86 0.53 0.84 0.73 0.83 0.86 0.86 0.87 0.84 0.50 0.64 0.83 0.46 0.75 0.83 0.82 0.82 0.84 0.83 0.82 0.82 0.78 0.83 0.78 0.77 0.54 0.70 0.59 0.68 0.68 0.66 0.68 0.68 0.65 0.66 0.66 0.66 0.11 0.59 0.59 0.59 0.59 0.59 0.14 0.13 0.01 0.07 0.76 0.84 0.84 0.84 0.84 0.85 0.82 0.85 0.85 0.81 0.84 0.81 0.80 0.79 0.63 0.74 0.70 0.75 0.50 0.56 0.56 0.56
0.95 0.99 0.99 1.00 0.78 0.96 0.99 0.99 0.97 0.96 0.97 0.96 0.96 0.96 0.96 0.95 0.70 0.95 0.89 0.95 0.96 0.96 0.96 0.95 0.72 0.85 0.95 0.68 0.91 0.95 0.95 0.95 0.95 0.95 0.95 0.95 0.93 0.95 0.93 0.88 0.75 0.86 0.78 0.85 0.85 0.84 0.85 0.85 0.84 0.84 0.84 0.84 0.25 0.79 0.79 0.79 0.79 0.79 0.28 0.28 0.05 0.15 0.92 0.96 0.96 0.96 0.96 0.96 0.94 0.96 0.96 0.94 0.96 0.94 0.94 0.94 0.82 0.90 0.88 0.91 0.73 0.78 0.78 0.78
0.91 0.98 0.98 1.00 0.74 0.92 0.98 0.99 0.95 0.92 0.94 0.93 0.92 0.93 0.93 0.92 0.63 0.91 0.83 0.91 0.93 0.93 0.93 0.91 0.62 0.76 0.91 0.58 0.85 0.91 0.90 0.90 0.91 0.91 0.90 0.90 0.87 0.91 0.87 0.83 0.65 0.79 0.69 0.78 0.78 0.76 0.78 0.78 0.76 0.76 0.76 0.76 0.18 0.70 0.70 0.70 0.70 0.70 0.21 0.19 0.03 0.10 0.85 0.91 0.91 0.91 0.91 0.92 0.89 0.92 0.92 0.89 0.91 0.89 0.88 0.88 0.73 0.83 0.80 0.85 0.63 0.68 0.68 0.68
0.86 0.96 0.96 1.00 0.65 0.87 0.96 0.97 0.93 0.87 0.91 0.89 0.87 0.87 0.87 0.86 0.52 0.84 0.73 0.83 0.87 0.87 0.87 0.84 0.49 0.65 0.83 0.47 0.76 0.83 0.82 0.82 0.84 0.83 0.82 0.82 0.79 0.83 0.79 0.78 0.54 0.71 0.59 0.69 0.69 0.67 0.69 0.69 0.66 0.67 0.67 0.67 0.11 0.60 0.60 0.60 0.60 0.60 0.15 0.13 0.01 0.07 0.77 0.85 0.85 0.85 0.85 0.86 0.83 0.86 0.86 0.81 0.85 0.82 0.80 0.80 0.62 0.75 0.71 0.76 0.50 0.55 0.55 0.55
0.69 0.91 0.91 1.00 0.52 0.69 0.91 0.94 0.88 0.69 0.80 0.77 0.69 0.69 0.71 0.71 0.35 0.65 0.49 0.61 0.69 0.69 0.70 0.65 0.28 0.40 0.61 0.26 0.51 0.61 0.59 0.59 0.65 0.61 0.59 0.60 0.56 0.61 0.56 0.66 0.35 0.53 0.39 0.50 0.50 0.47 0.50 0.49 0.45 0.47 0.47 0.47 0.04 0.40 0.40 0.40 0.40 0.40 0.06 0.05 0.00 0.03 0.54 0.66 0.66 0.66 0.66 0.68 0.63 0.68 0.68 0.60 0.66 0.61 0.58 0.58 0.40 0.52 0.49 0.55 0.27 0.31 0.31 0.31
1.00 1.00 1.00 1.00 0.95 1.00 1.00 1.00 0.99 1.00 1.00 1.00 1.00 1.00 1.00 1.00 0.89 1.00 0.99 1.00 1.00 1.00 1.00 1.00 0.93 0.98 1.00 0.89 0.99 1.00 1.00 1.00 1.00 1.00 1.00 1.00 0.99 1.00 0.99 0.97 0.94 0.97 0.95 0.97 0.97 0.97 0.97 0.97 0.97 0.97 0.97 0.97 0.60 0.96 0.96 0.96 0.96 0.96 0.57 0.58 0.23 0.34 0.99 1.00 1.00 1.00 1.00 1.00 1.00 1.00 1.00 1.00 1.00 1.00 1.00 1.00 0.97 0.99 0.98 0.99 0.94 0.97 0.97 0.97
0.97 0.99 0.99 1.00 0.83 0.97 0.99 0.99 0.98 0.97 0.98 0.98 0.97 0.98 0.98 0.97 0.75 0.97 0.93 0.97 0.98 0.98 0.98 0.97 0.79 0.90 0.97 0.74 0.95 0.97 0.97 0.97 0.97 0.97 0.97 0.97 0.96 0.97 0.96 0.91 0.79 0.88 0.82 0.88 0.88 0.88 0.88 0.88 0.87 0.88 0.88 0.88 0.32 0.84 0.84 0.84 0.84 0.84 0.34 0.33 0.08 0.18 0.94 0.97 0.97 0.97 0.97 0.98 0.96 0.98 0.98 0.96 0.97 0.96 0.96 0.96 0.86 0.93 0.91 0.94 0.79 0.83 0.83 0.83
0.92 0.98 0.98 1.00 0.74 0.93 0.98 0.99 0.95 0.93 0.95 0.94 0.93 0.93 0.93 0.93 0.63 0.92 0.84 0.92 0.93 0.93 0.94 0.92 0.64 0.78 0.92 0.60 0.86 0.92 0.91 0.91 0.92 0.92 0.91 0.91 0.89 0.92 0.89 0.85 0.67 0.81 0.71 0.80 0.80 0.79 0.80 0.80 0.78 0.79 0.79 0.79 0.19 0.73 0.73 0.73 0.73 0.73 0.22 0.21 0.03 0.11 0.87 0.92 0.92 0.92 0.92 0.93 0.91 0.93 0.93 0.90 0.92 0.90 0.90 0.90 0.74 0.85 0.82 0.86 0.65 0.70 0.70 0.70
0.99 1.00 1.00 1.00 0.89 0.99 1.00 1.00 0.98 0.99 0.99 0.99 0.99 0.99 0.99 0.99 0.81 0.99 0.96 0.99 0.99 0.99 0.99 0.99 0.85 0.94 0.99 0.81 0.97 0.99 0.99 0.99 0.99 0.99 0.99 0.99 0.98 0.99 0.98 0.94 0.87 0.94 0.89 0.93 0.93 0.93 0.93 0.93 0.93 0.93 0.93 0.93 0.43 0.90 0.90 0.90 0.90 0.90 0.41 0.43 0.12 0.24 0.97 0.99 0.99 0.99 0.99 0.99 0.98 0.99 0.99 0.98 0.99 0.98 0.98 0.98 0.91 0.96 0.95 0.97 0.86 0.91 0.91 0.91
0.87 0.97 0.97 1.00 0.67 0.88 0.97 0.98 0.93 0.88 0.92 0.91 0.88 0.89 0.89 0.88 0.56 0.86 0.76 0.86 0.89 0.89 0.89 0.86 0.53 0.68 0.86 0.49 0.78 0.86 0.85 0.85 0.86 0.86 0.85 0.85 0.82 0.86 0.82 0.80 0.57 0.73 0.61 0.71 0.71 0.69 0.71 0.71 0.69 0.69 0.69 0.69 0.12 0.63 0.63 0.63 0.63 0.63 0.16 0.15 0.02 0.08 0.80 0.87 0.87 0.87 0.87 0.88 0.84 0.88 0.88 0.84 0.87 0.84 0.83 0.82 0.65 0.76 0.74 0.78 0.53 0.59 0.59 0.59
1.00 1.00 1.00 1.00 0.94 1.00 1.00 1.00 0.99 1.00 1.00 1.00 1.00 1.00 1.00 1.00 0.89 1.00 0.99 1.00 1.00 1.00 1.00 1.00 0.93 0.98 1.00 0.90 0.99 1.00 1.00 1.00 1.00 1.00 1.00 1.00 0.99 1.00 0.99 0.97 0.94 0.98 0.95 0.97 0.97 0.97 0.97 0.97 0.97 0.97 0.97 0.97 0.59 0.96 0.96 0.96 0.96 0.96 0.57 0.58 0.23 0.34 0.99 1.00 1.00 1.00 1.00 1.00 1.00 1.00 1.00 1.00 1.00 1.00 1.00 1.00 0.96 0.99 0.98 0.99 0.94 0.97 0.97 0.97
0.94 0.98 0.98 1.00 0.77 0.95 0.98 0.99 0.96 0.95 0.96 0.96 0.95 0.96 0.96 0.95 0.68 0.94 0.88 0.94 0.96 0.96 0.96 0.94 0.70 0.83 0.94 0.65 0.90 0.95 0.94 0.94 0.94 0.95 0.94 0.94 0.92 0.95 0.92 0.86 0.71 0.83 0.74 0.83 0.83 0.82 0.83 0.83 0.81 0.82 0.82 0.82 0.23 0.76 0.76 0.76 0.76 0.76 0.25 0.25 0.05 0.13 0.90 0.94 0.94 0.94 0.94 0.94 0.93 0.94 0.94 0.93 0.94 0.92 0.92 0.92 0.79 0.88 0.85 0.89 0.70 0.75 0.75 0.75
1.00 1.00 1.00 1.00 0.96 1.00 1.00 1.00 1.00 1.00 1.00 1.00 1.00 1.00 1.00 1.00 0.90 1.00 0.99 1.00 1.00 1.00 1.00 1.00 0.95 0.99 1.00 0.92 1.00 1.00 1.00 1.00 1.00 1.00 1.00 1.00 1.00 1.00 1.00 0.98 0.96 0.98 0.97 0.98 0.98 0.98 0.98 0.98 0.98 0.98 0.98 0.98 0.64 0.97 0.97 0.97 0.97 0.97 0.61 0.62 0.28 0.38 0.99 1.00 1.00 1.00 1.00 1.00 1.00 1.00 1.00 1.00 1.00 1.00 1.00 1.00 0.97 0.99 0.99 0.99 0.95 0.98 0.98 0.98
0.68 0.91 0.91 1.00 0.51 0.67 0.91 0.95 0.87 0.67 0.80 0.76 0.67 0.68 0.70 0.71 0.34 0.65 0.47 0.59 0.68 0.68 0.69 0.65 0.27 0.38 0.59 0.25 0.50 0.59 0.58 0.58 0.65 0.59 0.58 0.58 0.55 0.59 0.55 0.65 0.34 0.52 0.38 0.49 0.49 0.46 0.49 0.48 0.44 0.46 0.46 0.46 0.04 0.38 0.38 0.38 0.38 0.38 0.06 0.05 0.00 0.03 0.52 0.64 0.64 0.64 0.64 0.67 0.62 0.67 0.67 0.58 0.64 0.59 0.57 0.56 0.38 0.51 0.47 0.53 0.26 0.30 0.30 0.30
0.75 0.93 0.93 1.00 0.57 0.75 0.93 0.96 0.89 0.75 0.85 0.82 0.75 0.76 0.77 0.78 0.41 0.73 0.58 0.69 0.76 0.76 0.77 0.73 0.35 0.49 0.69 0.33 0.61 0.69 0.68 0.68 0.73 0.69 0.68 0.68 0.65 0.69 0.65 0.70 0.41 0.59 0.46 0.56 0.56 0.53 0.56 0.56 0.52 0.53 0.53 0.53 0.06 0.45 0.45 0.45 0.45 0.45 0.08 0.07 0.01 0.04 0.63 0.73 0.73 0.73 0.73 0.74 0.70 0.74 0.74 0.68 0.73 0.69 0.66 0.66 0.48 0.60 0.56 0.62 0.36 0.39 0.39 0.39
0.94 0.98 0.98 1.00 0.77 0.95 0.98 0.99 0.96 0.95 0.96 0.96 0.95 0.96 0.96 0.95 0.68 0.94 0.87 0.94 0.96 0.96 0.96 0.94 0.69 0.83 0.94 0.64 0.90 0.94 0.94 0.94 0.94 0.94 0.94 0.94 0.92 0.94 0.92 0.86 0.72 0.83 0.75 0.83 0.83 0.82 0.83 0.83 0.81 0.82 0.82 0.82 0.22 0.76 0.76 0.76 0.76 0.76 0.25 0.24 0.04 0.14 0.90 0.95 0.95 0.95 0.95 0.95 0.93 0.95 0.95 0.93 0.95 0.93 0.92 0.92 0.79 0.88 0.85 0.89 0.69 0.75 0.75 0.75
0.98 1.00 1.00 1.00 0.87 0.99 1.00 1.00 0.98 0.99 0.99 0.99 0.99 0.99 0.99 0.98 0.80 0.99 0.95 0.99 0.99 0.99 0.99 0.99 0.85 0.93 0.99 0.79 0.97 0.99 0.99 0.99 0.99 0.99 0.99 0.99 0.98 0.99 0.98 0.93 0.85 0.92 0.87 0.92 0.92 0.92 0.92 0.92 0.91 0.92 0.92 0.92 0.39 0.88 0.88 0.88 0.88 0.88 0.40 0.39 0.10 0.22 0.96 0.99 0.99 0.99 0.99 0.99 0.98 0.99 0.99 0.98 0.99 0.98 0.98 0.98 0.90 0.96 0.95 0.96 0.85 0.89 0.89 0.89
0.69 0.91 0.91 1.00 0.52 0.68 0.91 0.95 0.87 0.69 0.79 0.76 0.69 0.68 0.69 0.71 0.34 0.66 0.49 0.60 0.68 0.68 0.69 0.66 0.28 0.39 0.60 0.26 0.51 0.60 0.59 0.59 0.66 0.60 0.59 0.59 0.56 0.60 0.56 0.65 0.35 0.53 0.39 0.49 0.49 0.47 0.49 0.49 0.45 0.47 0.47 0.47 0.04 0.39 0.39 0.39 0.39 0.39 0.06 0.05 0.00 0.03 0.53 0.65 0.65 0.65 0.65 0.67 0.62 0.67 0.67 0.59 0.65 0.60 0.58 0.57 0.39 0.51 0.48 0.54 0.27 0.30 0.30 0.30
0.78 0.94 0.94 1.00 0.58 0.78 0.94 0.96 0.90 0.78 0.86 0.83 0.78 0.79 0.80 0.79 0.44 0.76 0.60 0.73 0.79 0.79 0.79 0.76 0.39 0.52 0.73 0.35 0.64 0.73 0.72 0.72 0.76 0.73 0.72 0.72 0.68 0.73 0.68 0.72 0.44 0.62 0.49 0.59 0.59 0.57 0.59 0.59 0.56 0.57 0.57 0.57 0.07 0.49 0.49 0.49 0.49 0.49 0.10 0.09 0.01 0.05 0.66 0.76 0.76 0.76 0.76 0.77 0.73 0.77 0.77 0.70 0.76 0.71 0.69 0.69 0.51 0.64 0.60 0.66 0.38 0.43 0.43 0.43
0.97 0.99 0.99 1.00 0.85 0.98 0.99 1.00 0.97 0.98 0.98 0.98 0.98 0.98 0.98 0.98 0.77 0.98 0.93 0.98 0.98 0.98 0.98 0.98 0.80 0.91 0.98 0.75 0.95 0.98 0.98 0.98 0.98 0.98 0.98 0.98 0.96 0.98 0.96 0.91 0.82 0.90 0.84 0.90 0.90 0.89 0.90 0.90 0.89 0.89 0.89 0.89 0.33 0.85 0.85 0.85 0.85 0.85 0.35 0.35 0.08 0.19 0.95 0.97 0.97 0.97 0.97 0.98 0.97 0.98 0.98 0.97 0.97 0.97 0.96 0.96 0.87 0.94 0.92 0.95 0.81 0.86 0.86 0.86
0.85 0.96 0.96 1.00 0.65 0.86 0.96 0.97 0.93 0.87 0.91 0.89 0.87 0.87 0.87 0.86 0.54 0.85 0.72 0.83 0.87 0.87 0.87 0.85 0.49 0.66 0.83 0.46 0.76 0.83 0.83 0.82 0.85 0.83 0.83 0.83 0.79 0.83 0.79 0.77 0.55 0.70 0.59 0.68 0.68 0.66 0.68 0.68 0.65 0.66 0.66 0.66 0.11 0.59 0.59 0.59 0.59 0.59 0.14 0.13 0.01 0.07 0.77 0.85 0.85 0.85 0.85 0.86 0.83 0.86 0.86 0.81 0.85 0.82 0.80 0.80 0.62 0.75 0.71 0.76 0.50 0.55 0.55 0.55
0.93 0.98 0.98 1.00 0.76 0.93 0.98 0.99 0.96 0.94 0.95 0.95 0.94 0.94 0.94 0.93 0.66 0.93 0.85 0.93 0.94 0.94 0.94 0.93 0.65 0.80 0.93 0.61 0.88 0.93 0.92 0.92 0.93 0.93 0.92 0.92 0.90 0.93 0.90 0.85 0.68 0.81 0.71 0.80 0.80 0.79 0.80 0.80 0.79 0.79 0.79 0.79 0.21 0.74 0.74 0.74 0.74 0.74 0.24 0.23 0.04 0.12 0.88 0.93 0.93 0.93 0.93 0.93 0.92 0.93 0.93 0.91 0.93 0.91 0.90 0.90 0.75 0.86 0.83 0.87 0.65 0.71 0.71 0.71
0.99 1.00 1.00 1.00 0.90 0.99 1.00 1.00 0.99 0.99 0.99 0.99 0.99 0.99 0.99 0.99 0.83 0.99 0.97 0.99 0.99 0.99 0.99 0.99 0.88 0.95 0.99 0.83 0.98 0.99 0.99 0.99 0.99 0.99 0.99 0.99 0.98 0.99 0.98 0.95 0.89 0.95 0.90 0.95 0.95 0.94 0.95 0.95 0.94 0.94 0.94 0.94 0.46 0.92 0.92 0.92 0.92 0.92 0.46 0.46 0.14 0.25 0.98 0.99 0.99 0.99 0.99 0.99 0.99 0.99 0.99 0.99 0.99 0.99 0.99 0.99 0.93 0.97 0.97 0.98 0.89 0.92 0.92 0.92
0.95 0.99 0.99 1.00 0.78 0.95 0.99 0.99 0.96 0.96 0.97 0.96 0.96 0.96 0.96 0.95 0.69 0.95 0.89 0.95 0.96 0.96 0.96 0.95 0.71 0.84 0.95 0.67 0.91 0.95 0.95 0.95 0.95 0.95 0.95 0.95 0.92 0.95 0.92 0.88 0.73 0.85 0.76 0.84 0.84 0.83 0.84 0.84 0.83 0.83 0.83 0.83 0.24 0.78 0.78 0.78 0.78 0.78 0.27 0.26 0.05 0.14 0.91 0.95 0.95 0.95 0.95 0.95 0.94 0.95 0.95 0.94 0.95 0.94 0.93 0.93 0.80 0.89 0.87 0.90 0.72 0.77 0.77 0.77
0.86 0.96 0.96 1.00 0.66 0.87 0.96 0.98 0.93 0.87 0.91 0.89 0.87 0.88 0.88 0.87 0.54 0.85 0.73 0.84 0.88 0.88 0.88 0.85 0.51 0.66 0.84 0.47 0.77 0.84 0.83 0.83 0.85 0.84 0.83 0.83 0.80 0.84 0.80 0.78 0.56 0.71 0.60 0.70 0.70 0.68 0.70 0.69 0.67 0.68 0.68 0.68 0.12 0.61 0.61 0.61 0.61 0.61 0.14 0.14 0.02 0.07 0.78 0.85 0.85 0.85 0.85 0.86 0.83 0.86 0.86 0.82 0.85 0.83 0.81 0.81 0.63 0.75 0.71 0.77 0.51 0.57 0.57 0.57
0.99 1.00 1.00 1.00 0.88 0.99 1.00 1.00 0.98 0.99 0.99 0.99 0.99 0.99 0.99 0.99 0.81 0.99 0.96 0.99 0.99 0.99 0.99 0.99 0.85 0.94 0.99 0.81 0.98 0.99 0.99 0.99 0.99 0.99 0.99 0.99 0.98 0.99 0.98 0.94 0.86 0.93 0.88 0.93 0.93 0.93 0.93 0.93 0.93 0.93 0.93 0.93 0.42 0.90 0.90 0.90 0.90 0.90 0.42 0.43 0.12 0.23 0.97 0.99 0.99 0.99 0.99 0.99 0.99 0.99 0.99 0.98 0.99 0.98 0.98 0.98 0.92 0.97 0.95 0.97 0.86 0.90 0.90 0.90
0.90 0.97 0.97 1.00 0.71 0.90 0.97 0.98 0.95 0.91 0.94 0.93 0.91 0.91 0.92 0.91 0.61 0.90 0.80 0.89 0.91 0.91 0.92 0.90 0.58 0.74 0.89 0.55 0.83 0.89 0.89 0.89 0.90 0.89 0.89 0.89 0.86 0.89 0.86 0.81 0.62 0.76 0.66 0.75 0.75 0.73 0.75 0.75 0.73 0.73 0.73 0.73 0.15 0.67 0.67 0.67 0.67 0.67 0.18 0.17 0.02 0.10 0.83 0.89 0.89 0.89 0.89 0.90 0.87 0.90 0.90 0.87 0.89 0.87 0.86 0.86 0.69 0.81 0.78 0.82 0.59 0.64 0.64 0.64
1.00 1.00 1.00 1.00 0.95 1.00 1.00 1.00 1.00 1.00 1.00 1.00 1.00 1.00 1.00 1.00 0.90 1.00 0.99 1.00 1.00 1.00 1.00 1.00 0.94 0.99 1.00 0.91 0.99 1.00 1.00 1.00 1.00 1.00 1.00 1.00 1.00 1.00 1.00 0.98 0.95 0.98 0.96 0.98 0.98 0.98 0.98 0.98 0.98 0.98 0.98 0.98 0.62 0.97 0.97 0.97 0.97 0.97 0.59 0.60 0.25 0.36 0.99 1.00 1.00 1.00 1.00 1.00 1.00 1.00 1.00 1.00 1.00 1.00 1.00 1.00 0.97 0.99 0.99 0.99 0.94 0.97 0.97 0.97
0.92 0.98 0.98 1.00 0.74 0.93 0.98 0.99 0.95 0.93 0.95 0.94 0.93 0.94 0.94 0.93 0.64 0.92 0.84 0.92 0.94 0.94 0.94 0.92 0.65 0.79 0.92 0.60 0.87 0.92 0.92 0.92 0.92 0.92 0.92 0.92 0.89 0.92 0.89 0.85 0.67 0.80 0.70 0.79 0.79 0.78 0.79 0.79 0.77 0.78 0.78 0.78 0.19 0.71 0.71 0.71 0.71 0.71 0.22 0.22 0.03 0.11 0.86 0.92 0.92 0.92 0.92 0.93 0.91 0.93 0.93 0.90 0.92 0.90 0.90 0.89 0.75 0.85 0.82 0.86 0.64 0.70 0.70 0.70
0.74 0.92 0.92 1.00 0.56 0.74 0.92 0.96 0.89 0.74 0.83 0.80 0.74 0.74 0.75 0.76 0.40 0.71 0.55 0.67 0.74 0.74 0.75 0.71 0.34 0.46 0.67 0.32 0.58 0.67 0.66 0.66 0.71 0.67 0.66 0.67 0.63 0.67 0.63 0.69 0.40 0.58 0.45 0.55 0.55 0.52 0.55 0.54 0.51 0.52 0.52 0.52 0.05 0.45 0.45 0.45 0.45 0.45 0.08 0.07 0.01 0.04 0.61 0.71 0.71 0.71 0.71 0.73 0.69 0.73 0.73 0.66 0.71 0.67 0.64 0.64 0.46 0.59 0.55 0.61 0.33 0.37 0.37 0.37
0.85 0.96 0.96 1.00 0.64 0.85 0.96 0.97 0.92 0.85 0.90 0.88 0.85 0.86 0.87 0.85 0.51 0.83 0.73 0.82 0.86 0.86 0.86 0.83 0.49 0.64 0.82 0.46 0.75 0.82 0.81 0.81 0.83 0.82 0.81 0.81 0.78 0.82 0.78 0.77 0.53 0.69 0.57 0.67 0.67 0.65 0.67 0.67 0.64 0.65 0.65 0.65 0.11 0.59 0.59 0.59 0.59 0.59 0.13 0.13 0.02 0.07 0.76 0.84 0.84 0.84 0.84 0.85 0.81 0.85 0.85 0.80 0.84 0.80 0.79 0.79 0.60 0.72 0.69 0.74 0.49 0.54 0.54 0.54
0.89 0.97 0.97 1.00 0.70 0.90 0.97 0.98 0.94 0.90 0.93 0.92 0.90 0.91 0.91 0.90 0.59 0.89 0.79 0.88 0.91 0.91 0.91 0.89 0.58 0.73 0.88 0.54 0.82 0.88 0.88 0.88 0.89 0.88 0.88 0.88 0.85 0.88 0.85 0.80 0.61 0.75 0.65 0.74 0.74 0.72 0.74 0.74 0.71 0.72 0.72 0.72 0.15 0.65 0.65 0.65 0.65 0.65 0.18 0.16 0.02 0.09 0.82 0.88 0.88 0.88 0.88 0.89 0.86 0.89 0.89 0.86 0.88 0.86 0.85 0.84 0.69 0.80 0.76 0.81 0.58 0.63 0.63 0.63
0.75 0.93 0.93 1.00 0.56 0.75 0.93 0.96 0.90 0.75 0.84 0.81 0.75 0.75 0.76 0.76 0.41 0.72 0.57 0.69 0.75 0.75 0.76 0.72 0.35 0.48 0.69 0.32 0.60 0.69 0.68 0.68 0.72 0.69 0.68 0.68 0.64 0.69 0.64 0.69 0.41 0.58 0.45 0.56 0.56 0.53 0.56 0.55 0.52 0.53 0.53 0.53 0.05 0.45 0.45 0.45 0.45 0.45 0.08 0.07 0.01 0.04 0.62 0.72 0.72 0.72 0.72 0.74 0.70 0.74 0.74 0.67 0.72 0.68 0.66 0.66 0.47 0.59 0.56 0.62 0.34 0.39 0.39 0.39
1.00 1.00 1.00 1.00 0.96 1.00 1.00 1.00 0.99 1.00 1.00 1.00 1.00 1.00 1.00 1.00 0.90 1.00 0.99 1.00 1.00 1.00 1.00 1.00 0.95 0.99 1.00 0.92 1.00 1.00 1.00 1.00 1.00 1.00 1.00 1.00 1.00 1.00 1.00 0.98 0.96 0.98 0.97 0.98 0.98 0.98 0.98 0.98 0.98 0.98 0.98 0.98 0.65 0.97 0.97 0.97 0.97 0.97 0.61 0.62 0.27 0.38 0.99 1.00 1.00 1.00 1.00 1.00 1.00 1.00 1.00 1.00 1.00 1.00 1.00 1.00 0.97 1.00 0.99 1.00 0.95 0.98 0.98 0.98
0.69 0.91 0.91 1.00 0.52 0.68 0.91 0.94 0.87 0.69 0.80 0.77 0.69 0.69 0.71 0.71 0.35 0.66 0.49 0.61 0.69 0.69 0.70 0.66 0.28 0.40 0.61 0.26 0.52 0.61 0.60 0.60 0.66 0.61 0.60 0.60 0.57 0.61 0.57 0.66 0.36 0.53 0.40 0.50 0.50 0.47 0.50 0.49 0.46 0.47 0.47 0.47 0.04 0.39 0.39 0.39 0.39 0.39 0.06 0.05 0.00 0.03 0.54 0.66 0.66 0.66 0.66 0.67 0.63 0.67 0.67 0.60 0.66 0.61 0.58 0.58 0.40 0.52 0.49 0.54 0.28 0.31 0.31 0.31
0.98 1.00 1.00 1.00 0.87 0.99 1.00 1.00 0.98 0.99 0.99 0.99 0.99 0.99 0.99 0.98 0.81 0.99 0.96 0.99 0.99 0.99 0.99 0.99 0.86 0.94 0.99 0.81 0.97 0.99 0.99 0.99 0.99 0.99 0.99 0.99 0.98 0.99 0.98 0.94 0.86 0.93 0.88 0.93 0.93 0.93 0.93 0.93 0.93 0.93 0.93 0.93 0.42 0.90 0.90 0.90 0.90 0.90 0.42 0.43 0.12 0.23 0.97 0.99 0.99 0.99 0.99 0.99 0.98 0.99 0.99 0.98 0.99 0.98 0.98 0.98 0.92 0.97 0.95 0.97 0.86 0.90 0.90 0.90
0.74 0.92 0.92 1.00 0.54 0.73 0.92 0.95 0.88 0.73 0.83 0.80 0.73 0.74 0.75 0.75 0.39 0.70 0.55 0.67 0.74 0.74 0.75 0.70 0.33 0.46 0.67 0.31 0.57 0.67 0.66 0.65 0.70 0.67 0.66 0.65 0.62 0.67 0.62 0.69 0.40 0.58 0.45 0.54 0.54 0.52 0.54 0.54 0.50 0.52 0.52 0.52 0.05 0.44 0.44 0.44 0.44 0.44 0.08 0.06 0.01 0.04 0.60 0.71 0.71 0.71 0.71 0.73 0.68 0.73 0.73 0.65 0.71 0.66 0.64 0.64 0.46 0.58 0.56 0.61 0.33 0.37 0.37 0.37
1.00 1.00 1.00 1.00 0.95 1.00 1.00 1.00 0.99 1.00 1.00 1.00 1.00 1.00 1.00 1.00 0.89 1.00 0.98 1.00 1.00 1.00 1.00 1.00 0.94 0.98 1.00 0.90 0.99 1.00 1.00 1.00 1.00 1.00 1.00 1.00 1.00 1.00 1.00 0.98 0.95 0.98 0.95 0.98 0.98 0.98 0.98 0.98 0.98 0.98 0.98 0.98 0.61 0.96 0.96 0.96 0.96 0.96 0.57 0.59 0.25 0.35 0.99 1.00 1.00 1.00 1.00 1.00 1.00 1.00 1.00 1.00 1.00 1.00 1.00 1.00 0.97 0.99 0.98 0.99 0.94 0.97 0.97 0.97
0.93 0.98 0.98 1.00 0.76 0.94 0.98 0.99 0.96 0.94 0.96 0.95 0.94 0.95 0.95 0.94 0.65 0.93 0.85 0.93 0.95 0.95 0.95 0.93 0.67 0.81 0.93 0.63 0.88 0.93 0.93 0.93 0.93 0.93 0.93 0.93 0.90 0.93 0.90 0.85 0.69 0.81 0.72 0.81 0.81 0.79 0.81 0.80 0.79 0.79 0.79 0.79 0.21 0.73 0.73 0.73 0.73 0.73 0.24 0.23 0.03 0.12 0.88 0.93 0.93 0.93 0.93 0.94 0.92 0.94 0.94 0.92 0.93 0.92 0.91 0.91 0.76 0.86 0.83 0.87 0.67 0.72 0.72 0.72
0.98 0.99 0.99 1.00 0.88 0.99 0.99 1.00 0.99 0.99 0.99 0.99 0.99 0.99 0.99 0.99 0.81 0.99 0.95 0.99 0.99 0.99 0.99 0.99 0.85 0.94 0.99 0.81 0.97 0.99 0.99 0.99 0.99 0.99 0.99 0.99 0.98 0.99 0.98 0.94 0.86 0.93 0.88 0.93 0.93 0.93 0.93 0.93 0.92 0.93 0.93 0.93 0.41 0.89 0.89 0.89 0.89 0.89 0.41 0.43 0.12 0.23 0.97 0.99 0.99 0.99 0.99 0.99 0.98 0.99 0.99 0.98 0.99 0.98 0.98 0.98 0.91 0.96 0.95 0.97 0.86 0.90 0.90 0.90
0.99 1.00 1.00 1.00 0.90 0.99 1.00 1.00 0.99 0.99 0.99 0.99 0.99 0.99 0.99 0.99 0.82 0.99 0.97 0.99 0.99 0.99 0.99 0.99 0.87 0.96 0.99 0.82 0.98 0.99 0.99 0.99 0.99 0.99 0.99 0.99 0.98 0.99 0.98 0.95 0.89 0.94 0.90 0.94 0.94 0.94 0.94 0.94 0.94 0.94 0.94 0.94 0.45 0.91 0.91 0.91 0.91 0.91 0.45 0.46 0.13 0.25 0.98 0.99 0.99 0.99 0.99 0.99 0.99 0.99 0.99 0.99 0.99 0.99 0.99 0.99 0.93 0.97 0.96 0.98 0.88 0.92 0.92 0.92
0.95 0.99 0.99 1.00 0.78 0.96 0.99 0.99 0.97 0.96 0.97 0.96 0.96 0.96 0.97 0.96 0.70 0.96 0.89 0.95 0.96 0.96 0.97 0.96 0.73 0.85 0.95 0.68 0.91 0.95 0.95 0.95 0.96 0.95 0.95 0.95 0.93 0.95 0.93 0.87 0.74 0.84 0.77 0.84 0.84 0.83 0.84 0.84 0.82 0.83 0.83 0.83 0.25 0.78 0.78 0.78 0.78 0.78 0.28 0.26 0.05 0.14 0.92 0.95 0.95 0.95 0.95 0.96 0.94 0.96 0.96 0.94 0.95 0.94 0.94 0.93 0.82 0.90 0.88 0.91 0.72 0.77 0.77 0.77
0.93 0.98 0.98 1.00 0.75 0.94 0.98 0.99 0.95 0.93 0.95 0.95 0.93 0.94 0.94 0.93 0.64 0.92 0.85 0.92 0.94 0.94 0.94 0.92 0.65 0.79 0.92 0.61 0.87 0.92 0.92 0.92 0.92 0.92 0.92 0.92 0.90 0.92 0.90 0.84 0.68 0.80 0.71 0.79 0.79 0.78 0.79 0.79 0.77 0.78 0.78 0.78 0.19 0.73 0.73 0.73 0.73 0.73 0.23 0.22 0.04 0.12 0.88 0.93 0.93 0.93 0.93 0.93 0.91 0.93 0.93 0.91 0.93 0.91 0.90 0.90 0.76 0.85 0.82 0.86 0.65 0.71 0.71 0.71
0.97 0.99 0.99 1.00 0.82 0.98 0.99 0.99 0.97 0.98 0.98 0.98 0.98 0.98 0.98 0.97 0.74 0.97 0.92 0.98 0.98 0.98 0.98 0.97 0.78 0.89 0.98 0.73 0.94 0.98 0.97 0.97 0.97 0.98 0.97 0.97 0.96 0.98 0.96 0.91 0.80 0.89 0.82 0.89 0.89 0.88 0.89 0.88 0.87 0.88 0.88 0.88 0.30 0.83 0.83 0.83 0.83 0.83 0.33 0.31 0.06 0.17 0.94 0.97 0.97 0.97 0.97 0.97 0.96 0.97 0.97 0.96 0.97 0.96 0.96 0.96 0.85 0.93 0.91 0.94 0.77 0.83 0.83 0.83
0.99 1.00 1.00 1.00 0.89 0.99 1.00 1.00 0.99 0.99 0.99 0.99 0.99 0.99 0.99 0.99 0.82 0.99 0.97 0.99 0.99 0.99 0.99 0.99 0.87 0.95 0.99 0.83 0.98 0.99 0.99 0.99 0.99 0.99 0.99 0.99 0.98 0.99 0.98 0.95 0.88 0.94 0.90 0.94 0.94 0.94 0.94 0.94 0.94 0.94 0.94 0.94 0.45 0.91 0.91 0.91 0.91 0.91 0.45 0.45 0.13 0.24 0.98 0.99 0.99 0.99 0.99 0.99 0.99 0.99 0.99 0.99 0.99 0.99 0.99 0.98 0.93 0.97 0.96 0.97 0.87 0.92 0.92 0.92
0.86 0.96 0.96 1.00 0.65 0.86 0.96 0.98 0.93 0.87 0.90 0.89 0.87 0.87 0.87 0.87 0.53 0.85 0.74 0.83 0.87 0.87 0.87 0.85 0.51 0.67 0.83 0.47 0.77 0.84 0.83 0.83 0.85 0.84 0.83 0.83 0.80 0.84 0.80 0.78 0.56 0.71 0.60 0.70 0.70 0.68 0.70 0.69 0.67 0.68 0.68 0.68 0.11 0.61 0.61 0.61 0.61 0.61 0.15 0.14 0.02 0.07 0.76 0.85 0.85 0.85 0.85 0.86 0.82 0.86 0.86 0.81 0.85 0.82 0.80 0.80 0.62 0.74 0.72 0.76 0.50 0.55 0.55 0.55
1.00 1.00 1.00 1.00 0.95 1.00 1.00 1.00 0.99 1.00 1.00 1.00 1.00 1.00 1.00 1.00 0.89 1.00 0.99 1.00 1.00 1.00 1.00 1.00 0.94 0.98 1.00 0.89 0.99 1.00 1.00 1.00 1.00 1.00 1.00 1.00 0.99 1.00 0.99 0.98 0.94 0.98 0.95 0.97 0.97 0.97 0.97 0.98 0.97 0.97 0.97 0.97 0.58 0.96 0.96 0.96 0.96 0.96 0.57 0.58 0.23 0.34 0.99 1.00 1.00 1.00 1.00 1.00 1.00 1.00 1.00 1.00 1.00 1.00 1.00 1.00 0.96 0.99 0.98 0.99 0.93 0.96 0.96 0.96
0.76 0.93 0.93 1.00 0.57 0.76 0.93 0.96 0.90 0.77 0.85 0.82 0.77 0.77 0.78 0.78 0.43 0.75 0.59 0.71 0.77 0.77 0.77 0.75 0.36 0.50 0.71 0.34 0.62 0.71 0.70 0.70 0.75 0.71 0.70 0.70 0.66 0.71 0.66 0.71 0.42 0.60 0.47 0.57 0.57 0.55 0.57 0.57 0.54 0.55 0.55 0.55 0.06 0.47 0.47 0.47 0.47 0.47 0.09 0.07 0.01 0.05 0.64 0.74 0.74 0.74 0.74 0.76 0.72 0.76 0.76 0.69 0.74 0.70 0.68 0.68 0.49 0.61 0.58 0.63 0.36 0.41 0.41 0.41
0.68 0.91 0.91 1.00 0.51 0.68 0.91 0.95 0.87 0.68 0.79 0.75 0.68 0.68 0.69 0.70 0.34 0.64 0.48 0.59 0.68 0.68 0.69 0.64 0.27 0.38 0.59 0.25 0.50 0.59 0.58 0.58 0.64 0.59 0.58 0.58 0.54 0.59 0.54 0.65 0.34 0.53 0.39 0.49 0.49 0.46 0.49 0.48 0.44 0.46 0.46 0.46 0.03 0.38 0.38 0.38 0.38 0.38 0.06 0.05 0.00 0.03 0.53 0.64 0.64 0.64 0.64 0.67 0.62 0.67 0.67 0.58 0.64 0.60 0.56 0.57 0.39 0.50 0.48 0.53 0.27 0.31 0.31 0.31
0.89 0.97 0.97 1.00 0.70 0.89 0.97 0.98 0.94 0.89 0.93 0.92 0.89 0.90 0.91 0.90 0.58 0.88 0.78 0.87 0.90 0.90 0.90 0.88 0.57 0.72 0.87 0.53 0.81 0.87 0.87 0.87 0.88 0.87 0.87 0.87 0.84 0.87 0.84 0.82 0.61 0.76 0.65 0.74 0.74 0.72 0.74 0.74 0.71 0.72 0.72 0.72 0.15 0.66 0.66 0.66 0.66 0.66 0.18 0.18 0.02 0.09 0.81 0.88 0.88 0.88 0.88 0.89 0.86 0.89 0.89 0.85 0.88 0.86 0.84 0.84 0.69 0.79 0.77 0.81 0.58 0.63 0.63 0.63
0.90 0.97 0.97 1.00 0.70 0.90 0.97 0.98 0.94 0.90 0.93 0.92 0.90 0.91 0.91 0.90 0.59 0.89 0.80 0.89 0.91 0.91 0.91 0.89 0.58 0.73 0.89 0.53 0.83 0.89 0.88 0.88 0.89 0.89 0.88 0.88 0.85 0.89 0.85 0.80 0.61 0.75 0.64 0.74 0.74 0.72 0.74 0.73 0.71 0.72 0.72 0.72 0.14 0.66 0.66 0.66 0.66 0.66 0.18 0.17 0.02 0.09 0.83 0.89 0.89 0.89 0.89 0.90 0.87 0.90 0.90 0.86 0.89 0.86 0.85 0.85 0.68 0.79 0.76 0.81 0.57 0.62 0.62 0.62
0.83 0.95 0.95 1.00 0.63 0.84 0.95 0.97 0.92 0.84 0.89 0.87 0.84 0.85 0.85 0.84 0.50 0.81 0.70 0.80 0.85 0.85 0.85 0.81 0.47 0.61 0.80 0.43 0.73 0.80 0.79 0.79 0.81 0.80 0.79 0.79 0.75 0.80 0.75 0.76 0.51 0.67 0.56 0.66 0.66 0.64 0.66 0.66 0.63 0.64 0.64 0.64 0.09 0.57 0.57 0.57 0.57 0.57 0.13 0.13 0.01 0.06 0.74 0.83 0.83 0.83 0.83 0.84 0.80 0.84 0.84 0.79 0.83 0.79 0.77 0.77 0.59 0.71 0.68 0.73 0.47 0.52 0.52 0.52
0.92 0.98 0.98 1.00 0.74 0.93 0.98 0.99 0.96 0.93 0.95 0.94 0.93 0.94 0.94 0.93 0.65 0.92 0.84 0.92 0.94 0.94 0.94 0.92 0.65 0.79 0.92 0.61 0.87 0.92 0.92 0.92 0.92 0.92 0.92 0.92 0.89 0.92 0.89 0.84 0.67 0.80 0.70 0.79 0.79 0.78 0.79 0.79 0.77 0.78 0.78 0.78 0.19 0.72 0.72 0.72 0.72 0.72 0.23 0.21 0.03 0.11 0.87 0.92 0.92 0.92 0.92 0.93 0.91 0.93 0.93 0.90 0.92 0.90 0.89 0.89 0.75 0.85 0.82 0.86 0.65 0.69 0.69 0.69
0.80 0.94 0.94 1.00 0.60 0.80 0.94 0.96 0.91 0.80 0.87 0.85 0.80 0.81 0.82 0.81 0.46 0.78 0.64 0.76 0.81 0.81 0.82 0.78 0.42 0.56 0.76 0.39 0.67 0.76 0.75 0.75 0.78 0.76 0.75 0.75 0.71 0.76 0.71 0.74 0.47 0.64 0.52 0.61 0.61 0.59 0.61 0.61 0.58 0.59 0.59 0.59 0.08 0.51 0.51 0.51 0.51 0.51 0.11 0.09 0.01 0.05 0.68 0.78 0.78 0.78 0.78 0.79 0.76 0.79 0.79 0.74 0.78 0.74 0.72 0.72 0.54 0.66 0.63 0.68 0.41 0.46 0.46 0.46
0.88 0.97 0.97 1.00 0.69 0.89 0.97 0.98 0.94 0.89 0.92 0.91 0.89 0.90 0.90 0.89 0.57 0.88 0.77 0.86 0.90 0.90 0.90 0.88 0.54 0.70 0.86 0.51 0.80 0.86 0.86 0.86 0.88 0.86 0.86 0.86 0.83 0.86 0.83 0.79 0.58 0.73 0.62 0.71 0.71 0.69 0.71 0.71 0.69 0.69 0.69 0.69 0.12 0.63 0.63 0.63 0.63 0.63 0.16 0.16 0.02 0.08 0.80 0.87 0.87 0.87 0.87 0.88 0.85 0.88 0.88 0.84 0.87 0.84 0.83 0.83 0.66 0.78 0.74 0.80 0.54 0.59 0.59 0.59
0.94 0.98 0.98 1.00 0.76 0.95 0.98 0.99 0.96 0.95 0.97 0.96 0.95 0.96 0.96 0.95 0.68 0.95 0.87 0.94 0.96 0.96 0.96 0.95 0.69 0.83 0.94 0.64 0.90 0.94 0.94 0.94 0.95 0.94 0.94 0.94 0.92 0.94 0.92 0.87 0.72 0.83 0.75 0.83 0.83 0.81 0.83 0.83 0.81 0.81 0.81 0.81 0.22 0.76 0.76 0.76 0.76 0.76 0.25 0.24 0.04 0.12 0.90 0.94 0.94 0.94 0.94 0.95 0.93 0.95 0.95 0.93 0.94 0.93 0.92 0.92 0.79 0.88 0.86 0.89 0.70 0.75 0.75 0.75
0.73 0.92 0.92 1.00 0.55 0.73 0.92 0.96 0.89 0.74 0.83 0.80 0.74 0.74 0.75 0.75 0.39 0.71 0.54 0.66 0.74 0.74 0.74 0.71 0.32 0.46 0.66 0.29 0.57 0.66 0.65 0.65 0.71 0.66 0.65 0.65 0.62 0.66 0.62 0.69 0.39 0.57 0.43 0.54 0.54 0.51 0.54 0.53 0.49 0.51 0.51 0.51 0.05 0.43 0.43 0.43 0.43 0.43 0.07 0.06 0.01 0.04 0.59 0.70 0.70 0.70 0.70 0.72 0.68 0.72 0.72 0.65 0.70 0.66 0.64 0.63 0.45 0.57 0.54 0.60 0.33 0.37 0.37 0.37
0.94 0.99 0.99 1.00 0.77 0.95 0.99 0.99 0.96 0.95 0.97 0.96 0.95 0.96 0.96 0.95 0.68 0.95 0.88 0.95 0.96 0.96 0.96 0.95 0.70 0.83 0.95 0.66 0.90 0.95 0.94 0.94 0.95 0.95 0.94 0.94 0.92 0.95 0.92 0.87 0.73 0.84 0.76 0.83 0.83 0.82 0.83 0.83 0.82 0.82 0.82 0.82 0.23 0.77 0.77 0.77 0.77 0.77 0.26 0.26 0.04 0.13 0.90 0.94 0.94 0.94 0.94 0.95 0.93 0.95 0.95 0.93 0.94 0.93 0.92 0.92 0.79 0.88 0.86 0.89 0.71 0.76 0.76 0.76
0.99 1.00 1.00 1.00 0.93 1.00 1.00 1.00 0.99 1.00 1.00 1.00 1.00 1.00 1.00 1.00 0.87 1.00 0.98 1.00 1.00 1.00 1.00 1.00 0.92 0.98 1.00 0.87 0.99 1.00 1.00 1.00 1.00 1.00 1.00 1.00 0.99 1.00 0.99 0.97 0.92 0.97 0.94 0.97 0.97 0.97 0.97 0.97 0.97 0.97 0.97 0.97 0.54 0.95 0.95 0.95 0.95 0.95 0.52 0.53 0.19 0.30 0.99 1.00 1.00 1.00 1.00 1.00 1.00 1.00 1.00 1.00 1.00 0.99 1.00 1.00 0.95 0.99 0.98 0.99 0.92 0.95 0.95 0.95
0.98 0.99 0.99 1.00 0.85 0.98 0.99 1.00 0.98 0.98 0.99 0.99 0.98 0.99 0.99 0.98 0.78 0.98 0.94 0.98 0.99 0.99 0.99 0.98 0.81 0.92 0.98 0.77 0.96 0.98 0.98 0.98 0.98 0.98 0.98 0.98 0.97 0.98 0.97 0.92 0.83 0.91 0.85 0.91 0.91 0.90 0.91 0.91 0.90 0.90 0.90 0.90 0.37 0.87 0.87 0.87 0.87 0.87 0.38 0.37 0.09 0.20 0.96 0.98 0.98 0.98 0.98 0.98 0.98 0.98 0.98 0.97 0.98 0.97 0.97 0.97 0.89 0.95 0.93 0.95 0.82 0.87 0.87 0.87
0.79 0.94 0.94 1.00 0.60 0.80 0.94 0.97 0.90 0.80 0.87 0.84 0.80 0.80 0.81 0.81 0.45 0.77 0.64 0.74 0.80 0.80 0.81 0.77 0.40 0.55 0.74 0.38 0.66 0.75 0.74 0.74 0.77 0.75 0.74 0.74 0.70 0.75 0.70 0.73 0.46 0.63 0.51 0.61 0.61 0.59 0.61 0.61 0.57 0.59 0.59 0.59 0.07 0.51 0.51 0.51 0.51 0.51 0.10 0.10 0.01 0.05 0.68 0.77 0.77 0.77 0.77 0.79 0.75 0.79 0.79 0.73 0.77 0.73 0.71 0.71 0.53 0.65 0.62 0.67 0.40 0.44 0.44 0.44
0.75 0.93 0.93 1.00 0.56 0.75 0.93 0.96 0.90 0.75 0.84 0.81 0.75 0.75 0.76 0.77 0.41 0.72 0.56 0.68 0.75 0.75 0.76 0.72 0.34 0.48 0.68 0.32 0.59 0.69 0.67 0.67 0.72 0.69 0.67 0.68 0.64 0.69 0.64 0.69 0.41 0.59 0.46 0.56 0.56 0.53 0.56 0.55 0.52 0.53 0.53 0.53 0.05 0.45 0.45 0.45 0.45 0.45 0.08 0.07 0.00 0.04 0.61 0.72 0.72 0.72 0.72 0.74 0.69 0.74 0.74 0.67 0.72 0.68 0.65 0.65 0.47 0.59 0.55 0.62 0.34 0.38 0.38 0.38
0.98 0.99 0.99 1.00 0.88 0.99 0.99 1.00 0.98 0.99 0.99 0.99 0.99 0.99 0.99 0.98 0.80 0.99 0.96 0.99 0.99 0.99 0.99 0.99 0.85 0.94 0.99 0.80 0.97 0.99 0.99 0.99 0.99 0.99 0.99 0.99 0.98 0.99 0.98 0.93 0.86 0.93 0.88 0.93 0.93 0.92 0.93 0.93 0.92 0.92 0.92 0.92 0.40 0.89 0.89 0.89 0.89 0.89 0.41 0.41 0.11 0.22 0.97 0.99 0.99 0.99 0.99 0.99 0.98 0.99 0.99 0.98 0.99 0.98 0.98 0.98 0.90 0.96 0.94 0.96 0.84 0.89 0.89 0.89
0.87 0.96 0.96 1.00 0.67 0.88 0.96 0.97 0.93 0.88 0.92 0.91 0.88 0.89 0.89 0.88 0.56 0.87 0.76 0.86 0.89 0.89 0.89 0.87 0.54 0.70 0.86 0.50 0.80 0.86 0.85 0.85 0.87 0.86 0.85 0.85 0.82 0.86 0.82 0.79 0.58 0.73 0.62 0.71 0.71 0.70 0.71 0.71 0.69 0.70 0.70 0.70 0.13 0.63 0.63 0.63 0.63 0.63 0.16 0.15 0.02 0.08 0.79 0.86 0.86 0.86 0.86 0.87 0.85 0.87 0.87 0.83 0.86 0.84 0.83 0.82 0.65 0.77 0.74 0.79 0.55 0.60 0.60 0.60
0.95 0.99 0.99 1.00 0.79 0.96 0.99 0.99 0.97 0.96 0.97 0.96 0.96 0.96 0.97 0.96 0.70 0.96 0.89 0.95 0.96 0.96 0.97 0.96 0.72 0.85 0.95 0.68 0.92 0.96 0.95 0.95 0.96 0.96 0.95 0.95 0.93 0.96 0.93 0.88 0.74 0.85 0.77 0.84 0.84 0.83 0.84 0.84 0.83 0.83 0.83 0.83 0.25 0.79 0.79 0.79 0.79 0.79 0.28 0.28 0.05 0.14 0.91 0.96 0.96 0.96 0.96 0.96 0.94 0.96 0.96 0.94 0.96 0.94 0.94 0.93 0.81 0.90 0.87 0.91 0.73 0.78 0.78 0.78
0.99 1.00 1.00 1.00 0.90 0.99 1.00 1.00 0.99 0.99 0.99 0.99 0.99 0.99 0.99 0.99 0.83 0.99 0.97 0.99 0.99 0.99 0.99 0.99 0.87 0.95 0.99 0.82 0.98 0.99 0.99 0.99 0.99 0.99 0.99 0.99 0.98 0.99 0.98 0.95 0.89 0.94 0.91 0.95 0.95 0.94 0.95 0.95 0.94 0.94 0.94 0.94 0.44 0.91 0.91 0.91 0.91 0.91 0.45 0.46 0.14 0.25 0.98 0.99 0.99 0.99 0.99 0.99 0.99 0.99 0.99 0.99 0.99 0.99 0.99 0.98 0.93 0.97 0.96 0.98 0.88 0.92 0.92 0.92
0.89 0.97 0.97 1.00 0.70 0.90 0.97 0.98 0.94 0.91 0.93 0.92 0.91 0.91 0.91 0.90 0.58 0.89 0.79 0.88 0.91 0.91 0.91 0.89 0.57 0.73 0.88 0.53 0.82 0.88 0.88 0.88 0.89 0.88 0.88 0.88 0.85 0.88 0.85 0.81 0.62 0.76 0.66 0.75 0.75 0.73 0.75 0.75 0.73 0.73 0.73 0.73 0.15 0.67 0.67 0.67 0.67 0.67 0.18 0.17 0.02 0.09 0.82 0.89 0.89 0.89 0.89 0.89 0.87 0.89 0.89 0.86 0.89 0.86 0.85 0.85 0.68 0.80 0.77 0.82 0.57 0.62 0.62 0.62
0.92 0.98 0.98 1.00 0.72 0.92 0.98 0.99 0.95 0.93 0.95 0.94 0.93 0.93 0.93 0.92 0.62 0.91 0.82 0.91 0.93 0.93 0.93 0.91 0.62 0.77 0.91 0.58 0.86 0.91 0.90 0.90 0.91 0.91 0.90 0.90 0.87 0.91 0.87 0.83 0.65 0.79 0.68 0.77 0.77 0.76 0.77 0.77 0.75 0.76 0.76 0.76 0.17 0.70 0.70 0.70 0.70 0.70 0.21 0.19 0.03 0.11 0.85 0.92 0.92 0.92 0.92 0.92 0.90 0.92 0.92 0.89 0.92 0.89 0.88 0.88 0.73 0.83 0.80 0.85 0.63 0.68 0.68 0.68
0.78 0.94 0.94 1.00 0.61 0.79 0.94 0.96 0.91 0.80 0.87 0.85 0.80 0.80 0.81 0.81 0.47 0.78 0.64 0.75 0.80 0.80 0.81 0.78 0.41 0.56 0.75 0.38 0.67 0.75 0.74 0.74 0.78 0.75 0.74 0.74 0.71 0.75 0.71 0.73 0.46 0.64 0.51 0.61 0.61 0.59 0.61 0.61 0.58 0.59 0.59 0.59 0.08 0.52 0.52 0.52 0.52 0.52 0.11 0.09 0.01 0.06 0.68 0.78 0.78 0.78 0.78 0.79 0.74 0.79 0.79 0.73 0.78 0.74 0.72 0.71 0.53 0.65 0.62 0.67 0.40 0.45 0.45 0.45
0.99 1.00 1.00 1.00 0.91 0.99 1.00 1.00 0.99 0.99 0.99 0.99 0.99 1.00 1.00 0.99 0.85 0.99 0.98 1.00 1.00 1.00 1.00 0.99 0.90 0.96 1.00 0.85 0.98 1.00 0.99 0.99 0.99 1.00 0.99 0.99 0.99 1.00 0.99 0.96 0.91 0.96 0.93 0.96 0.96 0.96 0.96 0.96 0.95 0.96 0.96 0.96 0.50 0.94 0.94 0.94 0.94 0.94 0.50 0.49 0.16 0.28 0.98 0.99 0.99 0.99 0.99 0.99 0.99 0.99 0.99 0.99 0.99 0.99 0.99 0.99 0.94 0.98 0.97 0.98 0.90 0.94 0.94 0.94
0.99 1.00 1.00 1.00 0.94 1.00 1.00 1.00 0.99 1.00 1.00 1.00 1.00 1.00 1.00 1.00 0.88 1.00 0.98 1.00 1.00 1.00 1.00 1.00 0.93 0.98 1.00 0.89 0.99 1.00 1.00 1.00 1.00 1.00 1.00 1.00 0.99 1.00 0.99 0.97 0.94 0.97 0.95 0.98 0.98 0.97 0.98 0.98 0.97 0.97 0.97 0.97 0.57 0.96 0.96 0.96 0.96 0.96 0.55 0.56 0.22 0.32 0.99 1.00 1.00 1.00 1.00 1.00 1.00 1.00 1.00 1.00 1.00 1.00 1.00 0.99 0.96 0.99 0.98 0.99 0.93 0.96 0.96 0.96
0.94 0.98 0.98 1.00 0.77 0.95 0.98 0.99 0.96 0.95 0.96 0.96 0.95 0.96 0.96 0.95 0.68 0.95 0.87 0.94 0.96 0.96 0.96 0.95 0.69 0.83 0.94 0.64 0.90 0.94 0.94 0.94 0.95 0.94 0.94 0.94 0.92 0.94 0.92 0.87 0.72 0.84 0.75 0.83 0.83 0.82 0.83 0.83 0.82 0.82 0.82 0.82 0.23 0.77 0.77 0.77 0.77 0.77 0.26 0.25 0.04 0.14 0.90 0.95 0.95 0.95 0.95 0.95 0.93 0.95 0.95 0.93 0.95 0.93 0.92 0.92 0.79 0.88 0.86 0.89 0.70 0.76 0.76 0.76
0.99 1.00 1.00 1.00 0.92 0.99 1.00 1.00 0.99 0.99 1.00 0.99 0.99 1.00 1.00 0.99 0.85 0.99 0.97 1.00 1.00 1.00 1.00 0.99 0.91 0.96 1.00 0.86 0.98 1.00 0.99 0.99 0.99 1.00 0.99 0.99 0.99 1.00 0.99 0.96 0.91 0.96 0.93 0.96 0.96 0.96 0.96 0.96 0.96 0.96 0.96 0.96 0.51 0.94 0.94 0.94 0.94 0.94 0.48 0.50 0.16 0.28 0.98 0.99 0.99 0.99 0.99 0.99 0.99 0.99 0.99 0.99 0.99 0.99 0.99 0.99 0.95 0.98 0.97 0.98 0.90 0.94 0.94 0.94
0.68 0.91 0.91 1.00 0.50 0.68 0.91 0.94 0.87 0.68 0.79 0.76 0.68 0.68 0.69 0.70 0.33 0.64 0.47 0.59 0.68 0.68 0.69 0.64 0.26 0.39 0.59 0.25 0.50 0.59 0.58 0.58 0.64 0.59 0.58 0.58 0.54 0.59 0.54 0.65 0.34 0.53 0.39 0.50 0.50 0.47 0.50 0.49 0.45 0.47 0.47 0.47 0.04 0.39 0.39 0.39 0.39 0.39 0.06 0.05 0.00 0.03 0.52 0.64 0.64 0.64 0.64 0.67 0.62 0.67 0.67 0.58 0.64 0.59 0.56 0.57 0.38 0.51 0.48 0.53 0.26 0.30 0.30 0.30
0.69 0.91 0.91 1.00 0.52 0.68 0.91 0.95 0.88 0.69 0.80 0.76 0.69 0.68 0.70 0.71 0.35 0.66 0.49 0.61 0.68 0.68 0.70 0.66 0.28 0.39 0.61 0.26 0.51 0.61 0.60 0.60 0.66 0.61 0.60 0.60 0.56 0.61 0.56 0.65 0.35 0.52 0.40 0.49 0.49 0.46 0.49 0.49 0.45 0.46 0.46 0.46 0.03 0.38 0.38 0.38 0.38 0.38 0.06 0.05 0.00 0.03 0.53 0.65 0.65 0.65 0.65 0.67 0.62 0.67 0.67 0.59 0.65 0.60 0.57 0.57 0.40 0.51 0.49 0.54 0.27 0.31 0.31 0.31
0.86 0.96 0.96 1.00 0.66 0.87 0.96 0.97 0.93 0.87 0.92 0.90 0.87 0.88 0.89 0.88 0.54 0.86 0.75 0.85 0.88 0.88 0.89 0.86 0.53 0.68 0.85 0.49 0.78 0.85 0.84 0.84 0.86 0.85 0.84 0.84 0.81 0.85 0.81 0.79 0.56 0.72 0.60 0.70 0.70 0.68 0.70 0.70 0.68 0.68 0.68 0.68 0.12 0.62 0.62 0.62 0.62 0.62 0.15 0.14 0.02 0.08 0.78 0.86 0.86 0.86 0.86 0.86 0.84 0.86 0.86 0.82 0.86 0.83 0.81 0.81 0.65 0.76 0.72 0.78 0.53 0.58 0.58 0.58
1.00 1.00 1.00 1.00 0.96 1.00 1.00 1.00 1.00 1.00 1.00 1.00 1.00 1.00 1.00 1.00 0.91 1.00 0.99 1.00 1.00 1.00 1.00 1.00 0.95 0.99 1.00 0.92 0.99 1.00 1.00 1.00 1.00 1.00 1.00 1.00 1.00 1.00 1.00 0.98 0.96 0.99 0.97 0.98 0.98 0.98 0.98 0.98 0.98 0.98 0.98 0.98 0.65 0.97 0.97 0.97 0.97 0.97 0.62 0.63 0.28 0.39 1.00 1.00 1.00 1.00 1.00 1.00 1.00 1.00 1.00 1.00 1.00 1.00 1.00 1.00 0.97 0.99 0.99 1.00 0.95 0.98 0.98 0.98
0.86 0.96 0.96 1.00 0.66 0.87 0.96 0.98 0.93 0.87 0.91 0.90 0.87 0.87 0.88 0.87 0.54 0.85 0.74 0.84 0.87 0.87 0.88 0.85 0.52 0.67 0.84 0.49 0.77 0.84 0.83 0.83 0.85 0.84 0.83 0.83 0.80 0.84 0.80 0.79 0.57 0.72 0.61 0.70 0.70 0.68 0.70 0.70 0.68 0.68 0.68 0.68 0.12 0.61 0.61 0.61 0.61 0.61 0.15 0.14 0.02 0.08 0.78 0.85 0.85 0.85 0.85 0.86 0.83 0.86 0.86 0.82 0.85 0.83 0.81 0.81 0.63 0.75 0.72 0.77 0.52 0.57 0.57 0.57
0.92 0.98 0.98 1.00 0.74 0.92 0.98 0.99 0.95 0.93 0.95 0.94 0.93 0.93 0.94 0.93 0.65 0.92 0.84 0.92 0.93 0.93 0.94 0.92 0.64 0.78 0.92 0.59 0.86 0.92 0.91 0.91 0.92 0.92 0.91 0.91 0.89 0.92 0.89 0.84 0.67 0.80 0.70 0.78 0.78 0.77 0.78 0.78 0.77 0.77 0.77 0.77 0.18 0.71 0.71 0.71 0.71 0.71 0.21 0.20 0.03 0.11 0.86 0.91 0.91 0.91 0.91 0.92 0.90 0.92 0.92 0.89 0.91 0.90 0.89 0.89 0.74 0.84 0.81 0.85 0.65 0.69 0.69 0.69
0.90 0.97 0.97 1.00 0.71 0.91 0.97 0.98 0.94 0.91 0.94 0.93 0.91 0.92 0.92 0.91 0.60 0.90 0.81 0.89 0.92 0.92 0.92 0.90 0.60 0.75 0.89 0.56 0.84 0.89 0.89 0.89 0.90 0.89 0.89 0.89 0.87 0.89 0.87 0.82 0.63 0.77 0.66 0.76 0.76 0.74 0.76 0.75 0.74 0.74 0.74 0.74 0.16 0.68 0.68 0.68 0.68 0.68 0.20 0.19 0.03 0.10 0.84 0.90 0.90 0.90 0.90 0.90 0.88 0.90 0.90 0.87 0.90 0.88 0.87 0.86 0.71 0.81 0.79 0.83 0.60 0.65 0.65 0.65
0.99 1.00 1.00 1.00 0.90 0.99 1.00 1.00 0.99 0.99 0.99 0.99 0.99 0.99 0.99 0.99 0.83 0.99 0.97 0.99 0.99 0.99 0.99 0.99 0.89 0.96 0.99 0.84 0.98 0.99 0.99 0.99 0.99 0.99 0.99 0.99 0.99 0.99 0.99 0.95 0.90 0.95 0.91 0.95 0.95 0.95 0.95 0.95 0.95 0.95 0.95 0.95 0.48 0.92 0.92 0.92 0.92 0.92 0.47 0.47 0.14 0.25 0.98 0.99 0.99 0.99 0.99 0.99 0.99 0.99 0.99 0.99 0.99 0.99 0.99 0.99 0.93 0.98 0.96 0.98 0.89 0.93 0.93 0.93
0.85 0.96 0.96 1.00 0.65 0.86 0.96 0.97 0.93 0.87 0.92 0.90 0.87 0.88 0.88 0.87 0.54 0.85 0.73 0.83 0.88 0.88 0.88 0.85 0.52 0.66 0.83 0.48 0.76 0.84 0.83 0.83 0.85 0.84 0.83 0.83 0.80 0.84 0.80 0.78 0.55 0.71 0.58 0.68 0.68 0.66 0.68 0.68 0.65 0.66 0.66 0.66 0.11 0.59 0.59 0.59 0.59 0.59 0.14 0.13 0.02 0.07 0.77 0.85 0.85 0.85 0.85 0.86 0.82 0.86 0.86 0.81 0.85 0.82 0.80 0.80 0.63 0.74 0.70 0.76 0.51 0.56 0.56 0.56
0.91 0.98 0.98 1.00 0.73 0.92 0.98 0.99 0.95 0.93 0.95 0.94 0.93 0.93 0.93 0.92 0.63 0.92 0.83 0.92 0.93 0.93 0.93 0.92 0.63 0.78 0.92 0.58 0.86 0.92 0.91 0.91 0.92 0.92 0.91 0.91 0.89 0.92 0.89 0.84 0.66 0.79 0.70 0.78 0.78 0.77 0.78 0.78 0.76 0.77 0.77 0.77 0.18 0.71 0.71 0.71 0.71 0.71 0.21 0.21 0.03 0.11 0.85 0.92 0.92 0.92 0.92 0.92 0.90 0.92 0.92 0.89 0.92 0.89 0.89 0.89 0.74 0.84 0.81 0.85 0.63 0.69 0.69 0.69
0.82 0.95 0.95 1.00 0.63 0.83 0.95 0.97 0.92 0.84 0.89 0.87 0.84 0.84 0.84 0.84 0.50 0.81 0.69 0.80 0.84 0.84 0.84 0.81 0.46 0.61 0.80 0.43 0.72 0.80 0.79 0.79 0.81 0.80 0.79 0.79 0.76 0.80 0.76 0.75 0.50 0.67 0.55 0.65 0.65 0.63 0.65 0.65 0.61 0.63 0.63 0.63 0.09 0.55 0.55 0.55 0.55 0.55 0.12 0.11 0.01 0.07 0.72 0.81 0.81 0.81 0.81 0.82 0.79 0.82 0.82 0.77 0.81 0.78 0.76 0.76 0.58 0.70 0.67 0.72 0.45 0.50 0.50 0.50
0.86 0.96 0.96 1.00 0.67 0.86 0.96 0.98 0.93 0.87 0.91 0.90 0.87 0.87 0.88 0.87 0.54 0.85 0.73 0.83 0.87 0.87 0.88 0.85 0.51 0.66 0.83 0.47 0.77 0.83 0.83 0.83 0.85 0.83 0.83 0.83 0.80 0.83 0.80 0.78 0.55 0.71 0.59 0.69 0.69 0.67 0.69 0.69 0.66 0.67 0.67 0.67 0.11 0.60 0.60 0.60 0.60 0.60 0.15 0.14 0.01 0.08 0.76 0.85 0.85 0.85 0.85 0.86 0.83 0.86 0.86 0.81 0.85 0.82 0.80 0.80 0.64 0.75 0.72 0.77 0.52 0.57 0.57 0.57
0.97 0.99 0.99 1.00 0.82 0.97 0.99 0.99 0.97 0.97 0.98 0.98 0.97 0.98 0.98 0.97 0.75 0.97 0.92 0.97 0.98 0.98 0.98 0.97 0.78 0.90 0.97 0.73 0.94 0.97 0.97 0.97 0.97 0.97 0.97 0.97 0.95 0.97 0.95 0.91 0.80 0.89 0.82 0.89 0.89 0.88 0.89 0.89 0.88 0.88 0.88 0.88 0.32 0.84 0.84 0.84 0.84 0.84 0.34 0.34 0.07 0.17 0.95 0.97 0.97 0.97 0.97 0.97 0.96 0.97 0.97 0.96 0.97 0.96 0.96 0.96 0.86 0.93 0.91 0.94 0.79 0.83 0.83 0.83
0.88 0.96 0.96 1.00 0.68 0.88 0.96 0.98 0.94 0.89 0.92 0.91 0.89 0.89 0.89 0.89 0.57 0.88 0.77 0.87 0.89 0.89 0.89 0.88 0.55 0.69 0.87 0.51 0.80 0.87 0.86 0.86 0.88 0.87 0.86 0.86 0.83 0.87 0.83 0.80 0.59 0.74 0.63 0.72 0.72 0.71 0.72 0.72 0.70 0.71 0.71 0.71 0.13 0.64 0.64 0.64 0.64 0.64 0.17 0.16 0.02 0.08 0.80 0.87 0.87 0.87 0.87 0.88 0.85 0.88 0.88 0.84 0.87 0.84 0.83 0.83 0.66 0.78 0.74 0.79 0.55 0.60 0.60 0.60
0.89 0.97 0.97 1.00 0.70 0.90 0.97 0.98 0.94 0.90 0.93 0.92 0.90 0.91 0.91 0.90 0.59 0.89 0.79 0.88 0.91 0.91 0.91 0.89 0.58 0.73 0.88 0.54 0.82 0.88 0.88 0.88 0.89 0.88 0.88 0.88 0.85 0.88 0.85 0.81 0.61 0.75 0.65 0.74 0.74 0.72 0.74 0.74 0.72 0.72 0.72 0.72 0.15 0.66 0.66 0.66 0.66 0.66 0.18 0.17 0.02 0.09 0.82 0.89 0.89 0.89 0.89 0.89 0.87 0.89 0.89 0.86 0.89 0.87 0.85 0.85 0.69 0.80 0.77 0.82 0.58 0.63 0.63 0.63
0.98 1.00 1.00 1.00 0.85 0.98 1.00 1.00 0.98 0.99 0.99 0.98 0.99 0.99 0.99 0.98 0.77 0.98 0.94 0.98 0.99 0.99 0.99 0.98 0.82 0.92 0.98 0.77 0.96 0.98 0.98 0.98 0.98 0.98 0.98 0.98 0.97 0.98 0.97 0.92 0.84 0.91 0.86 0.91 0.91 0.90 0.91 0.91 0.90 0.90 0.90 0.90 0.37 0.87 0.87 0.87 0.87 0.87 0.37 0.36 0.09 0.20 0.96 0.98 0.98 0.98 0.98 0.98 0.98 0.98 0.98 0.98 0.98 0.97 0.97 0.97 0.89 0.95 0.93 0.96 0.83 0.87 0.87 0.87
0.99 1.00 1.00 1.00 0.90 0.99 1.00 1.00 0.99 0.99 0.99 0.99 0.99 0.99 0.99 0.99 0.82 0.99 0.96 0.99 0.99 0.99 0.99 0.99 0.88 0.95 0.99 0.83 0.98 0.99 0.99 0.99 0.99 0.99 0.99 0.99 0.98 0.99 0.98 0.95 0.88 0.94 0.90 0.94 0.94 0.94 0.94 0.94 0.94 0.94 0.94 0.94 0.45 0.91 0.91 0.91 0.91 0.91 0.44 0.44 0.13 0.24 0.98 0.99 0.99 0.99 0.99 0.99 0.99 0.99 0.99 0.99 0.99 0.99 0.99 0.98 0.93 0.97 0.96 0.98 0.87 0.92 0.92 0.92
0.92 0.98 0.98 1.00 0.74 0.93 0.98 0.99 0.96 0.93 0.95 0.94 0.93 0.93 0.94 0.93 0.63 0.92 0.84 0.92 0.93 0.93 0.94 0.92 0.63 0.78 0.92 0.59 0.86 0.92 0.91 0.91 0.92 0.92 0.91 0.91 0.89 0.92 0.89 0.84 0.66 0.80 0.70 0.79 0.79 0.77 0.79 0.79 0.77 0.77 0.77 0.77 0.19 0.71 0.71 0.71 0.71 0.71 0.22 0.21 0.03 0.12 0.86 0.92 0.92 0.92 0.92 0.92 0.90 0.92 0.92 0.90 0.92 0.90 0.89 0.89 0.74 0.84 0.81 0.85 0.64 0.69 0.69 0.69
0.81 0.94 0.94 1.00 0.62 0.81 0.94 0.97 0.91 0.81 0.88 0.86 0.81 0.82 0.83 0.82 0.47 0.79 0.66 0.77 0.82 0.82 0.83 0.79 0.43 0.58 0.77 0.41 0.69 0.77 0.77 0.76 0.79 0.77 0.77 0.77 0.73 0.77 0.73 0.73 0.48 0.65 0.52 0.62 0.62 0.60 0.62 0.62 0.59 0.60 0.60 0.60 0.08 0.53 0.53 0.53 0.53 0.53 0.11 0.11 0.01 0.06 0.70 0.80 0.80 0.80 0.80 0.81 0.77 0.81 0.81 0.75 0.80 0.76 0.74 0.74 0.56 0.68 0.65 0.70 0.43 0.47 0.47 0.47
0.83 0.95 0.95 1.00 0.64 0.84 0.95 0.97 0.92 0.85 0.90 0.88 0.85 0.86 0.86 0.85 0.51 0.82 0.71 0.81 0.86 0.86 0.86 0.82 0.47 0.62 0.81 0.44 0.73 0.81 0.80 0.80 0.82 0.81 0.80 0.80 0.76 0.81 0.76 0.76 0.51 0.67 0.56 0.65 0.65 0.63 0.65 0.65 0.62 0.63 0.63 0.63 0.10 0.56 0.56 0.56 0.56 0.56 0.13 0.11 0.01 0.07 0.74 0.82 0.82 0.82 0.82 0.84 0.80 0.84 0.84 0.79 0.82 0.79 0.78 0.77 0.59 0.71 0.68 0.73 0.46 0.51 0.51 0.51
0.89 0.97 0.97 1.00 0.69 0.89 0.97 0.98 0.94 0.90 0.93 0.92 0.90 0.90 0.91 0.89 0.58 0.88 0.78 0.88 0.90 0.90 0.91 0.88 0.56 0.71 0.88 0.52 0.81 0.88 0.87 0.87 0.88 0.88 0.87 0.87 0.84 0.88 0.84 0.80 0.60 0.74 0.64 0.73 0.73 0.71 0.73 0.73 0.70 0.71 0.71 0.71 0.13 0.64 0.64 0.64 0.64 0.64 0.17 0.17 0.02 0.09 0.81 0.88 0.88 0.88 0.88 0.89 0.86 0.89 0.89 0.86 0.88 0.86 0.85 0.85 0.68 0.78 0.75 0.80 0.56 0.62 0.62 0.62
0.94 0.98 0.98 1.00 0.78 0.95 0.98 0.99 0.96 0.95 0.97 0.96 0.95 0.95 0.96 0.95 0.68 0.95 0.88 0.95 0.95 0.95 0.96 0.95 0.71 0.84 0.95 0.65 0.91 0.95 0.94 0.94 0.95 0.95 0.94 0.94 0.92 0.95 0.92 0.88 0.73 0.85 0.77 0.84 0.84 0.83 0.84 0.84 0.83 0.83 0.83 0.83 0.24 0.78 0.78 0.78 0.78 0.78 0.27 0.27 0.05 0.14 0.91 0.95 0.95 0.95 0.95 0.95 0.94 0.95 0.95 0.93 0.95 0.93 0.93 0.93 0.80 0.89 0.87 0.90 0.71 0.76 0.76 0.76
0.99 1.00 1.00 1.00 0.90 0.99 1.00 1.00 0.99 0.99 0.99 0.99 0.99 1.00 0.99 0.99 0.83 0.99 0.97 0.99 1.00 1.00 0.99 0.99 0.89 0.96 0.99 0.83 0.98 0.99 0.99 0.99 0.99 0.99 0.99 0.99 0.99 0.99 0.99 0.95 0.89 0.95 0.91 0.95 0.95 0.95 0.95 0.95 0.95 0.95 0.95 0.95 0.47 0.92 0.92 0.92 0.92 0.92 0.46 0.46 0.14 0.26 0.98 0.99 0.99 0.99 0.99 0.99 0.99 0.99 0.99 0.99 0.99 0.99 0.99 0.99 0.93 0.98 0.96 0.98 0.88 0.93 0.93 0.93
0.70 0.91 0.91 1.00 0.52 0.69 0.91 0.94 0.87 0.69 0.81 0.77 0.69 0.70 0.71 0.72 0.36 0.67 0.50 0.62 0.70 0.70 0.71 0.67 0.29 0.41 0.62 0.27 0.53 0.62 0.61 0.61 0.67 0.62 0.61 0.61 0.57 0.62 0.57 0.66 0.36 0.54 0.40 0.50 0.50 0.48 0.50 0.50 0.46 0.48 0.48 0.48 0.04 0.40 0.40 0.40 0.40 0.40 0.06 0.05 0.00 0.03 0.55 0.67 0.67 0.67 0.67 0.69 0.64 0.69 0.69 0.61 0.67 0.62 0.59 0.59 0.41 0.54 0.50 0.56 0.28 0.32 0.32 0.32
0.70 0.91 0.91 1.00 0.52 0.70 0.91 0.95 0.88 0.70 0.82 0.78 0.70 0.70 0.72 0.72 0.36 0.67 0.51 0.63 0.70 0.70 0.71 0.67 0.30 0.42 0.63 0.28 0.54 0.63 0.62 0.62 0.67 0.63 0.62 0.62 0.59 0.63 0.59 0.67 0.37 0.55 0.41 0.51 0.51 0.48 0.51 0.51 0.47 0.48 0.48 0.48 0.04 0.41 0.41 0.41 0.41 0.41 0.07 0.06 0.00 0.04 0.56 0.68 0.68 0.68 0.68 0.69 0.65 0.69 0.69 0.61 0.68 0.63 0.59 0.60 0.42 0.54 0.51 0.57 0.28 0.33 0.33 0.33
0.87 0.96 0.96 1.00 0.67 0.88 0.96 0.98 0.93 0.88 0.92 0.90 0.88 0.88 0.88 0.87 0.54 0.85 0.75 0.85 0.88 0.88 0.88 0.85 0.52 0.68 0.85 0.48 0.77 0.85 0.84 0.84 0.85 0.85 0.84 0.84 0.81 0.85 0.81 0.79 0.56 0.72 0.61 0.71 0.71 0.69 0.71 0.71 0.68 0.69 0.69 0.69 0.12 0.62 0.62 0.62 0.62 0.62 0.15 0.14 0.02 0.08 0.78 0.87 0.87 0.87 0.87 0.87 0.84 0.87 0.87 0.83 0.87 0.83 0.82 0.82 0.64 0.76 0.73 0.78 0.52 0.57 0.57 0.57
0.89 0.97 0.97 1.00 0.69 0.90 0.97 0.98 0.94 0.90 0.93 0.92 0.90 0.90 0.91 0.90 0.58 0.88 0.79 0.88 0.90 0.90 0.91 0.88 0.57 0.72 0.88 0.53 0.82 0.88 0.87 0.87 0.88 0.88 0.87 0.87 0.84 0.88 0.84 0.81 0.60 0.75 0.64 0.74 0.74 0.72 0.74 0.73 0.71 0.72 0.72 0.72 0.15 0.66 0.66 0.66 0.66 0.66 0.18 0.16 0.02 0.09 0.82 0.89 0.89 0.89 0.89 0.90 0.87 0.90 0.90 0.86 0.89 0.86 0.85 0.85 0.69 0.80 0.77 0.81 0.59 0.63 0.63 0.63
