0.93 0.96 0.96 0.95 0.73 0.94 0.96 0.94 0.92 0.95 0.95 0.96 0.95 0.97 0.97 0.97 0.72 1.00 0.89 0.96 0.97 0.97 0.97 1.00 0.71 0.86 0.96 0.67 0.93 0.96 0.97 0.97 1.00 0.96 0.97 0.97 0.95 0.96 0.95 0.83 0.70 0.81 0.73 0.80 0.80 0.79 0.80 0.80 0.79 0.79 0.79 0.79 0.23 0.74 0.74 0.74 0.74 0.74 0.26 0.25 0.04 0.14 0.90 0.93 0.93 0.93 0.93 0.94 0.92 0.94 0.94 0.92 0.93 0.92 0.92 0.91 0.78 0.87 0.85 0.88 0.70 0.75 0.75 0.75
0.89 0.93 0.93 0.92 0.67 0.90 0.93 0.91 0.88 0.91 0.92 0.93 0.91 0.94 0.95 0.95 0.68 1.00 0.84 0.94 0.94 0.94 0.95 1.00 0.64 0.80 0.94 0.60 0.90 0.94 0.95 0.95 1.00 0.94 0.95 0.95 0.93 0.94 0.93 0.77 0.60 0.73 0.64 0.73 0.73 0.71 0.73 0.73 0.71 0.71 0.71 0.71 0.17 0.66 0.66 0.66 0.66 0.66 0.19 0.19 0.03 0.10 0.84 0.89 0.89 0.89 0.89 0.90 0.87 0.90 0.90 0.87 0.89 0.87 0.86 0.86 0.71 0.81 0.77 0.82 0.61 0.66 0.66 0.66
0.86 0.91 0.91 0.89 0.64 0.88 0.91 0.88 0.85 0.89 0.90 0.91 0.89 0.93 0.93 0.94 0.66 1.00 0.80 0.92 0.93 0.93 0.94 1.00 0.60 0.77 0.92 0.55 0.87 0.92 0.94 0.94 1.00 0.92 0.94 0.94 0.92 0.92 0.92 0.74 0.57 0.70 0.60 0.69 0.69 0.67 0.69 0.69 0.67 0.67 0.67 0.67 0.14 0.62 0.62 0.62 0.62 0.62 0.17 0.17 0.02 0.09 0.81 0.86 0.86 0.86 0.86 0.87 0.84 0.87 0.87 0.84 0.86 0.84 0.83 0.83 0.67 0.77 0.73 0.78 0.56 0.61 0.61 0.61
0.86 0.91 0.91 0.89 0.64 0.88 0.91 0.89 0.86 0.89 0.91 0.91 0.89 0.93 0.93 0.94 0.66 1.00 0.81 0.92 0.93 0.93 0.93 1.00 0.61 0.78 0.92 0.57 0.88 0.93 0.94 0.94 1.00 0.93 0.94 0.94 0.92 0.93 0.92 0.74 0.57 0.70 0.61 0.69 0.69 0.68 0.69 0.69 0.67 0.68 0.68 0.68 0.14 0.62 0.62 0.62 0.62 0.62 0.17 0.17 0.02 0.09 0.81 0.87 0.87 0.87 0.87 0.87 0.85 0.87 0.87 0.84 0.87 0.85 0.83 0.83 0.67 0.78 0.74 0.80 0.56 0.61 0.61 0.61
0.55 0.65 0.65 0.64 0.33 0.58 0.65 0.63 0.58 0.61 0.67 0.69 0.61 0.72 0.74 0.82 0.51 1.00 0.50 0.69 0.72 0.72 0.75 1.00 0.29 0.48 0.69 0.28 0.64 0.70 0.75 0.76 1.00 0.70 0.75 0.76 0.75 0.70 0.75 0.43 0.24 0.36 0.27 0.35 0.35 0.33 0.35 0.34 0.32 0.33 0.33 0.33 0.02 0.27 0.27 0.27 0.27 0.27 0.04 0.03 0.00 0.02 0.46 0.53 0.53 0.53 0.53 0.55 0.51 0.55 0.55 0.48 0.53 0.49 0.47 0.46 0.31 0.41 0.37 0.43 0.22 0.24 0.24 0.24
0.80 0.86 0.86 0.84 0.56 0.82 0.86 0.84 0.79 0.84 0.86 0.87 0.84 0.89 0.90 0.92 0.62 1.00 0.74 0.87 0.89 0.89 0.90 1.00 0.53 0.71 0.87 0.49 0.83 0.88 0.90 0.90 1.00 0.88 0.90 0.90 0.88 0.88 0.88 0.66 0.48 0.61 0.52 0.60 0.60 0.59 0.60 0.60 0.58 0.59 0.59 0.59 0.10 0.53 0.53 0.53 0.53 0.53 0.13 0.12 0.01 0.07 0.73 0.80 0.80 0.80 0.80 0.81 0.77 0.81 0.81 0.76 0.80 0.77 0.76 0.75 0.58 0.69 0.65 0.70 0.48 0.53 0.53 0.53
0.85 0.90 0.90 0.88 0.61 0.87 0.90 0.88 0.84 0.88 0.90 0.90 0.88 0.92 0.93 0.94 0.65 1.00 0.79 0.91 0.92 0.92 0.93 1.00 0.58 0.76 0.91 0.54 0.86 0.91 0.93 0.93 1.00 0.91 0.93 0.93 0.91 0.91 0.91 0.71 0.54 0.67 0.57 0.66 0.66 0.65 0.66 0.66 0.64 0.65 0.65 0.65 0.13 0.59 0.59 0.59 0.59 0.59 0.16 0.15 0.02 0.08 0.79 0.85 0.85 0.85 0.85 0.86 0.83 0.86 0.86 0.83 0.85 0.82 0.82 0.81 0.65 0.75 0.71 0.77 0.54 0.59 0.59 0.59
1.00 1.00 1.00 1.00 0.96 1.00 1.00 1.00 0.99 1.00 1.00 1.00 1.00 1.00 1.00 1.00 0.91 1.00 0.99 1.00 1.00 1.00 1.00 1.00 0.95 0.98 1.00 0.91 1.00 1.00 1.00 1.00 1.00 1.00 1.00 1.00 1.00 1.00 1.00 0.98 0.96 0.98 0.96 0.98 0.98 0.98 0.98 0.98 0.98 0.98 0.98 0.98 0.64 0.97 0.97 0.97 0.97 0.97 0.61 0.62 0.27 0.37 1.00 1.00 1.00 1.00 1.00 1.00 1.00 1.00 1.00 1.00 1.00 1.00 1.00 1.00 0.97 0.99 0.99 0.99 0.96 0.98 0.98 0.98
1.00 1.00 1.00 1.00 0.95 1.00 1.00 1.00 1.00 1.00 1.00 1.00 1.00 1.00 1.00 1.00 0.90 1.00 0.99 1.00 1.00 1.00 1.00 1.00 0.94 0.99 1.00 0.91 1.00 1.00 1.00 1.00 1.00 1.00 1.00 1.00 1.00 1.00 1.00 0.98 0.95 0.98 0.96 0.98 0.98 0.98 0.98 0.98 0.98 0.98 0.98 0.98 0.62 0.96 0.96 0.96 0.96 0.96 0.59 0.60 0.25 0.36 0.99 1.00 1.00 1.00 1.00 1.00 1.00 1.00 1.00 1.00 1.00 1.00 1.00 1.00 0.97 0.99 0.99 0.99 0.94 0.97 0.97 0.97
0.68 0.76 0.76 0.74 0.44 0.71 0.76 0.74 0.69 0.73 0.77 0.78 0.73 0.81 0.82 0.87 0.56 1.00 0.61 0.78 0.81 0.81 0.83 1.00 0.41 0.58 0.78 0.38 0.73 0.79 0.83 0.83 1.00 0.79 0.83 0.83 0.82 0.79 0.82 0.55 0.35 0.48 0.38 0.47 0.47 0.45 0.47 0.47 0.44 0.45 0.45 0.45 0.05 0.39 0.39 0.39 0.39 0.39 0.07 0.06 0.01 0.04 0.59 0.67 0.67 0.67 0.67 0.68 0.65 0.68 0.68 0.62 0.67 0.63 0.61 0.61 0.44 0.55 0.51 0.57 0.33 0.37 0.37 0.37
0.77 0.84 0.84 0.81 0.53 0.79 0.84 0.81 0.77 0.81 0.84 0.84 0.81 0.88 0.88 0.91 0.60 1.00 0.71 0.85 0.88 0.88 0.89 1.00 0.49 0.68 0.85 0.46 0.81 0.86 0.88 0.88 1.00 0.86 0.88 0.89 0.87 0.86 0.87 0.63 0.44 0.58 0.48 0.57 0.57 0.55 0.57 0.56 0.54 0.55 0.55 0.55 0.08 0.49 0.49 0.49 0.49 0.49 0.11 0.10 0.01 0.05 0.70 0.77 0.77 0.77 0.77 0.78 0.74 0.78 0.78 0.73 0.77 0.74 0.72 0.72 0.54 0.65 0.61 0.67 0.42 0.47 0.47 0.47
0.85 0.89 0.89 0.88 0.62 0.86 0.89 0.87 0.84 0.87 0.89 0.90 0.87 0.91 0.92 0.93 0.65 1.00 0.79 0.91 0.91 0.91 0.92 1.00 0.59 0.75 0.91 0.54 0.86 0.91 0.92 0.93 1.00 0.91 0.92 0.93 0.91 0.91 0.91 0.72 0.55 0.67 0.58 0.67 0.67 0.65 0.67 0.66 0.64 0.65 0.65 0.65 0.13 0.59 0.59 0.59 0.59 0.59 0.16 0.16 0.02 0.08 0.78 0.84 0.84 0.84 0.84 0.85 0.82 0.85 0.85 0.82 0.84 0.82 0.81 0.81 0.65 0.74 0.71 0.76 0.54 0.60 0.60 0.60
0.99 1.00 1.00 1.00 0.93 1.00 1.00 1.00 0.99 1.00 1.00 1.00 1.00 1.00 1.00 1.00 0.88 1.00 0.98 1.00 1.00 1.00 1.00 1.00 0.92 0.98 1.00 0.88 0.99 1.00 1.00 1.00 1.00 1.00 1.00 1.00 0.99 1.00 0.99 0.97 0.94 0.97 0.95 0.97 0.97 0.97 0.97 0.97 0.97 0.97 0.97 0.97 0.57 0.96 0.96 0.96 0.96 0.96 0.55 0.55 0.21 0.32 0.99 1.00 1.00 1.00 1.00 1.00 1.00 1.00 1.00 1.00 1.00 1.00 0.99 0.99 0.96 0.99 0.98 0.99 0.93 0.96 0.96 0.96
0.80 0.87 0.87 0.85 0.57 0.83 0.87 0.84 0.80 0.85 0.87 0.87 0.85 0.90 0.90 0.92 0.63 1.00 0.76 0.88 0.90 0.90 0.91 1.00 0.54 0.72 0.88 0.50 0.84 0.89 0.91 0.91 1.00 0.89 0.91 0.91 0.89 0.89 0.89 0.68 0.50 0.63 0.53 0.62 0.62 0.60 0.62 0.62 0.59 0.60 0.60 0.60 0.11 0.54 0.54 0.54 0.54 0.54 0.13 0.13 0.01 0.07 0.74 0.81 0.81 0.81 0.81 0.82 0.79 0.82 0.82 0.78 0.81 0.78 0.77 0.76 0.60 0.70 0.67 0.72 0.49 0.54 0.54 0.54
1.00 1.00 1.00 1.00 0.95 1.00 1.00 1.00 0.99 1.00 1.00 1.00 1.00 1.00 1.00 1.00 0.90 1.00 0.99 1.00 1.00 1.00 1.00 1.00 0.94 0.98 1.00 0.90 1.00 1.00 1.00 1.00 1.00 1.00 1.00 1.00 1.00 1.00 1.00 0.98 0.95 0.98 0.95 0.98 0.98 0.98 0.98 0.98 0.97 0.98 0.98 0.98 0.60 0.96 0.96 0.96 0.96 0.96 0.58 0.59 0.23 0.34 0.99 1.00 1.00 1.00 1.00 1.00 1.00 1.00 1.00 1.00 1.00 1.00 1.00 1.00 0.97 0.99 0.99 0.99 0.94 0.97 0.97 0.97
0.91 0.94 0.94 0.93 0.70 0.92 0.94 0.92 0.89 0.93 0.93 0.94 0.93 0.95 0.96 0.96 0.69 1.00 0.86 0.95 0.95 0.95 0.96 1.00 0.67 0.83 0.95 0.62 0.91 0.95 0.96 0.96 1.00 0.95 0.96 0.96 0.94 0.95 0.94 0.79 0.65 0.76 0.68 0.76 0.76 0.75 0.76 0.76 0.74 0.75 0.75 0.75 0.20 0.69 0.69 0.69 0.69 0.69 0.22 0.21 0.03 0.11 0.87 0.91 0.91 0.91 0.91 0.91 0.89 0.91 0.91 0.89 0.91 0.89 0.89 0.88 0.75 0.84 0.81 0.85 0.66 0.71 0.71 0.71
0.92 0.95 0.95 0.94 0.73 0.93 0.95 0.94 0.91 0.94 0.95 0.95 0.94 0.97 0.97 0.97 0.71 1.00 0.88 0.96 0.97 0.97 0.97 1.00 0.71 0.85 0.96 0.66 0.93 0.96 0.97 0.97 1.00 0.96 0.97 0.97 0.95 0.96 0.95 0.82 0.69 0.80 0.72 0.80 0.80 0.79 0.80 0.80 0.78 0.79 0.79 0.79 0.22 0.74 0.74 0.74 0.74 0.74 0.24 0.24 0.04 0.13 0.89 0.93 0.93 0.93 0.93 0.93 0.92 0.93 0.93 0.91 0.93 0.91 0.91 0.91 0.78 0.87 0.84 0.88 0.68 0.74 0.74 0.74
0.86 0.90 0.90 0.89 0.62 0.87 0.90 0.88 0.84 0.88 0.90 0.90 0.88 0.92 0.93 0.94 0.65 1.00 0.79 0.91 0.92 0.92 0.93 1.00 0.59 0.77 0.91 0.55 0.87 0.92 0.93 0.93 1.00 0.92 0.93 0.93 0.91 0.92 0.91 0.73 0.57 0.70 0.60 0.69 0.69 0.68 0.69 0.69 0.67 0.68 0.68 0.68 0.14 0.62 0.62 0.62 0.62 0.62 0.17 0.17 0.02 0.08 0.80 0.86 0.86 0.86 0.86 0.87 0.84 0.87 0.87 0.83 0.86 0.84 0.82 0.82 0.67 0.77 0.73 0.78 0.55 0.60 0.60 0.60
0.87 0.91 0.91 0.89 0.64 0.88 0.91 0.89 0.85 0.89 0.91 0.91 0.89 0.93 0.94 0.94 0.66 1.00 0.81 0.92 0.93 0.93 0.94 1.00 0.61 0.78 0.92 0.56 0.88 0.92 0.94 0.94 1.00 0.92 0.94 0.94 0.92 0.92 0.92 0.74 0.57 0.70 0.61 0.69 0.69 0.68 0.69 0.69 0.67 0.68 0.68 0.68 0.15 0.62 0.62 0.62 0.62 0.62 0.18 0.17 0.02 0.09 0.81 0.87 0.87 0.87 0.87 0.87 0.85 0.87 0.87 0.84 0.87 0.84 0.83 0.83 0.68 0.78 0.74 0.79 0.57 0.62 0.62 0.62
0.84 0.89 0.89 0.87 0.60 0.86 0.89 0.87 0.83 0.87 0.89 0.89 0.87 0.91 0.92 0.93 0.63 1.00 0.78 0.91 0.91 0.91 0.92 1.00 0.56 0.75 0.91 0.52 0.86 0.91 0.93 0.93 1.00 0.91 0.93 0.93 0.90 0.91 0.90 0.70 0.52 0.66 0.56 0.65 0.65 0.64 0.65 0.65 0.63 0.64 0.64 0.64 0.12 0.58 0.58 0.58 0.58 0.58 0.15 0.15 0.02 0.07 0.78 0.84 0.84 0.84 0.84 0.85 0.82 0.85 0.85 0.81 0.84 0.81 0.80 0.80 0.62 0.73 0.70 0.75 0.52 0.57 0.57 0.57
0.83 0.88 0.88 0.87 0.59 0.85 0.88 0.86 0.82 0.86 0.88 0.89 0.86 0.91 0.91 0.93 0.63 1.00 0.78 0.90 0.91 0.91 0.92 1.00 0.56 0.74 0.90 0.53 0.85 0.90 0.92 0.92 1.00 0.90 0.92 0.92 0.90 0.90 0.90 0.70 0.51 0.65 0.55 0.64 0.64 0.63 0.64 0.64 0.62 0.63 0.63 0.63 0.12 0.56 0.56 0.56 0.56 0.56 0.14 0.13 0.01 0.07 0.77 0.83 0.83 0.83 0.83 0.84 0.81 0.84 0.84 0.80 0.83 0.80 0.79 0.79 0.62 0.73 0.69 0.74 0.51 0.56 0.56 0.56
0.76 0.83 0.83 0.81 0.52 0.79 0.83 0.80 0.76 0.80 0.84 0.84 0.80 0.87 0.87 0.91 0.60 1.00 0.71 0.84 0.87 0.87 0.87 1.00 0.48 0.66 0.84 0.46 0.79 0.85 0.88 0.88 1.00 0.85 0.88 0.88 0.86 0.85 0.86 0.62 0.43 0.56 0.46 0.56 0.56 0.54 0.56 0.56 0.53 0.54 0.54 0.54 0.08 0.48 0.48 0.48 0.48 0.48 0.11 0.10 0.01 0.05 0.69 0.76 0.76 0.76 0.76 0.77 0.73 0.77 0.77 0.72 0.76 0.72 0.71 0.70 0.53 0.64 0.60 0.66 0.42 0.47 0.47 0.47
0.84 0.89 0.89 0.87 0.59 0.86 0.89 0.86 0.82 0.87 0.88 0.89 0.87 0.92 0.92 0.93 0.64 1.00 0.78 0.90 0.92 0.92 0.92 1.00 0.56 0.74 0.90 0.53 0.85 0.91 0.92 0.93 1.00 0.91 0.92 0.93 0.91 0.91 0.91 0.71 0.53 0.66 0.56 0.65 0.65 0.64 0.65 0.66 0.63 0.64 0.64 0.64 0.12 0.58 0.58 0.58 0.58 0.58 0.15 0.15 0.02 0.08 0.78 0.84 0.84 0.84 0.84 0.85 0.82 0.85 0.85 0.81 0.84 0.82 0.80 0.80 0.63 0.74 0.70 0.75 0.52 0.57 0.57 0.57
0.85 0.90 0.90 0.88 0.62 0.86 0.90 0.88 0.84 0.88 0.90 0.90 0.88 0.92 0.93 0.94 0.65 1.00 0.79 0.91 0.92 0.92 0.93 1.00 0.58 0.76 0.91 0.54 0.86 0.91 0.93 0.93 1.00 0.91 0.93 0.93 0.91 0.91 0.91 0.72 0.56 0.68 0.59 0.68 0.68 0.66 0.68 0.67 0.65 0.66 0.66 0.66 0.13 0.60 0.60 0.60 0.60 0.60 0.16 0.16 0.02 0.08 0.79 0.85 0.85 0.85 0.85 0.86 0.83 0.86 0.86 0.82 0.85 0.83 0.82 0.82 0.65 0.76 0.72 0.77 0.55 0.60 0.60 0.60
0.83 0.88 0.88 0.87 0.59 0.85 0.88 0.86 0.82 0.86 0.88 0.89 0.86 0.91 0.91 0.93 0.63 1.00 0.77 0.90 0.91 0.91 0.91 1.00 0.55 0.74 0.90 0.52 0.85 0.90 0.92 0.92 1.00 0.90 0.92 0.92 0.90 0.90 0.90 0.70 0.51 0.65 0.55 0.64 0.64 0.62 0.64 0.64 0.62 0.62 0.62 0.62 0.11 0.56 0.56 0.56 0.56 0.56 0.14 0.14 0.02 0.07 0.76 0.83 0.83 0.83 0.83 0.83 0.81 0.83 0.83 0.79 0.83 0.80 0.78 0.78 0.62 0.73 0.69 0.74 0.51 0.55 0.55 0.55
0.81 0.87 0.87 0.85 0.59 0.83 0.87 0.85 0.81 0.84 0.87 0.88 0.84 0.90 0.90 0.93 0.63 1.00 0.76 0.88 0.90 0.90 0.91 1.00 0.54 0.73 0.88 0.50 0.84 0.89 0.91 0.91 1.00 0.89 0.91 0.91 0.90 0.89 0.90 0.68 0.50 0.64 0.54 0.63 0.63 0.61 0.63 0.63 0.60 0.61 0.61 0.61 0.11 0.55 0.55 0.55 0.55 0.55 0.14 0.13 0.02 0.07 0.75 0.81 0.81 0.81 0.81 0.82 0.79 0.82 0.82 0.78 0.81 0.79 0.77 0.77 0.61 0.71 0.67 0.72 0.49 0.54 0.54 0.54
0.69 0.78 0.78 0.76 0.45 0.71 0.78 0.76 0.71 0.74 0.78 0.79 0.74 0.82 0.83 0.88 0.57 1.00 0.63 0.80 0.82 0.82 0.84 1.00 0.41 0.60 0.80 0.38 0.74 0.80 0.83 0.84 1.00 0.80 0.83 0.84 0.83 0.80 0.83 0.55 0.35 0.49 0.39 0.48 0.48 0.46 0.48 0.48 0.45 0.46 0.46 0.46 0.05 0.40 0.40 0.40 0.40 0.40 0.08 0.07 0.01 0.04 0.60 0.68 0.68 0.68 0.68 0.69 0.65 0.69 0.69 0.64 0.68 0.64 0.62 0.62 0.45 0.55 0.52 0.57 0.33 0.38 0.38 0.38
0.97 0.98 0.98 0.98 0.83 0.98 0.98 0.98 0.96 0.98 0.98 0.98 0.98 0.99 0.99 0.99 0.79 1.00 0.94 0.99 0.99 0.99 0.99 1.00 0.80 0.92 0.99 0.76 0.97 0.99 0.99 0.99 1.00 0.99 0.99 0.99 0.98 0.99 0.98 0.90 0.80 0.88 0.82 0.88 0.88 0.88 0.88 0.88 0.87 0.88 0.88 0.88 0.34 0.84 0.84 0.84 0.84 0.84 0.35 0.34 0.08 0.18 0.95 0.97 0.97 0.97 0.97 0.97 0.97 0.97 0.97 0.97 0.97 0.97 0.96 0.96 0.87 0.94 0.92 0.94 0.80 0.85 0.85 0.85
0.64 0.73 0.73 0.71 0.41 0.67 0.73 0.71 0.66 0.69 0.74 0.75 0.69 0.79 0.80 0.86 0.55 1.00 0.59 0.77 0.79 0.79 0.80 1.00 0.38 0.56 0.77 0.35 0.72 0.78 0.81 0.82 1.00 0.78 0.81 0.82 0.81 0.78 0.81 0.51 0.31 0.45 0.35 0.43 0.43 0.42 0.43 0.43 0.41 0.42 0.42 0.42 0.04 0.36 0.36 0.36 0.36 0.36 0.07 0.05 0.00 0.03 0.57 0.64 0.64 0.64 0.64 0.65 0.61 0.65 0.65 0.59 0.64 0.60 0.57 0.57 0.40 0.51 0.47 0.53 0.28 0.32 0.32 0.32
0.63 0.73 0.73 0.71 0.40 0.65 0.73 0.70 0.65 0.68 0.73 0.75 0.68 0.78 0.79 0.86 0.54 1.00 0.56 0.74 0.78 0.78 0.79 1.00 0.35 0.54 0.74 0.34 0.70 0.76 0.79 0.80 1.00 0.76 0.79 0.80 0.79 0.76 0.79 0.50 0.30 0.43 0.34 0.42 0.42 0.40 0.42 0.42 0.39 0.40 0.40 0.40 0.04 0.34 0.34 0.34 0.34 0.34 0.06 0.05 0.00 0.03 0.54 0.62 0.62 0.62 0.62 0.63 0.59 0.63 0.63 0.57 0.62 0.57 0.55 0.55 0.39 0.48 0.45 0.51 0.28 0.32 0.32 0.32
0.92 0.95 0.95 0.94 0.73 0.94 0.95 0.93 0.91 0.94 0.95 0.95 0.94 0.97 0.97 0.96 0.71 1.00 0.88 0.96 0.97 0.97 0.97 1.00 0.70 0.85 0.96 0.65 0.93 0.96 0.97 0.97 1.00 0.96 0.97 0.97 0.95 0.96 0.95 0.81 0.68 0.79 0.71 0.79 0.79 0.78 0.79 0.79 0.77 0.78 0.78 0.78 0.21 0.73 0.73 0.73 0.73 0.73 0.25 0.24 0.04 0.12 0.88 0.93 0.93 0.93 0.93 0.93 0.91 0.93 0.93 0.91 0.93 0.91 0.91 0.90 0.77 0.86 0.83 0.87 0.69 0.74 0.74 0.74
0.85 0.90 0.90 0.88 0.61 0.87 0.90 0.88 0.84 0.88 0.90 0.90 0.88 0.92 0.92 0.94 0.65 1.00 0.80 0.91 0.92 0.92 0.93 1.00 0.58 0.76 0.91 0.54 0.86 0.92 0.93 0.93 1.00 0.92 0.93 0.93 0.91 0.92 0.91 0.73 0.56 0.69 0.59 0.68 0.68 0.66 0.68 0.68 0.66 0.66 0.66 0.66 0.12 0.60 0.60 0.60 0.60 0.60 0.16 0.15 0.02 0.08 0.79 0.85 0.85 0.85 0.85 0.85 0.83 0.85 0.85 0.82 0.85 0.82 0.81 0.81 0.64 0.75 0.72 0.77 0.54 0.59 0.59 0.59
0.94 0.96 0.96 0.95 0.76 0.95 0.96 0.95 0.93 0.95 0.96 0.96 0.95 0.97 0.97 0.97 0.72 1.00 0.90 0.97 0.97 0.97 0.97 1.00 0.73 0.88 0.97 0.68 0.94 0.97 0.98 0.98 1.00 0.97 0.98 0.98 0.96 0.97 0.96 0.85 0.72 0.83 0.75 0.83 0.83 0.82 0.83 0.83 0.81 0.82 0.82 0.82 0.25 0.77 0.77 0.77 0.77 0.77 0.27 0.27 0.05 0.14 0.90 0.94 0.94 0.94 0.94 0.94 0.93 0.94 0.94 0.93 0.94 0.93 0.92 0.92 0.80 0.89 0.86 0.90 0.72 0.77 0.77 0.77
0.84 0.89 0.89 0.88 0.60 0.86 0.89 0.87 0.83 0.87 0.89 0.89 0.87 0.91 0.92 0.93 0.64 1.00 0.78 0.90 0.91 0.91 0.92 1.00 0.56 0.74 0.90 0.53 0.85 0.90 0.92 0.92 1.00 0.90 0.92 0.92 0.91 0.90 0.91 0.71 0.52 0.66 0.57 0.66 0.66 0.64 0.66 0.66 0.64 0.64 0.64 0.64 0.12 0.58 0.58 0.58 0.58 0.58 0.15 0.14 0.02 0.08 0.78 0.84 0.84 0.84 0.84 0.85 0.82 0.85 0.85 0.81 0.84 0.81 0.80 0.80 0.64 0.74 0.71 0.76 0.53 0.58 0.58 0.58
0.83 0.88 0.88 0.86 0.58 0.85 0.88 0.86 0.82 0.86 0.88 0.88 0.86 0.91 0.91 0.93 0.63 1.00 0.77 0.89 0.91 0.91 0.91 1.00 0.56 0.73 0.89 0.52 0.85 0.90 0.92 0.92 1.00 0.90 0.92 0.92 0.90 0.90 0.90 0.70 0.52 0.66 0.56 0.65 0.65 0.63 0.65 0.65 0.62 0.63 0.63 0.63 0.12 0.57 0.57 0.57 0.57 0.57 0.14 0.14 0.02 0.07 0.77 0.83 0.83 0.83 0.83 0.84 0.81 0.84 0.84 0.80 0.83 0.80 0.79 0.78 0.62 0.73 0.70 0.75 0.51 0.56 0.56 0.56
0.91 0.94 0.94 0.93 0.71 0.92 0.94 0.93 0.90 0.93 0.94 0.94 0.93 0.96 0.96 0.96 0.70 1.00 0.86 0.95 0.96 0.96 0.96 1.00 0.67 0.83 0.95 0.62 0.91 0.95 0.96 0.96 1.00 0.95 0.96 0.96 0.94 0.95 0.94 0.80 0.65 0.77 0.69 0.76 0.76 0.75 0.76 0.76 0.75 0.75 0.75 0.75 0.20 0.70 0.70 0.70 0.70 0.70 0.22 0.22 0.03 0.10 0.86 0.91 0.91 0.91 0.91 0.91 0.90 0.91 0.91 0.89 0.91 0.89 0.88 0.88 0.74 0.83 0.80 0.85 0.64 0.70 0.70 0.70
0.88 0.92 0.92 0.91 0.66 0.89 0.92 0.90 0.86 0.91 0.92 0.92 0.91 0.94 0.94 0.95 0.67 1.00 0.83 0.93 0.94 0.94 0.94 1.00 0.62 0.79 0.93 0.58 0.89 0.93 0.94 0.94 1.00 0.93 0.94 0.95 0.93 0.93 0.93 0.76 0.60 0.72 0.63 0.72 0.72 0.71 0.72 0.72 0.70 0.71 0.71 0.71 0.15 0.65 0.65 0.65 0.65 0.65 0.19 0.18 0.03 0.10 0.83 0.88 0.88 0.88 0.88 0.89 0.87 0.89 0.89 0.86 0.88 0.86 0.85 0.85 0.70 0.80 0.77 0.81 0.59 0.64 0.64 0.64
0.93 0.96 0.96 0.95 0.74 0.94 0.96 0.95 0.92 0.95 0.95 0.96 0.95 0.97 0.97 0.97 0.72 1.00 0.89 0.96 0.97 0.97 0.97 1.00 0.72 0.86 0.96 0.67 0.93 0.97 0.97 0.97 1.00 0.97 0.97 0.97 0.96 0.97 0.96 0.83 0.70 0.80 0.73 0.80 0.80 0.79 0.80 0.80 0.78 0.79 0.79 0.79 0.23 0.74 0.74 0.74 0.74 0.74 0.25 0.24 0.04 0.13 0.89 0.94 0.94 0.94 0.94 0.94 0.92 0.94 0.94 0.92 0.94 0.92 0.91 0.91 0.79 0.87 0.84 0.88 0.70 0.75 0.75 0.75
0.85 0.90 0.90 0.88 0.62 0.87 0.90 0.88 0.84 0.88 0.90 0.91 0.88 0.92 0.93 0.94 0.65 1.00 0.80 0.91 0.92 0.92 0.93 1.00 0.59 0.75 0.91 0.55 0.87 0.92 0.93 0.93 1.00 0.92 0.93 0.93 0.91 0.92 0.91 0.72 0.55 0.68 0.58 0.67 0.67 0.65 0.67 0.67 0.65 0.65 0.65 0.65 0.13 0.59 0.59 0.59 0.59 0.59 0.15 0.15 0.02 0.08 0.80 0.86 0.86 0.86 0.86 0.86 0.83 0.86 0.86 0.83 0.86 0.83 0.82 0.82 0.65 0.75 0.71 0.77 0.54 0.59 0.59 0.59
0.81 0.87 0.87 0.85 0.57 0.83 0.87 0.85 0.81 0.85 0.87 0.88 0.85 0.90 0.91 0.93 0.63 1.00 0.76 0.89 0.90 0.90 0.91 1.00 0.54 0.72 0.89 0.50 0.84 0.89 0.91 0.91 1.00 0.89 0.91 0.91 0.90 0.89 0.90 0.68 0.49 0.63 0.53 0.62 0.62 0.61 0.62 0.62 0.60 0.61 0.61 0.61 0.10 0.55 0.55 0.55 0.55 0.55 0.13 0.12 0.02 0.07 0.75 0.81 0.81 0.81 0.81 0.82 0.79 0.82 0.82 0.78 0.81 0.78 0.77 0.77 0.59 0.70 0.66 0.72 0.48 0.53 0.53 0.53
0.65 0.74 0.74 0.71 0.40 0.67 0.74 0.71 0.66 0.70 0.74 0.76 0.70 0.79 0.80 0.86 0.54 1.00 0.59 0.76 0.79 0.79 0.81 1.00 0.37 0.56 0.76 0.35 0.71 0.77 0.81 0.81 1.00 0.77 0.81 0.81 0.80 0.77 0.80 0.51 0.32 0.45 0.36 0.44 0.44 0.42 0.44 0.43 0.40 0.42 0.42 0.42 0.05 0.35 0.35 0.35 0.35 0.35 0.06 0.05 0.00 0.03 0.56 0.64 0.64 0.64 0.64 0.65 0.61 0.65 0.65 0.59 0.64 0.60 0.58 0.57 0.40 0.51 0.47 0.53 0.30 0.34 0.34 0.34
0.99 0.99 0.99 0.99 0.89 0.99 0.99 0.99 0.98 0.99 0.99 0.99 0.99 1.00 1.00 0.99 0.83 1.00 0.96 0.99 1.00 1.00 1.00 1.00 0.88 0.95 0.99 0.83 0.98 0.99 1.00 1.00 1.00 0.99 1.00 1.00 0.99 0.99 0.99 0.94 0.88 0.94 0.90 0.94 0.94 0.93 0.94 0.94 0.93 0.93 0.93 0.93 0.43 0.91 0.91 0.91 0.91 0.91 0.44 0.45 0.13 0.24 0.97 0.99 0.99 0.99 0.99 0.99 0.99 0.99 0.99 0.99 0.99 0.99 0.98 0.98 0.92 0.97 0.96 0.97 0.87 0.91 0.91 0.91
0.72 0.79 0.79 0.77 0.47 0.74 0.79 0.76 0.72 0.76 0.79 0.81 0.76 0.84 0.85 0.89 0.58 1.00 0.66 0.81 0.84 0.84 0.85 1.00 0.44 0.63 0.81 0.41 0.77 0.82 0.85 0.86 1.00 0.82 0.85 0.86 0.84 0.82 0.84 0.58 0.38 0.52 0.42 0.51 0.51 0.49 0.51 0.50 0.48 0.49 0.49 0.49 0.06 0.42 0.42 0.42 0.42 0.42 0.08 0.07 0.01 0.05 0.64 0.71 0.71 0.71 0.71 0.72 0.69 0.72 0.72 0.67 0.71 0.68 0.66 0.65 0.48 0.59 0.56 0.61 0.37 0.42 0.42 0.42
0.94 0.96 0.96 0.95 0.74 0.95 0.96 0.95 0.92 0.95 0.96 0.96 0.95 0.97 0.97 0.97 0.73 1.00 0.89 0.96 0.97 0.97 0.97 1.00 0.72 0.87 0.96 0.68 0.94 0.97 0.97 0.97 1.00 0.97 0.97 0.97 0.96 0.97 0.96 0.84 0.71 0.82 0.74 0.81 0.81 0.81 0.81 0.81 0.80 0.81 0.81 0.81 0.24 0.75 0.75 0.75 0.75 0.75 0.27 0.25 0.04 0.13 0.90 0.94 0.94 0.94 0.94 0.94 0.93 0.94 0.94 0.93 0.94 0.93 0.92 0.92 0.80 0.88 0.86 0.89 0.71 0.76 0.76 0.76
0.85 0.90 0.90 0.88 0.63 0.87 0.90 0.88 0.84 0.88 0.89 0.90 0.88 0.92 0.92 0.94 0.65 1.00 0.79 0.91 0.92 0.92 0.92 1.00 0.58 0.76 0.91 0.54 0.86 0.91 0.93 0.93 1.00 0.91 0.93 0.93 0.91 0.91 0.91 0.72 0.55 0.68 0.58 0.67 0.67 0.66 0.67 0.67 0.65 0.66 0.66 0.66 0.14 0.60 0.60 0.60 0.60 0.60 0.16 0.15 0.02 0.08 0.79 0.85 0.85 0.85 0.85 0.86 0.83 0.86 0.86 0.82 0.85 0.83 0.82 0.81 0.65 0.76 0.72 0.77 0.55 0.59 0.59 0.59
0.67 0.75 0.75 0.73 0.43 0.69 0.75 0.73 0.68 0.71 0.76 0.77 0.71 0.80 0.81 0.87 0.56 1.00 0.61 0.78 0.80 0.80 0.82 1.00 0.40 0.58 0.78 0.36 0.72 0.79 0.82 0.83 1.00 0.79 0.82 0.83 0.81 0.79 0.81 0.53 0.34 0.47 0.37 0.45 0.45 0.43 0.45 0.45 0.42 0.43 0.43 0.43 0.05 0.37 0.37 0.37 0.37 0.37 0.07 0.06 0.01 0.04 0.58 0.66 0.66 0.66 0.66 0.67 0.64 0.67 0.67 0.61 0.66 0.62 0.60 0.60 0.43 0.54 0.49 0.56 0.32 0.35 0.35 0.35
0.60 0.70 0.70 0.68 0.38 0.63 0.70 0.68 0.63 0.66 0.71 0.73 0.66 0.76 0.77 0.85 0.54 1.00 0.54 0.72 0.76 0.76 0.77 1.00 0.34 0.52 0.72 0.32 0.67 0.74 0.78 0.78 1.00 0.74 0.78 0.78 0.77 0.74 0.77 0.46 0.27 0.39 0.30 0.38 0.38 0.36 0.38 0.37 0.35 0.36 0.36 0.36 0.03 0.30 0.30 0.30 0.30 0.30 0.05 0.04 0.00 0.03 0.52 0.59 0.59 0.59 0.59 0.61 0.57 0.61 0.61 0.54 0.59 0.55 0.53 0.53 0.36 0.46 0.42 0.49 0.26 0.30 0.30 0.30
0.80 0.85 0.85 0.84 0.55 0.82 0.85 0.83 0.79 0.83 0.86 0.86 0.83 0.89 0.89 0.91 0.61 1.00 0.74 0.88 0.89 0.89 0.89 1.00 0.52 0.69 0.88 0.49 0.82 0.88 0.90 0.90 1.00 0.88 0.90 0.90 0.88 0.88 0.88 0.66 0.48 0.61 0.51 0.60 0.60 0.59 0.60 0.60 0.58 0.59 0.59 0.59 0.11 0.52 0.52 0.52 0.52 0.52 0.12 0.12 0.01 0.06 0.73 0.80 0.80 0.80 0.80 0.81 0.77 0.81 0.81 0.76 0.80 0.77 0.75 0.75 0.58 0.69 0.64 0.70 0.47 0.52 0.52 0.52
0.82 0.87 0.87 0.86 0.57 0.84 0.87 0.85 0.81 0.85 0.87 0.88 0.85 0.90 0.91 0.92 0.64 1.00 0.76 0.89 0.90 0.90 0.91 1.00 0.54 0.73 0.89 0.51 0.84 0.89 0.91 0.91 1.00 0.89 0.91 0.91 0.89 0.89 0.89 0.68 0.50 0.63 0.53 0.62 0.62 0.61 0.62 0.62 0.60 0.61 0.61 0.61 0.11 0.55 0.55 0.55 0.55 0.55 0.13 0.13 0.01 0.07 0.76 0.82 0.82 0.82 0.82 0.83 0.79 0.83 0.83 0.79 0.82 0.79 0.77 0.77 0.61 0.71 0.67 0.73 0.49 0.55 0.55 0.55
0.88 0.92 0.92 0.90 0.66 0.89 0.92 0.90 0.86 0.90 0.92 0.92 0.90 0.94 0.94 0.95 0.67 1.00 0.82 0.93 0.94 0.94 0.94 1.00 0.64 0.80 0.93 0.59 0.89 0.94 0.95 0.95 1.00 0.94 0.95 0.95 0.93 0.94 0.93 0.76 0.60 0.72 0.64 0.72 0.72 0.71 0.72 0.72 0.70 0.71 0.71 0.71 0.17 0.65 0.65 0.65 0.65 0.65 0.19 0.18 0.02 0.10 0.82 0.88 0.88 0.88 0.88 0.89 0.86 0.89 0.89 0.86 0.88 0.86 0.85 0.85 0.70 0.80 0.77 0.81 0.60 0.65 0.65 0.65
0.91 0.94 0.94 0.93 0.71 0.93 0.94 0.93 0.89 0.93 0.94 0.95 0.93 0.96 0.96 0.96 0.70 1.00 0.87 0.95 0.96 0.96 0.96 1.00 0.68 0.84 0.95 0.64 0.92 0.96 0.96 0.96 1.00 0.96 0.96 0.96 0.95 0.96 0.95 0.80 0.65 0.77 0.69 0.77 0.77 0.76 0.77 0.77 0.75 0.76 0.76 0.76 0.20 0.70 0.70 0.70 0.70 0.70 0.23 0.22 0.03 0.12 0.88 0.92 0.92 0.92 0.92 0.92 0.90 0.92 0.92 0.90 0.92 0.90 0.90 0.90 0.75 0.84 0.81 0.85 0.67 0.72 0.72 0.72
0.69 0.77 0.77 0.75 0.44 0.71 0.77 0.75 0.70 0.74 0.78 0.79 0.74 0.82 0.83 0.87 0.57 1.00 0.64 0.80 0.82 0.82 0.83 1.00 0.41 0.60 0.80 0.38 0.74 0.80 0.83 0.84 1.00 0.80 0.83 0.84 0.82 0.80 0.82 0.56 0.36 0.49 0.39 0.48 0.48 0.46 0.48 0.47 0.45 0.46 0.46 0.46 0.05 0.39 0.39 0.39 0.39 0.39 0.08 0.07 0.01 0.04 0.61 0.69 0.69 0.69 0.69 0.70 0.66 0.70 0.70 0.64 0.69 0.65 0.63 0.63 0.44 0.56 0.52 0.58 0.34 0.38 0.38 0.38
0.58 0.68 0.68 0.66 0.35 0.60 0.68 0.65 0.60 0.63 0.69 0.71 0.63 0.74 0.75 0.83 0.52 1.00 0.52 0.70 0.74 0.74 0.76 1.00 0.31 0.49 0.70 0.30 0.65 0.71 0.76 0.76 1.00 0.71 0.76 0.77 0.76 0.71 0.76 0.45 0.26 0.38 0.29 0.37 0.37 0.35 0.37 0.37 0.34 0.35 0.35 0.35 0.03 0.29 0.29 0.29 0.29 0.29 0.05 0.04 0.00 0.03 0.48 0.56 0.56 0.56 0.56 0.58 0.54 0.58 0.58 0.51 0.56 0.52 0.50 0.50 0.33 0.44 0.40 0.46 0.23 0.27 0.27 0.27
0.72 0.80 0.80 0.78 0.48 0.75 0.80 0.77 0.73 0.77 0.80 0.81 0.77 0.84 0.85 0.89 0.58 1.00 0.67 0.83 0.84 0.84 0.86 1.00 0.45 0.64 0.83 0.43 0.77 0.83 0.86 0.86 1.00 0.83 0.86 0.86 0.85 0.83 0.85 0.58 0.39 0.52 0.42 0.51 0.51 0.49 0.51 0.51 0.48 0.49 0.49 0.49 0.06 0.44 0.44 0.44 0.44 0.44 0.09 0.08 0.01 0.05 0.65 0.72 0.72 0.72 0.72 0.73 0.69 0.73 0.73 0.68 0.72 0.68 0.66 0.66 0.49 0.60 0.55 0.62 0.38 0.42 0.42 0.42
0.95 0.97 0.97 0.97 0.79 0.96 0.97 0.96 0.94 0.96 0.97 0.97 0.96 0.98 0.98 0.98 0.75 1.00 0.91 0.98 0.98 0.98 0.98 1.00 0.76 0.89 0.98 0.71 0.95 0.98 0.98 0.98 1.00 0.98 0.98 0.98 0.97 0.98 0.97 0.87 0.76 0.85 0.79 0.85 0.85 0.84 0.85 0.85 0.84 0.84 0.84 0.84 0.28 0.80 0.80 0.80 0.80 0.80 0.31 0.30 0.06 0.15 0.92 0.96 0.96 0.96 0.96 0.96 0.94 0.96 0.96 0.94 0.96 0.95 0.94 0.94 0.83 0.91 0.88 0.91 0.76 0.80 0.80 0.80
0.76 0.83 0.83 0.81 0.51 0.79 0.83 0.81 0.76 0.81 0.83 0.85 0.81 0.87 0.88 0.90 0.60 1.00 0.71 0.85 0.87 0.87 0.88 1.00 0.49 0.67 0.85 0.46 0.81 0.86 0.89 0.89 1.00 0.86 0.89 0.89 0.87 0.86 0.87 0.63 0.43 0.57 0.47 0.56 0.56 0.54 0.56 0.56 0.53 0.54 0.54 0.54 0.08 0.48 0.48 0.48 0.48 0.48 0.11 0.10 0.01 0.05 0.69 0.76 0.76 0.76 0.76 0.77 0.73 0.77 0.77 0.72 0.76 0.73 0.71 0.71 0.53 0.64 0.61 0.66 0.42 0.47 0.47 0.47
1.00 1.00 1.00 1.00 0.96 1.00 1.00 1.00 0.99 1.00 1.00 1.00 1.00 1.00 1.00 1.00 0.91 1.00 0.99 1.00 1.00 1.00 1.00 1.00 0.95 0.99 1.00 0.92 1.00 1.00 1.00 1.00 1.00 1.00 1.00 1.00 1.00 1.00 1.00 0.98 0.96 0.98 0.97 0.98 0.98 0.98 0.98 0.98 0.98 0.98 0.98 0.98 0.65 0.97 0.97 0.97 0.97 0.97 0.62 0.64 0.29 0.39 1.00 1.00 1.00 1.00 1.00 1.00 1.00 1.00 1.00 1.00 1.00 1.00 1.00 1.00 0.98 1.00 0.99 1.00 0.96 0.98 0.98 0.98
0.82 0.88 0.88 0.86 0.58 0.84 0.88 0.85 0.82 0.85 0.88 0.89 0.85 0.91 0.91 0.93 0.63 1.00 0.76 0.89 0.91 0.91 0.92 1.00 0.56 0.74 0.89 0.53 0.85 0.90 0.91 0.92 1.00 0.90 0.91 0.92 0.90 0.90 0.90 0.69 0.52 0.66 0.56 0.65 0.65 0.63 0.65 0.65 0.63 0.63 0.63 0.63 0.12 0.57 0.57 0.57 0.57 0.57 0.15 0.14 0.02 0.07 0.76 0.82 0.82 0.82 0.82 0.83 0.80 0.83 0.83 0.79 0.82 0.79 0.78 0.78 0.62 0.72 0.69 0.74 0.50 0.55 0.55 0.55
0.85 0.90 0.90 0.89 0.61 0.87 0.90 0.88 0.85 0.88 0.90 0.91 0.88 0.93 0.93 0.94 0.65 1.00 0.80 0.91 0.93 0.93 0.93 1.00 0.59 0.77 0.91 0.55 0.87 0.92 0.93 0.93 1.00 0.92 0.93 0.93 0.92 0.92 0.92 0.73 0.55 0.68 0.58 0.67 0.67 0.66 0.67 0.67 0.65 0.66 0.66 0.66 0.14 0.60 0.60 0.60 0.60 0.60 0.16 0.15 0.02 0.08 0.80 0.85 0.85 0.85 0.85 0.86 0.83 0.86 0.86 0.83 0.85 0.83 0.81 0.81 0.65 0.75 0.72 0.77 0.54 0.59 0.59 0.59
0.74 0.81 0.81 0.79 0.50 0.76 0.81 0.78 0.74 0.78 0.81 0.82 0.78 0.85 0.86 0.89 0.59 1.00 0.68 0.83 0.85 0.85 0.86 1.00 0.46 0.64 0.83 0.43 0.78 0.84 0.86 0.87 1.00 0.84 0.86 0.87 0.85 0.84 0.85 0.60 0.40 0.54 0.44 0.53 0.53 0.51 0.53 0.53 0.50 0.51 0.51 0.51 0.07 0.45 0.45 0.45 0.45 0.45 0.10 0.09 0.01 0.05 0.67 0.74 0.74 0.74 0.74 0.75 0.72 0.75 0.75 0.70 0.74 0.71 0.69 0.69 0.50 0.61 0.57 0.63 0.39 0.44 0.44 0.44
0.82 0.87 0.87 0.86 0.58 0.84 0.87 0.85 0.81 0.85 0.88 0.88 0.85 0.90 0.91 0.92 0.63 1.00 0.76 0.89 0.90 0.90 0.91 1.00 0.54 0.73 0.89 0.51 0.84 0.89 0.91 0.91 1.00 0.89 0.91 0.91 0.90 0.89 0.90 0.70 0.51 0.65 0.55 0.64 0.64 0.62 0.64 0.64 0.61 0.62 0.62 0.62 0.11 0.56 0.56 0.56 0.56 0.56 0.14 0.13 0.02 0.07 0.76 0.82 0.82 0.82 0.82 0.83 0.80 0.83 0.83 0.79 0.82 0.79 0.78 0.78 0.60 0.71 0.68 0.73 0.49 0.55 0.55 0.55
0.89 0.93 0.93 0.91 0.68 0.90 0.93 0.91 0.88 0.91 0.92 0.93 0.91 0.95 0.95 0.95 0.67 1.00 0.84 0.93 0.95 0.95 0.95 1.00 0.63 0.80 0.93 0.59 0.90 0.94 0.95 0.95 1.00 0.94 0.95 0.95 0.93 0.94 0.93 0.76 0.60 0.73 0.64 0.73 0.73 0.71 0.73 0.72 0.71 0.71 0.71 0.71 0.17 0.65 0.65 0.65 0.65 0.65 0.19 0.19 0.03 0.10 0.83 0.89 0.89 0.89 0.89 0.89 0.87 0.89 0.89 0.87 0.89 0.87 0.86 0.86 0.71 0.80 0.77 0.82 0.60 0.65 0.65 0.65
1.00 1.00 1.00 1.00 0.96 1.00 1.00 1.00 0.99 1.00 1.00 1.00 1.00 1.00 1.00 1.00 0.90 1.00 0.99 1.00 1.00 1.00 1.00 1.00 0.95 0.99 1.00 0.92 1.00 1.00 1.00 1.00 1.00 1.00 1.00 1.00 1.00 1.00 1.00 0.98 0.96 0.98 0.96 0.98 0.98 0.98 0.98 0.98 0.98 0.98 0.98 0.98 0.64 0.97 0.97 0.97 0.97 0.97 0.61 0.62 0.27 0.38 1.00 1.00 1.00 1.00 1.00 1.00 1.00 1.00 1.00 1.00 1.00 1.00 1.00 1.00 0.98 0.99 0.99 0.99 0.95 0.98 0.98 0.98
0.98 0.99 0.99 0.98 0.85 0.98 0.99 0.98 0.97 0.98 0.99 0.99 0.98 0.99 0.99 0.99 0.80 1.00 0.95 0.99 0.99 0.99 0.99 1.00 0.83 0.94 0.99 0.78 0.97 0.99 0.99 0.99 1.00 0.99 0.99 0.99 0.98 0.99 0.98 0.92 0.83 0.91 0.85 0.90 0.90 0.90 0.90 0.90 0.90 0.90 0.90 0.90 0.38 0.86 0.86 0.86 0.86 0.86 0.38 0.39 0.10 0.20 0.96 0.98 0.98 0.98 0.98 0.98 0.97 0.98 0.98 0.97 0.98 0.97 0.97 0.97 0.89 0.95 0.93 0.95 0.84 0.88 0.88 0.88
0.63 0.72 0.72 0.70 0.39 0.65 0.72 0.69 0.64 0.68 0.73 0.74 0.68 0.77 0.79 0.85 0.55 1.00 0.57 0.75 0.77 0.77 0.79 1.00 0.35 0.53 0.75 0.33 0.69 0.76 0.79 0.80 1.00 0.76 0.79 0.80 0.79 0.76 0.79 0.49 0.30 0.42 0.33 0.41 0.41 0.39 0.41 0.41 0.38 0.39 0.39 0.39 0.04 0.33 0.33 0.33 0.33 0.33 0.06 0.05 0.00 0.03 0.54 0.62 0.62 0.62 0.62 0.63 0.59 0.63 0.63 0.56 0.62 0.57 0.55 0.55 0.38 0.48 0.44 0.51 0.27 0.30 0.30 0.30
0.84 0.89 0.89 0.88 0.60 0.86 0.89 0.87 0.83 0.87 0.89 0.89 0.87 0.92 0.92 0.93 0.64 1.00 0.78 0.90 0.92 0.92 0.92 1.00 0.56 0.74 0.90 0.53 0.85 0.91 0.92 0.92 1.00 0.91 0.92 0.92 0.91 0.91 0.91 0.71 0.53 0.67 0.57 0.66 0.66 0.64 0.66 0.65 0.63 0.64 0.64 0.64 0.12 0.58 0.58 0.58 0.58 0.58 0.15 0.14 0.02 0.08 0.78 0.84 0.84 0.84 0.84 0.85 0.82 0.85 0.85 0.81 0.84 0.81 0.80 0.80 0.63 0.74 0.71 0.76 0.52 0.58 0.58 0.58
0.88 0.92 0.92 0.91 0.66 0.90 0.92 0.91 0.87 0.91 0.92 0.92 0.91 0.94 0.94 0.95 0.67 1.00 0.82 0.93 0.94 0.94 0.95 1.00 0.63 0.80 0.93 0.59 0.90 0.94 0.95 0.95 1.00 0.94 0.95 0.95 0.93 0.94 0.93 0.77 0.61 0.74 0.64 0.73 0.73 0.72 0.73 0.73 0.71 0.72 0.72 0.72 0.16 0.66 0.66 0.66 0.66 0.66 0.19 0.19 0.03 0.10 0.83 0.89 0.89 0.89 0.89 0.89 0.87 0.89 0.89 0.86 0.89 0.87 0.85 0.85 0.71 0.80 0.78 0.82 0.59 0.65 0.65 0.65
1.00 1.00 1.00 1.00 0.96 1.00 1.00 1.00 0.99 1.00 1.00 1.00 1.00 1.00 1.00 1.00 0.91 1.00 0.99 1.00 1.00 1.00 1.00 1.00 0.96 0.99 1.00 0.92 1.00 1.00 1.00 1.00 1.00 1.00 1.00 1.00 1.00 1.00 1.00 0.98 0.96 0.98 0.96 0.98 0.98 0.98 0.98 0.98 0.98 0.98 0.98 0.98 0.64 0.97 0.97 0.97 0.97 0.97 0.60 0.61 0.27 0.37 0.99 1.00 1.00 1.00 1.00 1.00 1.00 1.00 1.00 1.00 1.00 1.00 1.00 1.00 0.97 0.99 0.99 0.99 0.95 0.97 0.97 0.97
0.62 0.71 0.71 0.69 0.39 0.65 0.71 0.69 0.64 0.67 0.72 0.74 0.67 0.77 0.79 0.85 0.54 1.00 0.56 0.74 0.77 0.77 0.79 1.00 0.35 0.53 0.74 0.33 0.69 0.75 0.79 0.79 1.00 0.75 0.79 0.79 0.78 0.75 0.78 0.49 0.29 0.42 0.33 0.40 0.40 0.39 0.40 0.40 0.37 0.39 0.39 0.39 0.04 0.33 0.33 0.33 0.33 0.33 0.06 0.05 0.00 0.03 0.54 0.61 0.61 0.61 0.61 0.62 0.58 0.62 0.62 0.56 0.61 0.57 0.55 0.55 0.38 0.48 0.44 0.50 0.27 0.31 0.31 0.31
0.63 0.72 0.72 0.71 0.40 0.66 0.72 0.70 0.65 0.68 0.73 0.75 0.68 0.78 0.80 0.86 0.54 1.00 0.58 0.75 0.78 0.78 0.80 1.00 0.36 0.55 0.75 0.34 0.71 0.76 0.80 0.81 1.00 0.76 0.80 0.81 0.80 0.76 0.80 0.50 0.30 0.43 0.34 0.41 0.41 0.39 0.41 0.41 0.38 0.39 0.39 0.39 0.04 0.33 0.33 0.33 0.33 0.33 0.06 0.06 0.00 0.03 0.54 0.62 0.62 0.62 0.62 0.64 0.59 0.64 0.64 0.57 0.62 0.58 0.56 0.56 0.38 0.49 0.45 0.51 0.28 0.32 0.32 0.32
0.93 0.95 0.95 0.94 0.73 0.94 0.95 0.94 0.91 0.94 0.95 0.95 0.94 0.97 0.97 0.97 0.72 1.00 0.88 0.96 0.97 0.97 0.97 1.00 0.71 0.86 0.96 0.67 0.93 0.96 0.97 0.97 1.00 0.96 0.97 0.97 0.95 0.96 0.95 0.82 0.69 0.80 0.72 0.80 0.80 0.79 0.80 0.80 0.78 0.79 0.79 0.79 0.23 0.74 0.74 0.74 0.74 0.74 0.24 0.25 0.04 0.12 0.89 0.93 0.93 0.93 0.93 0.93 0.92 0.93 0.93 0.92 0.93 0.91 0.91 0.91 0.78 0.87 0.84 0.88 0.69 0.74 0.74 0.74
0.92 0.95 0.95 0.94 0.73 0.94 0.95 0.94 0.91 0.94 0.95 0.95 0.94 0.97 0.97 0.97 0.71 1.00 0.88 0.96 0.97 0.97 0.97 1.00 0.70 0.85 0.96 0.66 0.93 0.96 0.97 0.97 1.00 0.96 0.97 0.97 0.96 0.96 0.96 0.82 0.69 0.80 0.71 0.79 0.79 0.78 0.79 0.79 0.78 0.78 0.78 0.78 0.22 0.73 0.73 0.73 0.73 0.73 0.25 0.24 0.04 0.12 0.88 0.93 0.93 0.93 0.93 0.93 0.91 0.93 0.93 0.91 0.93 0.91 0.91 0.90 0.77 0.86 0.83 0.87 0.68 0.74 0.74 0.74
0.74 0.81 0.81 0.79 0.49 0.76 0.81 0.78 0.74 0.78 0.81 0.83 0.78 0.85 0.86 0.89 0.58 1.00 0.68 0.83 0.85 0.85 0.86 1.00 0.45 0.64 0.83 0.43 0.78 0.84 0.86 0.87 1.00 0.84 0.86 0.87 0.85 0.84 0.85 0.60 0.40 0.54 0.44 0.52 0.52 0.50 0.52 0.52 0.49 0.50 0.50 0.50 0.07 0.44 0.44 0.44 0.44 0.44 0.09 0.08 0.01 0.05 0.65 0.73 0.73 0.73 0.73 0.74 0.70 0.74 0.74 0.68 0.73 0.70 0.67 0.67 0.50 0.61 0.57 0.63 0.38 0.43 0.43 0.43
0.66 0.75 0.75 0.73 0.42 0.69 0.75 0.72 0.67 0.71 0.76 0.77 0.71 0.80 0.81 0.86 0.55 1.00 0.60 0.77 0.80 0.80 0.81 1.00 0.39 0.57 0.77 0.36 0.72 0.78 0.81 0.82 1.00 0.78 0.81 0.82 0.80 0.78 0.80 0.53 0.32 0.46 0.36 0.44 0.44 0.42 0.44 0.44 0.41 0.42 0.42 0.42 0.05 0.36 0.36 0.36 0.36 0.36 0.07 0.06 0.00 0.03 0.57 0.65 0.65 0.65 0.65 0.66 0.62 0.66 0.66 0.61 0.65 0.61 0.59 0.59 0.42 0.52 0.48 0.54 0.31 0.35 0.35 0.35
0.67 0.76 0.76 0.74 0.43 0.70 0.76 0.73 0.69 0.72 0.77 0.78 0.72 0.80 0.82 0.87 0.55 1.00 0.61 0.78 0.80 0.80 0.82 1.00 0.38 0.57 0.78 0.37 0.72 0.78 0.82 0.82 1.00 0.78 0.82 0.82 0.81 0.78 0.81 0.53 0.33 0.46 0.37 0.46 0.46 0.44 0.46 0.45 0.43 0.44 0.44 0.44 0.05 0.38 0.38 0.38 0.38 0.38 0.07 0.06 0.01 0.04 0.58 0.67 0.67 0.67 0.67 0.68 0.63 0.68 0.68 0.62 0.67 0.63 0.61 0.61 0.42 0.53 0.49 0.55 0.31 0.36 0.36 0.36
0.75 0.81 0.81 0.80 0.50 0.77 0.81 0.79 0.75 0.79 0.82 0.83 0.79 0.86 0.86 0.89 0.58 1.00 0.69 0.84 0.86 0.86 0.87 1.00 0.48 0.65 0.84 0.44 0.79 0.84 0.87 0.87 1.00 0.84 0.87 0.87 0.85 0.84 0.85 0.60 0.41 0.54 0.45 0.54 0.54 0.52 0.54 0.54 0.51 0.52 0.52 0.52 0.08 0.46 0.46 0.46 0.46 0.46 0.10 0.09 0.01 0.05 0.67 0.74 0.74 0.74 0.74 0.75 0.72 0.75 0.75 0.70 0.74 0.71 0.69 0.69 0.51 0.62 0.59 0.64 0.40 0.44 0.44 0.44
0.87 0.91 0.91 0.90 0.64 0.89 0.91 0.89 0.86 0.90 0.91 0.92 0.90 0.93 0.94 0.95 0.66 1.00 0.81 0.93 0.93 0.93 0.94 1.00 0.62 0.78 0.93 0.57 0.88 0.93 0.94 0.94 1.00 0.93 0.94 0.94 0.93 0.93 0.93 0.75 0.58 0.71 0.61 0.71 0.71 0.69 0.71 0.71 0.69 0.69 0.69 0.69 0.15 0.63 0.63 0.63 0.63 0.63 0.18 0.17 0.02 0.09 0.81 0.87 0.87 0.87 0.87 0.88 0.85 0.88 0.88 0.85 0.87 0.85 0.84 0.84 0.68 0.78 0.75 0.80 0.58 0.63 0.63 0.63
1.00 1.00 1.00 1.00 0.94 1.00 1.00 1.00 0.99 1.00 1.00 1.00 1.00 1.00 1.00 1.00 0.89 1.00 0.99 1.00 1.00 1.00 1.00 1.00 0.94 0.98 1.00 0.90 0.99 1.00 1.00 1.00 1.00 1.00 1.00 1.00 0.99 1.00 0.99 0.97 0.94 0.97 0.95 0.97 0.97 0.97 0.97 0.97 0.97 0.97 0.97 0.97 0.59 0.96 0.96 0.96 0.96 0.96 0.57 0.57 0.23 0.34 0.99 1.00 1.00 1.00 1.00 1.00 1.00 1.00 1.00 1.00 1.00 1.00 1.00 1.00 0.96 0.99 0.98 0.99 0.94 0.96 0.96 0.96
0.94 0.96 0.96 0.95 0.74 0.95 0.96 0.95 0.92 0.95 0.96 0.96 0.95 0.97 0.97 0.97 0.73 1.00 0.89 0.96 0.97 0.97 0.97 1.00 0.73 0.87 0.96 0.68 0.94 0.97 0.97 0.97 1.00 0.97 0.97 0.97 0.96 0.97 0.96 0.84 0.71 0.82 0.74 0.81 0.81 0.80 0.81 0.81 0.80 0.80 0.80 0.80 0.24 0.75 0.75 0.75 0.75 0.75 0.27 0.26 0.04 0.14 0.90 0.94 0.94 0.94 0.94 0.94 0.92 0.94 0.94 0.93 0.94 0.92 0.92 0.92 0.80 0.88 0.85 0.89 0.71 0.76 0.76 0.76
1.00 1.00 1.00 1.00 0.95 1.00 1.00 1.00 0.99 1.00 1.00 1.00 1.00 1.00 1.00 1.00 0.90 1.00 0.99 1.00 1.00 1.00 1.00 1.00 0.95 0.99 1.00 0.91 1.00 1.00 1.00 1.00 1.00 1.00 1.00 1.00 1.00 1.00 1.00 0.98 0.95 0.98 0.96 0.98 0.98 0.98 0.98 0.98 0.98 0.98 0.98 0.98 0.63 0.97 0.97 0.97 0.97 0.97 0.60 0.61 0.26 0.37 0.99 1.00 1.00 1.00 1.00 1.00 1.00 1.00 1.00 1.00 1.00 1.00 1.00 1.00 0.97 0.99 0.99 0.99 0.95 0.97 0.97 0.97
0.92 0.95 0.95 0.93 0.72 0.93 0.95 0.93 0.90 0.94 0.94 0.95 0.94 0.96 0.96 0.96 0.70 1.00 0.87 0.95 0.96 0.96 0.96 1.00 0.69 0.84 0.95 0.65 0.92 0.95 0.96 0.96 1.00 0.95 0.96 0.96 0.95 0.95 0.95 0.81 0.66 0.78 0.70 0.78 0.78 0.77 0.78 0.78 0.77 0.77 0.77 0.77 0.21 0.72 0.72 0.72 0.72 0.72 0.24 0.23 0.04 0.12 0.88 0.92 0.92 0.92 0.92 0.93 0.91 0.93 0.93 0.91 0.92 0.91 0.90 0.90 0.76 0.85 0.82 0.86 0.67 0.72 0.72 0.72
0.96 0.98 0.98 0.97 0.80 0.97 0.98 0.97 0.94 0.97 0.97 0.98 0.97 0.98 0.98 0.98 0.77 1.00 0.93 0.98 0.98 0.98 0.98 1.00 0.79 0.90 0.98 0.74 0.96 0.98 0.98 0.98 1.00 0.98 0.98 0.98 0.97 0.98 0.97 0.89 0.78 0.87 0.80 0.87 0.87 0.86 0.87 0.87 0.86 0.86 0.86 0.86 0.30 0.81 0.81 0.81 0.81 0.81 0.32 0.32 0.07 0.17 0.93 0.96 0.96 0.96 0.96 0.96 0.95 0.96 0.96 0.95 0.96 0.95 0.95 0.95 0.85 0.92 0.90 0.92 0.77 0.82 0.82 0.82
0.99 1.00 1.00 0.99 0.90 0.99 1.00 0.99 0.98 0.99 0.99 0.99 0.99 1.00 1.00 0.99 0.83 1.00 0.97 1.00 1.00 1.00 1.00 1.00 0.88 0.96 1.00 0.84 0.98 1.00 1.00 1.00 1.00 1.00 1.00 1.00 0.99 1.00 0.99 0.95 0.89 0.94 0.90 0.94 0.94 0.94 0.94 0.94 0.94 0.94 0.94 0.94 0.47 0.91 0.91 0.91 0.91 0.91 0.46 0.47 0.14 0.26 0.98 0.99 0.99 0.99 0.99 0.99 0.99 0.99 0.99 0.99 0.99 0.99 0.99 0.99 0.94 0.97 0.96 0.98 0.89 0.93 0.93 0.93
0.58 0.67 0.67 0.66 0.35 0.60 0.67 0.65 0.60 0.63 0.69 0.70 0.63 0.73 0.75 0.83 0.52 1.00 0.52 0.70 0.73 0.73 0.76 1.00 0.32 0.49 0.70 0.30 0.65 0.71 0.76 0.76 1.00 0.71 0.76 0.76 0.76 0.71 0.76 0.45 0.25 0.38 0.28 0.36 0.36 0.34 0.36 0.36 0.33 0.34 0.34 0.34 0.03 0.29 0.29 0.29 0.29 0.29 0.04 0.04 0.00 0.02 0.49 0.57 0.57 0.57 0.57 0.58 0.54 0.58 0.58 0.51 0.57 0.53 0.50 0.50 0.33 0.43 0.39 0.46 0.23 0.27 0.27 0.27
0.66 0.75 0.75 0.73 0.42 0.69 0.75 0.72 0.67 0.71 0.76 0.77 0.71 0.80 0.81 0.87 0.57 1.00 0.61 0.78 0.80 0.80 0.81 1.00 0.38 0.57 0.78 0.36 0.72 0.78 0.82 0.82 1.00 0.78 0.82 0.82 0.81 0.78 0.81 0.53 0.33 0.46 0.36 0.45 0.45 0.43 0.45 0.45 0.42 0.43 0.43 0.43 0.05 0.37 0.37 0.37 0.37 0.37 0.06 0.06 0.00 0.03 0.59 0.66 0.66 0.66 0.66 0.67 0.63 0.67 0.67 0.61 0.66 0.62 0.59 0.59 0.42 0.53 0.49 0.55 0.31 0.35 0.35 0.35
0.93 0.95 0.95 0.94 0.73 0.94 0.95 0.94 0.91 0.94 0.95 0.95 0.94 0.97 0.97 0.96 0.70 1.00 0.88 0.96 0.97 0.97 0.97 1.00 0.71 0.85 0.96 0.66 0.92 0.96 0.96 0.97 1.00 0.96 0.96 0.97 0.95 0.96 0.95 0.83 0.69 0.81 0.73 0.80 0.80 0.79 0.80 0.80 0.79 0.79 0.79 0.79 0.22 0.74 0.74 0.74 0.74 0.74 0.25 0.25 0.04 0.13 0.89 0.93 0.93 0.93 0.93 0.93 0.92 0.93 0.93 0.92 0.93 0.91 0.91 0.91 0.78 0.87 0.84 0.88 0.68 0.73 0.73 0.73
0.56 0.67 0.67 0.65 0.35 0.60 0.67 0.64 0.59 0.62 0.68 0.70 0.62 0.73 0.75 0.83 0.53 1.00 0.51 0.69 0.73 0.73 0.75 1.00 0.31 0.49 0.69 0.30 0.65 0.71 0.75 0.75 1.00 0.71 0.75 0.76 0.75 0.71 0.75 0.43 0.25 0.37 0.28 0.35 0.35 0.33 0.35 0.35 0.32 0.33 0.33 0.33 0.03 0.28 0.28 0.28 0.28 0.28 0.04 0.04 0.00 0.02 0.48 0.55 0.55 0.55 0.55 0.57 0.52 0.57 0.57 0.50 0.55 0.51 0.49 0.49 0.32 0.42 0.39 0.44 0.23 0.26 0.26 0.26
0.78 0.84 0.84 0.82 0.53 0.80 0.84 0.81 0.77 0.82 0.84 0.85 0.82 0.87 0.88 0.90 0.61 1.00 0.71 0.86 0.87 0.87 0.88 1.00 0.50 0.67 0.86 0.46 0.81 0.86 0.89 0.89 1.00 0.86 0.89 0.89 0.87 0.86 0.87 0.64 0.45 0.59 0.49 0.58 0.58 0.57 0.58 0.58 0.56 0.57 0.57 0.57 0.09 0.50 0.50 0.50 0.50 0.50 0.11 0.10 0.01 0.06 0.70 0.77 0.77 0.77 0.77 0.78 0.75 0.78 0.78 0.74 0.77 0.74 0.73 0.73 0.55 0.66 0.63 0.68 0.43 0.48 0.48 0.48
0.89 0.93 0.93 0.91 0.67 0.91 0.93 0.91 0.88 0.92 0.93 0.93 0.92 0.95 0.95 0.95 0.68 1.00 0.84 0.94 0.95 0.95 0.95 1.00 0.64 0.81 0.94 0.60 0.90 0.94 0.95 0.95 1.00 0.94 0.95 0.95 0.93 0.94 0.93 0.78 0.62 0.75 0.66 0.74 0.74 0.73 0.74 0.74 0.72 0.73 0.73 0.73 0.17 0.67 0.67 0.67 0.67 0.67 0.20 0.20 0.03 0.10 0.85 0.90 0.90 0.90 0.90 0.90 0.88 0.90 0.90 0.87 0.90 0.88 0.87 0.87 0.72 0.82 0.79 0.83 0.62 0.66 0.66 0.66
0.87 0.91 0.91 0.89 0.64 0.89 0.91 0.89 0.85 0.89 0.91 0.91 0.89 0.93 0.93 0.94 0.66 1.00 0.81 0.92 0.93 0.93 0.93 1.00 0.61 0.78 0.92 0.57 0.88 0.92 0.94 0.94 1.00 0.92 0.94 0.94 0.92 0.92 0.92 0.74 0.57 0.70 0.61 0.69 0.69 0.67 0.69 0.69 0.67 0.67 0.67 0.67 0.15 0.62 0.62 0.62 0.62 0.62 0.17 0.17 0.02 0.09 0.81 0.87 0.87 0.87 0.87 0.87 0.85 0.87 0.87 0.84 0.87 0.85 0.83 0.83 0.67 0.78 0.74 0.79 0.56 0.62 0.62 0.62
0.86 0.91 0.91 0.89 0.63 0.88 0.91 0.88 0.85 0.89 0.90 0.91 0.89 0.93 0.93 0.94 0.66 1.00 0.80 0.92 0.93 0.93 0.93 1.00 0.60 0.77 0.92 0.56 0.87 0.92 0.93 0.93 1.00 0.92 0.93 0.94 0.92 0.92 0.92 0.73 0.56 0.69 0.60 0.69 0.69 0.67 0.69 0.69 0.67 0.67 0.67 0.67 0.14 0.61 0.61 0.61 0.61 0.61 0.17 0.16 0.02 0.09 0.81 0.87 0.87 0.87 0.87 0.87 0.85 0.87 0.87 0.84 0.87 0.84 0.83 0.83 0.66 0.78 0.74 0.79 0.56 0.61 0.61 0.61
0.66 0.75 0.75 0.73 0.43 0.69 0.75 0.72 0.68 0.71 0.75 0.76 0.71 0.79 0.81 0.86 0.56 1.00 0.61 0.77 0.79 0.79 0.81 1.00 0.38 0.56 0.77 0.36 0.71 0.78 0.82 0.82 1.00 0.78 0.82 0.82 0.81 0.78 0.81 0.53 0.33 0.47 0.36 0.45 0.45 0.43 0.45 0.45 0.42 0.43 0.43 0.43 0.05 0.38 0.38 0.38 0.38 0.38 0.07 0.06 0.01 0.03 0.58 0.65 0.65 0.65 0.65 0.67 0.63 0.67 0.67 0.60 0.65 0.62 0.59 0.59 0.42 0.53 0.49 0.55 0.31 0.35 0.35 0.35
0.90 0.94 0.94 0.92 0.68 0.91 0.94 0.92 0.89 0.92 0.93 0.94 0.92 0.95 0.95 0.95 0.69 1.00 0.85 0.94 0.95 0.95 0.95 1.00 0.66 0.82 0.94 0.61 0.91 0.94 0.95 0.96 1.00 0.94 0.95 0.96 0.94 0.94 0.94 0.79 0.63 0.76 0.66 0.75 0.75 0.74 0.75 0.75 0.73 0.74 0.74 0.74 0.19 0.68 0.68 0.68 0.68 0.68 0.21 0.21 0.03 0.10 0.85 0.90 0.90 0.90 0.90 0.91 0.88 0.91 0.91 0.88 0.90 0.88 0.87 0.87 0.73 0.83 0.79 0.84 0.64 0.68 0.68 0.68
0.98 0.99 0.99 0.99 0.86 0.99 0.99 0.98 0.97 0.99 0.99 0.99 0.99 0.99 0.99 0.99 0.80 1.00 0.96 0.99 0.99 0.99 0.99 1.00 0.84 0.94 0.99 0.79 0.98 0.99 0.99 0.99 1.00 0.99 0.99 0.99 0.98 0.99 0.98 0.92 0.84 0.92 0.86 0.92 0.92 0.91 0.92 0.92 0.91 0.91 0.91 0.91 0.40 0.88 0.88 0.88 0.88 0.88 0.41 0.41 0.11 0.22 0.97 0.99 0.99 0.99 0.99 0.99 0.98 0.99 0.99 0.98 0.99 0.98 0.98 0.98 0.90 0.96 0.94 0.96 0.84 0.89 0.89 0.89
0.99 0.99 0.99 0.99 0.88 0.99 0.99 0.99 0.98 0.99 0.99 0.99 0.99 0.99 0.99 0.99 0.82 1.00 0.97 0.99 0.99 0.99 0.99 1.00 0.88 0.95 0.99 0.83 0.98 0.99 0.99 0.99 1.00 0.99 0.99 0.99 0.99 0.99 0.99 0.94 0.87 0.93 0.89 0.93 0.93 0.93 0.93 0.93 0.93 0.93 0.93 0.93 0.43 0.90 0.90 0.90 0.90 0.90 0.44 0.44 0.13 0.24 0.97 0.99 0.99 0.99 0.99 0.99 0.98 0.99 0.99 0.99 0.99 0.98 0.98 0.98 0.91 0.97 0.95 0.97 0.87 0.91 0.91 0.91
0.62 0.71 0.71 0.69 0.39 0.64 0.71 0.69 0.64 0.67 0.73 0.74 0.67 0.77 0.78 0.85 0.53 1.00 0.56 0.74 0.77 0.77 0.79 1.00 0.35 0.53 0.74 0.34 0.69 0.75 0.79 0.79 1.00 0.75 0.79 0.79 0.79 0.75 0.79 0.48 0.28 0.41 0.32 0.39 0.39 0.37 0.39 0.39 0.36 0.37 0.37 0.37 0.03 0.32 0.32 0.32 0.32 0.32 0.05 0.04 0.00 0.03 0.53 0.61 0.61 0.61 0.61 0.62 0.58 0.62 0.62 0.56 0.61 0.57 0.54 0.54 0.37 0.48 0.44 0.50 0.27 0.30 0.30 0.30
0.79 0.86 0.86 0.84 0.55 0.81 0.86 0.83 0.79 0.83 0.86 0.87 0.83 0.89 0.89 0.92 0.62 1.00 0.74 0.87 0.89 0.89 0.89 1.00 0.52 0.70 0.87 0.49 0.83 0.88 0.90 0.90 1.00 0.88 0.90 0.90 0.89 0.88 0.89 0.65 0.47 0.60 0.51 0.59 0.59 0.58 0.59 0.59 0.57 0.58 0.58 0.58 0.09 0.52 0.52 0.52 0.52 0.52 0.12 0.11 0.01 0.06 0.73 0.79 0.79 0.79 0.79 0.80 0.77 0.80 0.80 0.76 0.79 0.76 0.74 0.74 0.57 0.68 0.64 0.70 0.46 0.51 0.51 0.51
0.70 0.78 0.78 0.76 0.46 0.72 0.78 0.76 0.71 0.74 0.79 0.80 0.74 0.83 0.83 0.88 0.56 1.00 0.63 0.80 0.83 0.83 0.84 1.00 0.41 0.60 0.80 0.39 0.74 0.81 0.83 0.84 1.00 0.81 0.83 0.84 0.83 0.81 0.83 0.56 0.36 0.50 0.40 0.48 0.48 0.46 0.48 0.48 0.45 0.46 0.46 0.46 0.06 0.41 0.41 0.41 0.41 0.41 0.08 0.07 0.01 0.04 0.61 0.69 0.69 0.69 0.69 0.70 0.66 0.70 0.70 0.63 0.69 0.64 0.62 0.62 0.45 0.56 0.52 0.58 0.34 0.38 0.38 0.38
0.67 0.75 0.75 0.73 0.43 0.69 0.75 0.72 0.68 0.71 0.76 0.77 0.71 0.81 0.82 0.87 0.56 1.00 0.61 0.78 0.81 0.81 0.82 1.00 0.39 0.57 0.78 0.37 0.72 0.79 0.82 0.83 1.00 0.79 0.82 0.83 0.81 0.79 0.81 0.53 0.33 0.46 0.36 0.45 0.45 0.43 0.45 0.45 0.42 0.43 0.43 0.43 0.05 0.37 0.37 0.37 0.37 0.37 0.07 0.06 0.01 0.04 0.58 0.66 0.66 0.66 0.66 0.67 0.64 0.67 0.67 0.62 0.66 0.62 0.60 0.60 0.43 0.53 0.50 0.55 0.32 0.36 0.36 0.36
0.74 0.81 0.81 0.79 0.50 0.77 0.81 0.79 0.74 0.79 0.82 0.83 0.79 0.86 0.87 0.90 0.60 1.00 0.69 0.84 0.86 0.86 0.87 1.00 0.46 0.66 0.84 0.42 0.79 0.85 0.87 0.88 1.00 0.85 0.87 0.88 0.86 0.85 0.86 0.60 0.41 0.55 0.45 0.54 0.54 0.52 0.54 0.54 0.51 0.52 0.52 0.52 0.08 0.46 0.46 0.46 0.46 0.46 0.10 0.09 0.01 0.05 0.67 0.74 0.74 0.74 0.74 0.75 0.71 0.75 0.75 0.70 0.74 0.70 0.68 0.68 0.51 0.62 0.58 0.64 0.41 0.45 0.45 0.45
0.92 0.95 0.95 0.94 0.73 0.93 0.95 0.93 0.91 0.94 0.95 0.95 0.94 0.96 0.96 0.96 0.71 1.00 0.88 0.96 0.96 0.96 0.96 1.00 0.69 0.85 0.96 0.65 0.92 0.96 0.96 0.96 1.00 0.96 0.96 0.97 0.95 0.96 0.95 0.82 0.67 0.78 0.70 0.78 0.78 0.77 0.78 0.78 0.77 0.77 0.77 0.77 0.21 0.72 0.72 0.72 0.72 0.72 0.24 0.23 0.04 0.12 0.88 0.93 0.93 0.93 0.93 0.93 0.91 0.93 0.93 0.91 0.93 0.91 0.91 0.90 0.77 0.86 0.83 0.87 0.68 0.73 0.73 0.73
0.64 0.72 0.72 0.70 0.39 0.67 0.72 0.70 0.65 0.69 0.74 0.75 0.69 0.77 0.79 0.85 0.53 1.00 0.58 0.75 0.77 0.77 0.79 1.00 0.36 0.54 0.75 0.34 0.70 0.76 0.80 0.80 1.00 0.76 0.80 0.80 0.79 0.76 0.79 0.49 0.29 0.43 0.33 0.42 0.42 0.40 0.42 0.42 0.39 0.40 0.40 0.40 0.04 0.34 0.34 0.34 0.34 0.34 0.06 0.05 0.00 0.03 0.55 0.63 0.63 0.63 0.63 0.64 0.61 0.64 0.64 0.58 0.63 0.59 0.57 0.57 0.40 0.51 0.47 0.53 0.29 0.33 0.33 0.33
0.99 1.00 1.00 1.00 0.92 1.00 1.00 1.00 0.99 1.00 1.00 1.00 1.00 1.00 1.00 1.00 0.87 1.00 0.98 1.00 1.00 1.00 1.00 1.00 0.92 0.98 1.00 0.87 0.99 1.00 1.00 1.00 1.00 1.00 1.00 1.00 0.99 1.00 0.99 0.96 0.92 0.96 0.93 0.96 0.96 0.96 0.96 0.96 0.96 0.96 0.96 0.96 0.53 0.94 0.94 0.94 0.94 0.94 0.53 0.53 0.19 0.30 0.99 1.00 1.00 1.00 1.00 1.00 0.99 1.00 1.00 1.00 1.00 0.99 0.99 0.99 0.95 0.98 0.98 0.99 0.92 0.95 0.95 0.95
0.55 0.66 0.66 0.64 0.34 0.58 0.66 0.64 0.59 0.61 0.67 0.69 0.61 0.72 0.74 0.82 0.50 1.00 0.51 0.70 0.72 0.72 0.74 1.00 0.30 0.47 0.70 0.29 0.64 0.71 0.75 0.76 1.00 0.71 0.75 0.76 0.75 0.71 0.75 0.43 0.24 0.36 0.27 0.34 0.34 0.32 0.34 0.34 0.31 0.32 0.32 0.32 0.03 0.26 0.26 0.26 0.26 0.26 0.04 0.04 0.00 0.02 0.46 0.54 0.54 0.54 0.54 0.55 0.51 0.55 0.55 0.49 0.54 0.49 0.47 0.47 0.31 0.41 0.37 0.43 0.22 0.25 0.25 0.25
0.99 1.00 1.00 0.99 0.90 0.99 1.00 0.99 0.98 0.99 0.99 0.99 0.99 1.00 1.00 1.00 0.85 1.00 0.97 1.00 1.00 1.00 1.00 1.00 0.90 0.97 1.00 0.86 0.99 1.00 1.00 1.00 1.00 1.00 1.00 1.00 0.99 1.00 0.99 0.95 0.90 0.95 0.91 0.95 0.95 0.95 0.95 0.95 0.94 0.95 0.95 0.95 0.49 0.92 0.92 0.92 0.92 0.92 0.48 0.48 0.16 0.27 0.98 0.99 0.99 0.99 0.99 0.99 0.99 0.99 0.99 0.99 0.99 0.99 0.99 0.99 0.93 0.98 0.97 0.98 0.90 0.93 0.93 0.93
0.64 0.73 0.73 0.71 0.40 0.67 0.73 0.70 0.66 0.69 0.73 0.75 0.69 0.78 0.79 0.85 0.54 1.00 0.58 0.76 0.78 0.78 0.79 1.00 0.36 0.54 0.76 0.34 0.70 0.76 0.80 0.80 1.00 0.76 0.80 0.81 0.80 0.76 0.80 0.50 0.30 0.43 0.34 0.42 0.42 0.40 0.42 0.42 0.39 0.40 0.40 0.40 0.04 0.34 0.34 0.34 0.34 0.34 0.06 0.05 0.00 0.03 0.55 0.63 0.63 0.63 0.63 0.64 0.60 0.64 0.64 0.58 0.63 0.58 0.56 0.56 0.40 0.50 0.46 0.52 0.29 0.32 0.32 0.32
0.75 0.82 0.82 0.80 0.49 0.77 0.82 0.79 0.75 0.79 0.82 0.83 0.79 0.86 0.86 0.90 0.59 1.00 0.69 0.84 0.86 0.86 0.87 1.00 0.45 0.65 0.84 0.42 0.79 0.84 0.87 0.87 1.00 0.84 0.87 0.88 0.86 0.84 0.86 0.60 0.40 0.55 0.44 0.54 0.54 0.52 0.54 0.54 0.51 0.52 0.52 0.52 0.07 0.46 0.46 0.46 0.46 0.46 0.10 0.09 0.01 0.05 0.67 0.75 0.75 0.75 0.75 0.75 0.72 0.75 0.75 0.71 0.75 0.72 0.70 0.69 0.51 0.62 0.58 0.64 0.40 0.45 0.45 0.45
0.92 0.95 0.95 0.94 0.73 0.93 0.95 0.93 0.91 0.94 0.95 0.95 0.94 0.96 0.96 0.96 0.72 1.00 0.88 0.96 0.96 0.96 0.96 1.00 0.70 0.85 0.96 0.66 0.92 0.96 0.97 0.97 1.00 0.96 0.97 0.97 0.95 0.96 0.95 0.82 0.68 0.79 0.71 0.79 0.79 0.78 0.79 0.79 0.77 0.78 0.78 0.78 0.21 0.73 0.73 0.73 0.73 0.73 0.24 0.24 0.04 0.12 0.88 0.93 0.93 0.93 0.93 0.93 0.92 0.93 0.93 0.91 0.93 0.91 0.91 0.91 0.77 0.86 0.83 0.87 0.68 0.73 0.73 0.73
1.00 1.00 1.00 1.00 0.95 1.00 1.00 1.00 0.99 1.00 1.00 1.00 1.00 1.00 1.00 1.00 0.90 1.00 0.99 1.00 1.00 1.00 1.00 1.00 0.94 0.98 1.00 0.90 1.00 1.00 1.00 1.00 1.00 1.00 1.00 1.00 1.00 1.00 1.00 0.97 0.95 0.98 0.95 0.98 0.98 0.97 0.98 0.98 0.97 0.97 0.97 0.97 0.61 0.96 0.96 0.96 0.96 0.96 0.59 0.60 0.24 0.35 0.99 1.00 1.00 1.00 1.00 1.00 1.00 1.00 1.00 1.00 1.00 1.00 1.00 1.00 0.97 0.99 0.99 0.99 0.94 0.97 0.97 0.97
0.91 0.94 0.94 0.93 0.71 0.93 0.94 0.93 0.90 0.93 0.94 0.94 0.93 0.96 0.96 0.96 0.71 1.00 0.87 0.95 0.96 0.96 0.96 1.00 0.69 0.84 0.95 0.64 0.92 0.96 0.96 0.97 1.00 0.96 0.96 0.97 0.95 0.96 0.95 0.81 0.66 0.78 0.69 0.77 0.77 0.76 0.77 0.77 0.76 0.76 0.76 0.76 0.20 0.71 0.71 0.71 0.71 0.71 0.24 0.22 0.04 0.12 0.88 0.92 0.92 0.92 0.92 0.92 0.90 0.92 0.92 0.90 0.92 0.90 0.89 0.89 0.75 0.85 0.81 0.86 0.65 0.71 0.71 0.71
0.81 0.87 0.87 0.85 0.57 0.83 0.87 0.84 0.80 0.84 0.87 0.87 0.84 0.90 0.90 0.93 0.62 1.00 0.76 0.89 0.90 0.90 0.91 1.00 0.54 0.72 0.89 0.51 0.84 0.89 0.91 0.91 1.00 0.89 0.91 0.91 0.90 0.89 0.90 0.68 0.49 0.62 0.53 0.62 0.62 0.60 0.62 0.62 0.59 0.60 0.60 0.60 0.10 0.54 0.54 0.54 0.54 0.54 0.13 0.12 0.01 0.06 0.75 0.81 0.81 0.81 0.81 0.82 0.79 0.82 0.82 0.78 0.81 0.78 0.77 0.76 0.60 0.71 0.66 0.72 0.48 0.53 0.53 0.53
1.00 1.00 1.00 1.00 0.96 1.00 1.00 1.00 1.00 1.00 1.00 1.00 1.00 1.00 1.00 1.00 0.91 1.00 0.99 1.00 1.00 1.00 1.00 1.00 0.95 0.99 1.00 0.92 1.00 1.00 1.00 1.00 1.00 1.00 1.00 1.00 1.00 1.00 1.00 0.98 0.96 0.98 0.96 0.98 0.98 0.98 0.98 0.98 0.98 0.98 0.98 0.98 0.65 0.97 0.97 0.97 0.97 0.97 0.62 0.62 0.27 0.38 0.99 1.00 1.00 1.00 1.00 1.00 1.00 1.00 1.00 1.00 1.00 1.00 1.00 1.00 0.97 0.99 0.99 0.99 0.95 0.97 0.97 0.97
0.99 0.99 0.99 0.99 0.90 0.99 0.99 0.99 0.98 0.99 0.99 0.99 0.99 1.00 1.00 0.99 0.84 1.00 0.97 0.99 1.00 1.00 1.00 1.00 0.88 0.96 0.99 0.83 0.99 1.00 1.00 1.00 1.00 1.00 1.00 1.00 0.99 1.00 0.99 0.95 0.89 0.95 0.91 0.95 0.95 0.94 0.95 0.95 0.94 0.94 0.94 0.94 0.47 0.92 0.92 0.92 0.92 0.92 0.47 0.48 0.14 0.26 0.98 0.99 0.99 0.99 0.99 0.99 0.99 0.99 0.99 0.99 0.99 0.99 0.99 0.99 0.93 0.97 0.97 0.98 0.89 0.93 0.93 0.93
0.99 1.00 1.00 1.00 0.92 1.00 1.00 1.00 0.99 1.00 1.00 1.00 1.00 1.00 1.00 1.00 0.86 1.00 0.98 1.00 1.00 1.00 1.00 1.00 0.91 0.97 1.00 0.87 0.99 1.00 1.00 1.00 1.00 1.00 1.00 1.00 0.99 1.00 0.99 0.96 0.91 0.96 0.93 0.96 0.96 0.96 0.96 0.96 0.96 0.96 0.96 0.96 0.53 0.94 0.94 0.94 0.94 0.94 0.52 0.51 0.18 0.30 0.98 1.00 1.00 1.00 1.00 1.00 0.99 1.00 1.00 0.99 1.00 0.99 0.99 0.99 0.95 0.98 0.97 0.98 0.91 0.95 0.95 0.95
0.59 0.68 0.68 0.66 0.36 0.61 0.68 0.66 0.61 0.64 0.69 0.71 0.64 0.75 0.76 0.83 0.52 1.00 0.53 0.71 0.75 0.75 0.77 1.00 0.32 0.50 0.71 0.31 0.66 0.72 0.76 0.77 1.00 0.72 0.76 0.77 0.76 0.72 0.76 0.45 0.25 0.38 0.28 0.37 0.37 0.35 0.37 0.36 0.34 0.35 0.35 0.35 0.03 0.29 0.29 0.29 0.29 0.29 0.05 0.04 0.00 0.02 0.50 0.58 0.58 0.58 0.58 0.59 0.55 0.59 0.59 0.53 0.58 0.53 0.51 0.51 0.34 0.44 0.40 0.47 0.24 0.27 0.27 0.27
0.58 0.68 0.68 0.66 0.36 0.60 0.68 0.65 0.60 0.63 0.68 0.70 0.63 0.73 0.75 0.83 0.53 1.00 0.52 0.70 0.73 0.73 0.75 1.00 0.32 0.48 0.70 0.30 0.65 0.71 0.76 0.76 1.00 0.71 0.76 0.76 0.75 0.71 0.75 0.44 0.25 0.37 0.28 0.36 0.36 0.34 0.36 0.35 0.33 0.34 0.34 0.34 0.03 0.28 0.28 0.28 0.28 0.28 0.04 0.04 0.00 0.02 0.48 0.57 0.57 0.57 0.57 0.58 0.54 0.58 0.58 0.51 0.57 0.52 0.50 0.50 0.33 0.43 0.38 0.45 0.23 0.27 0.27 0.27
0.91 0.94 0.94 0.93 0.70 0.92 0.94 0.93 0.90 0.93 0.94 0.94 0.93 0.96 0.96 0.96 0.69 1.00 0.86 0.95 0.96 0.96 0.96 1.00 0.68 0.83 0.95 0.63 0.92 0.95 0.96 0.96 1.00 0.95 0.96 0.96 0.94 0.95 0.94 0.80 0.65 0.77 0.68 0.76 0.76 0.75 0.76 0.76 0.75 0.75 0.75 0.75 0.20 0.70 0.70 0.70 0.70 0.70 0.22 0.21 0.03 0.11 0.87 0.91 0.91 0.91 0.91 0.91 0.89 0.91 0.91 0.89 0.91 0.89 0.88 0.88 0.74 0.84 0.81 0.85 0.65 0.70 0.70 0.70
0.70 0.78 0.78 0.76 0.46 0.72 0.78 0.75 0.71 0.74 0.79 0.80 0.74 0.82 0.83 0.88 0.56 1.00 0.64 0.80 0.82 0.82 0.84 1.00 0.42 0.61 0.80 0.40 0.75 0.81 0.84 0.84 1.00 0.81 0.84 0.85 0.83 0.81 0.83 0.56 0.36 0.50 0.40 0.49 0.49 0.47 0.49 0.48 0.46 0.47 0.47 0.47 0.06 0.40 0.40 0.40 0.40 0.40 0.08 0.07 0.01 0.04 0.62 0.69 0.69 0.69 0.69 0.70 0.67 0.70 0.70 0.65 0.69 0.66 0.63 0.63 0.46 0.57 0.53 0.58 0.34 0.38 0.38 0.38
0.99 1.00 1.00 0.99 0.90 0.99 1.00 0.99 0.98 0.99 0.99 0.99 0.99 1.00 1.00 0.99 0.85 1.00 0.97 1.00 1.00 1.00 1.00 1.00 0.89 0.96 1.00 0.84 0.99 1.00 1.00 1.00 1.00 1.00 1.00 1.00 0.99 1.00 0.99 0.95 0.90 0.95 0.91 0.95 0.95 0.95 0.95 0.95 0.95 0.95 0.95 0.95 0.49 0.92 0.92 0.92 0.92 0.92 0.47 0.48 0.16 0.27 0.98 0.99 0.99 0.99 0.99 0.99 0.99 0.99 0.99 0.99 0.99 0.99 0.99 0.99 0.94 0.98 0.96 0.98 0.90 0.93 0.93 0.93
0.71 0.80 0.80 0.78 0.48 0.74 0.80 0.77 0.72 0.76 0.81 0.82 0.76 0.84 0.85 0.88 0.58 1.00 0.65 0.82 0.84 0.84 0.85 1.00 0.44 0.62 0.82 0.41 0.77 0.82 0.85 0.85 1.00 0.82 0.85 0.85 0.84 0.82 0.84 0.59 0.39 0.52 0.42 0.51 0.51 0.49 0.51 0.51 0.48 0.49 0.49 0.49 0.06 0.42 0.42 0.42 0.42 0.42 0.09 0.08 0.01 0.04 0.64 0.71 0.71 0.71 0.71 0.72 0.69 0.72 0.72 0.67 0.71 0.67 0.66 0.66 0.48 0.59 0.55 0.61 0.37 0.41 0.41 0.41
0.60 0.70 0.70 0.68 0.37 0.62 0.70 0.67 0.63 0.64 0.71 0.72 0.64 0.75 0.77 0.85 0.52 1.00 0.54 0.72 0.75 0.75 0.77 1.00 0.33 0.50 0.72 0.31 0.67 0.74 0.77 0.78 1.00 0.74 0.77 0.78 0.77 0.74 0.77 0.46 0.27 0.40 0.30 0.38 0.38 0.36 0.38 0.38 0.35 0.36 0.36 0.36 0.03 0.30 0.30 0.30 0.30 0.30 0.05 0.04 0.00 0.03 0.51 0.59 0.59 0.59 0.59 0.60 0.56 0.60 0.60 0.54 0.59 0.55 0.52 0.52 0.35 0.46 0.41 0.48 0.26 0.29 0.29 0.29
0.97 0.98 0.98 0.98 0.82 0.97 0.98 0.97 0.95 0.98 0.98 0.98 0.98 0.99 0.99 0.99 0.78 1.00 0.94 0.98 0.99 0.99 0.99 1.00 0.80 0.92 0.98 0.75 0.96 0.98 0.99 0.99 1.00 0.98 0.99 0.99 0.97 0.98 0.97 0.90 0.80 0.89 0.82 0.89 0.89 0.88 0.89 0.89 0.88 0.88 0.88 0.88 0.34 0.84 0.84 0.84 0.84 0.84 0.34 0.34 0.08 0.18 0.95 0.97 0.97 0.97 0.97 0.97 0.96 0.97 0.97 0.96 0.97 0.96 0.96 0.96 0.87 0.94 0.92 0.94 0.80 0.85 0.85 0.85
0.89 0.92 0.92 0.91 0.66 0.90 0.92 0.91 0.87 0.91 0.92 0.92 0.91 0.94 0.94 0.95 0.67 1.00 0.83 0.93 0.94 0.94 0.94 1.00 0.63 0.80 0.93 0.59 0.90 0.94 0.95 0.95 1.00 0.94 0.95 0.95 0.93 0.94 0.93 0.76 0.60 0.73 0.64 0.72 0.72 0.71 0.72 0.72 0.70 0.71 0.71 0.71 0.16 0.65 0.65 0.65 0.65 0.65 0.19 0.18 0.03 0.10 0.84 0.89 0.89 0.89 0.89 0.89 0.87 0.89 0.89 0.86 0.89 0.86 0.85 0.85 0.70 0.80 0.77 0.81 0.59 0.65 0.65 0.65
0.81 0.86 0.86 0.85 0.57 0.83 0.86 0.84 0.80 0.85 0.86 0.87 0.85 0.89 0.90 0.92 0.63 1.00 0.75 0.88 0.89 0.89 0.90 1.00 0.52 0.71 0.88 0.49 0.83 0.89 0.91 0.91 1.00 0.89 0.91 0.91 0.89 0.89 0.89 0.68 0.49 0.63 0.53 0.62 0.62 0.60 0.62 0.62 0.59 0.60 0.60 0.60 0.10 0.54 0.54 0.54 0.54 0.54 0.13 0.12 0.01 0.07 0.74 0.81 0.81 0.81 0.81 0.81 0.78 0.81 0.81 0.77 0.81 0.78 0.76 0.76 0.59 0.70 0.66 0.72 0.48 0.53 0.53 0.53
0.90 0.93 0.93 0.93 0.69 0.91 0.93 0.92 0.89 0.92 0.93 0.93 0.92 0.95 0.95 0.96 0.69 1.00 0.85 0.95 0.95 0.95 0.95 1.00 0.66 0.81 0.95 0.62 0.91 0.95 0.96 0.96 1.00 0.95 0.96 0.96 0.94 0.95 0.94 0.79 0.63 0.75 0.66 0.75 0.75 0.73 0.75 0.75 0.73 0.73 0.73 0.73 0.18 0.68 0.68 0.68 0.68 0.68 0.22 0.20 0.03 0.10 0.86 0.90 0.90 0.90 0.90 0.91 0.88 0.91 0.91 0.88 0.90 0.89 0.88 0.87 0.73 0.82 0.79 0.84 0.63 0.69 0.69 0.69
0.93 0.95 0.95 0.94 0.73 0.94 0.95 0.94 0.91 0.94 0.95 0.95 0.94 0.96 0.97 0.96 0.71 1.00 0.88 0.96 0.96 0.96 0.97 1.00 0.71 0.86 0.96 0.66 0.93 0.96 0.97 0.97 1.00 0.96 0.97 0.97 0.95 0.96 0.95 0.83 0.69 0.80 0.72 0.79 0.79 0.79 0.79 0.80 0.78 0.79 0.79 0.79 0.23 0.74 0.74 0.74 0.74 0.74 0.24 0.25 0.04 0.12 0.89 0.93 0.93 0.93 0.93 0.93 0.91 0.93 0.93 0.91 0.93 0.91 0.91 0.91 0.78 0.87 0.83 0.88 0.69 0.74 0.74 0.74
0.97 0.98 0.98 0.98 0.83 0.98 0.98 0.98 0.96 0.98 0.98 0.98 0.98 0.99 0.99 0.99 0.79 1.00 0.94 0.99 0.99 0.99 0.99 1.00 0.81 0.92 0.99 0.76 0.97 0.99 0.99 0.99 1.00 0.99 0.99 0.99 0.98 0.99 0.98 0.90 0.81 0.89 0.84 0.89 0.89 0.88 0.89 0.89 0.88 0.88 0.88 0.88 0.34 0.85 0.85 0.85 0.85 0.85 0.36 0.37 0.08 0.19 0.95 0.97 0.97 0.97 0.97 0.97 0.97 0.97 0.97 0.97 0.97 0.97 0.96 0.96 0.87 0.94 0.92 0.94 0.81 0.85 0.85 0.85
0.99 1.00 1.00 1.00 0.93 1.00 1.00 0.99 0.99 1.00 1.00 0.99 1.00 1.00 1.00 1.00 0.86 1.00 0.98 1.00 1.00 1.00 1.00 1.00 0.92 0.98 1.00 0.88 0.99 1.00 1.00 1.00 1.00 1.00 1.00 1.00 0.99 1.00 0.99 0.96 0.92 0.96 0.93 0.96 0.96 0.96 0.96 0.96 0.96 0.96 0.96 0.96 0.54 0.94 0.94 0.94 0.94 0.94 0.52 0.53 0.19 0.30 0.99 1.00 1.00 1.00 1.00 1.00 0.99 1.00 1.00 0.99 1.00 0.99 0.99 0.99 0.95 0.98 0.98 0.99 0.91 0.95 0.95 0.95
0.64 0.73 0.73 0.71 0.41 0.67 0.73 0.71 0.66 0.69 0.74 0.76 0.69 0.78 0.80 0.86 0.54 1.00 0.59 0.76 0.78 0.78 0.81 1.00 0.36 0.56 0.76 0.34 0.72 0.77 0.81 0.81 1.00 0.77 0.81 0.82 0.80 0.77 0.80 0.51 0.31 0.44 0.35 0.43 0.43 0.41 0.43 0.43 0.40 0.41 0.41 0.41 0.04 0.35 0.35 0.35 0.35 0.35 0.07 0.06 0.00 0.03 0.56 0.63 0.63 0.63 0.63 0.65 0.61 0.65 0.65 0.58 0.63 0.59 0.57 0.57 0.40 0.51 0.47 0.53 0.30 0.34 0.34 0.34
0.71 0.79 0.79 0.77 0.46 0.73 0.79 0.76 0.72 0.75 0.79 0.80 0.75 0.83 0.84 0.88 0.58 1.00 0.64 0.81 0.83 0.83 0.84 1.00 0.43 0.61 0.81 0.41 0.76 0.82 0.85 0.85 1.00 0.82 0.85 0.85 0.84 0.82 0.84 0.57 0.37 0.51 0.41 0.50 0.50 0.48 0.50 0.50 0.47 0.48 0.48 0.48 0.06 0.42 0.42 0.42 0.42 0.42 0.09 0.07 0.01 0.04 0.62 0.70 0.70 0.70 0.70 0.71 0.67 0.71 0.71 0.66 0.70 0.66 0.65 0.65 0.46 0.57 0.54 0.59 0.35 0.40 0.40 0.40
0.97 0.98 0.98 0.98 0.83 0.98 0.98 0.97 0.96 0.98 0.98 0.98 0.98 0.99 0.99 0.98 0.78 1.00 0.94 0.98 0.99 0.99 0.99 1.00 0.79 0.92 0.98 0.75 0.96 0.98 0.99 0.99 1.00 0.98 0.99 0.99 0.98 0.98 0.98 0.90 0.80 0.88 0.82 0.88 0.88 0.88 0.88 0.88 0.87 0.88 0.88 0.88 0.33 0.84 0.84 0.84 0.84 0.84 0.34 0.34 0.07 0.18 0.95 0.97 0.97 0.97 0.97 0.97 0.96 0.97 0.97 0.97 0.97 0.96 0.96 0.96 0.86 0.93 0.91 0.94 0.80 0.84 0.84 0.84
0.83 0.89 0.89 0.87 0.60 0.85 0.89 0.86 0.83 0.86 0.89 0.89 0.86 0.91 0.92 0.93 0.64 1.00 0.77 0.90 0.91 0.91 0.92 1.00 0.56 0.74 0.90 0.53 0.85 0.90 0.92 0.92 1.00 0.90 0.92 0.92 0.90 0.90 0.90 0.71 0.52 0.65 0.55 0.64 0.64 0.63 0.64 0.64 0.62 0.63 0.63 0.63 0.12 0.57 0.57 0.57 0.57 0.57 0.15 0.14 0.02 0.07 0.77 0.83 0.83 0.83 0.83 0.84 0.81 0.84 0.84 0.80 0.83 0.80 0.79 0.78 0.62 0.73 0.70 0.75 0.51 0.56 0.56 0.56
0.78 0.84 0.84 0.83 0.54 0.81 0.84 0.82 0.78 0.82 0.85 0.86 0.82 0.88 0.89 0.91 0.60 1.00 0.73 0.87 0.88 0.88 0.89 1.00 0.51 0.70 0.87 0.48 0.82 0.87 0.89 0.90 1.00 0.87 0.89 0.90 0.88 0.87 0.88 0.65 0.46 0.60 0.50 0.59 0.59 0.57 0.59 0.59 0.56 0.57 0.57 0.57 0.09 0.51 0.51 0.51 0.51 0.51 0.12 0.11 0.01 0.06 0.72 0.78 0.78 0.78 0.78 0.79 0.76 0.79 0.79 0.75 0.78 0.75 0.74 0.74 0.56 0.67 0.63 0.69 0.46 0.50 0.50 0.50
1.00 1.00 1.00 1.00 0.94 1.00 1.00 1.00 0.99 1.00 1.00 1.00 1.00 1.00 1.00 1.00 0.89 1.00 0.99 1.00 1.00 1.00 1.00 1.00 0.94 0.98 1.00 0.89 0.99 1.00 1.00 1.00 1.00 1.00 1.00 1.00 1.00 1.00 1.00 0.97 0.94 0.97 0.95 0.97 0.97 0.97 0.97 0.97 0.97 0.97 0.97 0.97 0.58 0.96 0.96 0.96 0.96 0.96 0.57 0.58 0.23 0.34 0.99 1.00 1.00 1.00 1.00 1.00 1.00 1.00 1.00 1.00 1.00 1.00 1.00 1.00 0.97 0.99 0.98 0.99 0.94 0.96 0.96 0.96
0.98 0.99 0.99 0.99 0.86 0.99 0.99 0.98 0.97 0.99 0.99 0.99 0.99 0.99 0.99 0.99 0.81 1.00 0.96 0.99 0.99 0.99 0.99 1.00 0.85 0.94 0.99 0.80 0.98 0.99 0.99 0.99 1.00 0.99 0.99 0.99 0.99 0.99 0.99 0.93 0.85 0.92 0.87 0.92 0.92 0.91 0.92 0.92 0.91 0.91 0.91 0.91 0.39 0.88 0.88 0.88 0.88 0.88 0.41 0.41 0.10 0.21 0.96 0.99 0.99 0.99 0.99 0.99 0.98 0.99 0.99 0.98 0.99 0.98 0.98 0.98 0.90 0.96 0.94 0.96 0.85 0.89 0.89 0.89
0.69 0.78 0.78 0.76 0.45 0.72 0.78 0.75 0.70 0.74 0.78 0.79 0.74 0.82 0.83 0.88 0.56 1.00 0.62 0.79 0.82 0.82 0.83 1.00 0.41 0.59 0.79 0.38 0.74 0.79 0.83 0.83 1.00 0.79 0.83 0.83 0.82 0.79 0.82 0.55 0.35 0.49 0.38 0.47 0.47 0.46 0.47 0.47 0.45 0.46 0.46 0.46 0.05 0.39 0.39 0.39 0.39 0.39 0.08 0.06 0.01 0.04 0.60 0.68 0.68 0.68 0.68 0.69 0.66 0.69 0.69 0.63 0.68 0.64 0.62 0.62 0.45 0.56 0.52 0.58 0.33 0.38 0.38 0.38
0.66 0.74 0.74 0.72 0.42 0.68 0.74 0.72 0.67 0.71 0.75 0.77 0.71 0.80 0.81 0.86 0.55 1.00 0.59 0.77 0.80 0.80 0.81 1.00 0.38 0.56 0.77 0.36 0.71 0.78 0.81 0.82 1.00 0.78 0.81 0.82 0.80 0.78 0.80 0.52 0.32 0.46 0.36 0.44 0.44 0.42 0.44 0.44 0.41 0.42 0.42 0.42 0.04 0.36 0.36 0.36 0.36 0.36 0.06 0.06 0.00 0.03 0.57 0.65 0.65 0.65 0.65 0.66 0.62 0.66 0.66 0.60 0.65 0.61 0.58 0.58 0.41 0.52 0.48 0.54 0.30 0.34 0.34 0.34
1.00 1.00 1.00 1.00 0.96 1.00 1.00 1.00 1.00 1.00 1.00 1.00 1.00 1.00 1.00 1.00 0.92 1.00 0.99 1.00 1.00 1.00 1.00 1.00 0.96 0.99 1.00 0.93 1.00 1.00 1.00 1.00 1.00 1.00 1.00 1.00 1.00 1.00 1.00 0.98 0.97 0.99 0.97 0.99 0.99 0.99 0.99 0.99 0.99 0.99 0.99 0.99 0.67 0.98 0.98 0.98 0.98 0.98 0.64 0.65 0.31 0.42 1.00 1.00 1.00 1.00 1.00 1.00 1.00 1.00 1.00 1.00 1.00 1.00 1.00 1.00 0.98 0.99 0.99 0.99 0.96 0.98 0.98 0.98
0.98 0.99 0.99 0.98 0.86 0.99 0.99 0.98 0.97 0.99 0.99 0.99 0.99 0.99 0.99 0.99 0.81 1.00 0.95 0.99 0.99 0.99 0.99 1.00 0.84 0.93 0.99 0.80 0.97 0.99 0.99 0.99 1.00 0.99 0.99 0.99 0.98 0.99 0.98 0.93 0.85 0.92 0.87 0.92 0.92 0.91 0.92 0.92 0.91 0.91 0.91 0.91 0.40 0.88 0.88 0.88 0.88 0.88 0.39 0.40 0.10 0.22 0.96 0.98 0.98 0.98 0.98 0.98 0.98 0.98 0.98 0.98 0.98 0.98 0.98 0.97 0.89 0.95 0.94 0.96 0.84 0.89 0.89 0.89
0.77 0.84 0.84 0.82 0.53 0.79 0.84 0.82 0.77 0.81 0.84 0.85 0.81 0.88 0.88 0.91 0.60 1.00 0.71 0.85 0.88 0.88 0.89 1.00 0.50 0.68 0.85 0.47 0.80 0.86 0.88 0.89 1.00 0.86 0.88 0.89 0.87 0.86 0.87 0.64 0.44 0.58 0.48 0.57 0.57 0.55 0.57 0.56 0.54 0.55 0.55 0.55 0.08 0.48 0.48 0.48 0.48 0.48 0.11 0.10 0.01 0.06 0.70 0.77 0.77 0.77 0.77 0.78 0.74 0.78 0.78 0.73 0.77 0.73 0.72 0.72 0.55 0.65 0.62 0.67 0.44 0.48 0.48 0.48
0.84 0.89 0.89 0.87 0.61 0.86 0.89 0.87 0.83 0.87 0.89 0.90 0.87 0.92 0.92 0.93 0.65 1.00 0.78 0.90 0.92 0.92 0.92 1.00 0.58 0.75 0.90 0.54 0.86 0.91 0.92 0.93 1.00 0.91 0.92 0.93 0.91 0.91 0.91 0.72 0.54 0.67 0.59 0.67 0.67 0.65 0.67 0.67 0.64 0.65 0.65 0.65 0.13 0.59 0.59 0.59 0.59 0.59 0.15 0.15 0.02 0.08 0.78 0.84 0.84 0.84 0.84 0.85 0.82 0.85 0.85 0.81 0.84 0.82 0.81 0.80 0.63 0.74 0.71 0.76 0.53 0.58 0.58 0.58
0.73 0.81 0.81 0.79 0.49 0.75 0.81 0.78 0.74 0.78 0.81 0.82 0.78 0.84 0.85 0.89 0.59 1.00 0.67 0.83 0.84 0.84 0.86 1.00 0.44 0.63 0.83 0.41 0.77 0.84 0.86 0.86 1.00 0.84 0.86 0.86 0.85 0.84 0.85 0.59 0.40 0.53 0.43 0.52 0.52 0.50 0.52 0.52 0.49 0.50 0.50 0.50 0.06 0.44 0.44 0.44 0.44 0.44 0.09 0.08 0.01 0.05 0.65 0.73 0.73 0.73 0.73 0.73 0.70 0.73 0.73 0.68 0.73 0.69 0.66 0.66 0.49 0.60 0.56 0.62 0.39 0.42 0.42 0.42
0.95 0.97 0.97 0.96 0.78 0.96 0.97 0.96 0.94 0.96 0.97 0.97 0.96 0.98 0.98 0.98 0.74 1.00 0.91 0.97 0.98 0.98 0.98 1.00 0.75 0.88 0.97 0.70 0.95 0.97 0.98 0.98 1.00 0.97 0.98 0.98 0.96 0.97 0.96 0.86 0.74 0.84 0.77 0.84 0.84 0.83 0.84 0.84 0.83 0.83 0.83 0.83 0.27 0.79 0.79 0.79 0.79 0.79 0.30 0.30 0.06 0.15 0.92 0.95 0.95 0.95 0.95 0.95 0.94 0.95 0.95 0.94 0.95 0.94 0.94 0.93 0.82 0.90 0.87 0.91 0.74 0.79 0.79 0.79
0.99 1.00 1.00 1.00 0.93 0.99 1.00 1.00 0.99 1.00 1.00 1.00 1.00 1.00 1.00 1.00 0.87 1.00 0.98 1.00 1.00 1.00 1.00 1.00 0.92 0.97 1.00 0.87 0.99 1.00 1.00 1.00 1.00 1.00 1.00 1.00 0.99 1.00 0.99 0.96 0.92 0.97 0.93 0.96 0.96 0.96 0.96 0.96 0.96 0.96 0.96 0.96 0.54 0.95 0.95 0.95 0.95 0.95 0.53 0.53 0.19 0.31 0.99 1.00 1.00 1.00 1.00 1.00 0.99 1.00 1.00 0.99 1.00 0.99 0.99 0.99 0.95 0.98 0.98 0.99 0.92 0.95 0.95 0.95
0.85 0.89 0.89 0.88 0.61 0.86 0.89 0.87 0.84 0.87 0.90 0.90 0.87 0.92 0.92 0.94 0.65 1.00 0.79 0.91 0.92 0.92 0.92 1.00 0.58 0.76 0.91 0.54 0.86 0.91 0.93 0.93 1.00 0.91 0.93 0.93 0.91 0.91 0.91 0.72 0.55 0.68 0.58 0.67 0.67 0.65 0.67 0.67 0.65 0.65 0.65 0.65 0.13 0.60 0.60 0.60 0.60 0.60 0.16 0.16 0.02 0.08 0.79 0.85 0.85 0.85 0.85 0.85 0.82 0.85 0.85 0.82 0.85 0.82 0.81 0.81 0.64 0.75 0.71 0.77 0.53 0.59 0.59 0.59
0.95 0.97 0.97 0.96 0.78 0.95 0.97 0.96 0.94 0.96 0.97 0.97 0.96 0.98 0.98 0.98 0.75 1.00 0.91 0.97 0.98 0.98 0.98 1.00 0.75 0.88 0.97 0.70 0.95 0.97 0.98 0.98 1.00 0.97 0.98 0.98 0.97 0.97 0.97 0.87 0.74 0.84 0.77 0.84 0.84 0.83 0.84 0.84 0.83 0.83 0.83 0.83 0.26 0.79 0.79 0.79 0.79 0.79 0.29 0.29 0.06 0.15 0.92 0.95 0.95 0.95 0.95 0.95 0.94 0.95 0.95 0.94 0.95 0.94 0.93 0.93 0.82 0.90 0.88 0.91 0.73 0.79 0.79 0.79
0.54 0.65 0.65 0.63 0.33 0.57 0.65 0.63 0.58 0.60 0.66 0.69 0.60 0.71 0.73 0.83 0.51 1.00 0.49 0.67 0.71 0.71 0.74 1.00 0.29 0.47 0.67 0.28 0.63 0.69 0.74 0.74 1.00 0.69 0.74 0.74 0.74 0.69 0.74 0.43 0.24 0.36 0.27 0.34 0.34 0.32 0.34 0.34 0.31 0.32 0.32 0.32 0.02 0.26 0.26 0.26 0.26 0.26 0.04 0.03 0.00 0.02 0.46 0.53 0.53 0.53 0.53 0.55 0.51 0.55 0.55 0.48 0.53 0.49 0.46 0.46 0.31 0.40 0.37 0.42 0.21 0.24 0.24 0.24
0.83 0.88 0.88 0.87 0.60 0.85 0.88 0.86 0.82 0.86 0.88 0.89 0.86 0.91 0.91 0.93 0.64 1.00 0.77 0.90 0.91 0.91 0.91 1.00 0.56 0.74 0.90 0.52 0.85 0.90 0.92 0.92 1.00 0.90 0.92 0.92 0.90 0.90 0.90 0.69 0.52 0.65 0.56 0.64 0.64 0.63 0.64 0.64 0.62 0.63 0.63 0.63 0.12 0.57 0.57 0.57 0.57 0.57 0.14 0.13 0.02 0.08 0.77 0.83 0.83 0.83 0.83 0.84 0.81 0.84 0.84 0.80 0.83 0.80 0.79 0.79 0.63 0.74 0.69 0.75 0.51 0.57 0.57 0.57
0.85 0.90 0.90 0.88 0.61 0.87 0.90 0.87 0.83 0.88 0.90 0.90 0.88 0.92 0.93 0.94 0.64 1.00 0.79 0.91 0.92 0.92 0.93 1.00 0.56 0.75 0.91 0.53 0.86 0.91 0.93 0.93 1.00 0.91 0.93 0.93 0.91 0.91 0.91 0.72 0.53 0.67 0.57 0.66 0.66 0.65 0.66 0.66 0.64 0.65 0.65 0.65 0.13 0.59 0.59 0.59 0.59 0.59 0.16 0.14 0.02 0.07 0.79 0.85 0.85 0.85 0.85 0.86 0.83 0.86 0.86 0.82 0.85 0.83 0.81 0.81 0.65 0.75 0.71 0.77 0.54 0.60 0.60 0.60
0.66 0.74 0.74 0.72 0.41 0.69 0.74 0.72 0.67 0.71 0.75 0.77 0.71 0.80 0.81 0.86 0.56 1.00 0.61 0.77 0.80 0.80 0.82 1.00 0.39 0.58 0.77 0.37 0.73 0.79 0.82 0.82 1.00 0.79 0.82 0.82 0.81 0.79 0.81 0.52 0.33 0.46 0.36 0.45 0.45 0.43 0.45 0.45 0.42 0.43 0.43 0.43 0.05 0.37 0.37 0.37 0.37 0.37 0.06 0.06 0.01 0.03 0.58 0.66 0.66 0.66 0.66 0.67 0.63 0.67 0.67 0.61 0.66 0.61 0.59 0.59 0.42 0.53 0.49 0.55 0.31 0.35 0.35 0.35
0.96 0.98 0.98 0.97 0.81 0.97 0.98 0.97 0.95 0.97 0.98 0.98 0.97 0.99 0.99 0.98 0.77 1.00 0.93 0.98 0.99 0.99 0.99 1.00 0.79 0.91 0.98 0.74 0.96 0.98 0.99 0.99 1.00 0.98 0.99 0.99 0.97 0.98 0.97 0.89 0.78 0.87 0.80 0.87 0.87 0.86 0.87 0.87 0.86 0.86 0.86 0.86 0.30 0.82 0.82 0.82 0.82 0.82 0.32 0.33 0.07 0.17 0.94 0.96 0.96 0.96 0.96 0.96 0.95 0.96 0.96 0.95 0.96 0.95 0.95 0.95 0.85 0.92 0.90 0.93 0.77 0.83 0.83 0.83
0.99 1.00 1.00 0.99 0.90 0.99 1.00 0.99 0.99 0.99 0.99 0.99 0.99 1.00 1.00 1.00 0.85 1.00 0.97 1.00 1.00 1.00 1.00 1.00 0.89 0.96 1.00 0.84 0.98 1.00 1.00 1.00 1.00 1.00 1.00 1.00 0.99 1.00 0.99 0.95 0.90 0.95 0.91 0.95 0.95 0.95 0.95 0.95 0.95 0.95 0.95 0.95 0.49 0.93 0.93 0.93 0.93 0.93 0.48 0.48 0.15 0.27 0.98 0.99 0.99 0.99 0.99 0.99 0.99 0.99 0.99 0.99 0.99 0.99 0.99 0.99 0.93 0.98 0.97 0.98 0.89 0.93 0.93 0.93
0.67 0.76 0.76 0.74 0.43 0.70 0.76 0.73 0.69 0.72 0.77 0.78 0.72 0.81 0.82 0.87 0.55 1.00 0.60 0.78 0.81 0.81 0.82 1.00 0.39 0.57 0.78 0.36 0.72 0.79 0.82 0.82 1.00 0.79 0.82 0.83 0.81 0.79 0.81 0.53 0.34 0.47 0.37 0.46 0.46 0.44 0.46 0.45 0.43 0.44 0.44 0.44 0.05 0.37 0.37 0.37 0.37 0.37 0.07 0.06 0.00 0.03 0.58 0.66 0.66 0.66 0.66 0.68 0.64 0.68 0.68 0.62 0.66 0.62 0.60 0.60 0.42 0.53 0.49 0.56 0.31 0.35 0.35 0.35
0.89 0.92 0.92 0.91 0.66 0.90 0.92 0.91 0.88 0.91 0.92 0.92 0.91 0.94 0.94 0.95 0.68 1.00 0.83 0.94 0.94 0.94 0.94 1.00 0.64 0.80 0.94 0.60 0.90 0.94 0.95 0.95 1.00 0.94 0.95 0.95 0.94 0.94 0.94 0.77 0.62 0.74 0.65 0.73 0.73 0.72 0.73 0.73 0.71 0.72 0.72 0.72 0.17 0.66 0.66 0.66 0.66 0.66 0.20 0.18 0.03 0.10 0.84 0.89 0.89 0.89 0.89 0.89 0.87 0.89 0.89 0.87 0.89 0.87 0.86 0.86 0.70 0.81 0.78 0.82 0.60 0.65 0.65 0.65
0.98 0.99 0.99 0.99 0.86 0.99 0.99 0.98 0.97 0.99 0.99 0.99 0.99 0.99 0.99 0.99 0.82 1.00 0.95 0.99 0.99 0.99 0.99 1.00 0.84 0.94 0.99 0.80 0.98 0.99 0.99 0.99 1.00 0.99 0.99 0.99 0.98 0.99 0.98 0.93 0.84 0.91 0.86 0.91 0.91 0.91 0.91 0.91 0.91 0.91 0.91 0.91 0.40 0.88 0.88 0.88 0.88 0.88 0.39 0.39 0.10 0.21 0.97 0.99 0.99 0.99 0.99 0.99 0.98 0.99 0.99 0.98 0.99 0.98 0.98 0.98 0.90 0.95 0.94 0.96 0.84 0.89 0.89 0.89
0.73 0.81 0.81 0.79 0.48 0.76 0.81 0.78 0.73 0.77 0.80 0.81 0.77 0.84 0.85 0.89 0.58 1.00 0.67 0.82 0.84 0.84 0.85 1.00 0.45 0.64 0.82 0.42 0.77 0.83 0.86 0.86 1.00 0.83 0.86 0.86 0.84 0.83 0.84 0.60 0.40 0.54 0.44 0.53 0.53 0.51 0.53 0.53 0.50 0.51 0.51 0.51 0.06 0.44 0.44 0.44 0.44 0.44 0.09 0.08 0.01 0.05 0.66 0.73 0.73 0.73 0.73 0.74 0.71 0.74 0.74 0.69 0.73 0.69 0.67 0.67 0.50 0.61 0.57 0.63 0.38 0.43 0.43 0.43
0.82 0.88 0.88 0.86 0.59 0.84 0.88 0.85 0.82 0.86 0.88 0.88 0.86 0.91 0.91 0.93 0.63 1.00 0.77 0.89 0.91 0.91 0.91 1.00 0.55 0.73 0.89 0.52 0.85 0.90 0.92 0.92 1.00 0.90 0.92 0.92 0.90 0.90 0.90 0.68 0.50 0.64 0.54 0.63 0.63 0.62 0.63 0.63 0.61 0.62 0.62 0.62 0.11 0.56 0.56 0.56 0.56 0.56 0.14 0.13 0.01 0.07 0.76 0.82 0.82 0.82 0.82 0.83 0.80 0.83 0.83 0.79 0.82 0.79 0.78 0.77 0.61 0.72 0.68 0.74 0.49 0.54 0.54 0.54
0.88 0.92 0.92 0.91 0.66 0.90 0.92 0.90 0.87 0.91 0.92 0.92 0.91 0.94 0.94 0.95 0.68 1.00 0.83 0.93 0.94 0.94 0.95 1.00 0.63 0.80 0.93 0.58 0.89 0.93 0.94 0.95 1.00 0.93 0.94 0.95 0.93 0.93 0.93 0.77 0.61 0.73 0.64 0.72 0.72 0.71 0.72 0.72 0.70 0.71 0.71 0.71 0.16 0.65 0.65 0.65 0.65 0.65 0.18 0.19 0.02 0.10 0.83 0.89 0.89 0.89 0.89 0.89 0.86 0.89 0.89 0.86 0.89 0.86 0.85 0.85 0.69 0.80 0.76 0.81 0.59 0.65 0.65 0.65
1.00 1.00 1.00 1.00 0.95 1.00 1.00 1.00 0.99 1.00 1.00 1.00 1.00 1.00 1.00 1.00 0.89 1.00 0.99 1.00 1.00 1.00 1.00 1.00 0.95 0.99 1.00 0.92 0.99 1.00 1.00 1.00 1.00 1.00 1.00 1.00 1.00 1.00 1.00 0.98 0.95 0.98 0.96 0.98 0.98 0.98 0.98 0.98 0.98 0.98 0.98 0.98 0.61 0.96 0.96 0.96 0.96 0.96 0.60 0.60 0.25 0.36 1.00 1.00 1.00 1.00 1.00 1.00 1.00 1.00 1.00 1.00 1.00 1.00 1.00 1.00 0.97 0.99 0.99 0.99 0.95 0.97 0.97 0.97
0.60 0.70 0.70 0.68 0.38 0.63 0.70 0.67 0.63 0.65 0.71 0.72 0.65 0.75 0.77 0.84 0.53 1.00 0.54 0.72 0.75 0.75 0.78 1.00 0.34 0.51 0.72 0.32 0.67 0.73 0.77 0.78 1.00 0.73 0.77 0.78 0.77 0.73 0.77 0.46 0.27 0.40 0.30 0.38 0.38 0.36 0.38 0.38 0.35 0.36 0.36 0.36 0.04 0.31 0.31 0.31 0.31 0.31 0.05 0.04 0.00 0.03 0.50 0.59 0.59 0.59 0.59 0.60 0.56 0.60 0.60 0.54 0.59 0.54 0.52 0.52 0.36 0.46 0.42 0.48 0.25 0.28 0.28 0.28
0.77 0.84 0.84 0.83 0.53 0.80 0.84 0.82 0.78 0.81 0.84 0.86 0.81 0.87 0.88 0.91 0.60 1.00 0.72 0.86 0.87 0.87 0.88 1.00 0.49 0.68 0.86 0.47 0.81 0.86 0.89 0.89 1.00 0.86 0.89 0.89 0.87 0.86 0.87 0.64 0.45 0.59 0.48 0.58 0.58 0.56 0.58 0.58 0.55 0.56 0.56 0.56 0.08 0.49 0.49 0.49 0.49 0.49 0.12 0.10 0.01 0.06 0.70 0.77 0.77 0.77 0.77 0.78 0.75 0.78 0.78 0.74 0.77 0.74 0.72 0.72 0.54 0.66 0.62 0.68 0.43 0.48 0.48 0.48
0.84 0.89 0.89 0.87 0.61 0.86 0.89 0.87 0.83 0.87 0.89 0.90 0.87 0.92 0.92 0.93 0.65 1.00 0.78 0.90 0.92 0.92 0.92 1.00 0.58 0.75 0.90 0.54 0.86 0.91 0.92 0.92 1.00 0.91 0.92 0.92 0.90 0.91 0.90 0.71 0.53 0.66 0.57 0.66 0.66 0.64 0.66 0.65 0.63 0.64 0.64 0.64 0.12 0.58 0.58 0.58 0.58 0.58 0.15 0.15 0.02 0.08 0.78 0.84 0.84 0.84 0.84 0.84 0.82 0.84 0.84 0.81 0.84 0.81 0.80 0.80 0.64 0.74 0.70 0.76 0.52 0.58 0.58 0.58
0.89 0.93 0.93 0.91 0.68 0.91 0.93 0.91 0.88 0.92 0.93 0.93 0.92 0.94 0.94 0.95 0.68 1.00 0.84 0.94 0.94 0.94 0.95 1.00 0.64 0.81 0.94 0.59 0.90 0.94 0.95 0.95 1.00 0.94 0.95 0.95 0.94 0.94 0.94 0.77 0.62 0.75 0.66 0.74 0.74 0.73 0.74 0.74 0.72 0.73 0.73 0.73 0.17 0.67 0.67 0.67 0.67 0.67 0.19 0.20 0.03 0.10 0.84 0.89 0.89 0.89 0.89 0.90 0.87 0.90 0.90 0.87 0.89 0.87 0.86 0.86 0.71 0.81 0.78 0.82 0.62 0.67 0.67 0.67
0.68 0.76 0.76 0.74 0.44 0.71 0.76 0.73 0.69 0.73 0.77 0.78 0.73 0.82 0.82 0.87 0.56 1.00 0.63 0.79 0.82 0.82 0.83 1.00 0.41 0.58 0.79 0.39 0.73 0.79 0.83 0.83 1.00 0.79 0.83 0.83 0.82 0.79 0.82 0.54 0.34 0.47 0.38 0.47 0.47 0.45 0.47 0.46 0.43 0.45 0.45 0.45 0.05 0.38 0.38 0.38 0.38 0.38 0.07 0.06 0.00 0.04 0.61 0.68 0.68 0.68 0.68 0.69 0.65 0.69 0.69 0.63 0.68 0.64 0.62 0.61 0.43 0.55 0.51 0.57 0.32 0.36 0.36 0.36
0.56 0.66 0.66 0.64 0.34 0.59 0.66 0.63 0.58 0.61 0.67 0.70 0.61 0.72 0.74 0.83 0.52 1.00 0.50 0.68 0.72 0.72 0.75 1.00 0.30 0.47 0.68 0.29 0.63 0.70 0.74 0.75 1.00 0.70 0.74 0.75 0.74 0.70 0.74 0.43 0.24 0.36 0.27 0.34 0.34 0.32 0.34 0.34 0.31 0.32 0.32 0.32 0.02 0.26 0.26 0.26 0.26 0.26 0.04 0.03 0.00 0.02 0.46 0.55 0.55 0.55 0.55 0.56 0.51 0.56 0.56 0.49 0.55 0.50 0.48 0.47 0.31 0.40 0.37 0.43 0.21 0.25 0.25 0.25
0.78 0.84 0.84 0.82 0.53 0.80 0.84 0.82 0.78 0.82 0.84 0.85 0.82 0.88 0.88 0.91 0.61 1.00 0.72 0.86 0.88 0.88 0.89 1.00 0.51 0.69 0.86 0.48 0.82 0.87 0.89 0.89 1.00 0.87 0.89 0.90 0.88 0.87 0.88 0.64 0.45 0.59 0.49 0.58 0.58 0.56 0.58 0.58 0.55 0.56 0.56 0.56 0.09 0.50 0.50 0.50 0.50 0.50 0.11 0.11 0.01 0.06 0.71 0.78 0.78 0.78 0.78 0.78 0.75 0.78 0.78 0.74 0.78 0.75 0.73 0.73 0.55 0.67 0.63 0.68 0.45 0.50 0.50 0.50
0.92 0.95 0.95 0.94 0.73 0.94 0.95 0.94 0.91 0.94 0.95 0.95 0.94 0.96 0.96 0.97 0.71 1.00 0.88 0.95 0.96 0.96 0.96 1.00 0.70 0.85 0.95 0.65 0.92 0.96 0.96 0.97 1.00 0.96 0.96 0.97 0.95 0.96 0.95 0.83 0.68 0.80 0.71 0.79 0.79 0.78 0.79 0.79 0.78 0.78 0.78 0.78 0.22 0.73 0.73 0.73 0.73 0.73 0.25 0.24 0.04 0.12 0.89 0.93 0.93 0.93 0.93 0.93 0.91 0.93 0.93 0.91 0.93 0.91 0.91 0.91 0.77 0.86 0.83 0.87 0.68 0.73 0.73 0.73
0.82 0.87 0.87 0.85 0.58 0.84 0.87 0.85 0.81 0.85 0.88 0.88 0.85 0.90 0.91 0.92 0.63 1.00 0.76 0.89 0.90 0.90 0.91 1.00 0.54 0.72 0.89 0.51 0.84 0.89 0.91 0.91 1.00 0.89 0.91 0.91 0.89 0.89 0.89 0.68 0.50 0.63 0.54 0.62 0.62 0.61 0.62 0.62 0.60 0.61 0.61 0.61 0.11 0.55 0.55 0.55 0.55 0.55 0.14 0.13 0.01 0.07 0.75 0.82 0.82 0.82 0.82 0.83 0.80 0.83 0.83 0.79 0.82 0.79 0.78 0.78 0.60 0.71 0.67 0.73 0.49 0.54 0.54 0.54
0.62 0.71 0.71 0.69 0.39 0.65 0.71 0.68 0.63 0.67 0.72 0.73 0.67 0.77 0.78 0.85 0.54 1.00 0.56 0.74 0.77 0.77 0.78 1.00 0.35 0.54 0.74 0.33 0.69 0.75 0.79 0.79 1.00 0.75 0.79 0.80 0.79 0.75 0.79 0.49 0.29 0.42 0.33 0.41 0.41 0.39 0.41 0.41 0.38 0.39 0.39 0.39 0.04 0.33 0.33 0.33 0.33 0.33 0.06 0.05 0.00 0.03 0.53 0.61 0.61 0.61 0.61 0.62 0.58 0.62 0.62 0.56 0.61 0.57 0.54 0.54 0.38 0.48 0.44 0.50 0.27 0.31 0.31 0.31
0.84 0.89 0.89 0.87 0.60 0.85 0.89 0.86 0.83 0.87 0.89 0.89 0.87 0.92 0.92 0.93 0.64 1.00 0.78 0.90 0.92 0.92 0.92 1.00 0.57 0.75 0.90 0.52 0.86 0.91 0.92 0.92 1.00 0.91 0.92 0.92 0.90 0.91 0.90 0.71 0.54 0.67 0.57 0.66 0.66 0.64 0.66 0.66 0.64 0.64 0.64 0.64 0.12 0.58 0.58 0.58 0.58 0.58 0.15 0.14 0.02 0.08 0.78 0.84 0.84 0.84 0.84 0.84 0.82 0.84 0.84 0.81 0.84 0.81 0.80 0.79 0.63 0.74 0.70 0.76 0.53 0.57 0.57 0.57
0.99 1.00 1.00 1.00 0.92 0.99 1.00 0.99 0.99 1.00 1.00 1.00 1.00 1.00 1.00 1.00 0.86 1.00 0.98 1.00 1.00 1.00 1.00 1.00 0.92 0.97 1.00 0.87 0.99 1.00 1.00 1.00 1.00 1.00 1.00 1.00 0.99 1.00 0.99 0.96 0.91 0.96 0.92 0.96 0.96 0.95 0.96 0.96 0.95 0.95 0.95 0.95 0.52 0.93 0.93 0.93 0.93 0.93 0.51 0.52 0.18 0.29 0.99 0.99 0.99 0.99 0.99 0.99 0.99 0.99 0.99 0.99 0.99 0.99 0.99 0.99 0.95 0.98 0.97 0.98 0.91 0.94 0.94 0.94
0.84 0.89 0.89 0.88 0.61 0.86 0.89 0.87 0.83 0.88 0.89 0.90 0.88 0.92 0.92 0.93 0.64 1.00 0.79 0.91 0.92 0.92 0.92 1.00 0.58 0.76 0.91 0.54 0.86 0.91 0.93 0.93 1.00 0.91 0.93 0.93 0.91 0.91 0.91 0.72 0.54 0.67 0.58 0.67 0.67 0.65 0.67 0.67 0.65 0.65 0.65 0.65 0.13 0.59 0.59 0.59 0.59 0.59 0.16 0.15 0.02 0.08 0.79 0.85 0.85 0.85 0.85 0.85 0.82 0.85 0.85 0.82 0.85 0.82 0.81 0.81 0.64 0.75 0.71 0.76 0.53 0.59 0.59 0.59
1.00 1.00 1.00 1.00 0.94 1.00 1.00 1.00 0.99 1.00 1.00 1.00 1.00 1.00 1.00 1.00 0.89 1.00 0.99 1.00 1.00 1.00 1.00 1.00 0.94 0.98 1.00 0.90 0.99 1.00 1.00 1.00 1.00 1.00 1.00 1.00 1.00 1.00 1.00 0.97 0.95 0.98 0.95 0.97 0.97 0.97 0.97 0.97 0.97 0.97 0.97 0.97 0.60 0.96 0.96 0.96 0.96 0.96 0.58 0.58 0.24 0.34 0.99 1.00 1.00 1.00 1.00 1.00 1.00 1.00 1.00 1.00 1.00 1.00 1.00 1.00 0.97 0.99 0.99 0.99 0.94 0.97 0.97 0.97
0.96 0.97 0.97 0.97 0.78 0.96 0.97 0.96 0.94 0.97 0.97 0.97 0.97 0.98 0.98 0.98 0.74 1.00 0.92 0.98 0.98 0.98 0.98 1.00 0.77 0.90 0.98 0.72 0.95 0.98 0.98 0.98 1.00 0.98 0.98 0.98 0.97 0.98 0.97 0.87 0.76 0.85 0.78 0.85 0.85 0.84 0.85 0.85 0.84 0.84 0.84 0.84 0.28 0.80 0.80 0.80 0.80 0.80 0.30 0.30 0.06 0.15 0.93 0.96 0.96 0.96 0.96 0.96 0.95 0.96 0.96 0.95 0.96 0.95 0.94 0.94 0.83 0.91 0.88 0.92 0.76 0.81 0.81 0.81
0.90 0.94 0.94 0.93 0.70 0.92 0.94 0.93 0.90 0.92 0.94 0.94 0.92 0.95 0.95 0.96 0.70 1.00 0.85 0.94 0.95 0.95 0.96 1.00 0.67 0.83 0.94 0.62 0.91 0.95 0.96 0.96 1.00 0.95 0.96 0.96 0.94 0.95 0.94 0.80 0.65 0.76 0.68 0.76 0.76 0.75 0.76 0.76 0.74 0.75 0.75 0.75 0.19 0.69 0.69 0.69 0.69 0.69 0.21 0.21 0.03 0.11 0.86 0.91 0.91 0.91 0.91 0.91 0.89 0.91 0.91 0.89 0.91 0.89 0.88 0.88 0.74 0.84 0.80 0.85 0.64 0.69 0.69 0.69
0.88 0.92 0.92 0.91 0.67 0.90 0.92 0.90 0.87 0.91 0.92 0.93 0.91 0.94 0.95 0.95 0.68 1.00 0.83 0.93 0.94 0.94 0.95 1.00 0.64 0.80 0.93 0.59 0.89 0.94 0.95 0.95 1.00 0.94 0.95 0.95 0.93 0.94 0.93 0.76 0.59 0.72 0.62 0.72 0.72 0.71 0.72 0.72 0.70 0.71 0.71 0.71 0.16 0.65 0.65 0.65 0.65 0.65 0.19 0.18 0.02 0.10 0.83 0.88 0.88 0.88 0.88 0.89 0.86 0.89 0.89 0.86 0.88 0.86 0.85 0.85 0.70 0.80 0.77 0.81 0.60 0.65 0.65 0.65
0.99 1.00 1.00 0.99 0.91 0.99 1.00 0.99 0.98 0.99 0.99 0.99 0.99 1.00 1.00 0.99 0.85 1.00 0.97 1.00 1.00 1.00 1.00 1.00 0.90 0.97 1.00 0.86 0.99 1.00 1.00 1.00 1.00 1.00 1.00 1.00 0.99 1.00 0.99 0.96 0.90 0.96 0.92 0.95 0.95 0.95 0.95 0.95 0.95 0.95 0.95 0.95 0.50 0.93 0.93 0.93 0.93 0.93 0.49 0.50 0.16 0.28 0.98 0.99 0.99 0.99 0.99 0.99 0.99 0.99 0.99 0.99 0.99 0.99 0.99 0.99 0.94 0.98 0.97 0.98 0.89 0.93 0.93 0.93
0.84 0.89 0.89 0.87 0.62 0.86 0.89 0.87 0.83 0.87 0.89 0.90 0.87 0.92 0.92 0.93 0.64 1.00 0.78 0.90 0.92 0.92 0.92 1.00 0.57 0.75 0.90 0.53 0.86 0.91 0.93 0.93 1.00 0.91 0.93 0.93 0.91 0.91 0.91 0.71 0.53 0.67 0.57 0.65 0.65 0.64 0.65 0.65 0.63 0.64 0.64 0.64 0.12 0.58 0.58 0.58 0.58 0.58 0.15 0.14 0.02 0.08 0.78 0.84 0.84 0.84 0.84 0.84 0.82 0.84 0.84 0.81 0.84 0.81 0.80 0.80 0.63 0.73 0.70 0.75 0.52 0.57 0.57 0.57
0.91 0.94 0.94 0.93 0.71 0.92 0.94 0.92 0.89 0.93 0.94 0.94 0.93 0.95 0.96 0.96 0.69 1.00 0.86 0.95 0.95 0.95 0.96 1.00 0.68 0.83 0.95 0.64 0.92 0.95 0.96 0.96 1.00 0.95 0.96 0.96 0.95 0.95 0.95 0.80 0.65 0.77 0.68 0.76 0.76 0.75 0.76 0.76 0.75 0.75 0.75 0.75 0.20 0.70 0.70 0.70 0.70 0.70 0.22 0.22 0.03 0.12 0.87 0.91 0.91 0.91 0.91 0.91 0.89 0.91 0.91 0.89 0.91 0.89 0.89 0.89 0.75 0.84 0.81 0.85 0.65 0.70 0.70 0.70
0.94 0.96 0.96 0.95 0.75 0.95 0.96 0.94 0.92 0.95 0.96 0.96 0.95 0.97 0.97 0.97 0.72 1.00 0.90 0.97 0.97 0.97 0.97 1.00 0.72 0.87 0.97 0.68 0.94 0.97 0.97 0.97 1.00 0.97 0.97 0.97 0.96 0.97 0.96 0.83 0.70 0.81 0.73 0.81 0.81 0.80 0.81 0.81 0.80 0.80 0.80 0.80 0.23 0.75 0.75 0.75 0.75 0.75 0.26 0.25 0.04 0.14 0.90 0.94 0.94 0.94 0.94 0.94 0.93 0.94 0.94 0.93 0.94 0.92 0.92 0.92 0.79 0.88 0.85 0.89 0.70 0.75 0.75 0.75
0.58 0.68 0.68 0.66 0.36 0.61 0.68 0.66 0.61 0.64 0.69 0.71 0.64 0.74 0.75 0.84 0.52 1.00 0.52 0.71 0.74 0.74 0.76 1.00 0.32 0.50 0.71 0.31 0.66 0.73 0.77 0.77 1.00 0.73 0.77 0.77 0.76 0.73 0.76 0.45 0.25 0.38 0.28 0.37 0.37 0.35 0.37 0.37 0.34 0.35 0.35 0.35 0.03 0.29 0.29 0.29 0.29 0.29 0.04 0.04 0.00 0.02 0.49 0.57 0.57 0.57 0.57 0.58 0.54 0.58 0.58 0.51 0.57 0.52 0.50 0.50 0.33 0.43 0.40 0.45 0.23 0.27 0.27 0.27
0.99 1.00 1.00 0.99 0.92 1.00 1.00 0.99 0.99 1.00 1.00 1.00 1.00 1.00 1.00 1.00 0.86 1.00 0.98 1.00 1.00 1.00 1.00 1.00 0.92 0.98 1.00 0.87 0.99 1.00 1.00 1.00 1.00 1.00 1.00 1.00 0.99 1.00 0.99 0.96 0.92 0.96 0.93 0.96 0.96 0.96 0.96 0.96 0.96 0.96 0.96 0.96 0.53 0.94 0.94 0.94 0.94 0.94 0.52 0.52 0.18 0.30 0.99 1.00 1.00 1.00 1.00 1.00 0.99 1.00 1.00 0.99 1.00 0.99 0.99 0.99 0.95 0.98 0.97 0.99 0.92 0.95 0.95 0.95
0.87 0.91 0.91 0.90 0.64 0.89 0.91 0.89 0.86 0.90 0.91 0.91 0.90 0.93 0.93 0.94 0.67 1.00 0.82 0.92 0.93 0.93 0.94 1.00 0.61 0.78 0.92 0.57 0.88 0.93 0.94 0.94 1.00 0.93 0.94 0.94 0.92 0.93 0.92 0.74 0.57 0.71 0.61 0.70 0.70 0.69 0.70 0.70 0.68 0.69 0.69 0.69 0.15 0.63 0.63 0.63 0.63 0.63 0.18 0.17 0.02 0.09 0.82 0.87 0.87 0.87 0.87 0.88 0.85 0.88 0.88 0.85 0.87 0.85 0.84 0.84 0.68 0.79 0.75 0.80 0.58 0.63 0.63 0.63
0.91 0.94 0.94 0.93 0.70 0.92 0.94 0.92 0.89 0.93 0.94 0.94 0.93 0.96 0.96 0.96 0.70 1.00 0.86 0.95 0.96 0.96 0.96 1.00 0.67 0.83 0.95 0.63 0.91 0.95 0.96 0.96 1.00 0.95 0.96 0.96 0.94 0.95 0.94 0.80 0.64 0.77 0.68 0.76 0.76 0.75 0.76 0.76 0.75 0.75 0.75 0.75 0.19 0.70 0.70 0.70 0.70 0.70 0.22 0.21 0.03 0.10 0.87 0.91 0.91 0.91 0.91 0.91 0.89 0.91 0.91 0.89 0.91 0.89 0.89 0.88 0.74 0.83 0.80 0.84 0.64 0.70 0.70 0.70
0.92 0.95 0.95 0.94 0.72 0.93 0.95 0.93 0.90 0.94 0.95 0.95 0.94 0.96 0.96 0.97 0.71 1.00 0.87 0.95 0.96 0.96 0.96 1.00 0.70 0.84 0.95 0.65 0.92 0.96 0.96 0.96 1.00 0.96 0.96 0.96 0.95 0.96 0.95 0.81 0.67 0.79 0.70 0.78 0.78 0.77 0.78 0.78 0.77 0.77 0.77 0.77 0.20 0.72 0.72 0.72 0.72 0.72 0.23 0.23 0.04 0.11 0.88 0.92 0.92 0.92 0.92 0.92 0.90 0.92 0.92 0.90 0.92 0.90 0.90 0.90 0.76 0.85 0.83 0.86 0.67 0.72 0.72 0.72
0.58 0.69 0.69 0.66 0.36 0.61 0.69 0.66 0.61 0.63 0.70 0.71 0.63 0.74 0.76 0.83 0.53 1.00 0.53 0.71 0.74 0.74 0.77 1.00 0.33 0.50 0.71 0.31 0.65 0.72 0.77 0.77 1.00 0.72 0.77 0.77 0.76 0.72 0.76 0.45 0.26 0.39 0.29 0.37 0.37 0.35 0.37 0.37 0.34 0.35 0.35 0.35 0.03 0.29 0.29 0.29 0.29 0.29 0.04 0.04 0.00 0.02 0.49 0.57 0.57 0.57 0.57 0.59 0.54 0.59 0.59 0.52 0.57 0.53 0.51 0.51 0.34 0.44 0.40 0.46 0.24 0.28 0.28 0.28
0.85 0.90 0.90 0.88 0.63 0.86 0.90 0.88 0.84 0.88 0.90 0.90 0.88 0.92 0.92 0.94 0.65 1.00 0.80 0.91 0.92 0.92 0.93 1.00 0.58 0.76 0.91 0.55 0.87 0.92 0.93 0.93 1.00 0.92 0.93 0.93 0.91 0.92 0.91 0.72 0.56 0.68 0.59 0.67 0.67 0.66 0.67 0.67 0.65 0.66 0.66 0.66 0.13 0.60 0.60 0.60 0.60 0.60 0.16 0.16 0.02 0.08 0.79 0.85 0.85 0.85 0.85 0.86 0.83 0.86 0.86 0.82 0.85 0.83 0.81 0.81 0.65 0.75 0.72 0.77 0.54 0.59 0.59 0.59
0.92 0.95 0.95 0.93 0.71 0.93 0.95 0.93 0.90 0.94 0.94 0.95 0.94 0.96 0.96 0.96 0.70 1.00 0.88 0.96 0.96 0.96 0.96 1.00 0.69 0.84 0.96 0.64 0.92 0.96 0.96 0.96 1.00 0.96 0.96 0.96 0.95 0.96 0.95 0.81 0.67 0.78 0.70 0.78 0.78 0.77 0.78 0.78 0.76 0.77 0.77 0.77 0.21 0.71 0.71 0.71 0.71 0.71 0.23 0.23 0.04 0.12 0.88 0.92 0.92 0.92 0.92 0.93 0.91 0.93 0.93 0.90 0.92 0.91 0.90 0.90 0.76 0.85 0.82 0.86 0.67 0.72 0.72 0.72
0.85 0.89 0.89 0.88 0.61 0.87 0.89 0.87 0.83 0.88 0.89 0.90 0.88 0.92 0.92 0.94 0.65 1.00 0.80 0.91 0.92 0.92 0.92 1.00 0.59 0.75 0.91 0.55 0.86 0.91 0.93 0.93 1.00 0.91 0.93 0.93 0.91 0.91 0.91 0.71 0.54 0.66 0.57 0.66 0.66 0.64 0.66 0.66 0.64 0.64 0.64 0.64 0.13 0.59 0.59 0.59 0.59 0.59 0.16 0.15 0.02 0.08 0.79 0.85 0.85 0.85 0.85 0.85 0.82 0.85 0.85 0.82 0.85 0.82 0.81 0.80 0.64 0.74 0.71 0.76 0.53 0.58 0.58 0.58
0.87 0.91 0.91 0.90 0.65 0.89 0.91 0.89 0.86 0.89 0.91 0.92 0.89 0.93 0.94 0.95 0.67 1.00 0.82 0.93 0.93 0.93 0.94 1.00 0.62 0.80 0.93 0.58 0.89 0.93 0.94 0.94 1.00 0.93 0.94 0.95 0.92 0.93 0.92 0.75 0.59 0.72 0.62 0.71 0.71 0.70 0.71 0.71 0.69 0.70 0.70 0.70 0.15 0.64 0.64 0.64 0.64 0.64 0.19 0.18 0.02 0.09 0.83 0.88 0.88 0.88 0.88 0.88 0.85 0.88 0.88 0.85 0.88 0.85 0.84 0.84 0.69 0.79 0.76 0.81 0.58 0.63 0.63 0.63
0.65 0.75 0.75 0.73 0.43 0.69 0.75 0.73 0.68 0.71 0.76 0.77 0.71 0.80 0.81 0.86 0.55 1.00 0.60 0.77 0.80 0.80 0.82 1.00 0.39 0.56 0.77 0.37 0.72 0.79 0.82 0.82 1.00 0.79 0.82 0.82 0.81 0.79 0.81 0.53 0.33 0.46 0.37 0.45 0.45 0.43 0.45 0.44 0.42 0.43 0.43 0.43 0.05 0.37 0.37 0.37 0.37 0.37 0.07 0.06 0.01 0.03 0.58 0.65 0.65 0.65 0.65 0.66 0.63 0.66 0.66 0.60 0.65 0.61 0.59 0.58 0.41 0.52 0.48 0.54 0.31 0.35 0.35 0.35
0.63 0.73 0.73 0.70 0.40 0.66 0.73 0.70 0.65 0.68 0.73 0.74 0.68 0.78 0.79 0.85 0.54 1.00 0.58 0.75 0.78 0.78 0.80 1.00 0.36 0.54 0.75 0.34 0.69 0.76 0.80 0.80 1.00 0.76 0.80 0.80 0.80 0.76 0.80 0.49 0.30 0.43 0.33 0.41 0.41 0.39 0.41 0.41 0.38 0.39 0.39 0.39 0.04 0.34 0.34 0.34 0.34 0.34 0.05 0.06 0.00 0.03 0.55 0.63 0.63 0.63 0.63 0.64 0.60 0.64 0.64 0.58 0.63 0.58 0.56 0.56 0.39 0.49 0.45 0.51 0.28 0.32 0.32 0.32
0.94 0.96 0.96 0.96 0.76 0.95 0.96 0.95 0.93 0.95 0.96 0.96 0.95 0.97 0.97 0.97 0.73 1.00 0.89 0.96 0.97 0.97 0.97 1.00 0.73 0.87 0.96 0.69 0.93 0.97 0.97 0.97 1.00 0.97 0.97 0.97 0.96 0.97 0.96 0.85 0.72 0.83 0.75 0.82 0.82 0.81 0.82 0.82 0.81 0.81 0.81 0.81 0.25 0.77 0.77 0.77 0.77 0.77 0.27 0.27 0.05 0.14 0.90 0.94 0.94 0.94 0.94 0.94 0.93 0.94 0.94 0.93 0.94 0.93 0.92 0.92 0.80 0.88 0.85 0.89 0.71 0.77 0.77 0.77
0.73 0.79 0.79 0.77 0.47 0.74 0.79 0.76 0.72 0.76 0.80 0.81 0.76 0.84 0.85 0.89 0.58 1.00 0.66 0.82 0.84 0.84 0.85 1.00 0.45 0.63 0.82 0.42 0.76 0.82 0.85 0.85 1.00 0.82 0.85 0.85 0.84 0.82 0.84 0.57 0.38 0.51 0.42 0.50 0.50 0.49 0.50 0.50 0.48 0.49 0.49 0.49 0.06 0.42 0.42 0.42 0.42 0.42 0.09 0.08 0.01 0.05 0.65 0.72 0.72 0.72 0.72 0.73 0.70 0.73 0.73 0.68 0.72 0.68 0.67 0.66 0.48 0.59 0.55 0.62 0.37 0.42 0.42 0.42
0.98 0.99 0.99 0.99 0.86 0.99 0.99 0.98 0.97 0.99 0.99 0.99 0.99 0.99 0.99 0.99 0.79 1.00 0.95 0.99 0.99 0.99 0.99 1.00 0.84 0.93 0.99 0.79 0.97 0.99 0.99 0.99 1.00 0.99 0.99 0.99 0.98 0.99 0.98 0.92 0.84 0.91 0.86 0.91 0.91 0.90 0.91 0.91 0.90 0.90 0.90 0.90 0.38 0.87 0.87 0.87 0.87 0.87 0.39 0.39 0.10 0.21 0.97 0.99 0.99 0.99 0.99 0.99 0.98 0.99 0.99 0.98 0.99 0.98 0.98 0.98 0.90 0.95 0.94 0.96 0.83 0.88 0.88 0.88
0.71 0.79 0.79 0.77 0.47 0.74 0.79 0.76 0.72 0.76 0.79 0.81 0.76 0.83 0.84 0.89 0.57 1.00 0.66 0.81 0.83 0.83 0.85 1.00 0.43 0.61 0.81 0.40 0.76 0.82 0.85 0.85 1.00 0.82 0.85 0.85 0.84 0.82 0.84 0.57 0.38 0.52 0.42 0.51 0.51 0.49 0.51 0.51 0.48 0.49 0.49 0.49 0.06 0.43 0.43 0.43 0.43 0.43 0.08 0.07 0.01 0.04 0.63 0.71 0.71 0.71 0.71 0.72 0.68 0.72 0.72 0.66 0.71 0.67 0.65 0.65 0.47 0.58 0.54 0.60 0.36 0.40 0.40 0.40
1.00 1.00 1.00 1.00 0.96 1.00 1.00 1.00 1.00 1.00 1.00 1.00 1.00 1.00 1.00 1.00 0.91 1.00 0.99 1.00 1.00 1.00 1.00 1.00 0.96 0.99 1.00 0.93 1.00 1.00 1.00 1.00 1.00 1.00 1.00 1.00 1.00 1.00 1.00 0.99 0.96 0.99 0.97 0.99 0.99 0.98 0.99 0.99 0.98 0.98 0.98 0.98 0.68 0.97 0.97 0.97 0.97 0.97 0.62 0.63 0.29 0.40 1.00 1.00 1.00 1.00 1.00 1.00 1.00 1.00 1.00 1.00 1.00 1.00 1.00 1.00 0.98 1.00 0.99 1.00 0.96 0.98 0.98 0.98
0.82 0.88 0.88 0.86 0.58 0.84 0.88 0.85 0.81 0.85 0.88 0.89 0.85 0.91 0.91 0.93 0.64 1.00 0.77 0.89 0.91 0.91 0.91 1.00 0.55 0.73 0.89 0.51 0.84 0.90 0.91 0.91 1.00 0.90 0.91 0.91 0.90 0.90 0.90 0.70 0.51 0.64 0.54 0.63 0.63 0.61 0.63 0.63 0.61 0.61 0.61 0.61 0.11 0.55 0.55 0.55 0.55 0.55 0.13 0.13 0.01 0.07 0.76 0.82 0.82 0.82 0.82 0.83 0.80 0.83 0.83 0.79 0.82 0.79 0.78 0.78 0.61 0.71 0.68 0.73 0.50 0.55 0.55 0.55
0.93 0.96 0.96 0.95 0.73 0.94 0.96 0.94 0.92 0.95 0.95 0.95 0.95 0.97 0.97 0.97 0.72 1.00 0.89 0.97 0.97 0.97 0.97 1.00 0.72 0.86 0.97 0.68 0.93 0.97 0.97 0.97 1.00 0.97 0.97 0.97 0.96 0.97 0.96 0.83 0.69 0.81 0.73 0.81 0.81 0.79 0.81 0.80 0.79 0.79 0.79 0.79 0.23 0.74 0.74 0.74 0.74 0.74 0.26 0.25 0.04 0.13 0.90 0.93 0.93 0.93 0.93 0.94 0.92 0.94 0.94 0.92 0.93 0.92 0.91 0.91 0.78 0.87 0.84 0.88 0.69 0.75 0.75 0.75
0.99 1.00 1.00 1.00 0.92 1.00 1.00 0.99 0.99 1.00 1.00 1.00 1.00 1.00 1.00 1.00 0.87 1.00 0.98 1.00 1.00 1.00 1.00 1.00 0.92 0.97 1.00 0.88 0.99 1.00 1.00 1.00 1.00 1.00 1.00 1.00 0.99 1.00 0.99 0.97 0.92 0.97 0.93 0.97 0.97 0.96 0.97 0.97 0.96 0.96 0.96 0.96 0.55 0.95 0.95 0.95 0.95 0.95 0.53 0.53 0.19 0.31 0.99 1.00 1.00 1.00 1.00 1.00 0.99 1.00 1.00 0.99 1.00 0.99 0.99 0.99 0.95 0.99 0.98 0.99 0.92 0.95 0.95 0.95
