0.49 0.70 0.70 0.68 0.38 0.59 0.70 0.68 0.63 0.64 0.72 0.74 0.64 0.78 0.79 0.85 0.55 1.00 0.50 0.74 0.78 0.78 0.80 1.00 0.37 0.55 0.74 0.35 0.70 0.76 0.80 0.80 1.00 0.76 0.80 0.80 0.80 0.76 0.80
0.76 0.92 0.92 0.91 0.66 0.85 0.92 0.90 0.87 0.89 0.92 0.93 0.89 0.95 0.95 0.96 0.70 1.00 0.75 0.94 0.95 0.95 0.95 1.00 0.68 0.83 0.94 0.63 0.91 0.94 0.96 0.96 1.00 0.94 0.96 0.96 0.94 0.94 0.94
0.83 0.96 0.96 0.94 0.73 0.91 0.96 0.94 0.92 0.94 0.96 0.96 0.94 0.98 0.98 0.97 0.74 1.00 0.83 0.97 0.98 0.98 0.98 1.00 0.77 0.89 0.97 0.71 0.95 0.97 0.98 0.98 1.00 0.97 0.98 0.98 0.97 0.97 0.97
0.65 0.84 0.84 0.82 0.54 0.76 0.84 0.82 0.78 0.81 0.86 0.87 0.81 0.89 0.90 0.92 0.62 1.00 0.65 0.87 0.89 0.89 0.90 1.00 0.55 0.73 0.87 0.51 0.84 0.88 0.90 0.90 1.00 0.88 0.90 0.90 0.89 0.88 0.89
0.67 0.85 0.85 0.83 0.56 0.77 0.85 0.83 0.79 0.81 0.86 0.87 0.81 0.90 0.91 0.93 0.64 1.00 0.67 0.88 0.90 0.90 0.91 1.00 0.55 0.73 0.88 0.51 0.84 0.89 0.91 0.91 1.00 0.89 0.91 0.91 0.90 0.89 0.90
0.71 0.88 0.88 0.87 0.59 0.81 0.88 0.86 0.83 0.85 0.89 0.90 0.85 0.92 0.93 0.94 0.66 1.00 0.71 0.90 0.92 0.92 0.93 1.00 0.60 0.77 0.90 0.56 0.87 0.91 0.93 0.93 1.00 0.91 0.93 0.93 0.91 0.91 0.91
0.53 0.74 0.74 0.72 0.42 0.63 0.74 0.71 0.67 0.69 0.76 0.77 0.69 0.81 0.82 0.87 0.56 1.00 0.53 0.77 0.81 0.81 0.82 1.00 0.40 0.60 0.77 0.38 0.74 0.79 0.82 0.83 1.00 0.79 0.82 0.83 0.82 0.79 0.82
0.54 0.74 0.74 0.73 0.43 0.65 0.74 0.72 0.68 0.69 0.76 0.78 0.69 0.82 0.83 0.87 0.57 1.00 0.55 0.79 0.82 0.82 0.84 1.00 0.42 0.61 0.79 0.39 0.75 0.80 0.84 0.84 1.00 0.80 0.84 0.84 0.83 0.80 0.83
0.95 1.00 1.00 0.99 0.90 0.98 1.00 0.99 0.99 1.00 1.00 1.00 1.00 1.00 1.00 1.00 0.88 1.00 0.94 1.00 1.00 1.00 1.00 1.00 0.94 0.98 1.00 0.90 0.99 1.00 1.00 1.00 1.00 1.00 1.00 1.00 1.00 1.00 1.00
0.42 0.63 0.63 0.62 0.33 0.51 0.63 0.62 0.57 0.56 0.67 0.69 0.56 0.71 0.73 0.83 0.51 1.00 0.42 0.66 0.71 0.71 0.74 1.00 0.30 0.48 0.66 0.28 0.63 0.68 0.74 0.74 1.00 0.68 0.74 0.74 0.74 0.68 0.74
0.91 0.99 0.99 0.99 0.83 0.96 0.99 0.98 0.97 0.98 0.99 0.99 0.98 0.99 0.99 0.99 0.83 1.00 0.90 0.99 0.99 0.99 1.00 1.00 0.87 0.95 0.99 0.82 0.98 0.99 0.99 0.99 1.00 0.99 0.99 0.99 0.99 0.99 0.99
0.43 0.65 0.65 0.63 0.34 0.53 0.65 0.63 0.58 0.59 0.67 0.70 0.59 0.73 0.75 0.83 0.52 1.00 0.45 0.69 0.73 0.73 0.76 1.00 0.31 0.51 0.69 0.30 0.66 0.71 0.76 0.76 1.00 0.71 0.76 0.76 0.76 0.71 0.76
0.79 0.94 0.94 0.92 0.69 0.88 0.94 0.92 0.89 0.91 0.94 0.95 0.91 0.96 0.96 0.96 0.71 1.00 0.79 0.95 0.96 0.96 0.96 1.00 0.71 0.85 0.95 0.67 0.92 0.95 0.96 0.96 1.00 0.95 0.96 0.96 0.95 0.95 0.95
0.75 0.91 0.91 0.89 0.64 0.85 0.91 0.89 0.86 0.88 0.92 0.93 0.88 0.94 0.95 0.95 0.70 1.00 0.75 0.93 0.94 0.94 0.95 1.00 0.66 0.81 0.93 0.62 0.90 0.93 0.95 0.95 1.00 0.93 0.95 0.95 0.94 0.93 0.94
0.82 0.96 0.96 0.95 0.74 0.91 0.96 0.94 0.92 0.94 0.96 0.96 0.94 0.98 0.98 0.98 0.75 1.00 0.83 0.96 0.98 0.98 0.98 1.00 0.76 0.89 0.96 0.71 0.95 0.97 0.97 0.98 1.00 0.97 0.97 0.98 0.96 0.97 0.96
0.74 0.91 0.91 0.89 0.63 0.84 0.91 0.89 0.86 0.88 0.91 0.92 0.88 0.94 0.95 0.95 0.69 1.00 0.74 0.93 0.94 0.94 0.95 1.00 0.65 0.81 0.93 0.60 0.90 0.93 0.95 0.95 1.00 0.93 0.95 0.95 0.93 0.93 0.93
0.75 0.91 0.91 0.90 0.64 0.85 0.91 0.89 0.86 0.89 0.92 0.93 0.89 0.95 0.95 0.95 0.69 1.00 0.75 0.93 0.95 0.95 0.95 1.00 0.66 0.81 0.93 0.61 0.89 0.93 0.95 0.95 1.00 0.93 0.95 0.95 0.93 0.93 0.93
0.69 0.87 0.87 0.85 0.58 0.79 0.87 0.85 0.81 0.83 0.88 0.89 0.83 0.91 0.92 0.94 0.65 1.00 0.70 0.89 0.91 0.91 0.92 1.00 0.58 0.76 0.89 0.55 0.86 0.90 0.92 0.92 1.00 0.90 0.92 0.92 0.91 0.90 0.91
0.76 0.92 0.92 0.91 0.67 0.86 0.92 0.90 0.87 0.90 0.93 0.94 0.90 0.95 0.95 0.96 0.70 1.00 0.76 0.93 0.95 0.95 0.96 1.00 0.67 0.83 0.93 0.63 0.91 0.94 0.95 0.95 1.00 0.94 0.95 0.96 0.94 0.94 0.94
0.69 0.87 0.87 0.85 0.59 0.79 0.87 0.85 0.82 0.83 0.88 0.89 0.83 0.91 0.92 0.93 0.65 1.00 0.69 0.89 0.91 0.91 0.92 1.00 0.59 0.76 0.89 0.54 0.86 0.90 0.92 0.92 1.00 0.90 0.92 0.92 0.91 0.90 0.91
0.72 0.90 0.90 0.88 0.62 0.82 0.90 0.88 0.84 0.86 0.90 0.91 0.86 0.93 0.94 0.94 0.67 1.00 0.72 0.91 0.93 0.93 0.94 1.00 0.62 0.78 0.91 0.57 0.88 0.92 0.93 0.93 1.00 0.92 0.93 0.93 0.92 0.92 0.92
0.94 1.00 1.00 0.99 0.89 0.98 1.00 0.99 0.98 0.99 1.00 1.00 0.99 1.00 1.00 1.00 0.87 1.00 0.93 1.00 1.00 1.00 1.00 1.00 0.92 0.98 1.00 0.88 0.99 1.00 1.00 1.00 1.00 1.00 1.00 1.00 0.99 1.00 0.99
0.77 0.93 0.93 0.91 0.68 0.87 0.93 0.91 0.89 0.91 0.93 0.94 0.91 0.96 0.96 0.96 0.70 1.00 0.77 0.94 0.96 0.96 0.96 1.00 0.69 0.85 0.94 0.65 0.92 0.94 0.96 0.96 1.00 0.94 0.96 0.96 0.94 0.94 0.94
0.76 0.92 0.92 0.90 0.65 0.86 0.92 0.90 0.87 0.89 0.92 0.93 0.89 0.95 0.95 0.95 0.70 1.00 0.75 0.93 0.95 0.95 0.95 1.00 0.68 0.83 0.93 0.63 0.91 0.94 0.95 0.95 1.00 0.94 0.95 0.95 0.94 0.94 0.94
0.67 0.85 0.85 0.84 0.55 0.77 0.85 0.83 0.79 0.81 0.86 0.88 0.81 0.90 0.91 0.93 0.63 1.00 0.67 0.88 0.90 0.90 0.91 1.00 0.56 0.73 0.88 0.52 0.84 0.89 0.91 0.91 1.00 0.89 0.91 0.91 0.90 0.89 0.90
0.64 0.83 0.83 0.81 0.53 0.74 0.83 0.81 0.77 0.79 0.85 0.86 0.79 0.88 0.89 0.91 0.62 1.00 0.64 0.86 0.88 0.88 0.89 1.00 0.53 0.70 0.86 0.50 0.82 0.87 0.89 0.89 1.00 0.87 0.89 0.90 0.88 0.87 0.88
0.89 0.98 0.98 0.97 0.81 0.95 0.98 0.97 0.96 0.97 0.98 0.98 0.97 0.99 0.99 0.99 0.80 1.00 0.88 0.98 0.99 0.99 0.99 1.00 0.84 0.94 0.98 0.79 0.97 0.99 0.99 0.99 1.00 0.99 0.99 0.99 0.98 0.99 0.98
0.77 0.93 0.93 0.91 0.67 0.86 0.93 0.91 0.88 0.90 0.93 0.94 0.90 0.96 0.96 0.96 0.70 1.00 0.77 0.94 0.96 0.96 0.96 1.00 0.68 0.84 0.94 0.64 0.92 0.94 0.96 0.96 1.00 0.94 0.96 0.96 0.94 0.94 0.94
0.69 0.86 0.86 0.84 0.57 0.79 0.86 0.84 0.80 0.83 0.87 0.88 0.83 0.91 0.91 0.93 0.64 1.00 0.68 0.89 0.91 0.91 0.92 1.00 0.57 0.75 0.89 0.54 0.85 0.89 0.92 0.92 1.00 0.89 0.92 0.92 0.91 0.89 0.91
0.54 0.74 0.74 0.72 0.43 0.65 0.74 0.72 0.68 0.70 0.76 0.78 0.70 0.82 0.83 0.87 0.58 1.00 0.54 0.79 0.82 0.82 0.83 1.00 0.42 0.60 0.79 0.40 0.75 0.80 0.83 0.84 1.00 0.80 0.83 0.84 0.83 0.80 0.83
0.40 0.62 0.62 0.60 0.31 0.50 0.62 0.60 0.55 0.55 0.64 0.67 0.55 0.70 0.72 0.82 0.51 1.00 0.42 0.66 0.70 0.70 0.72 1.00 0.29 0.47 0.66 0.27 0.62 0.68 0.72 0.73 1.00 0.68 0.72 0.73 0.74 0.68 0.74
0.50 0.72 0.72 0.70 0.40 0.61 0.72 0.70 0.65 0.66 0.74 0.76 0.66 0.79 0.81 0.86 0.55 1.00 0.52 0.75 0.79 0.79 0.81 1.00 0.39 0.57 0.75 0.36 0.72 0.76 0.81 0.81 1.00 0.76 0.81 0.81 0.80 0.76 0.80
0.63 0.83 0.83 0.82 0.52 0.74 0.83 0.81 0.77 0.79 0.85 0.86 0.79 0.88 0.89 0.92 0.62 1.00 0.63 0.86 0.88 0.88 0.89 1.00 0.52 0.70 0.86 0.49 0.82 0.86 0.89 0.90 1.00 0.86 0.89 0.90 0.88 0.86 0.88
0.95 1.00 1.00 1.00 0.91 0.99 1.00 1.00 0.99 1.00 1.00 1.00 1.00 1.00 1.00 1.00 0.90 1.00 0.95 1.00 1.00 1.00 1.00 1.00 0.95 0.99 1.00 0.91 1.00 1.00 1.00 1.00 1.00 1.00 1.00 1.00 1.00 1.00 1.00
0.77 0.93 0.93 0.91 0.67 0.86 0.93 0.91 0.88 0.90 0.93 0.94 0.90 0.95 0.96 0.96 0.70 1.00 0.76 0.94 0.95 0.95 0.96 1.00 0.68 0.83 0.94 0.63 0.91 0.94 0.96 0.96 1.00 0.94 0.96 0.96 0.94 0.94 0.94
0.94 1.00 1.00 0.99 0.89 0.98 1.00 0.99 0.98 0.99 1.00 1.00 0.99 1.00 1.00 1.00 0.88 1.00 0.93 1.00 1.00 1.00 1.00 1.00 0.93 0.98 1.00 0.88 0.99 1.00 1.00 1.00 1.00 1.00 1.00 1.00 0.99 1.00 0.99
0.58 0.79 0.79 0.77 0.47 0.68 0.79 0.76 0.72 0.73 0.80 0.82 0.73 0.85 0.86 0.89 0.59 1.00 0.59 0.82 0.85 0.85 0.86 1.00 0.46 0.64 0.82 0.44 0.78 0.82 0.86 0.86 1.00 0.82 0.86 0.86 0.85 0.82 0.85
0.63 0.82 0.82 0.80 0.51 0.73 0.82 0.80 0.76 0.78 0.84 0.85 0.78 0.87 0.88 0.91 0.61 1.00 0.63 0.85 0.87 0.87 0.88 1.00 0.51 0.68 0.85 0.48 0.81 0.86 0.89 0.89 1.00 0.86 0.89 0.89 0.88 0.86 0.88
0.46 0.68 0.68 0.66 0.37 0.56 0.68 0.66 0.61 0.61 0.70 0.72 0.61 0.76 0.77 0.84 0.54 1.00 0.47 0.71 0.76 0.76 0.78 1.00 0.34 0.52 0.71 0.32 0.68 0.73 0.78 0.78 1.00 0.73 0.78 0.78 0.77 0.73 0.77
0.84 0.96 0.96 0.95 0.75 0.92 0.96 0.95 0.93 0.94 0.96 0.97 0.94 0.98 0.98 0.98 0.76 1.00 0.84 0.97 0.98 0.98 0.98 1.00 0.78 0.90 0.97 0.73 0.95 0.97 0.98 0.98 1.00 0.97 0.98 0.98 0.97 0.97 0.97
0.96 1.00 1.00 1.00 0.92 0.99 1.00 1.00 0.99 1.00 1.00 1.00 1.00 1.00 1.00 1.00 0.90 1.00 0.95 1.00 1.00 1.00 1.00 1.00 0.95 0.99 1.00 0.90 0.99 1.00 1.00 1.00 1.00 1.00 1.00 1.00 1.00 1.00 1.00
0.42 0.64 0.64 0.63 0.33 0.52 0.64 0.62 0.58 0.57 0.67 0.69 0.57 0.72 0.74 0.82 0.52 1.00 0.44 0.68 0.72 0.72 0.75 1.00 0.31 0.49 0.68 0.30 0.64 0.70 0.74 0.75 1.00 0.70 0.74 0.75 0.75 0.70 0.75
0.74 0.90 0.90 0.88 0.62 0.84 0.90 0.88 0.85 0.88 0.91 0.92 0.88 0.94 0.94 0.95 0.67 1.00 0.73 0.92 0.94 0.94 0.94 1.00 0.64 0.80 0.92 0.59 0.88 0.92 0.94 0.94 1.00 0.92 0.94 0.94 0.92 0.92 0.92
0.72 0.89 0.89 0.87 0.61 0.82 0.89 0.87 0.83 0.86 0.90 0.91 0.86 0.93 0.94 0.94 0.67 1.00 0.72 0.91 0.93 0.93 0.94 1.00 0.61 0.78 0.91 0.57 0.88 0.91 0.93 0.93 1.00 0.91 0.93 0.94 0.92 0.91 0.92
0.56 0.77 0.77 0.75 0.45 0.66 0.77 0.75 0.70 0.72 0.79 0.81 0.72 0.83 0.84 0.89 0.58 1.00 0.56 0.80 0.83 0.83 0.85 1.00 0.44 0.63 0.80 0.40 0.76 0.81 0.84 0.85 1.00 0.81 0.84 0.85 0.83 0.81 0.83
0.48 0.69 0.69 0.67 0.37 0.58 0.69 0.67 0.62 0.63 0.71 0.73 0.63 0.77 0.78 0.85 0.55 1.00 0.48 0.73 0.77 0.77 0.79 1.00 0.36 0.54 0.73 0.34 0.70 0.74 0.79 0.79 1.00 0.74 0.79 0.79 0.79 0.74 0.79
0.91 0.99 0.99 0.98 0.84 0.96 0.99 0.98 0.97 0.98 0.99 0.99 0.98 1.00 0.99 0.99 0.83 1.00 0.90 0.99 1.00 1.00 1.00 1.00 0.87 0.96 0.99 0.82 0.98 0.99 1.00 1.00 1.00 0.99 1.00 1.00 0.99 0.99 0.99
0.73 0.90 0.90 0.88 0.62 0.83 0.90 0.88 0.85 0.87 0.91 0.92 0.87 0.94 0.94 0.95 0.67 1.00 0.73 0.92 0.94 0.94 0.94 1.00 0.63 0.79 0.92 0.59 0.89 0.92 0.94 0.94 1.00 0.92 0.94 0.94 0.92 0.92 0.92
0.71 0.89 0.89 0.87 0.61 0.82 0.89 0.87 0.84 0.86 0.90 0.91 0.86 0.93 0.93 0.94 0.68 1.00 0.72 0.91 0.93 0.93 0.93 1.00 0.63 0.79 0.91 0.58 0.88 0.92 0.94 0.94 1.00 0.92 0.94 0.94 0.92 0.92 0.92
0.71 0.89 0.89 0.87 0.61 0.82 0.89 0.87 0.83 0.86 0.90 0.91 0.86 0.93 0.94 0.94 0.68 1.00 0.72 0.92 0.93 0.93 0.94 1.00 0.62 0.80 0.92 0.58 0.88 0.92 0.94 0.94 1.00 0.92 0.94 0.94 0.93 0.92 0.93
0.70 0.87 0.87 0.86 0.59 0.80 0.87 0.85 0.81 0.83 0.88 0.89 0.83 0.92 0.92 0.93 0.66 1.00 0.70 0.90 0.92 0.92 0.92 1.00 0.60 0.77 0.90 0.56 0.87 0.90 0.93 0.93 1.00 0.90 0.93 0.93 0.91 0.90 0.91
0.44 0.66 0.66 0.65 0.35 0.55 0.66 0.64 0.60 0.60 0.69 0.71 0.60 0.75 0.76 0.84 0.53 1.00 0.45 0.70 0.75 0.75 0.77 1.00 0.33 0.52 0.70 0.31 0.67 0.71 0.76 0.77 1.00 0.71 0.76 0.77 0.76 0.71 0.76
0.58 0.78 0.78 0.76 0.47 0.69 0.78 0.76 0.72 0.74 0.80 0.82 0.74 0.85 0.86 0.89 0.60 1.00 0.58 0.81 0.85 0.85 0.86 1.00 0.45 0.65 0.81 0.41 0.77 0.83 0.86 0.86 1.00 0.83 0.86 0.86 0.85 0.83 0.85
0.67 0.86 0.86 0.85 0.57 0.78 0.86 0.84 0.81 0.83 0.88 0.89 0.83 0.91 0.92 0.93 0.65 1.00 0.68 0.89 0.91 0.91 0.92 1.00 0.57 0.75 0.89 0.53 0.85 0.89 0.91 0.91 1.00 0.89 0.91 0.91 0.90 0.89 0.90
0.73 0.90 0.90 0.89 0.63 0.84 0.90 0.88 0.85 0.88 0.91 0.92 0.88 0.94 0.94 0.95 0.69 1.00 0.74 0.92 0.94 0.94 0.94 1.00 0.65 0.80 0.92 0.60 0.89 0.93 0.95 0.95 1.00 0.93 0.95 0.95 0.93 0.93 0.93
0.68 0.86 0.86 0.84 0.56 0.78 0.86 0.84 0.80 0.82 0.87 0.88 0.82 0.90 0.91 0.93 0.64 1.00 0.67 0.88 0.90 0.90 0.91 1.00 0.57 0.74 0.88 0.52 0.85 0.89 0.91 0.91 1.00 0.89 0.91 0.91 0.90 0.89 0.90
0.65 0.84 0.84 0.82 0.53 0.75 0.84 0.82 0.78 0.80 0.85 0.86 0.80 0.89 0.90 0.92 0.62 1.00 0.64 0.86 0.89 0.89 0.90 1.00 0.53 0.71 0.86 0.49 0.83 0.87 0.90 0.90 1.00 0.87 0.90 0.90 0.88 0.87 0.88
0.70 0.88 0.88 0.86 0.60 0.81 0.88 0.86 0.82 0.85 0.89 0.90 0.85 0.92 0.93 0.94 0.67 1.00 0.71 0.90 0.92 0.92 0.93 1.00 0.60 0.77 0.90 0.57 0.87 0.91 0.93 0.93 1.00 0.91 0.93 0.93 0.92 0.91 0.92
0.87 0.98 0.98 0.97 0.79 0.94 0.98 0.97 0.95 0.96 0.98 0.98 0.96 0.99 0.99 0.98 0.79 1.00 0.87 0.98 0.99 0.99 0.99 1.00 0.83 0.92 0.98 0.78 0.96 0.98 0.99 0.99 1.00 0.98 0.99 0.99 0.98 0.98 0.98
0.76 0.93 0.93 0.91 0.67 0.87 0.93 0.91 0.88 0.91 0.93 0.94 0.91 0.96 0.96 0.96 0.71 1.00 0.76 0.94 0.96 0.96 0.96 1.00 0.69 0.84 0.94 0.64 0.91 0.95 0.96 0.96 1.00 0.95 0.96 0.96 0.95 0.95 0.95
0.57 0.78 0.78 0.76 0.48 0.68 0.78 0.76 0.72 0.73 0.80 0.82 0.73 0.85 0.85 0.89 0.59 1.00 0.59 0.82 0.85 0.85 0.86 1.00 0.46 0.65 0.82 0.43 0.78 0.83 0.86 0.87 1.00 0.83 0.86 0.87 0.86 0.83 0.86
0.46 0.68 0.68 0.67 0.37 0.57 0.68 0.66 0.62 0.61 0.71 0.73 0.61 0.76 0.78 0.84 0.55 1.00 0.47 0.72 0.76 0.76 0.78 1.00 0.35 0.53 0.72 0.33 0.68 0.73 0.78 0.78 1.00 0.73 0.78 0.78 0.78 0.73 0.78
0.94 1.00 1.00 0.99 0.89 0.98 1.00 0.99 0.98 0.99 1.00 1.00 0.99 1.00 1.00 1.00 0.88 1.00 0.94 1.00 1.00 1.00 1.00 1.00 0.93 0.98 1.00 0.89 0.99 1.00 1.00 1.00 1.00 1.00 1.00 1.00 0.99 1.00 0.99
0.67 0.85 0.85 0.83 0.56 0.76 0.85 0.83 0.79 0.81 0.86 0.87 0.81 0.90 0.91 0.92 0.65 1.00 0.66 0.87 0.90 0.90 0.91 1.00 0.55 0.73 0.87 0.51 0.85 0.88 0.91 0.91 1.00 0.88 0.91 0.91 0.90 0.88 0.90
0.43 0.64 0.64 0.62 0.33 0.52 0.64 0.62 0.57 0.57 0.67 0.69 0.57 0.72 0.74 0.82 0.52 1.00 0.44 0.68 0.72 0.72 0.75 1.00 0.30 0.48 0.68 0.29 0.64 0.69 0.74 0.74 1.00 0.69 0.74 0.74 0.74 0.69 0.74
0.47 0.68 0.68 0.66 0.37 0.57 0.68 0.66 0.61 0.62 0.71 0.73 0.62 0.77 0.78 0.85 0.54 1.00 0.48 0.72 0.77 0.77 0.79 1.00 0.36 0.54 0.72 0.33 0.69 0.73 0.78 0.79 1.00 0.73 0.78 0.79 0.79 0.73 0.79
0.43 0.65 0.65 0.64 0.35 0.53 0.65 0.63 0.58 0.58 0.68 0.70 0.58 0.73 0.74 0.82 0.52 1.00 0.44 0.68 0.73 0.73 0.75 1.00 0.31 0.50 0.68 0.30 0.65 0.69 0.75 0.76 1.00 0.69 0.75 0.76 0.76 0.69 0.76
0.81 0.95 0.95 0.93 0.71 0.90 0.95 0.93 0.90 0.93 0.95 0.95 0.93 0.97 0.97 0.97 0.73 1.00 0.81 0.96 0.97 0.97 0.97 1.00 0.73 0.87 0.96 0.68 0.93 0.96 0.97 0.97 1.00 0.96 0.97 0.97 0.95 0.96 0.95
0.91 0.99 0.99 0.98 0.85 0.97 0.99 0.98 0.97 0.98 0.99 0.99 0.98 0.99 0.99 0.99 0.83 1.00 0.91 0.99 0.99 0.99 0.99 1.00 0.88 0.96 0.99 0.84 0.98 0.99 0.99 1.00 1.00 0.99 0.99 1.00 0.99 0.99 0.99
0.57 0.78 0.78 0.76 0.47 0.67 0.78 0.75 0.71 0.72 0.79 0.81 0.72 0.84 0.84 0.89 0.59 1.00 0.59 0.81 0.84 0.84 0.85 1.00 0.45 0.64 0.81 0.42 0.76 0.82 0.85 0.85 1.00 0.82 0.85 0.86 0.84 0.82 0.84
0.96 1.00 1.00 1.00 0.93 0.99 1.00 1.00 0.99 1.00 1.00 1.00 1.00 1.00 1.00 1.00 0.91 1.00 0.96 1.00 1.00 1.00 1.00 1.00 0.96 0.99 1.00 0.93 1.00 1.00 1.00 1.00 1.00 1.00 1.00 1.00 1.00 1.00 1.00
0.75 0.91 0.91 0.89 0.63 0.84 0.91 0.89 0.86 0.88 0.92 0.92 0.88 0.94 0.95 0.95 0.68 1.00 0.75 0.93 0.94 0.94 0.95 1.00 0.66 0.81 0.93 0.61 0.90 0.93 0.95 0.95 1.00 0.93 0.95 0.95 0.93 0.93 0.93
0.52 0.73 0.73 0.71 0.41 0.62 0.73 0.71 0.66 0.67 0.75 0.77 0.67 0.80 0.82 0.86 0.57 1.00 0.54 0.77 0.80 0.80 0.82 1.00 0.40 0.58 0.77 0.38 0.73 0.78 0.82 0.82 1.00 0.78 0.82 0.82 0.81 0.78 0.81
0.52 0.72 0.72 0.70 0.41 0.62 0.72 0.70 0.65 0.66 0.74 0.76 0.66 0.79 0.80 0.86 0.56 1.00 0.51 0.75 0.79 0.79 0.81 1.00 0.40 0.58 0.75 0.37 0.72 0.77 0.81 0.81 1.00 0.77 0.81 0.81 0.81 0.77 0.81
0.63 0.83 0.83 0.81 0.53 0.74 0.83 0.80 0.77 0.79 0.84 0.85 0.79 0.88 0.89 0.91 0.63 1.00 0.65 0.86 0.88 0.88 0.89 1.00 0.53 0.71 0.86 0.49 0.82 0.87 0.89 0.90 1.00 0.87 0.89 0.90 0.88 0.87 0.88
0.78 0.93 0.93 0.91 0.67 0.87 0.93 0.91 0.88 0.90 0.94 0.94 0.90 0.96 0.96 0.96 0.70 1.00 0.77 0.94 0.96 0.96 0.96 1.00 0.70 0.85 0.94 0.65 0.92 0.95 0.96 0.96 1.00 0.95 0.96 0.96 0.95 0.95 0.95
0.96 1.00 1.00 1.00 0.92 0.99 1.00 0.99 0.99 1.00 1.00 1.00 1.00 1.00 1.00 1.00 0.91 1.00 0.95 1.00 1.00 1.00 1.00 1.00 0.95 0.99 1.00 0.91 0.99 1.00 1.00 1.00 1.00 1.00 1.00 1.00 1.00 1.00 1.00
0.94 0.99 0.99 0.99 0.88 0.98 0.99 0.99 0.98 0.99 0.99 1.00 0.99 1.00 1.00 1.00 0.87 1.00 0.94 1.00 1.00 1.00 1.00 1.00 0.92 0.98 1.00 0.87 0.99 1.00 1.00 1.00 1.00 1.00 1.00 1.00 0.99 1.00 0.99
0.46 0.67 0.67 0.65 0.36 0.56 0.67 0.65 0.60 0.61 0.70 0.72 0.61 0.75 0.76 0.84 0.54 1.00 0.47 0.71 0.75 0.75 0.77 1.00 0.34 0.52 0.71 0.31 0.68 0.73 0.78 0.78 1.00 0.73 0.78 0.78 0.78 0.73 0.78
0.78 0.93 0.93 0.91 0.67 0.87 0.93 0.91 0.88 0.90 0.93 0.94 0.90 0.96 0.96 0.96 0.71 1.00 0.77 0.94 0.96 0.96 0.96 1.00 0.69 0.84 0.94 0.64 0.92 0.95 0.96 0.96 1.00 0.95 0.96 0.96 0.94 0.95 0.94
0.95 1.00 1.00 1.00 0.91 0.99 1.00 1.00 0.99 1.00 1.00 1.00 1.00 1.00 1.00 1.00 0.90 1.00 0.95 1.00 1.00 1.00 1.00 1.00 0.95 0.98 1.00 0.91 1.00 1.00 1.00 1.00 1.00 1.00 1.00 1.00 1.00 1.00 1.00
0.40 0.62 0.62 0.60 0.31 0.51 0.62 0.60 0.55 0.56 0.65 0.67 0.56 0.71 0.73 0.81 0.51 1.00 0.42 0.66 0.71 0.71 0.74 1.00 0.30 0.46 0.66 0.28 0.62 0.68 0.73 0.74 1.00 0.68 0.73 0.74 0.73 0.68 0.73
0.52 0.73 0.73 0.71 0.41 0.62 0.73 0.71 0.66 0.68 0.75 0.77 0.68 0.80 0.82 0.87 0.56 1.00 0.53 0.77 0.80 0.80 0.82 1.00 0.40 0.58 0.77 0.38 0.73 0.78 0.82 0.82 1.00 0.78 0.82 0.82 0.82 0.78 0.82
0.71 0.88 0.88 0.86 0.59 0.81 0.88 0.86 0.83 0.85 0.89 0.90 0.85 0.92 0.93 0.94 0.66 1.00 0.70 0.90 0.92 0.92 0.93 1.00 0.60 0.78 0.90 0.57 0.87 0.91 0.93 0.93 1.00 0.91 0.93 0.93 0.92 0.91 0.92
0.42 0.63 0.63 0.61 0.32 0.51 0.63 0.61 0.57 0.56 0.65 0.68 0.56 0.71 0.73 0.82 0.52 1.00 0.43 0.67 0.71 0.71 0.73 1.00 0.29 0.47 0.67 0.28 0.63 0.69 0.74 0.74 1.00 0.69 0.74 0.74 0.74 0.69 0.74
0.51 0.72 0.72 0.70 0.41 0.61 0.72 0.70 0.65 0.67 0.74 0.76 0.67 0.80 0.81 0.86 0.56 1.00 0.52 0.76 0.80 0.80 0.82 1.00 0.39 0.57 0.76 0.37 0.72 0.78 0.82 0.82 1.00 0.78 0.82 0.83 0.82 0.78 0.82
0.72 0.89 0.89 0.87 0.61 0.81 0.89 0.87 0.83 0.85 0.90 0.91 0.85 0.93 0.93 0.94 0.66 1.00 0.71 0.90 0.93 0.93 0.94 1.00 0.61 0.78 0.90 0.56 0.88 0.91 0.93 0.93 1.00 0.91 0.93 0.93 0.92 0.91 0.92
0.64 0.83 0.83 0.81 0.53 0.75 0.83 0.81 0.77 0.79 0.85 0.86 0.79 0.89 0.89 0.92 0.63 1.00 0.65 0.86 0.89 0.89 0.89 1.00 0.53 0.71 0.86 0.49 0.83 0.87 0.90 0.90 1.00 0.87 0.90 0.90 0.88 0.87 0.88
0.53 0.73 0.73 0.72 0.42 0.63 0.73 0.71 0.67 0.68 0.75 0.77 0.68 0.81 0.81 0.87 0.56 1.00 0.53 0.77 0.81 0.81 0.82 1.00 0.40 0.59 0.77 0.37 0.73 0.78 0.82 0.83 1.00 0.78 0.82 0.83 0.82 0.78 0.82
0.80 0.94 0.94 0.93 0.71 0.89 0.94 0.93 0.91 0.92 0.95 0.95 0.92 0.97 0.97 0.97 0.74 1.00 0.80 0.95 0.97 0.97 0.97 1.00 0.72 0.87 0.95 0.67 0.93 0.96 0.97 0.97 1.00 0.96 0.97 0.97 0.96 0.96 0.96
0.56 0.76 0.76 0.74 0.44 0.66 0.76 0.73 0.69 0.71 0.78 0.80 0.71 0.83 0.84 0.88 0.58 1.00 0.55 0.79 0.83 0.83 0.84 1.00 0.43 0.62 0.79 0.40 0.76 0.81 0.84 0.85 1.00 0.81 0.84 0.85 0.84 0.81 0.84
0.77 0.92 0.92 0.91 0.66 0.86 0.92 0.90 0.87 0.90 0.93 0.93 0.90 0.95 0.95 0.96 0.70 1.00 0.75 0.94 0.95 0.95 0.95 1.00 0.68 0.83 0.94 0.63 0.91 0.94 0.95 0.96 1.00 0.94 0.95 0.96 0.94 0.94 0.94
0.88 0.97 0.97 0.97 0.79 0.94 0.97 0.97 0.95 0.97 0.98 0.98 0.97 0.99 0.99 0.98 0.79 1.00 0.87 0.98 0.99 0.99 0.99 1.00 0.82 0.92 0.98 0.76 0.96 0.98 0.99 0.99 1.00 0.98 0.99 0.99 0.98 0.98 0.98
0.66 0.84 0.84 0.82 0.54 0.76 0.84 0.82 0.78 0.80 0.85 0.86 0.80 0.89 0.90 0.92 0.63 1.00 0.66 0.87 0.89 0.89 0.90 1.00 0.55 0.72 0.87 0.51 0.84 0.88 0.90 0.91 1.00 0.88 0.90 0.91 0.89 0.88 0.89
0.93 1.00 1.00 0.99 0.89 0.98 1.00 0.99 0.98 0.99 1.00 1.00 0.99 1.00 1.00 1.00 0.88 1.00 0.93 1.00 1.00 1.00 1.00 1.00 0.93 0.98 1.00 0.88 0.99 1.00 1.00 1.00 1.00 1.00 1.00 1.00 0.99 1.00 0.99
0.59 0.80 0.80 0.78 0.48 0.70 0.80 0.78 0.73 0.75 0.82 0.83 0.75 0.86 0.87 0.90 0.61 1.00 0.60 0.83 0.86 0.86 0.87 1.00 0.49 0.67 0.83 0.46 0.79 0.84 0.87 0.87 1.00 0.84 0.87 0.87 0.86 0.84 0.86
0.71 0.89 0.89 0.87 0.61 0.81 0.89 0.87 0.84 0.86 0.90 0.90 0.86 0.93 0.93 0.94 0.67 1.00 0.72 0.91 0.93 0.93 0.93 1.00 0.62 0.79 0.91 0.59 0.88 0.92 0.94 0.94 1.00 0.92 0.94 0.94 0.92 0.92 0.92
0.82 0.95 0.95 0.94 0.72 0.91 0.95 0.94 0.91 0.94 0.96 0.96 0.94 0.97 0.97 0.97 0.75 1.00 0.82 0.96 0.97 0.97 0.97 1.00 0.75 0.88 0.96 0.71 0.95 0.97 0.97 0.97 1.00 0.97 0.97 0.97 0.96 0.97 0.96
0.68 0.87 0.87 0.85 0.57 0.79 0.87 0.85 0.81 0.83 0.88 0.89 0.83 0.91 0.92 0.93 0.65 1.00 0.69 0.89 0.91 0.91 0.92 1.00 0.57 0.75 0.89 0.54 0.85 0.90 0.92 0.92 1.00 0.90 0.92 0.92 0.90 0.90 0.90
0.42 0.65 0.65 0.63 0.33 0.52 0.65 0.62 0.58 0.57 0.67 0.70 0.57 0.72 0.74 0.82 0.53 1.00 0.43 0.67 0.72 0.72 0.75 1.00 0.31 0.48 0.67 0.29 0.64 0.69 0.74 0.74 1.00 0.69 0.74 0.74 0.74 0.69 0.74
0.74 0.91 0.91 0.89 0.63 0.84 0.91 0.89 0.85 0.88 0.92 0.92 0.88 0.94 0.94 0.95 0.69 1.00 0.74 0.93 0.94 0.94 0.95 1.00 0.65 0.81 0.93 0.60 0.90 0.93 0.95 0.95 1.00 0.93 0.95 0.95 0.93 0.93 0.93
0.55 0.75 0.75 0.73 0.45 0.66 0.75 0.73 0.69 0.70 0.78 0.79 0.70 0.82 0.83 0.88 0.58 1.00 0.56 0.79 0.82 0.82 0.84 1.00 0.43 0.62 0.79 0.41 0.76 0.81 0.84 0.85 1.00 0.81 0.84 0.85 0.84 0.81 0.84
0.88 0.98 0.98 0.97 0.80 0.95 0.98 0.97 0.95 0.97 0.98 0.98 0.97 0.99 0.99 0.99 0.80 1.00 0.87 0.99 0.99 0.99 0.99 1.00 0.84 0.94 0.99 0.79 0.97 0.99 0.99 0.99 1.00 0.99 0.99 0.99 0.98 0.99 0.98
0.95 1.00 1.00 1.00 0.92 0.99 1.00 1.00 0.99 1.00 1.00 1.00 1.00 1.00 1.00 1.00 0.91 1.00 0.95 1.00 1.00 1.00 1.00 1.00 0.95 0.99 1.00 0.91 1.00 1.00 1.00 1.00 1.00 1.00 1.00 1.00 1.00 1.00 1.00
0.80 0.94 0.94 0.93 0.70 0.89 0.94 0.92 0.90 0.92 0.94 0.95 0.92 0.96 0.97 0.97 0.72 1.00 0.79 0.95 0.96 0.96 0.97 1.00 0.72 0.86 0.95 0.67 0.93 0.96 0.97 0.97 1.00 0.96 0.97 0.97 0.96 0.96 0.96
0.95 1.00 1.00 1.00 0.91 0.99 1.00 1.00 0.99 1.00 1.00 1.00 1.00 1.00 1.00 1.00 0.89 1.00 0.95 1.00 1.00 1.00 1.00 1.00 0.94 0.98 1.00 0.91 0.99 1.00 1.00 1.00 1.00 1.00 1.00 1.00 1.00 1.00 1.00
0.45 0.67 0.67 0.65 0.35 0.55 0.67 0.64 0.60 0.61 0.69 0.71 0.61 0.74 0.76 0.84 0.53 1.00 0.47 0.71 0.74 0.74 0.76 1.00 0.33 0.51 0.71 0.31 0.67 0.72 0.77 0.77 1.00 0.72 0.77 0.77 0.77 0.72 0.77
0.79 0.93 0.93 0.92 0.69 0.87 0.93 0.91 0.89 0.91 0.93 0.94 0.91 0.96 0.96 0.96 0.71 1.00 0.78 0.94 0.96 0.96 0.96 1.00 0.70 0.85 0.94 0.66 0.92 0.95 0.96 0.96 1.00 0.95 0.96 0.96 0.95 0.95 0.95
0.71 0.89 0.89 0.87 0.60 0.81 0.89 0.86 0.83 0.85 0.90 0.90 0.85 0.93 0.93 0.94 0.66 1.00 0.71 0.91 0.93 0.93 0.93 1.00 0.61 0.77 0.91 0.57 0.87 0.91 0.93 0.93 1.00 0.91 0.93 0.93 0.92 0.91 0.92
0.61 0.80 0.80 0.79 0.49 0.72 0.80 0.79 0.74 0.76 0.82 0.83 0.76 0.87 0.88 0.90 0.61 1.00 0.62 0.84 0.87 0.87 0.88 1.00 0.50 0.69 0.84 0.47 0.81 0.85 0.88 0.89 1.00 0.85 0.88 0.89 0.87 0.85 0.87
0.96 1.00 1.00 1.00 0.91 0.99 1.00 0.99 0.99 1.00 1.00 1.00 1.00 1.00 1.00 1.00 0.90 1.00 0.95 1.00 1.00 1.00 1.00 1.00 0.94 0.99 1.00 0.91 0.99 1.00 1.00 1.00 1.00 1.00 1.00 1.00 1.00 1.00 1.00
0.47 0.68 0.68 0.66 0.37 0.57 0.68 0.66 0.61 0.62 0.71 0.73 0.62 0.76 0.78 0.85 0.54 1.00 0.48 0.71 0.76 0.76 0.78 1.00 0.36 0.53 0.71 0.34 0.68 0.73 0.78 0.78 1.00 0.73 0.78 0.78 0.78 0.73 0.78
0.83 0.95 0.95 0.95 0.74 0.91 0.95 0.94 0.92 0.94 0.96 0.96 0.94 0.98 0.98 0.98 0.75 1.00 0.83 0.97 0.98 0.98 0.98 1.00 0.77 0.89 0.97 0.71 0.95 0.97 0.98 0.98 1.00 0.97 0.98 0.98 0.97 0.97 0.97
0.65 0.84 0.84 0.82 0.54 0.76 0.84 0.82 0.78 0.80 0.86 0.87 0.80 0.89 0.90 0.92 0.63 1.00 0.66 0.86 0.89 0.89 0.90 1.00 0.54 0.72 0.86 0.50 0.83 0.87 0.90 0.90 1.00 0.87 0.90 0.90 0.89 0.87 0.89
0.56 0.76 0.76 0.73 0.44 0.66 0.76 0.73 0.69 0.71 0.78 0.79 0.71 0.82 0.83 0.88 0.58 1.00 0.56 0.80 0.82 0.82 0.84 1.00 0.43 0.62 0.80 0.41 0.76 0.81 0.85 0.85 1.00 0.81 0.85 0.85 0.83 0.81 0.83
0.92 0.99 0.99 0.99 0.87 0.97 0.99 0.99 0.98 0.99 0.99 0.99 0.99 1.00 1.00 0.99 0.85 1.00 0.92 1.00 1.00 1.00 1.00 1.00 0.91 0.97 1.00 0.86 0.99 1.00 1.00 1.00 1.00 1.00 1.00 1.00 0.99 1.00 0.99
0.85 0.97 0.97 0.96 0.77 0.93 0.97 0.96 0.94 0.96 0.97 0.98 0.96 0.98 0.98 0.98 0.78 1.00 0.85 0.98 0.98 0.98 0.98 1.00 0.80 0.91 0.98 0.75 0.96 0.98 0.99 0.99 1.00 0.98 0.99 0.99 0.98 0.98 0.98
0.78 0.93 0.93 0.92 0.69 0.87 0.93 0.91 0.88 0.91 0.94 0.94 0.91 0.96 0.96 0.96 0.72 1.00 0.78 0.95 0.96 0.96 0.96 1.00 0.70 0.85 0.95 0.66 0.93 0.95 0.96 0.96 1.00 0.95 0.96 0.97 0.95 0.95 0.95
0.72 0.90 0.90 0.88 0.62 0.83 0.90 0.88 0.84 0.86 0.91 0.91 0.86 0.94 0.94 0.95 0.68 1.00 0.73 0.92 0.94 0.94 0.94 1.00 0.64 0.80 0.92 0.60 0.89 0.92 0.94 0.94 1.00 0.92 0.94 0.94 0.93 0.92 0.93
0.67 0.85 0.85 0.83 0.55 0.77 0.85 0.83 0.79 0.81 0.87 0.88 0.81 0.90 0.91 0.92 0.63 1.00 0.66 0.88 0.90 0.90 0.91 1.00 0.55 0.74 0.88 0.51 0.84 0.88 0.91 0.91 1.00 0.88 0.91 0.91 0.90 0.88 0.90
0.59 0.80 0.80 0.78 0.48 0.70 0.80 0.77 0.73 0.75 0.82 0.83 0.75 0.86 0.87 0.90 0.60 1.00 0.60 0.82 0.86 0.86 0.87 1.00 0.47 0.65 0.82 0.44 0.78 0.83 0.86 0.87 1.00 0.83 0.86 0.87 0.85 0.83 0.85
0.71 0.88 0.88 0.86 0.59 0.81 0.88 0.86 0.82 0.85 0.89 0.89 0.85 0.92 0.92 0.94 0.66 1.00 0.71 0.90 0.92 0.92 0.93 1.00 0.61 0.77 0.90 0.56 0.87 0.91 0.92 0.93 1.00 0.91 0.92 0.93 0.92 0.91 0.92
0.92 0.99 0.99 0.98 0.85 0.97 0.99 0.98 0.97 0.98 0.99 0.99 0.98 1.00 1.00 0.99 0.84 1.00 0.91 0.99 1.00 1.00 1.00 1.00 0.88 0.96 0.99 0.84 0.99 0.99 1.00 1.00 1.00 0.99 1.00 1.00 0.99 0.99 0.99
0.64 0.83 0.83 0.81 0.52 0.74 0.83 0.81 0.77 0.79 0.84 0.86 0.79 0.88 0.89 0.91 0.62 1.00 0.65 0.86 0.88 0.88 0.89 1.00 0.52 0.71 0.86 0.49 0.83 0.86 0.90 0.90 1.00 0.86 0.90 0.90 0.89 0.86 0.89
0.55 0.75 0.75 0.73 0.43 0.65 0.75 0.73 0.69 0.70 0.77 0.79 0.70 0.82 0.83 0.87 0.57 1.00 0.55 0.79 0.82 0.82 0.83 1.00 0.43 0.61 0.79 0.40 0.75 0.80 0.84 0.85 1.00 0.80 0.84 0.85 0.84 0.80 0.84
0.83 0.96 0.96 0.95 0.73 0.91 0.96 0.94 0.92 0.94 0.96 0.96 0.94 0.97 0.98 0.97 0.75 1.00 0.82 0.97 0.97 0.97 0.98 1.00 0.77 0.89 0.97 0.72 0.95 0.97 0.98 0.98 1.00 0.97 0.98 0.98 0.96 0.97 0.96
0.54 0.74 0.74 0.73 0.43 0.64 0.74 0.72 0.68 0.69 0.76 0.78 0.69 0.82 0.83 0.87 0.58 1.00 0.54 0.78 0.82 0.82 0.83 1.00 0.42 0.61 0.78 0.39 0.75 0.79 0.83 0.83 1.00 0.79 0.83 0.83 0.82 0.79 0.82
0.94 0.99 0.99 0.99 0.88 0.98 0.99 0.99 0.98 0.99 1.00 1.00 0.99 1.00 1.00 1.00 0.86 1.00 0.93 1.00 1.00 1.00 1.00 1.00 0.92 0.98 1.00 0.88 0.99 1.00 1.00 1.00 1.00 1.00 1.00 1.00 0.99 1.00 0.99
0.61 0.81 0.81 0.79 0.49 0.71 0.81 0.79 0.75 0.76 0.82 0.84 0.76 0.86 0.87 0.90 0.60 1.00 0.61 0.83 0.86 0.86 0.87 1.00 0.49 0.67 0.83 0.46 0.80 0.84 0.88 0.88 1.00 0.84 0.88 0.88 0.87 0.84 0.87
0.74 0.90 0.90 0.89 0.63 0.83 0.90 0.88 0.85 0.87 0.91 0.92 0.87 0.94 0.94 0.95 0.68 1.00 0.73 0.92 0.94 0.94 0.94 1.00 0.64 0.80 0.92 0.60 0.89 0.93 0.94 0.94 1.00 0.93 0.94 0.94 0.93 0.93 0.93
0.83 0.95 0.95 0.94 0.73 0.91 0.95 0.94 0.92 0.94 0.96 0.96 0.94 0.97 0.97 0.97 0.74 1.00 0.83 0.97 0.97 0.97 0.98 1.00 0.75 0.88 0.97 0.71 0.94 0.97 0.98 0.98 1.00 0.97 0.98 0.98 0.96 0.97 0.96
0.50 0.71 0.71 0.69 0.39 0.60 0.71 0.69 0.64 0.66 0.73 0.75 0.66 0.78 0.80 0.86 0.56 1.00 0.51 0.74 0.78 0.78 0.80 1.00 0.37 0.56 0.74 0.35 0.71 0.76 0.80 0.80 1.00 0.76 0.80 0.80 0.79 0.76 0.79
0.67 0.86 0.86 0.84 0.56 0.78 0.86 0.84 0.80 0.83 0.87 0.88 0.83 0.91 0.91 0.93 0.65 1.00 0.68 0.89 0.91 0.91 0.92 1.00 0.57 0.75 0.89 0.53 0.86 0.89 0.92 0.92 1.00 0.89 0.92 0.92 0.90 0.89 0.90
0.67 0.86 0.86 0.84 0.56 0.78 0.86 0.83 0.80 0.82 0.87 0.88 0.82 0.91 0.91 0.93 0.64 1.00 0.68 0.89 0.91 0.91 0.91 1.00 0.56 0.74 0.89 0.53 0.85 0.89 0.91 0.91 1.00 0.89 0.91 0.91 0.90 0.89 0.90
0.64 0.84 0.84 0.82 0.54 0.75 0.84 0.81 0.78 0.80 0.85 0.86 0.80 0.89 0.90 0.92 0.63 1.00 0.65 0.87 0.89 0.89 0.90 1.00 0.55 0.72 0.87 0.51 0.83 0.87 0.90 0.90 1.00 0.87 0.90 0.90 0.88 0.87 0.88
0.94 1.00 1.00 0.99 0.90 0.98 1.00 0.99 0.99 0.99 1.00 1.00 0.99 1.00 1.00 1.00 0.88 1.00 0.94 1.00 1.00 1.00 1.00 1.00 0.93 0.98 1.00 0.89 0.99 1.00 1.00 1.00 1.00 1.00 1.00 1.00 0.99 1.00 0.99
0.85 0.97 0.97 0.96 0.77 0.93 0.97 0.96 0.93 0.95 0.97 0.97 0.95 0.98 0.98 0.98 0.77 1.00 0.85 0.97 0.98 0.98 0.98 1.00 0.79 0.91 0.97 0.74 0.96 0.98 0.98 0.98 1.00 0.98 0.98 0.98 0.97 0.98 0.97
0.58 0.78 0.78 0.76 0.47 0.68 0.78 0.76 0.71 0.73 0.80 0.81 0.73 0.84 0.85 0.89 0.58 1.00 0.58 0.81 0.84 0.84 0.86 1.00 0.46 0.64 0.81 0.43 0.78 0.82 0.86 0.86 1.00 0.82 0.86 0.86 0.85 0.82 0.85
0.75 0.92 0.92 0.90 0.65 0.85 0.92 0.90 0.86 0.88 0.92 0.93 0.88 0.95 0.95 0.95 0.69 1.00 0.74 0.93 0.95 0.95 0.95 1.00 0.66 0.81 0.93 0.62 0.90 0.93 0.95 0.95 1.00 0.93 0.95 0.95 0.93 0.93 0.93
0.65 0.85 0.85 0.83 0.54 0.75 0.85 0.82 0.78 0.80 0.86 0.87 0.80 0.89 0.90 0.92 0.62 1.00 0.66 0.87 0.89 0.89 0.90 1.00 0.54 0.72 0.87 0.51 0.83 0.87 0.90 0.90 1.00 0.87 0.90 0.90 0.88 0.87 0.88
0.74 0.91 0.91 0.89 0.64 0.84 0.91 0.89 0.85 0.88 0.92 0.92 0.88 0.94 0.94 0.95 0.70 1.00 0.74 0.92 0.94 0.94 0.94 1.00 0.64 0.81 0.92 0.61 0.89 0.93 0.94 0.94 1.00 0.93 0.94 0.94 0.93 0.93 0.93
0.85 0.96 0.96 0.95 0.75 0.93 0.96 0.95 0.93 0.95 0.97 0.97 0.95 0.98 0.98 0.98 0.76 1.00 0.84 0.97 0.98 0.98 0.98 1.00 0.79 0.90 0.97 0.74 0.96 0.97 0.98 0.98 1.00 0.97 0.98 0.98 0.97 0.97 0.97
0.51 0.73 0.73 0.71 0.40 0.62 0.73 0.70 0.66 0.67 0.75 0.76 0.67 0.80 0.81 0.87 0.56 1.00 0.52 0.76 0.80 0.80 0.82 1.00 0.40 0.58 0.76 0.37 0.73 0.77 0.81 0.82 1.00 0.77 0.81 0.82 0.81 0.77 0.81
0.90 0.99 0.99 0.98 0.83 0.96 0.99 0.98 0.97 0.98 0.99 0.99 0.98 0.99 0.99 0.99 0.82 1.00 0.89 0.99 0.99 0.99 0.99 1.00 0.87 0.95 0.99 0.82 0.98 0.99 0.99 0.99 1.00 0.99 0.99 0.99 0.99 0.99 0.99
0.80 0.94 0.94 0.92 0.69 0.89 0.94 0.92 0.89 0.92 0.95 0.95 0.92 0.96 0.97 0.97 0.72 1.00 0.79 0.95 0.96 0.96 0.97 1.00 0.72 0.86 0.95 0.68 0.93 0.96 0.97 0.97 1.00 0.96 0.97 0.97 0.96 0.96 0.96
0.43 0.65 0.65 0.63 0.33 0.52 0.65 0.63 0.58 0.57 0.67 0.69 0.57 0.72 0.74 0.82 0.53 1.00 0.43 0.68 0.72 0.72 0.75 1.00 0.30 0.49 0.68 0.29 0.65 0.69 0.75 0.75 1.00 0.69 0.75 0.75 0.76 0.69 0.76
0.62 0.82 0.82 0.81 0.51 0.73 0.82 0.80 0.76 0.78 0.84 0.85 0.78 0.87 0.88 0.91 0.62 1.00 0.62 0.85 0.87 0.87 0.88 1.00 0.50 0.69 0.85 0.47 0.81 0.86 0.88 0.89 1.00 0.86 0.88 0.89 0.87 0.86 0.87
0.84 0.96 0.96 0.95 0.76 0.92 0.96 0.95 0.93 0.94 0.97 0.97 0.94 0.98 0.98 0.98 0.76 1.00 0.84 0.97 0.98 0.98 0.98 1.00 0.78 0.90 0.97 0.73 0.95 0.97 0.98 0.98 1.00 0.97 0.98 0.98 0.97 0.97 0.97
0.74 0.91 0.91 0.89 0.63 0.84 0.91 0.88 0.85 0.88 0.91 0.92 0.88 0.94 0.94 0.95 0.68 1.00 0.73 0.92 0.94 0.94 0.94 1.00 0.65 0.80 0.92 0.60 0.89 0.93 0.94 0.94 1.00 0.93 0.94 0.94 0.93 0.93 0.93
0.67 0.87 0.87 0.85 0.58 0.79 0.87 0.84 0.81 0.83 0.88 0.88 0.83 0.91 0.91 0.93 0.65 1.00 0.69 0.89 0.91 0.91 0.92 1.00 0.58 0.76 0.89 0.55 0.86 0.90 0.92 0.92 1.00 0.90 0.92 0.92 0.91 0.90 0.91
0.60 0.80 0.80 0.78 0.50 0.71 0.80 0.78 0.74 0.76 0.82 0.83 0.76 0.86 0.87 0.90 0.60 1.00 0.60 0.83 0.86 0.86 0.87 1.00 0.48 0.67 0.83 0.45 0.79 0.84 0.87 0.87 1.00 0.84 0.87 0.87 0.86 0.84 0.86
0.79 0.93 0.93 0.92 0.69 0.88 0.93 0.92 0.89 0.92 0.94 0.95 0.92 0.96 0.96 0.96 0.71 1.00 0.79 0.95 0.96 0.96 0.96 1.00 0.70 0.85 0.95 0.65 0.92 0.95 0.97 0.97 1.00 0.95 0.97 0.97 0.95 0.95 0.95
0.96 1.00 1.00 1.00 0.93 0.99 1.00 1.00 0.99 1.00 1.00 1.00 1.00 1.00 1.00 1.00 0.91 1.00 0.96 1.00 1.00 1.00 1.00 1.00 0.96 0.99 1.00 0.92 1.00 1.00 1.00 1.00 1.00 1.00 1.00 1.00 1.00 1.00 1.00
0.62 0.82 0.82 0.80 0.50 0.72 0.82 0.79 0.75 0.77 0.83 0.85 0.77 0.87 0.88 0.91 0.61 1.00 0.61 0.84 0.87 0.87 0.88 1.00 0.50 0.69 0.84 0.47 0.81 0.85 0.88 0.88 1.00 0.85 0.88 0.89 0.87 0.85 0.87
0.72 0.89 0.89 0.88 0.61 0.82 0.89 0.88 0.84 0.86 0.90 0.91 0.86 0.94 0.94 0.95 0.68 1.00 0.73 0.92 0.94 0.94 0.94 1.00 0.62 0.79 0.92 0.58 0.88 0.92 0.94 0.94 1.00 0.92 0.94 0.94 0.92 0.92 0.92
0.59 0.80 0.80 0.78 0.48 0.70 0.80 0.78 0.73 0.76 0.82 0.82 0.76 0.86 0.87 0.90 0.59 1.00 0.61 0.83 0.86 0.86 0.87 1.00 0.47 0.67 0.83 0.45 0.79 0.84 0.87 0.87 1.00 0.84 0.87 0.87 0.86 0.84 0.86
0.76 0.92 0.92 0.91 0.66 0.86 0.92 0.91 0.87 0.89 0.93 0.93 0.89 0.95 0.95 0.96 0.71 1.00 0.76 0.93 0.95 0.95 0.95 1.00 0.67 0.83 0.93 0.63 0.91 0.94 0.95 0.95 1.00 0.94 0.95 0.95 0.94 0.94 0.94
0.42 0.63 0.63 0.62 0.33 0.51 0.63 0.62 0.57 0.56 0.65 0.68 0.56 0.71 0.72 0.82 0.51 1.00 0.43 0.67 0.71 0.71 0.73 1.00 0.30 0.48 0.67 0.28 0.64 0.69 0.74 0.75 1.00 0.69 0.74 0.75 0.75 0.69 0.75
0.75 0.91 0.91 0.90 0.64 0.85 0.91 0.90 0.86 0.88 0.92 0.93 0.88 0.95 0.95 0.95 0.69 1.00 0.75 0.93 0.95 0.95 0.95 1.00 0.66 0.82 0.93 0.62 0.90 0.93 0.95 0.95 1.00 0.93 0.95 0.95 0.94 0.93 0.94
0.44 0.65 0.65 0.63 0.34 0.54 0.65 0.63 0.58 0.59 0.68 0.70 0.59 0.73 0.75 0.82 0.51 1.00 0.45 0.70 0.73 0.73 0.76 1.00 0.32 0.50 0.70 0.31 0.66 0.71 0.76 0.76 1.00 0.71 0.76 0.76 0.76 0.71 0.76
0.77 0.92 0.92 0.91 0.66 0.86 0.92 0.90 0.87 0.89 0.93 0.93 0.89 0.95 0.95 0.95 0.70 1.00 0.76 0.93 0.95 0.95 0.95 1.00 0.68 0.83 0.93 0.63 0.91 0.94 0.95 0.95 1.00 0.94 0.95 0.95 0.94 0.94 0.94
0.58 0.78 0.78 0.76 0.47 0.68 0.78 0.76 0.71 0.73 0.80 0.81 0.73 0.85 0.85 0.89 0.59 1.00 0.58 0.81 0.85 0.85 0.86 1.00 0.46 0.64 0.81 0.44 0.77 0.82 0.86 0.86 1.00 0.82 0.86 0.86 0.84 0.82 0.84
0.78 0.93 0.93 0.92 0.68 0.87 0.93 0.91 0.89 0.91 0.93 0.94 0.91 0.96 0.96 0.96 0.71 1.00 0.77 0.94 0.96 0.96 0.96 1.00 0.69 0.85 0.94 0.65 0.92 0.94 0.96 0.96 1.00 0.94 0.96 0.96 0.95 0.94 0.95
0.88 0.98 0.98 0.97 0.81 0.95 0.98 0.97 0.96 0.97 0.98 0.98 0.97 0.99 0.99 0.99 0.81 1.00 0.88 0.99 0.99 0.99 0.99 1.00 0.83 0.93 0.99 0.79 0.97 0.99 0.99 0.99 1.00 0.99 0.99 0.99 0.98 0.99 0.98
0.51 0.73 0.73 0.70 0.41 0.61 0.73 0.70 0.65 0.67 0.75 0.76 0.67 0.80 0.81 0.87 0.56 1.00 0.53 0.76 0.80 0.80 0.82 1.00 0.39 0.58 0.76 0.36 0.72 0.78 0.82 0.82 1.00 0.78 0.82 0.82 0.81 0.78 0.81
0.69 0.87 0.87 0.85 0.58 0.80 0.87 0.85 0.81 0.84 0.88 0.89 0.84 0.92 0.92 0.93 0.65 1.00 0.69 0.89 0.92 0.92 0.92 1.00 0.59 0.76 0.89 0.55 0.87 0.90 0.92 0.93 1.00 0.90 0.92 0.93 0.91 0.90 0.91
0.92 0.99 0.99 0.99 0.86 0.97 0.99 0.99 0.98 0.99 0.99 0.99 0.99 1.00 1.00 0.99 0.85 1.00 0.92 0.99 1.00 1.00 1.00 1.00 0.90 0.96 0.99 0.85 0.98 0.99 1.00 1.00 1.00 0.99 1.00 1.00 0.99 0.99 0.99
0.68 0.86 0.86 0.84 0.56 0.78 0.86 0.84 0.80 0.82 0.87 0.88 0.82 0.91 0.91 0.93 0.65 1.00 0.68 0.88 0.91 0.91 0.92 1.00 0.57 0.75 0.88 0.53 0.85 0.89 0.91 0.91 1.00 0.89 0.91 0.91 0.90 0.89 0.90
0.52 0.73 0.73 0.72 0.42 0.62 0.73 0.71 0.67 0.67 0.75 0.77 0.67 0.81 0.82 0.87 0.56 1.00 0.53 0.77 0.81 0.81 0.82 1.00 0.40 0.59 0.77 0.38 0.74 0.78 0.82 0.82 1.00 0.78 0.82 0.82 0.82 0.78 0.82
0.41 0.62 0.62 0.61 0.32 0.51 0.62 0.61 0.56 0.56 0.65 0.68 0.56 0.71 0.73 0.82 0.51 1.00 0.42 0.67 0.71 0.71 0.74 1.00 0.30 0.47 0.67 0.29 0.63 0.68 0.74 0.74 1.00 0.68 0.74 0.74 0.74 0.68 0.74
0.59 0.79 0.79 0.77 0.49 0.70 0.79 0.77 0.73 0.74 0.81 0.82 0.74 0.86 0.86 0.90 0.60 1.00 0.60 0.83 0.86 0.86 0.87 1.00 0.48 0.67 0.83 0.45 0.80 0.84 0.87 0.87 1.00 0.84 0.87 0.87 0.86 0.84 0.86
0.74 0.90 0.90 0.89 0.63 0.84 0.90 0.88 0.85 0.88 0.91 0.92 0.88 0.94 0.94 0.95 0.67 1.00 0.74 0.93 0.94 0.94 0.94 1.00 0.65 0.81 0.93 0.60 0.89 0.93 0.94 0.94 1.00 0.93 0.94 0.94 0.93 0.93 0.93
0.60 0.80 0.80 0.78 0.49 0.70 0.80 0.78 0.74 0.75 0.82 0.84 0.75 0.87 0.87 0.90 0.60 1.00 0.60 0.83 0.87 0.87 0.87 1.00 0.49 0.67 0.83 0.45 0.80 0.84 0.87 0.87 1.00 0.84 0.87 0.87 0.86 0.84 0.86
0.65 0.84 0.84 0.82 0.54 0.76 0.84 0.82 0.78 0.81 0.86 0.87 0.81 0.90 0.90 0.92 0.63 1.00 0.66 0.87 0.90 0.90 0.91 1.00 0.55 0.73 0.87 0.51 0.84 0.88 0.91 0.91 1.00 0.88 0.91 0.91 0.89 0.88 0.89
0.43 0.64 0.64 0.63 0.34 0.53 0.64 0.62 0.58 0.58 0.67 0.69 0.58 0.73 0.74 0.82 0.52 1.00 0.44 0.68 0.73 0.73 0.75 1.00 0.32 0.48 0.68 0.29 0.64 0.70 0.75 0.75 1.00 0.70 0.75 0.75 0.75 0.70 0.75
0.62 0.81 0.81 0.80 0.51 0.72 0.81 0.79 0.75 0.77 0.83 0.84 0.77 0.87 0.88 0.91 0.62 1.00 0.62 0.84 0.87 0.87 0.88 1.00 0.51 0.69 0.84 0.47 0.81 0.85 0.88 0.88 1.00 0.85 0.88 0.88 0.87 0.85 0.87
0.69 0.86 0.86 0.84 0.57 0.78 0.86 0.84 0.80 0.83 0.88 0.88 0.83 0.91 0.91 0.93 0.65 1.00 0.69 0.89 0.91 0.91 0.92 1.00 0.57 0.76 0.89 0.53 0.86 0.90 0.92 0.92 1.00 0.90 0.92 0.92 0.91 0.90 0.91
0.87 0.98 0.98 0.97 0.80 0.95 0.98 0.96 0.94 0.97 0.98 0.98 0.97 0.99 0.99 0.99 0.79 1.00 0.87 0.98 0.99 0.99 0.99 1.00 0.82 0.93 0.98 0.78 0.97 0.98 0.99 0.99 1.00 0.98 0.99 0.99 0.98 0.98 0.98
0.53 0.74 0.74 0.72 0.42 0.63 0.74 0.72 0.67 0.68 0.76 0.78 0.68 0.81 0.82 0.87 0.57 1.00 0.54 0.77 0.81 0.81 0.83 1.00 0.41 0.59 0.77 0.39 0.73 0.79 0.82 0.82 1.00 0.79 0.82 0.83 0.82 0.79 0.82
0.64 0.84 0.84 0.82 0.53 0.75 0.84 0.81 0.77 0.80 0.85 0.86 0.80 0.89 0.90 0.92 0.62 1.00 0.65 0.87 0.89 0.89 0.90 1.00 0.53 0.71 0.87 0.50 0.83 0.88 0.90 0.90 1.00 0.88 0.90 0.90 0.89 0.88 0.89
0.61 0.81 0.81 0.79 0.50 0.71 0.81 0.79 0.75 0.76 0.82 0.83 0.76 0.86 0.87 0.90 0.61 1.00 0.60 0.83 0.86 0.86 0.87 1.00 0.48 0.66 0.83 0.45 0.79 0.84 0.87 0.87 1.00 0.84 0.87 0.88 0.86 0.84 0.86
0.91 0.99 0.99 0.99 0.84 0.97 0.99 0.98 0.97 0.98 0.99 0.99 0.98 1.00 1.00 0.99 0.83 1.00 0.91 0.99 1.00 1.00 1.00 1.00 0.88 0.96 0.99 0.83 0.98 0.99 1.00 1.00 1.00 0.99 1.00 1.00 0.99 0.99 0.99
0.71 0.89 0.89 0.87 0.61 0.81 0.89 0.86 0.83 0.85 0.90 0.90 0.85 0.92 0.93 0.94 0.66 1.00 0.70 0.90 0.92 0.92 0.93 1.00 0.60 0.77 0.90 0.56 0.87 0.91 0.92 0.93 1.00 0.91 0.92 0.93 0.91 0.91 0.91
0.91 0.99 0.99 0.99 0.85 0.97 0.99 0.99 0.98 0.98 0.99 0.99 0.98 1.00 1.00 0.99 0.84 1.00 0.91 0.99 1.00 1.00 1.00 1.00 0.89 0.96 0.99 0.84 0.98 0.99 1.00 1.00 1.00 0.99 1.00 1.00 0.99 0.99 0.99
0.40 0.62 0.62 0.61 0.31 0.50 0.62 0.60 0.55 0.55 0.65 0.67 0.55 0.71 0.73 0.81 0.52 1.00 0.43 0.66 0.71 0.71 0.73 1.00 0.30 0.47 0.66 0.29 0.63 0.68 0.73 0.74 1.00 0.68 0.73 0.74 0.74 0.68 0.74
0.56 0.77 0.77 0.75 0.45 0.66 0.77 0.75 0.70 0.71 0.79 0.80 0.71 0.83 0.84 0.88 0.57 1.00 0.56 0.79 0.83 0.83 0.85 1.00 0.44 0.62 0.79 0.41 0.76 0.80 0.84 0.84 1.00 0.80 0.84 0.84 0.83 0.80 0.83
0.95 1.00 1.00 1.00 0.91 0.99 1.00 1.00 0.99 1.00 1.00 1.00 1.00 1.00 1.00 1.00 0.90 1.00 0.95 1.00 1.00 1.00 1.00 1.00 0.95 0.99 1.00 0.91 0.99 1.00 1.00 1.00 1.00 1.00 1.00 1.00 1.00 1.00 1.00
0.54 0.75 0.75 0.74 0.44 0.65 0.75 0.73 0.69 0.70 0.77 0.79 0.70 0.82 0.83 0.88 0.57 1.00 0.54 0.79 0.82 0.82 0.84 1.00 0.42 0.60 0.79 0.39 0.74 0.80 0.83 0.83 1.00 0.80 0.83 0.83 0.82 0.80 0.82
0.72 0.89 0.89 0.88 0.62 0.83 0.89 0.87 0.84 0.87 0.90 0.91 0.87 0.93 0.93 0.94 0.68 1.00 0.71 0.91 0.93 0.93 0.93 1.00 0.62 0.79 0.91 0.58 0.88 0.92 0.93 0.94 1.00 0.92 0.93 0.94 0.92 0.92 0.92
0.62 0.82 0.82 0.80 0.51 0.72 0.82 0.80 0.76 0.77 0.83 0.85 0.77 0.88 0.89 0.91 0.61 1.00 0.62 0.85 0.88 0.88 0.89 1.00 0.51 0.69 0.85 0.48 0.81 0.86 0.89 0.89 1.00 0.86 0.89 0.89 0.88 0.86 0.88
0.78 0.93 0.93 0.92 0.68 0.88 0.93 0.91 0.88 0.91 0.94 0.94 0.91 0.96 0.96 0.96 0.71 1.00 0.78 0.94 0.96 0.96 0.96 1.00 0.70 0.84 0.94 0.65 0.92 0.95 0.96 0.96 1.00 0.95 0.96 0.96 0.94 0.95 0.94
0.87 0.97 0.97 0.97 0.78 0.94 0.97 0.96 0.94 0.96 0.97 0.98 0.96 0.98 0.98 0.98 0.78 1.00 0.86 0.98 0.98 0.98 0.98 1.00 0.81 0.93 0.98 0.77 0.97 0.98 0.99 0.99 1.00 0.98 0.99 0.99 0.98 0.98 0.98
0.89 0.98 0.98 0.98 0.82 0.96 0.98 0.97 0.96 0.98 0.98 0.99 0.98 0.99 0.99 0.99 0.81 1.00 0.89 0.99 0.99 0.99 0.99 1.00 0.85 0.94 0.99 0.80 0.97 0.99 0.99 0.99 1.00 0.99 0.99 0.99 0.98 0.99 0.98
0.92 0.99 0.99 0.99 0.86 0.98 0.99 0.99 0.98 0.99 0.99 0.99 0.99 1.00 1.00 0.99 0.84 1.00 0.92 0.99 1.00 1.00 1.00 1.00 0.89 0.96 0.99 0.85 0.98 1.00 1.00 1.00 1.00 1.00 1.00 1.00 0.99 1.00 0.99
0.75 0.91 0.91 0.89 0.65 0.84 0.91 0.89 0.86 0.88 0.91 0.92 0.88 0.94 0.94 0.95 0.69 1.00 0.75 0.93 0.94 0.94 0.95 1.00 0.66 0.81 0.93 0.61 0.90 0.94 0.95 0.95 1.00 0.94 0.95 0.95 0.94 0.94 0.94
0.75 0.91 0.91 0.90 0.64 0.85 0.91 0.89 0.86 0.88 0.92 0.92 0.88 0.94 0.95 0.95 0.68 1.00 0.74 0.93 0.94 0.94 0.95 1.00 0.66 0.81 0.93 0.61 0.90 0.93 0.95 0.95 1.00 0.93 0.95 0.95 0.93 0.93 0.93
0.90 0.99 0.99 0.98 0.84 0.96 0.99 0.98 0.97 0.98 0.99 0.99 0.98 0.99 0.99 0.99 0.83 1.00 0.89 0.99 0.99 0.99 0.99 1.00 0.87 0.95 0.99 0.82 0.98 0.99 0.99 0.99 1.00 0.99 0.99 0.99 0.99 0.99 0.99
0.67 0.85 0.85 0.83 0.56 0.77 0.85 0.83 0.79 0.82 0.86 0.87 0.82 0.90 0.91 0.93 0.63 1.00 0.66 0.87 0.90 0.90 0.91 1.00 0.55 0.73 0.87 0.51 0.84 0.88 0.90 0.91 1.00 0.88 0.90 0.91 0.90 0.88 0.90
0.88 0.98 0.98 0.97 0.81 0.95 0.98 0.97 0.96 0.97 0.98 0.98 0.97 0.99 0.99 0.99 0.80 1.00 0.88 0.99 0.99 0.99 0.99 1.00 0.84 0.94 0.99 0.79 0.97 0.99 0.99 0.99 1.00 0.99 0.99 0.99 0.98 0.99 0.98
0.46 0.67 0.67 0.66 0.37 0.55 0.67 0.65 0.61 0.61 0.70 0.72 0.61 0.75 0.77 0.84 0.54 1.00 0.47 0.72 0.75 0.75 0.78 1.00 0.35 0.53 0.72 0.32 0.68 0.73 0.78 0.78 1.00 0.73 0.78 0.78 0.77 0.73 0.77
