0.73 0.88 0.88 0.87 0.63 0.83 0.88 0.86 0.83 0.87 0.89 0.90 0.87 0.92 0.92 0.91 0.65 0.94 0.74 0.93 0.92 0.92 0.92 0.94 0.66 0.83 0.93 0.62 0.91 0.94 0.96 0.96 0.94 0.94 0.96 0.96 1.00 0.94 1.00
0.62 0.79 0.79 0.78 0.51 0.73 0.79 0.77 0.74 0.77 0.81 0.81 0.77 0.85 0.85 0.84 0.56 0.90 0.66 0.88 0.85 0.85 0.86 0.90 0.54 0.74 0.88 0.51 0.86 0.89 0.94 0.94 0.90 0.89 0.94 0.94 1.00 0.89 1.00
0.41 0.59 0.59 0.57 0.31 0.52 0.59 0.56 0.52 0.57 0.61 0.62 0.57 0.67 0.67 0.68 0.42 0.78 0.50 0.76 0.67 0.67 0.68 0.78 0.33 0.56 0.76 0.32 0.75 0.78 0.87 0.88 0.78 0.78 0.87 0.88 1.00 0.78 1.00
0.61 0.78 0.78 0.76 0.51 0.72 0.78 0.76 0.72 0.76 0.79 0.81 0.76 0.84 0.84 0.83 0.56 0.89 0.65 0.87 0.84 0.84 0.84 0.89 0.53 0.72 0.87 0.51 0.85 0.88 0.93 0.93 0.89 0.88 0.93 0.93 1.00 0.88 1.00
0.92 0.99 0.99 0.98 0.85 0.97 0.99 0.98 0.97 0.98 0.99 0.99 0.98 0.99 0.99 0.99 0.86 0.99 0.92 0.99 0.99 0.99 0.99 0.99 0.90 0.97 0.99 0.86 0.99 0.99 0.99 0.99 0.99 0.99 0.99 0.99 1.00 0.99 1.00
0.50 0.68 0.68 0.67 0.40 0.61 0.68 0.66 0.62 0.66 0.70 0.71 0.66 0.76 0.76 0.76 0.49 0.83 0.58 0.82 0.76 0.76 0.76 0.83 0.42 0.64 0.82 0.41 0.80 0.84 0.90 0.91 0.83 0.84 0.90 0.91 1.00 0.84 1.00
0.68 0.85 0.85 0.84 0.58 0.80 0.85 0.83 0.80 0.83 0.86 0.87 0.83 0.90 0.90 0.89 0.62 0.93 0.72 0.91 0.90 0.90 0.90 0.93 0.61 0.79 0.91 0.58 0.90 0.92 0.95 0.95 0.93 0.92 0.95 0.96 1.00 0.92 1.00
0.61 0.78 0.78 0.76 0.49 0.71 0.78 0.75 0.72 0.76 0.80 0.81 0.76 0.84 0.84 0.83 0.56 0.89 0.66 0.88 0.84 0.84 0.85 0.89 0.52 0.73 0.88 0.49 0.86 0.89 0.93 0.93 0.89 0.89 0.93 0.93 1.00 0.89 1.00
0.75 0.89 0.89 0.88 0.64 0.84 0.89 0.87 0.84 0.87 0.90 0.90 0.87 0.92 0.92 0.91 0.67 0.94 0.77 0.93 0.92 0.92 0.93 0.94 0.67 0.83 0.93 0.62 0.92 0.94 0.96 0.97 0.94 0.94 0.96 0.97 1.00 0.94 1.00
0.66 0.82 0.82 0.80 0.55 0.76 0.82 0.79 0.76 0.80 0.83 0.84 0.80 0.87 0.87 0.86 0.59 0.91 0.69 0.90 0.87 0.87 0.87 0.91 0.57 0.76 0.90 0.53 0.88 0.91 0.94 0.94 0.91 0.91 0.94 0.95 1.00 0.91 1.00
0.91 0.98 0.98 0.98 0.85 0.97 0.98 0.98 0.97 0.98 0.98 0.98 0.98 0.99 0.99 0.99 0.83 0.99 0.91 0.99 0.99 0.99 0.99 0.99 0.88 0.96 0.99 0.84 0.98 0.99 0.99 0.99 0.99 0.99 0.99 0.99 1.00 0.99 1.00
0.62 0.79 0.79 0.78 0.51 0.73 0.79 0.77 0.73 0.78 0.80 0.81 0.78 0.85 0.85 0.84 0.57 0.89 0.66 0.88 0.85 0.85 0.85 0.89 0.54 0.74 0.88 0.51 0.86 0.89 0.93 0.94 0.89 0.89 0.93 0.94 1.00 0.89 1.00
0.94 0.99 0.99 0.99 0.90 0.98 0.99 0.99 0.98 0.99 0.99 0.99 0.99 0.99 0.99 0.99 0.89 0.99 0.94 0.99 0.99 0.99 0.99 0.99 0.93 0.98 0.99 0.89 0.99 0.99 1.00 1.00 0.99 0.99 1.00 1.00 1.00 0.99 1.00
0.41 0.58 0.58 0.56 0.31 0.51 0.58 0.56 0.51 0.57 0.60 0.62 0.57 0.67 0.67 0.67 0.41 0.77 0.49 0.76 0.67 0.67 0.68 0.77 0.33 0.55 0.76 0.33 0.75 0.78 0.87 0.87 0.77 0.78 0.87 0.88 1.00 0.78 1.00
0.61 0.78 0.78 0.76 0.50 0.72 0.78 0.76 0.72 0.76 0.80 0.80 0.76 0.84 0.84 0.83 0.56 0.89 0.65 0.88 0.84 0.84 0.85 0.89 0.52 0.72 0.88 0.50 0.85 0.88 0.93 0.93 0.89 0.88 0.93 0.93 1.00 0.88 1.00
0.41 0.58 0.58 0.56 0.30 0.51 0.58 0.55 0.52 0.57 0.60 0.61 0.57 0.67 0.67 0.68 0.41 0.78 0.50 0.76 0.67 0.67 0.67 0.78 0.32 0.55 0.76 0.32 0.75 0.78 0.86 0.87 0.78 0.78 0.86 0.87 1.00 0.78 1.00
0.93 0.99 0.99 0.99 0.87 0.98 0.99 0.99 0.98 0.99 0.99 0.99 0.99 0.99 0.99 0.99 0.86 0.99 0.93 0.99 0.99 0.99 0.99 0.99 0.91 0.97 0.99 0.87 0.99 0.99 1.00 1.00 0.99 0.99 1.00 1.00 1.00 0.99 1.00
0.66 0.82 0.82 0.80 0.54 0.77 0.82 0.80 0.76 0.81 0.83 0.84 0.81 0.87 0.87 0.86 0.59 0.91 0.69 0.89 0.87 0.87 0.88 0.91 0.57 0.77 0.89 0.55 0.87 0.90 0.94 0.94 0.91 0.90 0.94 0.94 1.00 0.90 1.00
0.62 0.78 0.78 0.76 0.50 0.72 0.78 0.76 0.72 0.77 0.79 0.80 0.77 0.84 0.84 0.83 0.55 0.89 0.66 0.87 0.84 0.84 0.84 0.89 0.52 0.73 0.87 0.49 0.86 0.89 0.93 0.93 0.89 0.89 0.93 0.94 1.00 0.89 1.00
0.71 0.86 0.86 0.85 0.61 0.80 0.86 0.84 0.81 0.84 0.87 0.87 0.84 0.90 0.90 0.89 0.63 0.93 0.73 0.91 0.90 0.90 0.90 0.93 0.63 0.80 0.91 0.59 0.90 0.92 0.95 0.95 0.93 0.92 0.95 0.95 1.00 0.92 1.00
0.53 0.69 0.69 0.68 0.41 0.63 0.69 0.67 0.63 0.68 0.71 0.72 0.68 0.77 0.77 0.77 0.49 0.84 0.58 0.82 0.77 0.77 0.77 0.84 0.43 0.64 0.82 0.41 0.81 0.84 0.90 0.91 0.84 0.84 0.90 0.91 1.00 0.84 1.00
0.88 0.97 0.97 0.97 0.81 0.95 0.97 0.97 0.95 0.97 0.98 0.98 0.97 0.98 0.98 0.98 0.81 0.99 0.88 0.98 0.98 0.98 0.98 0.99 0.85 0.94 0.98 0.80 0.97 0.98 0.99 0.99 0.99 0.98 0.99 0.99 1.00 0.98 1.00
0.62 0.79 0.79 0.77 0.50 0.73 0.79 0.77 0.73 0.77 0.80 0.81 0.77 0.85 0.85 0.84 0.56 0.89 0.66 0.87 0.85 0.85 0.85 0.89 0.53 0.73 0.87 0.50 0.86 0.89 0.93 0.93 0.89 0.89 0.93 0.93 1.00 0.89 1.00
0.74 0.89 0.89 0.87 0.64 0.84 0.89 0.87 0.84 0.87 0.89 0.90 0.87 0.92 0.92 0.91 0.66 0.94 0.76 0.93 0.92 0.92 0.92 0.94 0.66 0.83 0.93 0.63 0.91 0.94 0.96 0.96 0.94 0.94 0.96 0.96 1.00 0.94 1.00
0.57 0.75 0.75 0.73 0.47 0.68 0.75 0.73 0.69 0.73 0.76 0.78 0.73 0.82 0.82 0.82 0.54 0.87 0.63 0.86 0.82 0.82 0.83 0.87 0.49 0.70 0.86 0.47 0.84 0.87 0.92 0.92 0.87 0.87 0.92 0.93 1.00 0.87 1.00
0.77 0.91 0.91 0.89 0.66 0.87 0.91 0.89 0.86 0.90 0.91 0.92 0.90 0.94 0.94 0.93 0.69 0.95 0.78 0.94 0.94 0.94 0.94 0.95 0.70 0.86 0.94 0.65 0.93 0.95 0.97 0.97 0.95 0.95 0.97 0.97 1.00 0.95 1.00
0.68 0.85 0.85 0.83 0.57 0.78 0.85 0.83 0.79 0.82 0.85 0.86 0.82 0.89 0.89 0.88 0.61 0.92 0.70 0.91 0.89 0.89 0.89 0.92 0.60 0.79 0.91 0.56 0.89 0.91 0.95 0.95 0.92 0.91 0.95 0.95 1.00 0.91 1.00
0.65 0.82 0.82 0.80 0.54 0.76 0.82 0.80 0.76 0.80 0.83 0.84 0.80 0.87 0.87 0.86 0.59 0.90 0.69 0.90 0.87 0.87 0.87 0.90 0.57 0.76 0.90 0.53 0.87 0.90 0.94 0.94 0.90 0.90 0.94 0.94 1.00 0.90 1.00
0.77 0.90 0.90 0.89 0.65 0.85 0.90 0.89 0.86 0.89 0.91 0.91 0.89 0.93 0.94 0.92 0.68 0.95 0.78 0.94 0.93 0.93 0.94 0.95 0.69 0.85 0.94 0.65 0.93 0.95 0.97 0.97 0.95 0.95 0.97 0.97 1.00 0.95 1.00
0.78 0.92 0.92 0.90 0.68 0.87 0.92 0.90 0.87 0.90 0.92 0.92 0.90 0.94 0.94 0.93 0.69 0.95 0.79 0.95 0.94 0.94 0.94 0.95 0.71 0.86 0.95 0.67 0.93 0.95 0.97 0.97 0.95 0.95 0.97 0.97 1.00 0.95 1.00
0.68 0.84 0.84 0.83 0.57 0.79 0.84 0.82 0.79 0.83 0.85 0.86 0.83 0.89 0.89 0.88 0.61 0.92 0.71 0.91 0.89 0.89 0.89 0.92 0.59 0.78 0.91 0.56 0.89 0.91 0.95 0.95 0.92 0.91 0.95 0.95 1.00 0.91 1.00
0.41 0.58 0.58 0.56 0.31 0.52 0.58 0.56 0.52 0.57 0.60 0.62 0.57 0.67 0.67 0.68 0.42 0.77 0.49 0.76 0.67 0.67 0.67 0.77 0.33 0.55 0.76 0.33 0.75 0.78 0.86 0.87 0.77 0.78 0.86 0.87 1.00 0.78 1.00
0.71 0.86 0.86 0.85 0.61 0.81 0.86 0.85 0.82 0.85 0.87 0.88 0.85 0.91 0.91 0.90 0.64 0.93 0.74 0.92 0.91 0.91 0.91 0.93 0.63 0.80 0.92 0.59 0.90 0.93 0.96 0.96 0.93 0.93 0.96 0.96 1.00 0.93 1.00
0.93 0.99 0.99 0.98 0.87 0.97 0.99 0.98 0.97 0.98 0.99 0.99 0.98 0.99 0.99 0.99 0.86 0.99 0.92 0.99 0.99 0.99 0.99 0.99 0.91 0.97 0.99 0.87 0.98 0.99 0.99 0.99 0.99 0.99 0.99 0.99 1.00 0.99 1.00
0.73 0.88 0.88 0.87 0.63 0.82 0.88 0.86 0.84 0.86 0.89 0.89 0.86 0.92 0.92 0.91 0.65 0.94 0.74 0.92 0.92 0.92 0.92 0.94 0.65 0.82 0.92 0.61 0.91 0.93 0.96 0.96 0.94 0.93 0.96 0.96 1.00 0.93 1.00
0.84 0.95 0.95 0.94 0.75 0.91 0.95 0.94 0.92 0.94 0.95 0.95 0.94 0.97 0.97 0.96 0.74 0.97 0.84 0.97 0.97 0.97 0.97 0.97 0.79 0.90 0.97 0.74 0.95 0.97 0.98 0.98 0.97 0.97 0.98 0.98 1.00 0.97 1.00
0.75 0.90 0.90 0.88 0.65 0.85 0.90 0.88 0.85 0.88 0.90 0.90 0.88 0.93 0.93 0.92 0.67 0.95 0.77 0.94 0.93 0.93 0.93 0.95 0.68 0.84 0.94 0.63 0.92 0.94 0.96 0.96 0.95 0.94 0.96 0.96 1.00 0.94 1.00
0.68 0.84 0.84 0.83 0.57 0.78 0.84 0.82 0.79 0.82 0.85 0.86 0.82 0.88 0.88 0.88 0.61 0.92 0.71 0.91 0.88 0.88 0.89 0.92 0.59 0.78 0.91 0.55 0.89 0.91 0.95 0.95 0.92 0.91 0.95 0.95 1.00 0.91 1.00
0.44 0.62 0.62 0.60 0.34 0.55 0.62 0.59 0.55 0.60 0.63 0.65 0.60 0.71 0.71 0.71 0.45 0.80 0.53 0.79 0.71 0.71 0.72 0.80 0.37 0.60 0.79 0.35 0.78 0.81 0.88 0.89 0.80 0.81 0.88 0.89 1.00 0.81 1.00
0.70 0.86 0.86 0.84 0.60 0.81 0.86 0.84 0.81 0.84 0.87 0.87 0.84 0.90 0.90 0.89 0.63 0.92 0.73 0.91 0.90 0.90 0.90 0.92 0.61 0.80 0.91 0.58 0.89 0.92 0.95 0.95 0.92 0.92 0.95 0.95 1.00 0.92 1.00
0.76 0.90 0.90 0.89 0.66 0.85 0.90 0.88 0.86 0.88 0.90 0.91 0.88 0.93 0.93 0.92 0.67 0.94 0.77 0.94 0.93 0.93 0.93 0.94 0.68 0.84 0.94 0.64 0.92 0.94 0.96 0.96 0.94 0.94 0.96 0.96 1.00 0.94 1.00
0.91 0.98 0.98 0.98 0.84 0.96 0.98 0.97 0.96 0.98 0.98 0.98 0.98 0.99 0.99 0.98 0.83 0.99 0.90 0.99 0.99 0.99 0.99 0.99 0.88 0.95 0.99 0.83 0.98 0.99 0.99 0.99 0.99 0.99 0.99 0.99 1.00 0.99 1.00
0.49 0.67 0.67 0.65 0.38 0.60 0.67 0.64 0.60 0.65 0.68 0.70 0.65 0.75 0.75 0.75 0.48 0.83 0.57 0.81 0.75 0.75 0.75 0.83 0.40 0.63 0.81 0.39 0.80 0.83 0.89 0.90 0.83 0.83 0.89 0.90 1.00 0.83 1.00
0.36 0.52 0.52 0.51 0.26 0.46 0.52 0.50 0.46 0.52 0.54 0.56 0.52 0.61 0.61 0.63 0.38 0.74 0.47 0.72 0.61 0.61 0.62 0.74 0.29 0.51 0.72 0.30 0.71 0.74 0.84 0.85 0.74 0.74 0.84 0.85 1.00 0.74 1.00
0.72 0.87 0.87 0.85 0.61 0.82 0.87 0.85 0.82 0.86 0.88 0.89 0.86 0.91 0.91 0.90 0.65 0.93 0.74 0.93 0.91 0.91 0.91 0.93 0.63 0.81 0.93 0.60 0.90 0.93 0.96 0.96 0.93 0.93 0.96 0.96 1.00 0.93 1.00
0.61 0.78 0.78 0.76 0.50 0.72 0.78 0.76 0.72 0.76 0.79 0.80 0.76 0.83 0.83 0.83 0.55 0.88 0.65 0.87 0.83 0.83 0.84 0.88 0.52 0.72 0.87 0.50 0.85 0.88 0.92 0.93 0.88 0.88 0.92 0.93 1.00 0.88 1.00
0.61 0.77 0.77 0.75 0.50 0.71 0.77 0.75 0.71 0.75 0.79 0.80 0.75 0.83 0.83 0.83 0.55 0.88 0.64 0.87 0.83 0.83 0.84 0.88 0.52 0.71 0.87 0.49 0.85 0.88 0.93 0.93 0.88 0.88 0.93 0.93 1.00 0.88 1.00
0.75 0.89 0.89 0.88 0.64 0.84 0.89 0.88 0.85 0.88 0.90 0.91 0.88 0.93 0.93 0.92 0.67 0.95 0.77 0.94 0.93 0.93 0.93 0.95 0.68 0.84 0.94 0.64 0.92 0.94 0.96 0.96 0.95 0.94 0.96 0.96 1.00 0.94 1.00
0.60 0.78 0.78 0.76 0.50 0.72 0.78 0.76 0.73 0.76 0.79 0.80 0.76 0.84 0.84 0.83 0.56 0.89 0.64 0.87 0.84 0.84 0.84 0.89 0.52 0.72 0.87 0.49 0.85 0.88 0.92 0.93 0.89 0.88 0.92 0.93 1.00 0.88 1.00
0.67 0.83 0.83 0.82 0.57 0.77 0.83 0.81 0.78 0.81 0.84 0.85 0.81 0.88 0.88 0.87 0.60 0.91 0.70 0.90 0.88 0.88 0.88 0.91 0.59 0.78 0.90 0.55 0.88 0.91 0.94 0.95 0.91 0.91 0.94 0.95 1.00 0.91 1.00
0.61 0.78 0.78 0.76 0.50 0.71 0.78 0.75 0.72 0.76 0.79 0.80 0.76 0.84 0.84 0.83 0.56 0.89 0.65 0.88 0.84 0.84 0.85 0.89 0.51 0.73 0.88 0.49 0.86 0.89 0.93 0.93 0.89 0.89 0.93 0.93 1.00 0.89 1.00
0.57 0.75 0.75 0.73 0.47 0.68 0.75 0.73 0.69 0.73 0.77 0.78 0.73 0.82 0.82 0.81 0.54 0.87 0.63 0.86 0.82 0.82 0.82 0.87 0.50 0.69 0.86 0.47 0.84 0.87 0.92 0.93 0.87 0.87 0.92 0.93 1.00 0.87 1.00
0.94 0.99 0.99 0.99 0.90 0.98 0.99 0.99 0.98 0.99 0.99 0.99 0.99 0.99 0.99 0.99 0.88 0.99 0.94 0.99 0.99 0.99 0.99 0.99 0.93 0.98 0.99 0.89 0.99 0.99 1.00 1.00 0.99 0.99 1.00 1.00 1.00 0.99 1.00
0.94 0.99 0.99 0.99 0.90 0.98 0.99 0.99 0.98 0.99 0.99 0.99 0.99 0.99 0.99 0.99 0.88 0.99 0.94 0.99 0.99 0.99 0.99 0.99 0.93 0.98 0.99 0.89 0.99 0.99 1.00 1.00 0.99 0.99 1.00 1.00 1.00 0.99 1.00
0.74 0.89 0.89 0.87 0.63 0.84 0.89 0.86 0.84 0.87 0.89 0.90 0.87 0.92 0.92 0.91 0.66 0.94 0.76 0.93 0.92 0.92 0.92 0.94 0.66 0.82 0.93 0.63 0.91 0.94 0.96 0.96 0.94 0.94 0.96 0.96 1.00 0.94 1.00
0.95 0.99 0.99 0.99 0.91 0.99 0.99 0.99 0.99 0.99 0.99 0.99 0.99 1.00 1.00 0.99 0.90 1.00 0.95 1.00 1.00 1.00 1.00 1.00 0.94 0.98 1.00 0.90 0.99 1.00 1.00 1.00 1.00 1.00 1.00 1.00 1.00 1.00 1.00
0.89 0.97 0.97 0.97 0.81 0.95 0.97 0.97 0.95 0.97 0.98 0.98 0.97 0.98 0.98 0.98 0.80 0.98 0.88 0.98 0.98 0.98 0.98 0.98 0.85 0.94 0.98 0.80 0.98 0.98 0.99 0.99 0.98 0.98 0.99 0.99 1.00 0.98 1.00
0.96 1.00 1.00 0.99 0.91 0.99 1.00 0.99 0.99 0.99 1.00 1.00 0.99 1.00 1.00 1.00 0.90 1.00 0.95 1.00 1.00 1.00 1.00 1.00 0.95 0.98 1.00 0.91 0.99 1.00 1.00 1.00 1.00 1.00 1.00 1.00 1.00 1.00 1.00
0.84 0.96 0.96 0.95 0.76 0.93 0.96 0.94 0.92 0.95 0.96 0.96 0.95 0.97 0.97 0.96 0.75 0.98 0.85 0.97 0.97 0.97 0.97 0.98 0.80 0.91 0.97 0.75 0.95 0.97 0.98 0.98 0.98 0.97 0.98 0.98 1.00 0.97 1.00
0.46 0.64 0.64 0.62 0.36 0.58 0.64 0.62 0.57 0.63 0.66 0.67 0.63 0.73 0.73 0.73 0.46 0.81 0.55 0.80 0.73 0.73 0.73 0.81 0.39 0.61 0.80 0.38 0.79 0.82 0.89 0.89 0.81 0.82 0.89 0.90 1.00 0.82 1.00
0.67 0.84 0.84 0.82 0.57 0.78 0.84 0.82 0.79 0.82 0.85 0.85 0.82 0.88 0.88 0.88 0.61 0.92 0.71 0.90 0.88 0.88 0.89 0.92 0.59 0.78 0.90 0.56 0.88 0.91 0.94 0.95 0.92 0.91 0.94 0.95 1.00 0.91 1.00
0.95 0.99 0.99 0.99 0.91 0.99 0.99 0.99 0.99 0.99 0.99 0.99 0.99 1.00 1.00 0.99 0.90 1.00 0.95 1.00 1.00 1.00 1.00 1.00 0.95 0.98 1.00 0.91 0.99 1.00 1.00 1.00 1.00 1.00 1.00 1.00 1.00 1.00 1.00
0.78 0.92 0.92 0.91 0.69 0.87 0.92 0.90 0.88 0.90 0.92 0.92 0.90 0.94 0.94 0.93 0.69 0.95 0.79 0.95 0.94 0.94 0.94 0.95 0.71 0.86 0.95 0.66 0.93 0.95 0.97 0.97 0.95 0.95 0.97 0.97 1.00 0.95 1.00
0.65 0.82 0.82 0.79 0.53 0.75 0.82 0.79 0.76 0.80 0.83 0.83 0.80 0.87 0.87 0.86 0.59 0.91 0.68 0.89 0.87 0.87 0.87 0.91 0.56 0.75 0.89 0.53 0.87 0.90 0.94 0.94 0.91 0.90 0.94 0.94 1.00 0.90 1.00
0.65 0.81 0.81 0.79 0.54 0.75 0.81 0.79 0.75 0.80 0.82 0.83 0.80 0.87 0.87 0.86 0.58 0.90 0.69 0.90 0.87 0.87 0.87 0.90 0.56 0.76 0.90 0.52 0.87 0.90 0.94 0.95 0.90 0.90 0.94 0.95 1.00 0.90 1.00
0.52 0.70 0.70 0.68 0.42 0.63 0.70 0.67 0.63 0.68 0.72 0.73 0.68 0.78 0.78 0.77 0.50 0.84 0.59 0.82 0.78 0.78 0.78 0.84 0.45 0.66 0.82 0.43 0.81 0.84 0.90 0.91 0.84 0.84 0.90 0.91 1.00 0.84 1.00
0.89 0.97 0.97 0.97 0.81 0.95 0.97 0.96 0.95 0.97 0.97 0.98 0.97 0.98 0.98 0.98 0.80 0.98 0.88 0.98 0.98 0.98 0.98 0.98 0.85 0.94 0.98 0.80 0.97 0.98 0.99 0.99 0.98 0.98 0.99 0.99 1.00 0.98 1.00
0.93 0.99 0.99 0.99 0.89 0.98 0.99 0.99 0.98 0.99 0.99 0.99 0.99 0.99 0.99 0.99 0.87 0.99 0.93 0.99 0.99 0.99 0.99 0.99 0.91 0.97 0.99 0.87 0.99 0.99 0.99 0.99 0.99 0.99 0.99 0.99 1.00 0.99 1.00
0.95 0.99 0.99 0.99 0.90 0.98 0.99 0.99 0.99 0.99 0.99 0.99 0.99 1.00 1.00 0.99 0.90 1.00 0.95 1.00 1.00 1.00 1.00 1.00 0.94 0.98 1.00 0.90 0.99 1.00 1.00 1.00 1.00 1.00 1.00 1.00 1.00 1.00 1.00
0.77 0.90 0.90 0.89 0.67 0.86 0.90 0.89 0.86 0.89 0.91 0.91 0.89 0.93 0.93 0.92 0.69 0.95 0.77 0.94 0.93 0.93 0.93 0.95 0.70 0.85 0.94 0.65 0.92 0.95 0.96 0.97 0.95 0.95 0.96 0.97 1.00 0.95 1.00
0.73 0.88 0.88 0.87 0.62 0.83 0.88 0.86 0.84 0.86 0.89 0.89 0.86 0.91 0.91 0.91 0.64 0.93 0.74 0.92 0.91 0.91 0.92 0.93 0.64 0.82 0.92 0.60 0.91 0.93 0.95 0.96 0.93 0.93 0.95 0.96 1.00 0.93 1.00
0.74 0.89 0.89 0.88 0.64 0.84 0.89 0.87 0.84 0.87 0.90 0.90 0.87 0.92 0.92 0.92 0.66 0.94 0.76 0.93 0.92 0.92 0.92 0.94 0.67 0.84 0.93 0.62 0.92 0.94 0.96 0.96 0.94 0.94 0.96 0.96 1.00 0.94 1.00
0.91 0.98 0.98 0.98 0.85 0.96 0.98 0.98 0.96 0.98 0.98 0.98 0.98 0.99 0.99 0.98 0.83 0.99 0.90 0.99 0.99 0.99 0.99 0.99 0.89 0.96 0.99 0.84 0.98 0.99 0.99 0.99 0.99 0.99 0.99 0.99 1.00 0.99 1.00
0.94 0.99 0.99 0.99 0.90 0.98 0.99 0.99 0.98 0.99 0.99 0.99 0.99 0.99 0.99 0.99 0.88 0.99 0.94 0.99 0.99 0.99 0.99 0.99 0.94 0.98 0.99 0.89 0.99 0.99 1.00 1.00 0.99 0.99 1.00 1.00 1.00 0.99 1.00
0.75 0.89 0.89 0.88 0.65 0.84 0.89 0.87 0.85 0.87 0.90 0.90 0.87 0.92 0.92 0.91 0.66 0.94 0.76 0.93 0.92 0.92 0.92 0.94 0.67 0.84 0.93 0.63 0.92 0.94 0.96 0.96 0.94 0.94 0.96 0.96 1.00 0.94 1.00
0.40 0.57 0.57 0.55 0.31 0.51 0.57 0.55 0.51 0.56 0.59 0.61 0.56 0.67 0.67 0.68 0.43 0.78 0.49 0.77 0.67 0.67 0.68 0.78 0.33 0.56 0.77 0.33 0.74 0.78 0.86 0.87 0.78 0.78 0.86 0.87 1.00 0.78 1.00
0.93 0.99 0.99 0.99 0.89 0.98 0.99 0.99 0.98 0.99 0.99 0.99 0.99 0.99 0.99 0.99 0.87 0.99 0.94 0.99 0.99 0.99 0.99 0.99 0.92 0.97 0.99 0.89 0.99 0.99 1.00 1.00 0.99 0.99 1.00 1.00 1.00 0.99 1.00
0.87 0.97 0.97 0.96 0.79 0.93 0.97 0.96 0.94 0.96 0.97 0.97 0.96 0.98 0.98 0.97 0.79 0.98 0.87 0.98 0.98 0.98 0.98 0.98 0.82 0.93 0.98 0.78 0.96 0.98 0.99 0.99 0.98 0.98 0.99 0.99 1.00 0.98 1.00
0.93 0.99 0.99 0.98 0.87 0.97 0.99 0.98 0.97 0.98 0.99 0.99 0.98 0.99 0.99 0.99 0.86 0.99 0.93 0.99 0.99 0.99 0.99 0.99 0.91 0.97 0.99 0.87 0.99 0.99 0.99 0.99 0.99 0.99 0.99 0.99 1.00 0.99 1.00
0.62 0.80 0.80 0.78 0.52 0.73 0.80 0.77 0.74 0.77 0.80 0.81 0.77 0.85 0.85 0.84 0.57 0.90 0.67 0.88 0.85 0.85 0.85 0.90 0.53 0.73 0.88 0.51 0.86 0.89 0.93 0.94 0.90 0.89 0.93 0.94 1.00 0.89 1.00
0.62 0.79 0.79 0.77 0.50 0.72 0.79 0.77 0.73 0.77 0.80 0.81 0.77 0.84 0.85 0.84 0.55 0.89 0.66 0.88 0.84 0.84 0.85 0.89 0.52 0.73 0.88 0.49 0.86 0.89 0.93 0.94 0.89 0.89 0.93 0.94 1.00 0.89 1.00
0.76 0.91 0.91 0.89 0.66 0.86 0.91 0.89 0.86 0.89 0.91 0.91 0.89 0.93 0.94 0.93 0.68 0.95 0.78 0.94 0.93 0.93 0.94 0.95 0.69 0.85 0.94 0.65 0.93 0.95 0.97 0.97 0.95 0.95 0.97 0.97 1.00 0.95 1.00
0.77 0.90 0.90 0.89 0.67 0.86 0.90 0.89 0.86 0.89 0.91 0.91 0.89 0.93 0.93 0.92 0.68 0.95 0.78 0.94 0.93 0.93 0.93 0.95 0.68 0.86 0.94 0.64 0.93 0.95 0.97 0.97 0.95 0.95 0.97 0.97 1.00 0.95 1.00
0.43 0.61 0.61 0.59 0.33 0.54 0.61 0.59 0.55 0.59 0.63 0.64 0.59 0.69 0.69 0.70 0.43 0.79 0.51 0.77 0.69 0.69 0.70 0.79 0.35 0.58 0.77 0.34 0.77 0.79 0.87 0.88 0.79 0.79 0.87 0.88 1.00 0.79 1.00
0.63 0.80 0.80 0.78 0.52 0.74 0.80 0.77 0.74 0.78 0.81 0.82 0.78 0.85 0.86 0.85 0.57 0.90 0.67 0.88 0.85 0.85 0.86 0.90 0.55 0.75 0.88 0.52 0.87 0.89 0.93 0.94 0.90 0.89 0.93 0.94 1.00 0.89 1.00
0.77 0.91 0.91 0.90 0.67 0.87 0.91 0.89 0.86 0.90 0.92 0.92 0.90 0.94 0.94 0.93 0.69 0.95 0.78 0.95 0.94 0.94 0.94 0.95 0.70 0.86 0.95 0.66 0.93 0.95 0.97 0.97 0.95 0.95 0.97 0.97 1.00 0.95 1.00
0.90 0.98 0.98 0.98 0.84 0.96 0.98 0.97 0.96 0.97 0.98 0.98 0.97 0.99 0.99 0.98 0.83 0.99 0.90 0.99 0.99 0.99 0.99 0.99 0.87 0.95 0.99 0.82 0.98 0.99 0.99 0.99 0.99 0.99 0.99 0.99 1.00 0.99 1.00
0.79 0.92 0.92 0.91 0.69 0.88 0.92 0.90 0.88 0.91 0.92 0.93 0.91 0.94 0.94 0.93 0.69 0.96 0.80 0.95 0.94 0.94 0.94 0.96 0.71 0.86 0.95 0.67 0.93 0.95 0.97 0.97 0.96 0.95 0.97 0.97 1.00 0.95 1.00
0.56 0.74 0.74 0.72 0.45 0.68 0.74 0.72 0.68 0.72 0.76 0.77 0.72 0.81 0.81 0.81 0.52 0.86 0.62 0.85 0.81 0.81 0.81 0.86 0.47 0.68 0.85 0.46 0.83 0.86 0.91 0.92 0.86 0.86 0.91 0.92 1.00 0.86 1.00
0.45 0.63 0.63 0.61 0.35 0.56 0.63 0.60 0.56 0.61 0.65 0.66 0.61 0.71 0.71 0.72 0.44 0.80 0.53 0.79 0.71 0.71 0.71 0.80 0.37 0.59 0.79 0.36 0.78 0.80 0.88 0.89 0.80 0.80 0.88 0.89 1.00 0.80 1.00
0.70 0.86 0.86 0.84 0.60 0.80 0.86 0.84 0.81 0.84 0.87 0.88 0.84 0.90 0.90 0.89 0.63 0.93 0.73 0.92 0.90 0.90 0.91 0.93 0.64 0.80 0.92 0.59 0.90 0.92 0.96 0.96 0.93 0.92 0.96 0.96 1.00 0.92 1.00
0.89 0.98 0.98 0.97 0.81 0.95 0.98 0.97 0.95 0.97 0.98 0.98 0.97 0.98 0.98 0.98 0.81 0.99 0.89 0.98 0.98 0.98 0.98 0.99 0.86 0.94 0.98 0.81 0.97 0.98 0.99 0.99 0.99 0.98 0.99 0.99 1.00 0.98 1.00
0.92 0.98 0.98 0.98 0.85 0.96 0.98 0.98 0.97 0.98 0.98 0.99 0.98 0.99 0.99 0.99 0.84 0.99 0.91 0.99 0.99 0.99 0.99 0.99 0.89 0.96 0.99 0.85 0.98 0.99 0.99 0.99 0.99 0.99 0.99 0.99 1.00 0.99 1.00
0.94 0.99 0.99 0.99 0.89 0.98 0.99 0.99 0.98 0.99 0.99 0.99 0.99 1.00 1.00 0.99 0.88 1.00 0.94 0.99 1.00 1.00 1.00 1.00 0.93 0.98 0.99 0.88 0.99 1.00 1.00 1.00 1.00 1.00 1.00 1.00 1.00 1.00 1.00
0.83 0.95 0.95 0.94 0.75 0.91 0.95 0.94 0.92 0.94 0.95 0.95 0.94 0.96 0.96 0.96 0.74 0.97 0.84 0.97 0.96 0.96 0.96 0.97 0.78 0.91 0.97 0.73 0.95 0.97 0.98 0.98 0.97 0.97 0.98 0.98 1.00 0.97 1.00
0.77 0.91 0.91 0.89 0.66 0.86 0.91 0.89 0.86 0.89 0.91 0.91 0.89 0.94 0.94 0.92 0.69 0.95 0.78 0.94 0.94 0.94 0.94 0.95 0.70 0.85 0.94 0.65 0.93 0.94 0.97 0.97 0.95 0.94 0.97 0.97 1.00 0.94 1.00
0.77 0.91 0.91 0.90 0.67 0.86 0.91 0.89 0.87 0.89 0.91 0.92 0.89 0.94 0.94 0.93 0.69 0.95 0.79 0.94 0.94 0.94 0.94 0.95 0.70 0.85 0.94 0.66 0.93 0.95 0.97 0.97 0.95 0.95 0.97 0.97 1.00 0.95 1.00
0.93 0.99 0.99 0.99 0.88 0.98 0.99 0.99 0.98 0.99 0.99 0.99 0.99 0.99 0.99 0.99 0.87 0.99 0.93 0.99 0.99 0.99 0.99 0.99 0.92 0.97 0.99 0.88 0.99 0.99 0.99 1.00 0.99 0.99 0.99 1.00 1.00 0.99 1.00
0.51 0.69 0.69 0.66 0.40 0.63 0.69 0.66 0.62 0.68 0.70 0.71 0.68 0.76 0.76 0.77 0.49 0.83 0.57 0.82 0.76 0.76 0.77 0.83 0.43 0.66 0.82 0.41 0.81 0.84 0.90 0.91 0.83 0.84 0.90 0.91 1.00 0.84 1.00
0.81 0.93 0.93 0.92 0.71 0.90 0.93 0.92 0.89 0.92 0.94 0.94 0.92 0.95 0.95 0.95 0.72 0.96 0.81 0.95 0.95 0.95 0.95 0.96 0.75 0.88 0.95 0.69 0.94 0.96 0.97 0.97 0.96 0.96 0.97 0.97 1.00 0.96 1.00
0.67 0.84 0.84 0.82 0.56 0.78 0.84 0.82 0.79 0.82 0.85 0.86 0.82 0.89 0.89 0.88 0.61 0.92 0.71 0.91 0.89 0.89 0.89 0.92 0.60 0.78 0.91 0.56 0.89 0.91 0.94 0.95 0.92 0.91 0.94 0.95 1.00 0.91 1.00
0.39 0.57 0.57 0.55 0.30 0.50 0.57 0.54 0.51 0.56 0.59 0.60 0.56 0.66 0.66 0.67 0.41 0.77 0.49 0.75 0.66 0.66 0.67 0.77 0.31 0.54 0.75 0.31 0.73 0.77 0.86 0.87 0.77 0.77 0.86 0.87 1.00 0.77 1.00
0.93 0.99 0.99 0.98 0.88 0.98 0.99 0.98 0.97 0.99 0.99 0.99 0.99 0.99 0.99 0.99 0.86 0.99 0.93 0.99 0.99 0.99 0.99 0.99 0.91 0.97 0.99 0.87 0.99 0.99 0.99 0.99 0.99 0.99 0.99 0.99 1.00 0.99 1.00
0.37 0.54 0.54 0.52 0.27 0.47 0.54 0.52 0.47 0.52 0.56 0.58 0.52 0.63 0.63 0.65 0.39 0.75 0.46 0.73 0.63 0.63 0.64 0.75 0.29 0.52 0.73 0.29 0.72 0.76 0.85 0.86 0.75 0.76 0.85 0.86 1.00 0.76 1.00
0.94 0.99 0.99 0.99 0.89 0.98 0.99 0.99 0.98 0.99 0.99 0.99 0.99 0.99 0.99 0.99 0.88 1.00 0.94 0.99 0.99 0.99 1.00 1.00 0.93 0.98 0.99 0.89 0.99 0.99 1.00 1.00 1.00 0.99 1.00 1.00 1.00 0.99 1.00
0.74 0.89 0.89 0.88 0.65 0.84 0.89 0.87 0.85 0.87 0.90 0.90 0.87 0.92 0.92 0.91 0.67 0.94 0.76 0.93 0.92 0.92 0.92 0.94 0.66 0.83 0.93 0.62 0.92 0.94 0.96 0.96 0.94 0.94 0.96 0.96 1.00 0.94 1.00
0.37 0.54 0.54 0.52 0.28 0.48 0.54 0.52 0.48 0.54 0.56 0.58 0.54 0.64 0.64 0.66 0.40 0.76 0.48 0.74 0.64 0.64 0.65 0.76 0.30 0.53 0.74 0.30 0.73 0.76 0.85 0.86 0.76 0.76 0.85 0.87 1.00 0.76 1.00
0.36 0.52 0.52 0.50 0.26 0.46 0.52 0.50 0.46 0.52 0.55 0.57 0.52 0.62 0.62 0.63 0.38 0.74 0.46 0.72 0.62 0.62 0.62 0.74 0.28 0.50 0.72 0.29 0.71 0.74 0.84 0.85 0.74 0.74 0.84 0.85 1.00 0.74 1.00
0.63 0.81 0.81 0.79 0.52 0.74 0.81 0.78 0.75 0.78 0.82 0.83 0.78 0.85 0.86 0.85 0.58 0.90 0.67 0.89 0.85 0.85 0.86 0.90 0.56 0.75 0.89 0.52 0.87 0.90 0.94 0.94 0.90 0.90 0.94 0.94 1.00 0.90 1.00
0.64 0.80 0.80 0.79 0.52 0.74 0.80 0.78 0.75 0.79 0.81 0.82 0.79 0.86 0.86 0.85 0.58 0.90 0.67 0.89 0.86 0.86 0.86 0.90 0.56 0.74 0.89 0.52 0.87 0.90 0.93 0.94 0.90 0.90 0.93 0.94 1.00 0.90 1.00
0.91 0.99 0.99 0.98 0.86 0.97 0.99 0.98 0.97 0.98 0.99 0.99 0.98 0.99 0.99 0.99 0.84 0.99 0.91 0.99 0.99 0.99 0.99 0.99 0.89 0.96 0.99 0.84 0.98 0.99 0.99 0.99 0.99 0.99 0.99 0.99 1.00 0.99 1.00
0.64 0.80 0.80 0.78 0.52 0.73 0.80 0.78 0.75 0.78 0.81 0.82 0.78 0.85 0.85 0.84 0.58 0.89 0.67 0.88 0.85 0.85 0.85 0.89 0.54 0.73 0.88 0.52 0.86 0.89 0.93 0.93 0.89 0.89 0.93 0.93 1.00 0.89 1.00
0.68 0.84 0.84 0.82 0.56 0.78 0.84 0.82 0.78 0.82 0.85 0.86 0.82 0.89 0.89 0.87 0.61 0.92 0.71 0.90 0.89 0.89 0.89 0.92 0.59 0.77 0.90 0.56 0.89 0.91 0.95 0.95 0.92 0.91 0.95 0.95 1.00 0.91 1.00
0.93 0.99 0.99 0.99 0.88 0.98 0.99 0.99 0.98 0.99 0.99 0.99 0.99 0.99 0.99 0.99 0.87 0.99 0.93 0.99 0.99 0.99 0.99 0.99 0.92 0.97 0.99 0.88 0.99 0.99 0.99 0.99 0.99 0.99 0.99 0.99 1.00 0.99 1.00
0.48 0.65 0.65 0.63 0.37 0.59 0.65 0.63 0.59 0.64 0.67 0.69 0.64 0.74 0.74 0.73 0.47 0.82 0.55 0.80 0.74 0.74 0.74 0.82 0.40 0.62 0.80 0.39 0.80 0.82 0.89 0.90 0.82 0.82 0.89 0.90 1.00 0.82 1.00
0.64 0.81 0.81 0.79 0.53 0.74 0.81 0.79 0.75 0.79 0.82 0.83 0.79 0.86 0.86 0.85 0.57 0.90 0.67 0.89 0.86 0.86 0.86 0.90 0.55 0.75 0.89 0.52 0.87 0.89 0.94 0.94 0.90 0.89 0.94 0.94 1.00 0.89 1.00
0.43 0.60 0.60 0.59 0.33 0.54 0.60 0.58 0.54 0.59 0.63 0.64 0.59 0.69 0.69 0.70 0.43 0.79 0.51 0.77 0.69 0.69 0.70 0.79 0.35 0.57 0.77 0.34 0.76 0.79 0.87 0.88 0.79 0.79 0.87 0.88 1.00 0.79 1.00
0.73 0.87 0.87 0.86 0.62 0.82 0.87 0.85 0.82 0.86 0.88 0.89 0.86 0.91 0.91 0.90 0.65 0.93 0.75 0.92 0.91 0.91 0.91 0.93 0.64 0.81 0.92 0.60 0.91 0.93 0.96 0.96 0.93 0.93 0.96 0.96 1.00 0.93 1.00
0.66 0.82 0.82 0.80 0.54 0.76 0.82 0.79 0.76 0.80 0.82 0.83 0.80 0.87 0.87 0.86 0.59 0.91 0.69 0.90 0.87 0.87 0.87 0.91 0.56 0.75 0.90 0.54 0.88 0.91 0.94 0.95 0.91 0.91 0.94 0.95 1.00 0.91 1.00
0.47 0.64 0.64 0.62 0.37 0.58 0.64 0.62 0.58 0.63 0.66 0.68 0.63 0.73 0.73 0.74 0.46 0.82 0.55 0.80 0.73 0.73 0.74 0.82 0.39 0.61 0.80 0.38 0.79 0.81 0.88 0.89 0.82 0.81 0.88 0.89 1.00 0.81 1.00
0.60 0.77 0.77 0.75 0.49 0.71 0.77 0.75 0.71 0.75 0.79 0.80 0.75 0.83 0.83 0.83 0.56 0.88 0.65 0.87 0.83 0.83 0.83 0.88 0.52 0.71 0.87 0.49 0.85 0.88 0.93 0.93 0.88 0.88 0.93 0.93 1.00 0.88 1.00
0.76 0.91 0.91 0.89 0.66 0.86 0.91 0.89 0.86 0.89 0.91 0.92 0.89 0.94 0.94 0.93 0.68 0.95 0.77 0.94 0.94 0.94 0.94 0.95 0.70 0.85 0.94 0.66 0.93 0.95 0.97 0.97 0.95 0.95 0.97 0.97 1.00 0.95 1.00
0.87 0.97 0.97 0.96 0.79 0.94 0.97 0.96 0.94 0.96 0.97 0.97 0.96 0.98 0.98 0.97 0.78 0.98 0.87 0.98 0.98 0.98 0.98 0.98 0.82 0.92 0.98 0.77 0.96 0.98 0.99 0.99 0.98 0.98 0.99 0.99 1.00 0.98 1.00
0.96 1.00 1.00 0.99 0.92 0.99 1.00 0.99 0.99 1.00 1.00 1.00 1.00 1.00 1.00 1.00 0.92 1.00 0.96 1.00 1.00 1.00 1.00 1.00 0.96 0.99 1.00 0.93 0.99 1.00 1.00 1.00 1.00 1.00 1.00 1.00 1.00 1.00 1.00
0.52 0.70 0.70 0.68 0.42 0.63 0.70 0.67 0.63 0.68 0.72 0.73 0.68 0.78 0.78 0.77 0.50 0.84 0.59 0.83 0.78 0.78 0.78 0.84 0.43 0.65 0.83 0.42 0.81 0.84 0.91 0.91 0.84 0.84 0.91 0.91 1.00 0.84 1.00
0.94 0.99 0.99 0.99 0.89 0.98 0.99 0.99 0.98 0.99 0.99 0.99 0.99 0.99 0.99 0.99 0.88 0.99 0.93 0.99 0.99 0.99 0.99 0.99 0.92 0.97 0.99 0.89 0.99 0.99 1.00 1.00 0.99 0.99 1.00 1.00 1.00 0.99 1.00
0.96 1.00 1.00 0.99 0.93 0.99 1.00 0.99 0.99 0.99 1.00 1.00 0.99 1.00 1.00 1.00 0.91 1.00 0.96 1.00 1.00 1.00 1.00 1.00 0.96 0.99 1.00 0.92 0.99 1.00 1.00 1.00 1.00 1.00 1.00 1.00 1.00 1.00 1.00
0.53 0.71 0.71 0.69 0.43 0.64 0.71 0.69 0.65 0.70 0.72 0.74 0.70 0.78 0.78 0.78 0.51 0.85 0.59 0.84 0.78 0.78 0.79 0.85 0.46 0.67 0.84 0.44 0.83 0.85 0.91 0.92 0.85 0.85 0.91 0.92 1.00 0.85 1.00
0.88 0.97 0.97 0.96 0.79 0.94 0.97 0.96 0.94 0.96 0.97 0.97 0.96 0.98 0.98 0.97 0.79 0.98 0.86 0.98 0.98 0.98 0.98 0.98 0.82 0.93 0.98 0.78 0.96 0.98 0.98 0.99 0.98 0.98 0.98 0.99 1.00 0.98 1.00
0.42 0.60 0.60 0.58 0.32 0.53 0.60 0.58 0.54 0.59 0.62 0.64 0.59 0.69 0.69 0.70 0.43 0.79 0.50 0.77 0.69 0.69 0.69 0.79 0.35 0.57 0.77 0.35 0.75 0.79 0.87 0.87 0.79 0.79 0.87 0.87 1.00 0.79 1.00
0.93 0.99 0.99 0.99 0.89 0.98 0.99 0.99 0.98 0.99 0.99 0.99 0.99 0.99 0.99 0.99 0.87 0.99 0.93 0.99 0.99 0.99 0.99 0.99 0.93 0.97 0.99 0.88 0.99 0.99 0.99 0.99 0.99 0.99 0.99 0.99 1.00 0.99 1.00
0.39 0.57 0.57 0.55 0.30 0.50 0.57 0.55 0.51 0.56 0.59 0.60 0.56 0.66 0.66 0.67 0.40 0.77 0.48 0.75 0.66 0.66 0.66 0.77 0.32 0.54 0.75 0.32 0.75 0.78 0.86 0.87 0.77 0.78 0.86 0.87 1.00 0.78 1.00
0.84 0.95 0.95 0.94 0.76 0.92 0.95 0.94 0.93 0.94 0.95 0.96 0.94 0.97 0.97 0.96 0.76 0.97 0.84 0.97 0.97 0.97 0.97 0.97 0.79 0.90 0.97 0.74 0.95 0.97 0.98 0.98 0.97 0.97 0.98 0.98 1.00 0.97 1.00
0.81 0.93 0.93 0.92 0.72 0.89 0.93 0.92 0.89 0.92 0.94 0.94 0.92 0.95 0.95 0.95 0.72 0.96 0.81 0.96 0.95 0.95 0.95 0.96 0.74 0.88 0.96 0.69 0.94 0.96 0.98 0.98 0.96 0.96 0.98 0.98 1.00 0.96 1.00
0.72 0.88 0.88 0.86 0.61 0.83 0.88 0.86 0.82 0.86 0.88 0.89 0.86 0.91 0.91 0.90 0.64 0.94 0.75 0.93 0.91 0.91 0.91 0.94 0.64 0.82 0.93 0.60 0.91 0.93 0.96 0.96 0.94 0.93 0.96 0.96 1.00 0.93 1.00
0.84 0.95 0.95 0.94 0.76 0.92 0.95 0.94 0.92 0.94 0.95 0.96 0.94 0.97 0.97 0.96 0.75 0.98 0.85 0.97 0.97 0.97 0.97 0.98 0.80 0.91 0.97 0.74 0.96 0.97 0.98 0.98 0.98 0.97 0.98 0.98 1.00 0.97 1.00
0.46 0.63 0.63 0.61 0.36 0.58 0.63 0.60 0.57 0.63 0.66 0.67 0.63 0.72 0.72 0.72 0.46 0.81 0.54 0.79 0.72 0.72 0.73 0.81 0.37 0.60 0.79 0.36 0.78 0.81 0.89 0.89 0.81 0.81 0.89 0.89 1.00 0.81 1.00
0.51 0.69 0.69 0.67 0.40 0.62 0.69 0.66 0.62 0.67 0.70 0.71 0.67 0.76 0.76 0.75 0.48 0.83 0.57 0.81 0.76 0.76 0.76 0.83 0.42 0.64 0.81 0.42 0.80 0.83 0.90 0.90 0.83 0.83 0.90 0.90 1.00 0.83 1.00
0.94 0.99 0.99 0.99 0.90 0.98 0.99 0.99 0.98 0.99 0.99 1.00 0.99 1.00 1.00 0.99 0.89 1.00 0.94 1.00 1.00 1.00 1.00 1.00 0.94 0.98 1.00 0.90 0.99 1.00 1.00 1.00 1.00 1.00 1.00 1.00 1.00 1.00 1.00
0.58 0.76 0.76 0.73 0.47 0.69 0.76 0.73 0.69 0.74 0.77 0.78 0.74 0.82 0.82 0.81 0.53 0.87 0.63 0.86 0.82 0.82 0.83 0.87 0.49 0.71 0.86 0.46 0.84 0.87 0.92 0.93 0.87 0.87 0.92 0.93 1.00 0.87 1.00
0.78 0.92 0.92 0.90 0.69 0.88 0.92 0.90 0.87 0.90 0.92 0.93 0.90 0.94 0.94 0.94 0.70 0.96 0.79 0.95 0.94 0.94 0.94 0.96 0.72 0.86 0.95 0.67 0.93 0.95 0.97 0.97 0.96 0.95 0.97 0.97 1.00 0.95 1.00
0.68 0.84 0.84 0.82 0.57 0.78 0.84 0.82 0.78 0.82 0.85 0.86 0.82 0.88 0.89 0.87 0.61 0.91 0.71 0.90 0.88 0.88 0.89 0.91 0.59 0.78 0.90 0.57 0.89 0.91 0.95 0.95 0.91 0.91 0.95 0.95 1.00 0.91 1.00
0.84 0.95 0.95 0.94 0.76 0.91 0.95 0.94 0.92 0.94 0.95 0.96 0.94 0.97 0.97 0.96 0.75 0.97 0.84 0.97 0.97 0.97 0.97 0.97 0.79 0.91 0.97 0.75 0.96 0.97 0.98 0.98 0.97 0.97 0.98 0.98 1.00 0.97 1.00
0.79 0.92 0.92 0.91 0.69 0.87 0.92 0.90 0.88 0.90 0.93 0.93 0.90 0.95 0.95 0.94 0.70 0.96 0.80 0.95 0.95 0.95 0.95 0.96 0.72 0.86 0.95 0.67 0.93 0.95 0.97 0.97 0.96 0.95 0.97 0.97 1.00 0.95 1.00
0.75 0.89 0.89 0.88 0.64 0.84 0.89 0.87 0.85 0.87 0.90 0.90 0.87 0.93 0.92 0.91 0.67 0.94 0.76 0.93 0.93 0.93 0.93 0.94 0.68 0.83 0.93 0.64 0.91 0.94 0.96 0.96 0.94 0.94 0.96 0.96 1.00 0.94 1.00
0.53 0.72 0.72 0.69 0.43 0.65 0.72 0.69 0.65 0.70 0.73 0.74 0.70 0.78 0.79 0.78 0.50 0.85 0.60 0.83 0.78 0.78 0.79 0.85 0.44 0.67 0.83 0.42 0.82 0.85 0.91 0.91 0.85 0.85 0.91 0.91 1.00 0.85 1.00
0.94 0.99 0.99 0.99 0.89 0.98 0.99 0.99 0.98 0.99 0.99 0.99 0.99 0.99 0.99 0.99 0.88 0.99 0.94 0.99 0.99 0.99 0.99 0.99 0.93 0.98 0.99 0.88 0.99 0.99 0.99 0.99 0.99 0.99 0.99 0.99 1.00 0.99 1.00
0.77 0.90 0.90 0.88 0.66 0.85 0.90 0.88 0.85 0.89 0.91 0.91 0.89 0.93 0.93 0.92 0.67 0.95 0.78 0.94 0.93 0.93 0.93 0.95 0.69 0.85 0.94 0.65 0.92 0.94 0.96 0.96 0.95 0.94 0.96 0.96 1.00 0.94 1.00
0.63 0.80 0.80 0.78 0.51 0.73 0.80 0.77 0.74 0.78 0.80 0.81 0.78 0.85 0.85 0.84 0.57 0.90 0.66 0.88 0.85 0.85 0.85 0.90 0.54 0.74 0.88 0.51 0.86 0.89 0.93 0.94 0.90 0.89 0.93 0.94 1.00 0.89 1.00
0.82 0.94 0.94 0.92 0.72 0.90 0.94 0.92 0.90 0.93 0.94 0.94 0.93 0.96 0.96 0.95 0.72 0.96 0.82 0.96 0.96 0.96 0.96 0.96 0.76 0.89 0.96 0.71 0.95 0.96 0.98 0.98 0.96 0.96 0.98 0.98 1.00 0.96 1.00
0.60 0.78 0.78 0.76 0.49 0.71 0.78 0.75 0.72 0.76 0.79 0.80 0.76 0.84 0.84 0.83 0.55 0.89 0.65 0.87 0.84 0.84 0.84 0.89 0.51 0.72 0.87 0.48 0.85 0.88 0.93 0.93 0.89 0.88 0.93 0.93 1.00 0.88 1.00
0.42 0.60 0.60 0.59 0.32 0.53 0.60 0.58 0.54 0.58 0.62 0.64 0.58 0.69 0.69 0.70 0.43 0.79 0.51 0.78 0.69 0.69 0.69 0.79 0.34 0.57 0.78 0.34 0.76 0.80 0.87 0.88 0.79 0.80 0.87 0.88 1.00 0.80 1.00
0.76 0.91 0.91 0.89 0.66 0.85 0.91 0.88 0.86 0.89 0.91 0.91 0.89 0.93 0.93 0.92 0.67 0.95 0.78 0.94 0.93 0.93 0.93 0.95 0.68 0.85 0.94 0.65 0.93 0.95 0.97 0.97 0.95 0.95 0.97 0.97 1.00 0.95 1.00
0.54 0.72 0.72 0.70 0.43 0.65 0.72 0.69 0.66 0.70 0.73 0.75 0.70 0.79 0.79 0.79 0.51 0.85 0.60 0.83 0.79 0.79 0.79 0.85 0.45 0.67 0.83 0.44 0.82 0.85 0.91 0.91 0.85 0.85 0.91 0.92 1.00 0.85 1.00
0.46 0.65 0.65 0.63 0.37 0.58 0.65 0.62 0.58 0.64 0.67 0.68 0.64 0.73 0.73 0.73 0.46 0.81 0.55 0.80 0.73 0.73 0.74 0.81 0.39 0.61 0.80 0.38 0.79 0.82 0.89 0.89 0.81 0.82 0.89 0.90 1.00 0.82 1.00
0.82 0.94 0.94 0.93 0.73 0.90 0.94 0.93 0.90 0.93 0.94 0.95 0.93 0.96 0.96 0.95 0.73 0.97 0.83 0.96 0.96 0.96 0.96 0.97 0.76 0.89 0.96 0.72 0.95 0.97 0.98 0.98 0.97 0.97 0.98 0.98 1.00 0.97 1.00
0.61 0.79 0.79 0.77 0.51 0.72 0.79 0.76 0.73 0.77 0.80 0.81 0.77 0.85 0.85 0.84 0.57 0.89 0.67 0.88 0.85 0.85 0.85 0.89 0.53 0.74 0.88 0.51 0.86 0.89 0.93 0.94 0.89 0.89 0.93 0.94 1.00 0.89 1.00
0.96 1.00 1.00 1.00 0.93 0.99 1.00 0.99 0.99 1.00 1.00 1.00 1.00 1.00 1.00 1.00 0.91 1.00 0.96 1.00 1.00 1.00 1.00 1.00 0.96 0.99 1.00 0.93 1.00 1.00 1.00 1.00 1.00 1.00 1.00 1.00 1.00 1.00 1.00
0.41 0.59 0.59 0.57 0.32 0.52 0.59 0.57 0.53 0.57 0.61 0.62 0.57 0.67 0.68 0.69 0.42 0.78 0.49 0.76 0.67 0.67 0.68 0.78 0.34 0.56 0.76 0.33 0.76 0.78 0.87 0.87 0.78 0.78 0.87 0.87 1.00 0.78 1.00
0.76 0.90 0.90 0.88 0.65 0.85 0.90 0.88 0.85 0.88 0.90 0.91 0.88 0.93 0.93 0.92 0.67 0.95 0.77 0.94 0.93 0.93 0.93 0.95 0.68 0.84 0.94 0.64 0.92 0.94 0.96 0.97 0.95 0.94 0.96 0.97 1.00 0.94 1.00
0.46 0.64 0.64 0.62 0.35 0.57 0.64 0.61 0.57 0.62 0.66 0.67 0.62 0.72 0.72 0.72 0.45 0.80 0.53 0.79 0.72 0.72 0.72 0.80 0.38 0.60 0.79 0.36 0.78 0.81 0.88 0.89 0.80 0.81 0.88 0.89 1.00 0.81 1.00
0.53 0.70 0.70 0.68 0.42 0.63 0.70 0.68 0.64 0.68 0.72 0.73 0.68 0.78 0.78 0.77 0.51 0.84 0.59 0.82 0.78 0.78 0.78 0.84 0.43 0.66 0.82 0.41 0.81 0.84 0.90 0.90 0.84 0.84 0.90 0.90 1.00 0.84 1.00
0.36 0.53 0.53 0.51 0.28 0.47 0.53 0.51 0.47 0.52 0.55 0.57 0.52 0.63 0.63 0.64 0.38 0.75 0.46 0.73 0.63 0.63 0.64 0.75 0.29 0.52 0.73 0.30 0.73 0.76 0.85 0.86 0.75 0.76 0.85 0.86 1.00 0.76 1.00
0.46 0.64 0.64 0.62 0.36 0.56 0.64 0.61 0.57 0.62 0.65 0.67 0.62 0.72 0.72 0.72 0.45 0.80 0.54 0.79 0.72 0.72 0.72 0.80 0.38 0.60 0.79 0.37 0.78 0.80 0.88 0.88 0.80 0.80 0.88 0.89 1.00 0.80 1.00
0.94 0.99 0.99 0.99 0.88 0.98 0.99 0.99 0.98 0.99 0.99 0.99 0.99 0.99 0.99 0.99 0.87 0.99 0.93 0.99 0.99 0.99 0.99 0.99 0.93 0.97 0.99 0.88 0.99 0.99 1.00 1.00 0.99 0.99 1.00 1.00 1.00 0.99 1.00
0.65 0.82 0.82 0.80 0.54 0.76 0.82 0.80 0.76 0.81 0.83 0.84 0.81 0.87 0.87 0.86 0.59 0.91 0.68 0.90 0.87 0.87 0.87 0.91 0.56 0.76 0.90 0.53 0.88 0.91 0.94 0.95 0.91 0.91 0.94 0.95 1.00 0.91 1.00
0.65 0.82 0.82 0.80 0.55 0.75 0.82 0.80 0.76 0.79 0.83 0.84 0.79 0.87 0.87 0.86 0.59 0.91 0.68 0.90 0.87 0.87 0.87 0.91 0.57 0.76 0.90 0.54 0.88 0.91 0.95 0.95 0.91 0.91 0.95 0.95 1.00 0.91 1.00
0.94 0.99 0.99 0.99 0.90 0.98 0.99 0.99 0.98 0.99 0.99 0.99 0.99 1.00 0.99 0.99 0.88 1.00 0.94 0.99 1.00 1.00 0.99 1.00 0.93 0.98 0.99 0.89 0.99 0.99 1.00 1.00 1.00 0.99 1.00 1.00 1.00 0.99 1.00
0.42 0.60 0.60 0.57 0.32 0.53 0.60 0.57 0.53 0.58 0.62 0.64 0.58 0.69 0.69 0.69 0.44 0.79 0.51 0.77 0.69 0.69 0.70 0.79 0.35 0.58 0.77 0.35 0.76 0.79 0.87 0.88 0.79 0.79 0.87 0.88 1.00 0.79 1.00
0.53 0.71 0.71 0.70 0.43 0.65 0.71 0.69 0.65 0.70 0.73 0.74 0.70 0.79 0.79 0.78 0.51 0.85 0.59 0.84 0.79 0.79 0.79 0.85 0.45 0.66 0.84 0.43 0.82 0.85 0.91 0.91 0.85 0.85 0.91 0.91 1.00 0.85 1.00
0.85 0.96 0.96 0.95 0.76 0.92 0.96 0.95 0.93 0.94 0.96 0.96 0.94 0.97 0.97 0.97 0.76 0.97 0.84 0.97 0.97 0.97 0.97 0.97 0.80 0.91 0.97 0.75 0.96 0.97 0.98 0.98 0.97 0.97 0.98 0.98 1.00 0.97 1.00
0.56 0.74 0.74 0.72 0.45 0.68 0.74 0.72 0.68 0.73 0.76 0.77 0.73 0.80 0.81 0.80 0.53 0.86 0.62 0.85 0.80 0.80 0.81 0.86 0.47 0.68 0.85 0.46 0.83 0.86 0.92 0.92 0.86 0.86 0.92 0.92 1.00 0.86 1.00
0.35 0.52 0.52 0.50 0.26 0.45 0.52 0.50 0.46 0.51 0.54 0.56 0.51 0.62 0.62 0.63 0.38 0.74 0.47 0.72 0.62 0.62 0.62 0.74 0.28 0.50 0.72 0.28 0.71 0.75 0.84 0.85 0.74 0.75 0.84 0.85 1.00 0.75 1.00
0.91 0.99 0.99 0.98 0.86 0.97 0.99 0.98 0.97 0.98 0.99 0.99 0.98 0.99 0.99 0.99 0.84 0.99 0.92 0.99 0.99 0.99 0.99 0.99 0.89 0.96 0.99 0.84 0.98 0.99 0.99 0.99 0.99 0.99 0.99 0.99 1.00 0.99 1.00
0.41 0.58 0.58 0.55 0.30 0.51 0.58 0.55 0.51 0.57 0.59 0.61 0.57 0.66 0.67 0.67 0.42 0.77 0.50 0.76 0.66 0.66 0.67 0.77 0.34 0.55 0.76 0.34 0.74 0.78 0.87 0.87 0.77 0.78 0.87 0.87 1.00 0.78 1.00
0.36 0.53 0.53 0.51 0.27 0.46 0.53 0.51 0.47 0.51 0.55 0.57 0.51 0.62 0.63 0.64 0.38 0.74 0.46 0.73 0.62 0.62 0.63 0.74 0.29 0.52 0.73 0.30 0.72 0.75 0.85 0.86 0.74 0.75 0.85 0.86 1.00 0.75 1.00
0.59 0.75 0.75 0.73 0.47 0.70 0.75 0.73 0.69 0.74 0.77 0.78 0.74 0.82 0.82 0.81 0.54 0.87 0.63 0.86 0.82 0.82 0.82 0.87 0.49 0.71 0.86 0.47 0.85 0.88 0.92 0.92 0.87 0.88 0.92 0.93 1.00 0.88 1.00
0.49 0.68 0.68 0.65 0.40 0.60 0.68 0.65 0.61 0.65 0.69 0.71 0.65 0.75 0.75 0.75 0.47 0.83 0.57 0.81 0.75 0.75 0.76 0.83 0.42 0.63 0.81 0.40 0.80 0.83 0.90 0.90 0.83 0.83 0.90 0.91 1.00 0.83 1.00
0.76 0.90 0.90 0.88 0.65 0.85 0.90 0.88 0.85 0.88 0.90 0.91 0.88 0.93 0.93 0.92 0.67 0.95 0.77 0.94 0.93 0.93 0.93 0.95 0.68 0.84 0.94 0.64 0.92 0.94 0.97 0.97 0.95 0.94 0.97 0.97 1.00 0.94 1.00
0.64 0.81 0.81 0.79 0.53 0.75 0.81 0.79 0.76 0.79 0.82 0.83 0.79 0.87 0.86 0.86 0.58 0.90 0.68 0.89 0.87 0.87 0.87 0.90 0.56 0.75 0.89 0.53 0.87 0.90 0.94 0.94 0.90 0.90 0.94 0.94 1.00 0.90 1.00
0.42 0.60 0.60 0.57 0.32 0.52 0.60 0.57 0.54 0.58 0.62 0.63 0.58 0.68 0.68 0.69 0.43 0.78 0.51 0.77 0.68 0.68 0.69 0.78 0.34 0.56 0.77 0.34 0.76 0.79 0.87 0.88 0.78 0.79 0.87 0.88 1.00 0.79 1.00
0.43 0.61 0.61 0.59 0.33 0.54 0.61 0.58 0.54 0.59 0.62 0.63 0.59 0.69 0.69 0.70 0.43 0.79 0.51 0.77 0.69 0.69 0.69 0.79 0.35 0.57 0.77 0.35 0.76 0.79 0.87 0.88 0.79 0.79 0.87 0.88 1.00 0.79 1.00
0.36 0.52 0.52 0.50 0.26 0.46 0.52 0.49 0.45 0.51 0.55 0.56 0.51 0.62 0.62 0.63 0.38 0.74 0.45 0.72 0.62 0.62 0.63 0.74 0.29 0.51 0.72 0.28 0.71 0.75 0.84 0.85 0.74 0.75 0.84 0.86 1.00 0.75 1.00
0.67 0.83 0.83 0.82 0.57 0.77 0.83 0.81 0.78 0.82 0.84 0.85 0.82 0.88 0.88 0.87 0.61 0.92 0.70 0.91 0.88 0.88 0.88 0.92 0.59 0.78 0.91 0.55 0.89 0.91 0.95 0.95 0.92 0.91 0.95 0.95 1.00 0.91 1.00
0.95 0.99 0.99 0.99 0.91 0.98 0.99 0.99 0.99 0.99 0.99 0.99 0.99 1.00 1.00 0.99 0.90 1.00 0.95 0.99 1.00 1.00 1.00 1.00 0.94 0.98 0.99 0.91 0.99 0.99 1.00 1.00 1.00 0.99 1.00 1.00 1.00 0.99 1.00
0.70 0.86 0.86 0.84 0.59 0.80 0.86 0.84 0.80 0.84 0.87 0.87 0.84 0.90 0.90 0.89 0.63 0.93 0.72 0.91 0.90 0.90 0.90 0.93 0.62 0.79 0.91 0.59 0.89 0.92 0.95 0.95 0.93 0.92 0.95 0.95 1.00 0.92 1.00
0.87 0.97 0.97 0.96 0.78 0.94 0.97 0.96 0.94 0.96 0.97 0.97 0.96 0.98 0.98 0.97 0.78 0.98 0.86 0.98 0.98 0.98 0.98 0.98 0.83 0.92 0.98 0.78 0.97 0.98 0.99 0.99 0.98 0.98 0.99 0.99 1.00 0.98 1.00
0.37 0.53 0.53 0.51 0.27 0.48 0.53 0.51 0.47 0.53 0.55 0.56 0.53 0.62 0.62 0.64 0.39 0.74 0.47 0.73 0.62 0.62 0.63 0.74 0.29 0.52 0.73 0.29 0.72 0.75 0.84 0.85 0.74 0.75 0.84 0.86 1.00 0.75 1.00
0.74 0.89 0.89 0.87 0.64 0.84 0.89 0.87 0.84 0.88 0.90 0.91 0.88 0.92 0.93 0.92 0.67 0.94 0.77 0.93 0.92 0.92 0.93 0.94 0.67 0.83 0.93 0.62 0.92 0.94 0.96 0.96 0.94 0.94 0.96 0.96 1.00 0.94 1.00
0.44 0.62 0.62 0.60 0.34 0.55 0.62 0.60 0.56 0.60 0.64 0.65 0.60 0.70 0.71 0.71 0.45 0.80 0.53 0.78 0.70 0.70 0.71 0.80 0.37 0.59 0.78 0.36 0.77 0.80 0.88 0.88 0.80 0.80 0.88 0.88 1.00 0.80 1.00
0.49 0.67 0.67 0.65 0.38 0.59 0.67 0.64 0.60 0.65 0.68 0.70 0.65 0.74 0.74 0.74 0.47 0.82 0.57 0.81 0.74 0.74 0.75 0.82 0.40 0.62 0.81 0.39 0.79 0.82 0.89 0.90 0.82 0.82 0.89 0.90 1.00 0.82 1.00
0.46 0.64 0.64 0.62 0.35 0.57 0.64 0.61 0.58 0.62 0.66 0.67 0.62 0.72 0.72 0.72 0.45 0.81 0.54 0.79 0.72 0.72 0.72 0.81 0.39 0.60 0.79 0.38 0.78 0.81 0.88 0.89 0.81 0.81 0.88 0.89 1.00 0.81 1.00
0.88 0.97 0.97 0.96 0.80 0.94 0.97 0.96 0.94 0.96 0.97 0.97 0.96 0.98 0.98 0.97 0.79 0.98 0.88 0.98 0.98 0.98 0.98 0.98 0.83 0.93 0.98 0.78 0.97 0.98 0.98 0.98 0.98 0.98 0.98 0.98 1.00 0.98 1.00
0.95 0.99 0.99 0.99 0.91 0.99 0.99 0.99 0.99 0.99 0.99 1.00 0.99 1.00 1.00 0.99 0.90 1.00 0.95 1.00 1.00 1.00 1.00 1.00 0.95 0.98 1.00 0.91 0.99 1.00 1.00 1.00 1.00 1.00 1.00 1.00 1.00 1.00 1.00
0.88 0.97 0.97 0.97 0.81 0.95 0.97 0.96 0.95 0.97 0.97 0.98 0.97 0.98 0.98 0.98 0.80 0.99 0.88 0.98 0.98 0.98 0.98 0.99 0.84 0.94 0.98 0.80 0.97 0.98 0.99 0.99 0.99 0.98 0.99 0.99 1.00 0.98 1.00
0.35 0.52 0.52 0.51 0.27 0.46 0.52 0.50 0.46 0.51 0.54 0.56 0.51 0.62 0.62 0.63 0.39 0.75 0.47 0.73 0.62 0.62 0.63 0.75 0.29 0.52 0.73 0.30 0.72 0.76 0.85 0.86 0.75 0.76 0.85 0.86 1.00 0.76 1.00
0.87 0.97 0.97 0.96 0.79 0.94 0.97 0.96 0.94 0.96 0.97 0.97 0.96 0.98 0.98 0.97 0.78 0.98 0.87 0.98 0.98 0.98 0.98 0.98 0.83 0.93 0.98 0.79 0.97 0.98 0.98 0.99 0.98 0.98 0.98 0.99 1.00 0.98 1.00
0.73 0.88 0.88 0.86 0.63 0.83 0.88 0.86 0.83 0.86 0.89 0.89 0.86 0.91 0.91 0.90 0.65 0.94 0.75 0.93 0.91 0.91 0.91 0.94 0.65 0.81 0.93 0.61 0.90 0.93 0.96 0.96 0.94 0.93 0.96 0.96 1.00 0.93 1.00
0.79 0.92 0.92 0.91 0.69 0.88 0.92 0.91 0.88 0.91 0.93 0.93 0.91 0.95 0.95 0.94 0.71 0.96 0.80 0.95 0.95 0.95 0.95 0.96 0.74 0.87 0.95 0.70 0.94 0.95 0.97 0.97 0.96 0.95 0.97 0.97 1.00 0.95 1.00
0.74 0.88 0.88 0.87 0.63 0.83 0.88 0.86 0.84 0.87 0.89 0.90 0.87 0.92 0.92 0.91 0.65 0.94 0.76 0.93 0.92 0.92 0.92 0.94 0.65 0.83 0.93 0.61 0.91 0.93 0.96 0.96 0.94 0.93 0.96 0.96 1.00 0.93 1.00
