0.92 0.95 0.95 0.95 0.88 0.95 0.95 0.95 0.95 0.95 0.95 0.95 0.95 0.95 0.95 0.95 0.87 0.95 0.92 0.95 0.95 0.95 0.95 0.95 1.00 0.95 0.95 0.94 0.95 0.95 0.95 0.95 0.95 0.95 0.95 0.95 0.95 0.95 0.95
0.58 0.69 0.69 0.68 0.50 0.65 0.69 0.67 0.65 0.67 0.69 0.69 0.67 0.72 0.71 0.69 0.49 0.70 0.58 0.70 0.72 0.72 0.71 0.70 1.00 0.65 0.70 0.77 0.68 0.71 0.70 0.70 0.70 0.71 0.70 0.70 0.69 0.71 0.69
0.36 0.47 0.47 0.46 0.29 0.43 0.47 0.46 0.43 0.46 0.49 0.50 0.46 0.55 0.53 0.49 0.32 0.51 0.38 0.53 0.55 0.55 0.54 0.51 1.00 0.45 0.53 0.68 0.49 0.53 0.52 0.52 0.51 0.53 0.52 0.52 0.50 0.53 0.50
0.91 0.95 0.95 0.95 0.88 0.94 0.95 0.95 0.95 0.95 0.95 0.95 0.95 0.95 0.95 0.95 0.87 0.95 0.91 0.95 0.95 0.95 0.95 0.95 1.00 0.95 0.95 0.94 0.95 0.95 0.95 0.95 0.95 0.95 0.95 0.95 0.95 0.95 0.95
0.19 0.28 0.28 0.27 0.14 0.25 0.28 0.26 0.24 0.28 0.29 0.31 0.28 0.39 0.37 0.30 0.17 0.32 0.22 0.34 0.39 0.39 0.37 0.32 1.00 0.26 0.34 0.58 0.30 0.35 0.33 0.34 0.32 0.35 0.33 0.34 0.30 0.35 0.30
0.32 0.42 0.42 0.41 0.25 0.39 0.42 0.40 0.38 0.42 0.43 0.45 0.42 0.50 0.49 0.44 0.27 0.45 0.34 0.47 0.50 0.50 0.49 0.45 1.00 0.40 0.47 0.65 0.44 0.48 0.47 0.47 0.45 0.48 0.47 0.47 0.44 0.48 0.44
0.31 0.41 0.41 0.39 0.24 0.38 0.41 0.39 0.37 0.40 0.42 0.43 0.40 0.49 0.47 0.43 0.27 0.44 0.32 0.46 0.49 0.49 0.48 0.44 1.00 0.38 0.46 0.65 0.42 0.47 0.46 0.46 0.44 0.47 0.46 0.46 0.43 0.47 0.43
0.90 0.94 0.94 0.94 0.86 0.94 0.94 0.94 0.94 0.94 0.95 0.95 0.94 0.95 0.95 0.94 0.85 0.95 0.90 0.95 0.95 0.95 0.95 0.95 1.00 0.94 0.95 0.93 0.94 0.95 0.95 0.95 0.95 0.95 0.95 0.95 0.94 0.95 0.94
0.25 0.35 0.35 0.33 0.19 0.31 0.35 0.33 0.30 0.34 0.36 0.37 0.34 0.44 0.42 0.37 0.21 0.38 0.28 0.40 0.44 0.44 0.42 0.38 1.00 0.32 0.40 0.62 0.36 0.41 0.40 0.39 0.38 0.41 0.40 0.39 0.36 0.41 0.36
0.80 0.87 0.87 0.87 0.74 0.85 0.87 0.86 0.85 0.87 0.87 0.87 0.87 0.88 0.88 0.87 0.73 0.88 0.79 0.88 0.88 0.88 0.88 0.88 1.00 0.85 0.88 0.87 0.87 0.88 0.88 0.88 0.88 0.88 0.88 0.88 0.87 0.88 0.87
0.56 0.67 0.67 0.66 0.48 0.64 0.67 0.66 0.64 0.66 0.68 0.68 0.66 0.71 0.70 0.68 0.48 0.69 0.56 0.69 0.71 0.71 0.70 0.69 1.00 0.64 0.69 0.76 0.67 0.69 0.69 0.69 0.69 0.69 0.69 0.69 0.67 0.69 0.67
0.34 0.45 0.45 0.43 0.27 0.41 0.45 0.43 0.40 0.44 0.46 0.47 0.44 0.52 0.51 0.47 0.28 0.48 0.36 0.49 0.52 0.52 0.51 0.48 1.00 0.43 0.49 0.66 0.46 0.50 0.49 0.49 0.48 0.50 0.49 0.49 0.46 0.50 0.46
0.19 0.28 0.28 0.27 0.14 0.25 0.28 0.26 0.24 0.28 0.29 0.31 0.28 0.38 0.36 0.30 0.16 0.31 0.21 0.34 0.38 0.38 0.36 0.31 1.00 0.27 0.34 0.59 0.30 0.35 0.33 0.33 0.31 0.35 0.33 0.33 0.30 0.35 0.30
0.93 0.96 0.96 0.96 0.90 0.96 0.96 0.96 0.96 0.96 0.96 0.96 0.96 0.96 0.96 0.96 0.89 0.96 0.93 0.96 0.96 0.96 0.96 0.96 1.00 0.96 0.96 0.94 0.96 0.96 0.96 0.96 0.96 0.96 0.96 0.96 0.96 0.96 0.96
0.29 0.39 0.39 0.38 0.22 0.36 0.39 0.37 0.35 0.39 0.41 0.42 0.39 0.48 0.46 0.41 0.25 0.42 0.31 0.45 0.48 0.48 0.47 0.42 1.00 0.37 0.45 0.64 0.41 0.45 0.44 0.44 0.42 0.45 0.44 0.44 0.41 0.45 0.41
0.90 0.94 0.94 0.94 0.86 0.94 0.94 0.94 0.94 0.94 0.94 0.94 0.94 0.95 0.95 0.95 0.85 0.95 0.89 0.95 0.95 0.95 0.95 0.95 1.00 0.94 0.95 0.93 0.94 0.95 0.95 0.95 0.95 0.95 0.95 0.95 0.94 0.95 0.94
0.43 0.55 0.55 0.53 0.35 0.50 0.55 0.53 0.51 0.53 0.56 0.56 0.53 0.60 0.59 0.56 0.37 0.57 0.44 0.58 0.60 0.60 0.59 0.57 1.00 0.50 0.58 0.70 0.54 0.58 0.57 0.57 0.57 0.58 0.57 0.57 0.55 0.58 0.55
0.46 0.57 0.57 0.56 0.38 0.54 0.57 0.56 0.54 0.56 0.58 0.59 0.56 0.63 0.62 0.59 0.39 0.60 0.47 0.61 0.63 0.63 0.62 0.60 1.00 0.54 0.61 0.72 0.58 0.61 0.61 0.61 0.60 0.61 0.61 0.61 0.59 0.61 0.59
0.44 0.55 0.55 0.54 0.36 0.51 0.55 0.53 0.51 0.54 0.56 0.57 0.54 0.61 0.60 0.56 0.37 0.58 0.45 0.58 0.61 0.61 0.60 0.58 1.00 0.52 0.58 0.70 0.56 0.59 0.59 0.59 0.58 0.59 0.59 0.59 0.56 0.59 0.56
0.54 0.65 0.65 0.64 0.46 0.61 0.65 0.64 0.61 0.64 0.65 0.66 0.64 0.69 0.68 0.66 0.46 0.67 0.55 0.68 0.69 0.69 0.69 0.67 1.00 0.62 0.68 0.75 0.66 0.68 0.68 0.68 0.67 0.68 0.68 0.68 0.66 0.68 0.66
0.34 0.45 0.45 0.44 0.27 0.42 0.45 0.43 0.41 0.45 0.47 0.48 0.45 0.53 0.51 0.47 0.30 0.49 0.37 0.50 0.53 0.53 0.52 0.49 1.00 0.43 0.50 0.67 0.47 0.51 0.50 0.50 0.49 0.51 0.50 0.50 0.47 0.51 0.47
0.27 0.37 0.37 0.36 0.21 0.33 0.37 0.35 0.33 0.36 0.38 0.39 0.36 0.45 0.43 0.39 0.23 0.40 0.29 0.42 0.45 0.45 0.44 0.40 1.00 0.34 0.42 0.62 0.38 0.42 0.41 0.41 0.40 0.42 0.41 0.41 0.38 0.42 0.38
0.23 0.32 0.32 0.31 0.18 0.29 0.32 0.31 0.29 0.33 0.34 0.35 0.33 0.42 0.40 0.34 0.20 0.36 0.26 0.38 0.42 0.42 0.41 0.36 1.00 0.30 0.38 0.60 0.34 0.39 0.38 0.38 0.36 0.39 0.38 0.38 0.35 0.39 0.35
0.55 0.66 0.66 0.65 0.47 0.63 0.66 0.65 0.63 0.65 0.67 0.67 0.65 0.70 0.69 0.67 0.47 0.68 0.56 0.69 0.70 0.70 0.69 0.68 1.00 0.63 0.69 0.76 0.67 0.69 0.69 0.68 0.68 0.69 0.69 0.69 0.67 0.69 0.67
0.30 0.40 0.40 0.39 0.23 0.36 0.40 0.39 0.36 0.40 0.42 0.43 0.40 0.49 0.47 0.42 0.26 0.44 0.31 0.45 0.49 0.49 0.47 0.44 1.00 0.37 0.45 0.64 0.41 0.46 0.45 0.45 0.44 0.46 0.45 0.45 0.42 0.46 0.42
0.86 0.92 0.92 0.92 0.82 0.91 0.92 0.92 0.91 0.92 0.92 0.92 0.92 0.92 0.92 0.92 0.81 0.92 0.87 0.92 0.92 0.92 0.92 0.92 1.00 0.91 0.92 0.91 0.92 0.92 0.92 0.92 0.92 0.92 0.92 0.92 0.92 0.92 0.92
0.49 0.60 0.60 0.59 0.41 0.55 0.60 0.58 0.56 0.58 0.61 0.61 0.58 0.65 0.64 0.61 0.41 0.62 0.49 0.63 0.65 0.65 0.64 0.62 1.00 0.56 0.63 0.73 0.60 0.63 0.63 0.63 0.62 0.63 0.63 0.63 0.61 0.63 0.61
0.36 0.47 0.47 0.45 0.28 0.43 0.47 0.45 0.42 0.46 0.48 0.49 0.46 0.54 0.53 0.48 0.30 0.49 0.38 0.52 0.54 0.54 0.53 0.49 1.00 0.44 0.52 0.67 0.48 0.52 0.51 0.51 0.49 0.52 0.51 0.51 0.48 0.52 0.48
0.18 0.27 0.27 0.26 0.14 0.24 0.27 0.25 0.23 0.27 0.28 0.29 0.27 0.37 0.35 0.29 0.16 0.30 0.21 0.33 0.37 0.37 0.35 0.30 1.00 0.25 0.33 0.57 0.29 0.34 0.32 0.32 0.30 0.34 0.32 0.32 0.29 0.34 0.29
0.40 0.51 0.51 0.49 0.32 0.46 0.51 0.49 0.46 0.49 0.52 0.52 0.49 0.57 0.56 0.52 0.33 0.53 0.41 0.54 0.57 0.57 0.56 0.53 1.00 0.47 0.54 0.69 0.51 0.55 0.54 0.54 0.53 0.55 0.54 0.54 0.52 0.55 0.52
0.20 0.29 0.29 0.27 0.14 0.26 0.29 0.27 0.25 0.29 0.31 0.32 0.29 0.39 0.37 0.31 0.17 0.33 0.23 0.35 0.39 0.39 0.37 0.33 1.00 0.27 0.35 0.59 0.31 0.36 0.34 0.34 0.33 0.36 0.34 0.34 0.32 0.36 0.32
0.51 0.62 0.62 0.61 0.43 0.59 0.62 0.61 0.59 0.61 0.63 0.64 0.61 0.67 0.66 0.63 0.44 0.64 0.53 0.65 0.67 0.67 0.66 0.64 1.00 0.60 0.65 0.74 0.63 0.66 0.65 0.65 0.64 0.66 0.65 0.65 0.63 0.66 0.63
0.27 0.37 0.37 0.35 0.20 0.33 0.37 0.35 0.33 0.36 0.38 0.39 0.36 0.46 0.44 0.39 0.23 0.41 0.29 0.43 0.46 0.46 0.45 0.41 1.00 0.35 0.43 0.63 0.39 0.43 0.42 0.42 0.41 0.43 0.42 0.42 0.39 0.43 0.39
0.42 0.53 0.53 0.51 0.34 0.49 0.53 0.51 0.48 0.52 0.53 0.54 0.52 0.59 0.58 0.54 0.36 0.56 0.43 0.56 0.59 0.59 0.58 0.56 1.00 0.50 0.56 0.69 0.54 0.57 0.56 0.56 0.56 0.57 0.56 0.56 0.54 0.57 0.54
0.57 0.67 0.67 0.66 0.49 0.63 0.67 0.66 0.64 0.66 0.68 0.68 0.66 0.70 0.70 0.68 0.50 0.69 0.57 0.69 0.70 0.70 0.70 0.69 1.00 0.64 0.69 0.77 0.67 0.70 0.69 0.69 0.69 0.70 0.69 0.69 0.68 0.70 0.68
0.40 0.51 0.51 0.49 0.32 0.47 0.51 0.49 0.47 0.50 0.52 0.52 0.50 0.57 0.56 0.53 0.34 0.54 0.42 0.55 0.57 0.57 0.56 0.54 1.00 0.48 0.55 0.69 0.52 0.55 0.55 0.55 0.54 0.55 0.55 0.55 0.52 0.55 0.52
0.45 0.57 0.57 0.55 0.38 0.53 0.57 0.55 0.53 0.55 0.58 0.58 0.55 0.62 0.61 0.58 0.39 0.59 0.47 0.60 0.62 0.62 0.61 0.59 1.00 0.54 0.60 0.71 0.57 0.60 0.60 0.60 0.59 0.60 0.60 0.60 0.58 0.60 0.58
0.84 0.90 0.90 0.90 0.79 0.89 0.90 0.90 0.89 0.90 0.90 0.90 0.90 0.91 0.91 0.90 0.78 0.91 0.84 0.90 0.91 0.91 0.91 0.91 1.00 0.89 0.90 0.89 0.90 0.91 0.90 0.90 0.91 0.91 0.90 0.90 0.90 0.91 0.90
0.60 0.71 0.71 0.69 0.51 0.67 0.71 0.69 0.67 0.69 0.71 0.72 0.69 0.74 0.73 0.71 0.52 0.72 0.60 0.72 0.74 0.74 0.73 0.72 1.00 0.68 0.72 0.78 0.71 0.73 0.73 0.73 0.72 0.73 0.73 0.73 0.71 0.73 0.71
0.73 0.81 0.81 0.80 0.65 0.78 0.81 0.80 0.78 0.80 0.81 0.82 0.80 0.83 0.82 0.82 0.65 0.82 0.72 0.82 0.83 0.83 0.82 0.82 1.00 0.79 0.82 0.84 0.81 0.82 0.82 0.82 0.82 0.82 0.82 0.82 0.81 0.82 0.81
0.20 0.29 0.29 0.27 0.15 0.26 0.29 0.27 0.25 0.29 0.30 0.31 0.29 0.39 0.36 0.30 0.17 0.32 0.22 0.35 0.39 0.39 0.37 0.32 1.00 0.27 0.35 0.60 0.30 0.36 0.34 0.34 0.32 0.36 0.34 0.34 0.31 0.36 0.31
0.63 0.74 0.74 0.73 0.55 0.70 0.74 0.73 0.71 0.73 0.74 0.75 0.73 0.77 0.76 0.74 0.56 0.75 0.64 0.76 0.77 0.77 0.76 0.75 1.00 0.71 0.76 0.80 0.74 0.76 0.76 0.76 0.75 0.76 0.76 0.76 0.74 0.76 0.74
0.52 0.63 0.63 0.62 0.44 0.59 0.63 0.61 0.59 0.62 0.63 0.64 0.62 0.67 0.67 0.64 0.44 0.65 0.53 0.66 0.67 0.67 0.67 0.65 1.00 0.60 0.66 0.74 0.64 0.66 0.66 0.66 0.65 0.66 0.66 0.66 0.64 0.66 0.64
0.39 0.50 0.50 0.49 0.31 0.47 0.50 0.48 0.46 0.49 0.51 0.52 0.49 0.57 0.56 0.52 0.33 0.53 0.40 0.54 0.57 0.57 0.56 0.53 1.00 0.47 0.54 0.69 0.51 0.55 0.54 0.54 0.53 0.55 0.54 0.54 0.51 0.55 0.51
0.56 0.67 0.67 0.67 0.49 0.64 0.67 0.66 0.64 0.66 0.68 0.68 0.66 0.71 0.70 0.68 0.48 0.69 0.57 0.69 0.71 0.71 0.70 0.69 1.00 0.64 0.69 0.76 0.67 0.70 0.69 0.69 0.69 0.70 0.69 0.69 0.67 0.70 0.67
0.27 0.36 0.36 0.35 0.20 0.33 0.36 0.34 0.32 0.36 0.38 0.39 0.36 0.46 0.44 0.38 0.22 0.40 0.29 0.42 0.46 0.46 0.44 0.40 1.00 0.34 0.42 0.62 0.38 0.42 0.41 0.41 0.40 0.42 0.41 0.41 0.38 0.42 0.38
0.34 0.45 0.45 0.44 0.27 0.41 0.45 0.43 0.41 0.44 0.46 0.47 0.44 0.53 0.52 0.47 0.29 0.48 0.36 0.50 0.53 0.53 0.52 0.48 1.00 0.43 0.50 0.66 0.47 0.51 0.50 0.50 0.48 0.51 0.50 0.50 0.47 0.51 0.47
0.31 0.42 0.42 0.40 0.24 0.38 0.42 0.40 0.38 0.41 0.43 0.44 0.41 0.50 0.48 0.43 0.26 0.45 0.33 0.46 0.50 0.50 0.49 0.45 1.00 0.39 0.46 0.65 0.42 0.47 0.46 0.46 0.45 0.47 0.46 0.46 0.43 0.47 0.43
0.56 0.67 0.67 0.66 0.49 0.64 0.67 0.66 0.64 0.67 0.68 0.68 0.67 0.71 0.70 0.68 0.49 0.69 0.57 0.69 0.71 0.71 0.70 0.69 1.00 0.64 0.69 0.76 0.67 0.70 0.69 0.69 0.69 0.70 0.69 0.69 0.67 0.70 0.67
0.37 0.47 0.47 0.46 0.29 0.44 0.47 0.45 0.43 0.46 0.48 0.49 0.46 0.54 0.53 0.49 0.30 0.50 0.37 0.52 0.54 0.54 0.53 0.50 1.00 0.44 0.52 0.67 0.48 0.52 0.51 0.51 0.50 0.52 0.51 0.51 0.48 0.52 0.48
0.24 0.33 0.33 0.32 0.18 0.30 0.33 0.31 0.29 0.33 0.35 0.36 0.33 0.43 0.41 0.35 0.20 0.37 0.27 0.39 0.43 0.43 0.41 0.37 1.00 0.31 0.39 0.61 0.35 0.40 0.39 0.39 0.37 0.40 0.39 0.39 0.36 0.40 0.36
0.22 0.31 0.31 0.30 0.16 0.28 0.31 0.29 0.27 0.31 0.33 0.34 0.31 0.41 0.39 0.33 0.19 0.35 0.24 0.37 0.41 0.41 0.39 0.35 1.00 0.29 0.37 0.60 0.32 0.37 0.36 0.36 0.35 0.37 0.36 0.36 0.33 0.37 0.33
0.20 0.28 0.28 0.27 0.15 0.26 0.28 0.27 0.25 0.29 0.30 0.31 0.29 0.39 0.37 0.31 0.17 0.32 0.22 0.35 0.39 0.39 0.37 0.32 1.00 0.27 0.35 0.59 0.30 0.35 0.34 0.34 0.32 0.35 0.34 0.34 0.31 0.35 0.31
0.80 0.87 0.87 0.86 0.74 0.85 0.87 0.86 0.85 0.86 0.87 0.87 0.86 0.87 0.87 0.87 0.72 0.87 0.79 0.87 0.87 0.87 0.87 0.87 1.00 0.85 0.87 0.87 0.86 0.87 0.87 0.87 0.87 0.87 0.87 0.87 0.86 0.87 0.86
0.34 0.45 0.45 0.43 0.28 0.41 0.45 0.43 0.41 0.44 0.46 0.47 0.44 0.52 0.51 0.47 0.29 0.48 0.35 0.49 0.52 0.52 0.51 0.48 1.00 0.42 0.49 0.66 0.46 0.50 0.49 0.49 0.48 0.50 0.49 0.49 0.46 0.50 0.46
0.37 0.49 0.49 0.47 0.30 0.45 0.49 0.47 0.44 0.48 0.50 0.51 0.48 0.56 0.54 0.50 0.32 0.51 0.39 0.53 0.56 0.56 0.55 0.51 1.00 0.46 0.53 0.68 0.50 0.53 0.53 0.53 0.51 0.53 0.53 0.53 0.50 0.53 0.50
0.70 0.79 0.79 0.79 0.63 0.76 0.79 0.78 0.77 0.78 0.80 0.80 0.78 0.81 0.81 0.79 0.62 0.80 0.70 0.80 0.81 0.81 0.81 0.80 1.00 0.76 0.80 0.82 0.79 0.80 0.80 0.80 0.80 0.80 0.80 0.80 0.79 0.80 0.79
0.28 0.38 0.38 0.36 0.22 0.35 0.38 0.36 0.34 0.38 0.40 0.41 0.38 0.47 0.45 0.40 0.24 0.42 0.31 0.44 0.47 0.47 0.46 0.42 1.00 0.36 0.44 0.63 0.40 0.45 0.44 0.44 0.42 0.45 0.44 0.44 0.41 0.45 0.41
0.92 0.95 0.95 0.95 0.87 0.95 0.95 0.95 0.95 0.95 0.95 0.95 0.95 0.96 0.96 0.95 0.87 0.95 0.91 0.95 0.96 0.96 0.96 0.95 1.00 0.95 0.95 0.93 0.95 0.95 0.96 0.96 0.95 0.95 0.96 0.96 0.95 0.95 0.95
0.44 0.56 0.56 0.55 0.36 0.52 0.56 0.54 0.52 0.55 0.57 0.58 0.55 0.62 0.61 0.57 0.38 0.58 0.46 0.59 0.62 0.62 0.61 0.58 1.00 0.53 0.59 0.71 0.56 0.60 0.59 0.59 0.58 0.60 0.59 0.59 0.57 0.60 0.57
0.41 0.52 0.52 0.51 0.33 0.48 0.52 0.50 0.48 0.51 0.53 0.54 0.51 0.58 0.57 0.53 0.35 0.54 0.42 0.56 0.58 0.58 0.57 0.54 1.00 0.48 0.56 0.69 0.52 0.56 0.55 0.55 0.54 0.56 0.55 0.55 0.53 0.56 0.53
0.53 0.63 0.63 0.62 0.45 0.60 0.63 0.62 0.60 0.62 0.64 0.64 0.62 0.67 0.67 0.64 0.45 0.65 0.53 0.66 0.67 0.67 0.67 0.65 1.00 0.60 0.66 0.75 0.64 0.66 0.66 0.66 0.65 0.66 0.66 0.66 0.64 0.66 0.64
0.28 0.38 0.38 0.36 0.21 0.34 0.38 0.36 0.34 0.37 0.39 0.40 0.37 0.47 0.45 0.40 0.23 0.41 0.30 0.43 0.47 0.47 0.45 0.41 1.00 0.36 0.43 0.62 0.39 0.44 0.42 0.42 0.41 0.44 0.42 0.42 0.39 0.44 0.39
0.92 0.96 0.96 0.96 0.89 0.95 0.96 0.96 0.95 0.96 0.96 0.96 0.96 0.96 0.96 0.96 0.88 0.96 0.93 0.96 0.96 0.96 0.96 0.96 1.00 0.95 0.96 0.94 0.96 0.96 0.96 0.96 0.96 0.96 0.96 0.96 0.96 0.96 0.96
0.62 0.72 0.72 0.71 0.55 0.69 0.72 0.71 0.69 0.71 0.73 0.73 0.71 0.75 0.75 0.73 0.54 0.74 0.62 0.74 0.75 0.75 0.75 0.74 1.00 0.70 0.74 0.79 0.72 0.74 0.74 0.74 0.74 0.74 0.74 0.74 0.73 0.74 0.73
0.43 0.55 0.55 0.53 0.36 0.51 0.55 0.53 0.51 0.54 0.56 0.56 0.54 0.61 0.60 0.56 0.37 0.57 0.45 0.59 0.61 0.61 0.60 0.57 1.00 0.52 0.59 0.70 0.56 0.59 0.59 0.59 0.57 0.59 0.59 0.59 0.56 0.59 0.56
0.52 0.63 0.63 0.62 0.44 0.59 0.63 0.61 0.59 0.62 0.64 0.64 0.62 0.67 0.67 0.64 0.45 0.65 0.53 0.66 0.67 0.67 0.67 0.65 1.00 0.60 0.66 0.75 0.63 0.66 0.66 0.66 0.65 0.66 0.66 0.66 0.64 0.66 0.64
0.42 0.54 0.54 0.53 0.35 0.50 0.54 0.52 0.50 0.53 0.55 0.55 0.53 0.60 0.59 0.55 0.37 0.57 0.44 0.58 0.60 0.60 0.59 0.57 1.00 0.51 0.58 0.70 0.55 0.58 0.58 0.58 0.57 0.58 0.58 0.58 0.55 0.58 0.55
0.26 0.36 0.36 0.35 0.20 0.33 0.36 0.34 0.32 0.36 0.38 0.39 0.36 0.45 0.43 0.38 0.22 0.40 0.29 0.42 0.45 0.45 0.44 0.40 1.00 0.34 0.42 0.63 0.38 0.42 0.41 0.41 0.40 0.42 0.41 0.41 0.38 0.42 0.38
0.22 0.31 0.31 0.30 0.16 0.28 0.31 0.29 0.28 0.31 0.33 0.34 0.31 0.40 0.38 0.33 0.18 0.34 0.24 0.37 0.40 0.40 0.39 0.34 1.00 0.29 0.37 0.59 0.32 0.37 0.36 0.36 0.34 0.37 0.36 0.36 0.33 0.37 0.33
0.51 0.62 0.62 0.61 0.43 0.58 0.62 0.60 0.58 0.61 0.62 0.63 0.61 0.66 0.65 0.63 0.44 0.64 0.52 0.65 0.66 0.66 0.66 0.64 1.00 0.59 0.65 0.73 0.62 0.65 0.65 0.65 0.64 0.65 0.65 0.65 0.63 0.65 0.63
0.48 0.59 0.59 0.58 0.40 0.55 0.59 0.57 0.55 0.58 0.60 0.61 0.58 0.64 0.63 0.61 0.41 0.61 0.49 0.62 0.64 0.64 0.63 0.61 1.00 0.56 0.62 0.72 0.60 0.63 0.62 0.62 0.61 0.63 0.62 0.62 0.60 0.63 0.60
0.18 0.26 0.26 0.25 0.13 0.24 0.26 0.24 0.23 0.27 0.28 0.29 0.27 0.37 0.35 0.28 0.16 0.30 0.20 0.33 0.37 0.37 0.35 0.30 1.00 0.25 0.33 0.59 0.28 0.34 0.32 0.32 0.30 0.34 0.32 0.32 0.28 0.34 0.28
0.50 0.61 0.61 0.59 0.42 0.57 0.61 0.59 0.57 0.60 0.62 0.62 0.60 0.65 0.64 0.62 0.42 0.63 0.50 0.64 0.65 0.65 0.65 0.63 1.00 0.58 0.64 0.74 0.62 0.64 0.64 0.64 0.63 0.64 0.64 0.64 0.62 0.64 0.62
0.44 0.56 0.56 0.55 0.36 0.51 0.56 0.54 0.51 0.55 0.57 0.57 0.55 0.61 0.60 0.57 0.39 0.58 0.46 0.59 0.61 0.61 0.60 0.58 1.00 0.53 0.59 0.71 0.56 0.60 0.59 0.59 0.58 0.60 0.59 0.59 0.57 0.60 0.57
0.44 0.55 0.55 0.54 0.36 0.51 0.55 0.53 0.51 0.54 0.56 0.57 0.54 0.61 0.60 0.56 0.37 0.58 0.46 0.59 0.61 0.61 0.60 0.58 1.00 0.53 0.59 0.71 0.56 0.59 0.59 0.59 0.58 0.59 0.59 0.59 0.56 0.59 0.56
0.23 0.34 0.34 0.32 0.18 0.30 0.34 0.32 0.30 0.33 0.35 0.36 0.33 0.43 0.41 0.35 0.20 0.37 0.26 0.39 0.43 0.43 0.41 0.37 1.00 0.32 0.39 0.61 0.35 0.39 0.39 0.38 0.37 0.39 0.39 0.39 0.35 0.39 0.35
0.88 0.93 0.93 0.93 0.83 0.92 0.93 0.93 0.92 0.93 0.93 0.93 0.93 0.93 0.93 0.93 0.82 0.93 0.88 0.93 0.93 0.93 0.93 0.93 1.00 0.92 0.93 0.92 0.93 0.93 0.93 0.93 0.93 0.93 0.93 0.93 0.93 0.93 0.93
0.87 0.92 0.92 0.92 0.82 0.91 0.92 0.92 0.91 0.92 0.92 0.92 0.92 0.93 0.93 0.92 0.81 0.93 0.87 0.93 0.93 0.93 0.93 0.93 1.00 0.91 0.93 0.91 0.92 0.93 0.93 0.93 0.93 0.93 0.93 0.93 0.92 0.93 0.92
0.81 0.87 0.87 0.87 0.74 0.85 0.87 0.86 0.85 0.86 0.87 0.87 0.86 0.88 0.88 0.87 0.73 0.88 0.79 0.88 0.88 0.88 0.88 0.88 1.00 0.85 0.88 0.88 0.87 0.88 0.88 0.88 0.88 0.88 0.88 0.88 0.87 0.88 0.87
0.32 0.44 0.44 0.42 0.26 0.40 0.44 0.42 0.40 0.43 0.45 0.46 0.43 0.51 0.50 0.45 0.28 0.46 0.35 0.48 0.51 0.51 0.50 0.46 1.00 0.41 0.48 0.66 0.45 0.49 0.48 0.48 0.46 0.49 0.48 0.48 0.45 0.49 0.45
0.26 0.36 0.36 0.35 0.20 0.33 0.36 0.34 0.32 0.36 0.37 0.39 0.36 0.45 0.43 0.38 0.22 0.40 0.28 0.42 0.45 0.45 0.44 0.40 1.00 0.35 0.42 0.62 0.38 0.43 0.42 0.42 0.40 0.43 0.42 0.42 0.38 0.43 0.38
0.28 0.39 0.39 0.37 0.21 0.35 0.39 0.37 0.34 0.38 0.40 0.41 0.38 0.47 0.46 0.41 0.24 0.42 0.31 0.44 0.47 0.47 0.46 0.42 1.00 0.37 0.44 0.63 0.40 0.45 0.44 0.44 0.42 0.45 0.44 0.44 0.41 0.45 0.41
0.91 0.95 0.95 0.95 0.87 0.94 0.95 0.95 0.94 0.95 0.95 0.95 0.95 0.95 0.95 0.95 0.86 0.95 0.91 0.95 0.95 0.95 0.95 0.95 1.00 0.94 0.95 0.93 0.95 0.95 0.95 0.95 0.95 0.95 0.95 0.95 0.95 0.95 0.95
0.30 0.40 0.40 0.39 0.23 0.36 0.40 0.38 0.36 0.39 0.41 0.42 0.39 0.48 0.47 0.42 0.25 0.43 0.32 0.45 0.48 0.48 0.47 0.43 1.00 0.38 0.45 0.65 0.41 0.46 0.45 0.45 0.43 0.46 0.45 0.45 0.42 0.46 0.42
0.46 0.58 0.58 0.57 0.39 0.54 0.58 0.56 0.54 0.57 0.59 0.59 0.57 0.63 0.62 0.59 0.40 0.60 0.49 0.61 0.63 0.63 0.62 0.60 1.00 0.55 0.61 0.72 0.59 0.62 0.61 0.61 0.60 0.62 0.61 0.61 0.59 0.62 0.59
0.58 0.69 0.69 0.68 0.51 0.65 0.69 0.68 0.66 0.68 0.70 0.70 0.68 0.73 0.72 0.70 0.51 0.71 0.59 0.71 0.73 0.73 0.72 0.71 1.00 0.66 0.71 0.77 0.69 0.71 0.71 0.71 0.71 0.71 0.71 0.71 0.69 0.71 0.69
0.78 0.85 0.85 0.85 0.71 0.83 0.85 0.84 0.83 0.85 0.85 0.85 0.85 0.86 0.86 0.85 0.70 0.86 0.77 0.86 0.86 0.86 0.86 0.86 1.00 0.83 0.86 0.87 0.85 0.86 0.86 0.86 0.86 0.86 0.86 0.86 0.85 0.86 0.85
0.35 0.47 0.47 0.46 0.29 0.43 0.47 0.45 0.43 0.46 0.48 0.49 0.46 0.54 0.52 0.48 0.31 0.49 0.37 0.51 0.54 0.54 0.53 0.49 1.00 0.43 0.51 0.66 0.47 0.51 0.50 0.50 0.49 0.51 0.50 0.50 0.48 0.51 0.48
0.36 0.48 0.48 0.46 0.29 0.44 0.48 0.46 0.43 0.47 0.49 0.50 0.47 0.55 0.53 0.49 0.31 0.51 0.37 0.52 0.55 0.55 0.54 0.51 1.00 0.45 0.52 0.66 0.48 0.52 0.52 0.52 0.51 0.52 0.52 0.52 0.49 0.52 0.49
0.67 0.77 0.77 0.76 0.61 0.74 0.77 0.76 0.74 0.77 0.78 0.78 0.77 0.80 0.79 0.78 0.60 0.78 0.68 0.79 0.80 0.80 0.79 0.78 1.00 0.74 0.79 0.81 0.77 0.79 0.79 0.79 0.78 0.79 0.79 0.79 0.77 0.79 0.77
0.35 0.45 0.45 0.44 0.27 0.41 0.45 0.44 0.41 0.44 0.47 0.47 0.44 0.53 0.51 0.47 0.30 0.48 0.36 0.50 0.53 0.53 0.52 0.48 1.00 0.43 0.50 0.67 0.46 0.50 0.50 0.49 0.48 0.50 0.50 0.49 0.47 0.50 0.47
0.26 0.35 0.35 0.34 0.19 0.32 0.35 0.34 0.32 0.35 0.37 0.38 0.35 0.45 0.43 0.38 0.22 0.40 0.29 0.41 0.45 0.45 0.43 0.40 1.00 0.35 0.41 0.62 0.38 0.42 0.41 0.41 0.40 0.42 0.41 0.41 0.38 0.42 0.38
0.25 0.34 0.34 0.33 0.19 0.31 0.34 0.32 0.30 0.34 0.35 0.37 0.34 0.43 0.42 0.37 0.20 0.38 0.27 0.40 0.43 0.43 0.42 0.38 1.00 0.32 0.40 0.62 0.36 0.41 0.39 0.39 0.38 0.41 0.39 0.39 0.36 0.41 0.36
0.84 0.90 0.90 0.90 0.78 0.89 0.90 0.90 0.89 0.90 0.90 0.90 0.90 0.90 0.90 0.90 0.78 0.90 0.84 0.90 0.90 0.90 0.90 0.90 1.00 0.88 0.90 0.90 0.90 0.90 0.90 0.90 0.90 0.90 0.90 0.90 0.90 0.90 0.90
0.59 0.69 0.69 0.68 0.50 0.65 0.69 0.68 0.66 0.68 0.70 0.70 0.68 0.72 0.72 0.70 0.51 0.71 0.59 0.71 0.72 0.72 0.72 0.71 1.00 0.66 0.71 0.78 0.69 0.71 0.71 0.71 0.71 0.71 0.71 0.71 0.69 0.71 0.69
0.69 0.78 0.78 0.77 0.62 0.75 0.78 0.77 0.75 0.77 0.78 0.78 0.77 0.80 0.79 0.78 0.60 0.79 0.68 0.79 0.80 0.80 0.80 0.79 1.00 0.75 0.79 0.82 0.77 0.79 0.79 0.79 0.79 0.79 0.79 0.79 0.78 0.79 0.78
0.54 0.64 0.64 0.63 0.46 0.61 0.64 0.63 0.61 0.63 0.65 0.66 0.63 0.68 0.68 0.65 0.46 0.66 0.54 0.67 0.68 0.68 0.68 0.66 1.00 0.61 0.67 0.76 0.64 0.67 0.67 0.67 0.66 0.67 0.67 0.67 0.65 0.67 0.65
0.90 0.94 0.94 0.94 0.86 0.93 0.94 0.94 0.94 0.94 0.94 0.94 0.94 0.95 0.95 0.94 0.85 0.94 0.90 0.94 0.95 0.95 0.95 0.94 1.00 0.93 0.94 0.92 0.94 0.94 0.94 0.94 0.94 0.94 0.94 0.94 0.94 0.94 0.94
0.52 0.63 0.63 0.62 0.44 0.59 0.63 0.61 0.59 0.62 0.64 0.64 0.62 0.67 0.66 0.64 0.45 0.65 0.52 0.65 0.67 0.67 0.67 0.65 1.00 0.60 0.65 0.74 0.63 0.66 0.65 0.65 0.65 0.66 0.65 0.65 0.63 0.66 0.63
0.30 0.41 0.41 0.39 0.24 0.37 0.41 0.39 0.37 0.40 0.42 0.43 0.40 0.49 0.48 0.43 0.26 0.44 0.33 0.46 0.49 0.49 0.48 0.44 1.00 0.38 0.46 0.65 0.42 0.46 0.45 0.45 0.44 0.46 0.45 0.45 0.42 0.46 0.42
0.59 0.70 0.70 0.69 0.52 0.66 0.70 0.68 0.66 0.68 0.70 0.71 0.68 0.72 0.72 0.70 0.51 0.71 0.59 0.71 0.72 0.72 0.72 0.71 1.00 0.66 0.71 0.77 0.69 0.72 0.71 0.71 0.71 0.72 0.71 0.71 0.70 0.72 0.70
0.67 0.76 0.76 0.76 0.59 0.73 0.76 0.76 0.74 0.75 0.77 0.77 0.75 0.78 0.78 0.77 0.59 0.78 0.67 0.78 0.78 0.78 0.78 0.78 1.00 0.73 0.78 0.81 0.76 0.78 0.78 0.78 0.78 0.78 0.78 0.78 0.76 0.78 0.76
0.40 0.51 0.51 0.50 0.32 0.47 0.51 0.49 0.47 0.50 0.52 0.53 0.50 0.58 0.56 0.53 0.35 0.54 0.41 0.55 0.58 0.58 0.57 0.54 1.00 0.48 0.55 0.68 0.52 0.55 0.55 0.55 0.54 0.55 0.55 0.55 0.52 0.55 0.52
0.48 0.59 0.59 0.57 0.40 0.55 0.59 0.57 0.54 0.58 0.59 0.60 0.58 0.63 0.63 0.60 0.40 0.61 0.49 0.62 0.63 0.63 0.63 0.61 1.00 0.56 0.62 0.72 0.59 0.63 0.62 0.62 0.61 0.63 0.62 0.62 0.60 0.63 0.60
0.84 0.90 0.90 0.90 0.79 0.89 0.90 0.90 0.89 0.90 0.90 0.90 0.90 0.91 0.91 0.91 0.77 0.91 0.84 0.91 0.91 0.91 0.91 0.91 1.00 0.89 0.91 0.89 0.90 0.91 0.91 0.91 0.91 0.91 0.91 0.91 0.90 0.91 0.90
0.54 0.65 0.65 0.64 0.47 0.61 0.65 0.63 0.61 0.64 0.66 0.66 0.64 0.68 0.68 0.66 0.46 0.67 0.54 0.67 0.68 0.68 0.68 0.67 1.00 0.62 0.67 0.76 0.65 0.68 0.67 0.67 0.67 0.68 0.67 0.67 0.65 0.68 0.65
0.29 0.39 0.39 0.38 0.23 0.35 0.39 0.37 0.35 0.39 0.40 0.41 0.39 0.48 0.46 0.41 0.25 0.43 0.30 0.44 0.48 0.48 0.46 0.43 1.00 0.37 0.44 0.64 0.41 0.45 0.44 0.44 0.43 0.45 0.44 0.44 0.41 0.45 0.41
0.22 0.32 0.32 0.30 0.16 0.28 0.32 0.29 0.27 0.32 0.33 0.34 0.32 0.41 0.39 0.33 0.19 0.35 0.25 0.38 0.41 0.41 0.40 0.35 1.00 0.29 0.38 0.60 0.33 0.38 0.37 0.37 0.35 0.38 0.37 0.37 0.34 0.38 0.34
0.20 0.28 0.28 0.27 0.15 0.25 0.28 0.27 0.25 0.28 0.30 0.31 0.28 0.38 0.36 0.30 0.17 0.32 0.22 0.34 0.38 0.38 0.36 0.32 1.00 0.27 0.34 0.58 0.30 0.35 0.33 0.33 0.32 0.35 0.33 0.33 0.31 0.35 0.31
0.55 0.66 0.66 0.64 0.47 0.62 0.66 0.64 0.62 0.65 0.66 0.66 0.65 0.69 0.68 0.66 0.48 0.67 0.55 0.68 0.69 0.69 0.69 0.67 1.00 0.62 0.68 0.76 0.66 0.68 0.68 0.68 0.67 0.68 0.68 0.68 0.66 0.68 0.66
0.31 0.40 0.40 0.39 0.23 0.36 0.40 0.38 0.36 0.39 0.41 0.42 0.39 0.48 0.46 0.42 0.25 0.43 0.31 0.45 0.48 0.48 0.47 0.43 1.00 0.38 0.45 0.64 0.41 0.45 0.45 0.44 0.43 0.45 0.45 0.45 0.42 0.45 0.42
0.20 0.29 0.29 0.28 0.15 0.26 0.29 0.27 0.26 0.30 0.31 0.32 0.30 0.40 0.38 0.31 0.18 0.33 0.23 0.35 0.40 0.40 0.38 0.33 1.00 0.28 0.35 0.59 0.31 0.36 0.34 0.34 0.33 0.36 0.34 0.34 0.31 0.36 0.31
0.44 0.55 0.55 0.54 0.36 0.51 0.55 0.54 0.51 0.55 0.56 0.57 0.55 0.61 0.60 0.57 0.38 0.58 0.45 0.59 0.61 0.61 0.61 0.58 1.00 0.52 0.59 0.71 0.56 0.60 0.59 0.59 0.58 0.60 0.59 0.59 0.57 0.60 0.57
0.51 0.62 0.62 0.61 0.43 0.58 0.62 0.60 0.58 0.61 0.62 0.63 0.61 0.66 0.66 0.63 0.44 0.64 0.52 0.65 0.66 0.66 0.66 0.64 1.00 0.59 0.65 0.74 0.62 0.65 0.65 0.65 0.64 0.65 0.65 0.65 0.63 0.65 0.63
0.25 0.35 0.35 0.34 0.19 0.32 0.35 0.33 0.30 0.34 0.36 0.37 0.34 0.44 0.42 0.37 0.21 0.38 0.28 0.40 0.44 0.44 0.42 0.38 1.00 0.33 0.40 0.62 0.36 0.41 0.40 0.39 0.38 0.41 0.40 0.39 0.36 0.41 0.36
0.49 0.61 0.61 0.59 0.41 0.57 0.61 0.59 0.57 0.60 0.61 0.62 0.60 0.65 0.64 0.61 0.42 0.63 0.50 0.64 0.65 0.65 0.65 0.63 1.00 0.57 0.64 0.74 0.61 0.64 0.63 0.63 0.63 0.64 0.63 0.63 0.61 0.64 0.61
0.35 0.46 0.46 0.44 0.28 0.42 0.46 0.44 0.42 0.45 0.47 0.48 0.45 0.53 0.52 0.47 0.30 0.49 0.37 0.50 0.53 0.53 0.52 0.49 1.00 0.43 0.50 0.67 0.46 0.51 0.50 0.50 0.49 0.51 0.50 0.50 0.47 0.51 0.47
0.86 0.92 0.92 0.91 0.81 0.90 0.92 0.91 0.90 0.91 0.92 0.92 0.91 0.92 0.92 0.92 0.79 0.92 0.85 0.92 0.92 0.92 0.92 0.92 1.00 0.90 0.92 0.90 0.91 0.92 0.92 0.92 0.92 0.92 0.92 0.92 0.91 0.92 0.91
0.33 0.43 0.43 0.42 0.26 0.39 0.43 0.42 0.39 0.43 0.45 0.46 0.43 0.51 0.49 0.45 0.28 0.46 0.35 0.47 0.51 0.51 0.50 0.46 1.00 0.41 0.47 0.65 0.44 0.48 0.47 0.47 0.46 0.48 0.47 0.47 0.45 0.48 0.45
0.30 0.41 0.41 0.39 0.23 0.37 0.41 0.39 0.36 0.40 0.42 0.43 0.40 0.49 0.47 0.42 0.26 0.44 0.32 0.46 0.49 0.49 0.47 0.44 1.00 0.38 0.46 0.64 0.42 0.46 0.45 0.45 0.44 0.46 0.45 0.45 0.42 0.46 0.42
0.40 0.51 0.51 0.49 0.33 0.47 0.51 0.49 0.47 0.50 0.52 0.53 0.50 0.57 0.56 0.53 0.34 0.54 0.42 0.55 0.57 0.57 0.57 0.54 1.00 0.48 0.55 0.69 0.52 0.56 0.55 0.55 0.54 0.56 0.55 0.55 0.52 0.56 0.52
0.59 0.70 0.70 0.69 0.52 0.67 0.70 0.69 0.67 0.69 0.70 0.71 0.69 0.73 0.72 0.70 0.52 0.71 0.60 0.72 0.73 0.73 0.72 0.71 1.00 0.66 0.72 0.78 0.69 0.72 0.72 0.72 0.71 0.72 0.72 0.72 0.70 0.72 0.70
0.33 0.44 0.44 0.43 0.27 0.40 0.44 0.42 0.40 0.43 0.45 0.46 0.43 0.52 0.51 0.46 0.28 0.47 0.35 0.49 0.52 0.52 0.51 0.47 1.00 0.42 0.49 0.66 0.45 0.50 0.49 0.49 0.47 0.50 0.49 0.49 0.46 0.50 0.46
0.62 0.73 0.73 0.72 0.55 0.69 0.73 0.71 0.69 0.71 0.73 0.73 0.71 0.75 0.75 0.73 0.54 0.74 0.63 0.74 0.75 0.75 0.75 0.74 1.00 0.69 0.74 0.78 0.72 0.75 0.74 0.74 0.74 0.75 0.74 0.74 0.73 0.75 0.73
0.55 0.66 0.66 0.65 0.47 0.62 0.66 0.64 0.62 0.64 0.66 0.67 0.64 0.70 0.69 0.66 0.46 0.68 0.55 0.68 0.70 0.70 0.69 0.68 1.00 0.63 0.68 0.75 0.66 0.68 0.68 0.68 0.68 0.68 0.68 0.68 0.66 0.68 0.66
0.70 0.79 0.79 0.78 0.63 0.76 0.79 0.78 0.76 0.78 0.79 0.79 0.78 0.81 0.80 0.79 0.61 0.80 0.69 0.80 0.81 0.81 0.80 0.80 1.00 0.77 0.80 0.83 0.79 0.80 0.80 0.80 0.80 0.80 0.80 0.80 0.79 0.80 0.79
0.69 0.78 0.78 0.77 0.61 0.75 0.78 0.77 0.75 0.77 0.78 0.79 0.77 0.80 0.80 0.78 0.61 0.79 0.69 0.79 0.80 0.80 0.80 0.79 1.00 0.76 0.79 0.82 0.78 0.79 0.79 0.79 0.79 0.79 0.79 0.79 0.78 0.79 0.78
0.60 0.70 0.70 0.69 0.52 0.67 0.70 0.69 0.67 0.69 0.71 0.71 0.69 0.73 0.73 0.71 0.52 0.72 0.61 0.72 0.73 0.73 0.73 0.72 1.00 0.67 0.72 0.78 0.70 0.72 0.72 0.72 0.72 0.72 0.72 0.72 0.71 0.72 0.71
0.91 0.95 0.95 0.95 0.88 0.95 0.95 0.95 0.95 0.95 0.96 0.95 0.95 0.96 0.96 0.95 0.87 0.96 0.91 0.96 0.96 0.96 0.96 0.96 1.00 0.95 0.96 0.93 0.95 0.96 0.96 0.96 0.96 0.96 0.96 0.96 0.95 0.96 0.95
0.87 0.92 0.92 0.92 0.82 0.91 0.92 0.92 0.91 0.92 0.92 0.92 0.92 0.92 0.92 0.92 0.80 0.92 0.86 0.92 0.92 0.92 0.92 0.92 1.00 0.90 0.92 0.90 0.92 0.92 0.92 0.92 0.92 0.92 0.92 0.92 0.92 0.92 0.92
0.18 0.26 0.26 0.25 0.12 0.23 0.26 0.24 0.22 0.26 0.28 0.29 0.26 0.37 0.35 0.28 0.16 0.30 0.20 0.33 0.37 0.37 0.35 0.30 1.00 0.25 0.33 0.58 0.29 0.33 0.32 0.32 0.30 0.33 0.32 0.32 0.28 0.33 0.28
0.58 0.69 0.69 0.67 0.50 0.65 0.69 0.67 0.65 0.68 0.69 0.70 0.68 0.72 0.72 0.70 0.50 0.70 0.59 0.71 0.72 0.72 0.72 0.70 1.00 0.66 0.71 0.78 0.69 0.71 0.71 0.71 0.70 0.71 0.71 0.71 0.69 0.71 0.69
0.64 0.75 0.75 0.74 0.57 0.71 0.75 0.73 0.71 0.74 0.75 0.75 0.74 0.77 0.77 0.75 0.56 0.76 0.65 0.76 0.77 0.77 0.77 0.76 1.00 0.71 0.76 0.80 0.74 0.76 0.76 0.76 0.76 0.76 0.76 0.76 0.75 0.76 0.75
0.76 0.84 0.84 0.84 0.70 0.82 0.84 0.84 0.82 0.84 0.85 0.85 0.84 0.86 0.86 0.85 0.69 0.85 0.77 0.85 0.86 0.86 0.86 0.85 1.00 0.82 0.85 0.85 0.84 0.85 0.85 0.85 0.85 0.85 0.85 0.85 0.85 0.85 0.85
0.30 0.40 0.40 0.39 0.23 0.37 0.40 0.38 0.36 0.40 0.41 0.42 0.40 0.48 0.47 0.42 0.25 0.43 0.31 0.45 0.48 0.48 0.47 0.43 1.00 0.38 0.45 0.65 0.42 0.46 0.45 0.45 0.43 0.46 0.45 0.45 0.42 0.46 0.42
0.92 0.96 0.96 0.96 0.89 0.95 0.96 0.96 0.95 0.96 0.96 0.96 0.96 0.96 0.96 0.96 0.88 0.96 0.92 0.96 0.96 0.96 0.96 0.96 1.00 0.95 0.96 0.94 0.96 0.96 0.96 0.96 0.96 0.96 0.96 0.96 0.96 0.96 0.96
0.56 0.66 0.66 0.65 0.47 0.62 0.66 0.65 0.63 0.65 0.67 0.67 0.65 0.70 0.69 0.67 0.48 0.68 0.55 0.68 0.70 0.70 0.70 0.68 1.00 0.64 0.68 0.76 0.66 0.69 0.69 0.69 0.68 0.69 0.69 0.69 0.67 0.69 0.67
0.23 0.32 0.32 0.30 0.17 0.29 0.32 0.30 0.28 0.31 0.33 0.34 0.31 0.41 0.39 0.34 0.20 0.35 0.25 0.37 0.41 0.41 0.40 0.35 1.00 0.30 0.37 0.60 0.33 0.38 0.37 0.37 0.35 0.38 0.37 0.37 0.34 0.38 0.34
0.33 0.45 0.45 0.43 0.27 0.41 0.45 0.42 0.40 0.44 0.46 0.47 0.44 0.52 0.51 0.46 0.28 0.47 0.35 0.49 0.52 0.52 0.51 0.47 1.00 0.41 0.49 0.66 0.45 0.50 0.49 0.49 0.47 0.50 0.49 0.49 0.46 0.50 0.46
0.91 0.95 0.95 0.94 0.87 0.94 0.95 0.94 0.94 0.94 0.95 0.95 0.94 0.95 0.95 0.95 0.85 0.95 0.90 0.95 0.95 0.95 0.95 0.95 1.00 0.94 0.95 0.93 0.94 0.95 0.95 0.95 0.95 0.95 0.95 0.95 0.94 0.95 0.94
0.74 0.83 0.83 0.82 0.67 0.80 0.83 0.82 0.80 0.82 0.83 0.83 0.82 0.84 0.84 0.83 0.67 0.83 0.74 0.83 0.84 0.84 0.84 0.83 1.00 0.80 0.83 0.84 0.82 0.83 0.83 0.83 0.83 0.83 0.83 0.83 0.82 0.83 0.82
0.49 0.60 0.60 0.59 0.41 0.57 0.60 0.59 0.57 0.59 0.61 0.61 0.59 0.65 0.64 0.61 0.41 0.62 0.50 0.63 0.65 0.65 0.64 0.62 1.00 0.57 0.63 0.74 0.60 0.64 0.63 0.63 0.62 0.64 0.63 0.63 0.61 0.64 0.61
0.27 0.37 0.37 0.36 0.21 0.34 0.37 0.35 0.33 0.37 0.39 0.40 0.37 0.46 0.45 0.39 0.23 0.40 0.29 0.42 0.46 0.46 0.45 0.40 1.00 0.35 0.42 0.62 0.39 0.43 0.42 0.42 0.40 0.43 0.42 0.42 0.39 0.43 0.39
0.53 0.64 0.64 0.63 0.45 0.60 0.64 0.63 0.61 0.63 0.65 0.65 0.63 0.69 0.68 0.65 0.46 0.66 0.54 0.67 0.69 0.69 0.68 0.66 1.00 0.61 0.67 0.75 0.64 0.67 0.67 0.67 0.66 0.67 0.67 0.67 0.65 0.67 0.65
0.89 0.93 0.93 0.93 0.85 0.92 0.93 0.93 0.92 0.93 0.93 0.93 0.93 0.94 0.94 0.93 0.83 0.93 0.89 0.93 0.94 0.94 0.94 0.93 1.00 0.93 0.93 0.92 0.93 0.94 0.94 0.94 0.93 0.94 0.94 0.94 0.93 0.94 0.93
0.30 0.41 0.41 0.40 0.24 0.37 0.41 0.39 0.37 0.40 0.43 0.43 0.40 0.49 0.48 0.43 0.26 0.44 0.33 0.46 0.49 0.49 0.48 0.44 1.00 0.38 0.46 0.64 0.42 0.47 0.46 0.46 0.44 0.47 0.46 0.46 0.43 0.47 0.43
0.24 0.34 0.34 0.33 0.18 0.30 0.34 0.32 0.30 0.34 0.36 0.37 0.34 0.44 0.42 0.37 0.21 0.38 0.27 0.40 0.44 0.44 0.42 0.38 1.00 0.32 0.40 0.61 0.36 0.41 0.40 0.40 0.38 0.41 0.40 0.40 0.37 0.41 0.37
0.35 0.45 0.45 0.44 0.27 0.41 0.45 0.43 0.41 0.44 0.47 0.47 0.44 0.53 0.51 0.47 0.29 0.48 0.36 0.50 0.53 0.53 0.52 0.48 1.00 0.43 0.50 0.66 0.46 0.50 0.50 0.49 0.48 0.50 0.50 0.50 0.47 0.50 0.47
0.26 0.37 0.37 0.35 0.20 0.33 0.37 0.35 0.32 0.36 0.38 0.39 0.36 0.45 0.44 0.38 0.22 0.40 0.28 0.42 0.45 0.45 0.44 0.40 1.00 0.34 0.42 0.61 0.37 0.42 0.41 0.41 0.40 0.42 0.41 0.41 0.38 0.42 0.38
0.56 0.67 0.67 0.66 0.49 0.64 0.67 0.66 0.64 0.66 0.67 0.68 0.66 0.70 0.70 0.68 0.48 0.68 0.57 0.69 0.70 0.70 0.70 0.68 1.00 0.63 0.69 0.77 0.67 0.70 0.69 0.69 0.68 0.70 0.69 0.69 0.68 0.70 0.68
0.40 0.51 0.51 0.49 0.32 0.47 0.51 0.49 0.47 0.50 0.52 0.53 0.50 0.58 0.57 0.53 0.34 0.54 0.41 0.56 0.58 0.58 0.57 0.54 1.00 0.48 0.56 0.70 0.52 0.56 0.55 0.55 0.54 0.56 0.55 0.55 0.52 0.56 0.52
0.49 0.60 0.60 0.59 0.42 0.55 0.60 0.58 0.56 0.59 0.61 0.61 0.59 0.65 0.64 0.61 0.42 0.62 0.50 0.63 0.65 0.65 0.64 0.62 1.00 0.57 0.63 0.73 0.60 0.64 0.63 0.63 0.62 0.64 0.63 0.63 0.61 0.64 0.61
0.48 0.60 0.60 0.58 0.41 0.56 0.60 0.58 0.56 0.59 0.61 0.61 0.59 0.65 0.64 0.61 0.42 0.62 0.49 0.63 0.65 0.65 0.64 0.62 1.00 0.56 0.63 0.73 0.60 0.63 0.63 0.63 0.62 0.63 0.63 0.63 0.61 0.63 0.61
0.81 0.88 0.88 0.87 0.75 0.86 0.88 0.87 0.86 0.87 0.88 0.88 0.87 0.88 0.88 0.88 0.74 0.88 0.81 0.88 0.88 0.88 0.88 0.88 1.00 0.86 0.88 0.88 0.87 0.88 0.88 0.88 0.88 0.88 0.88 0.88 0.87 0.88 0.87
0.18 0.27 0.27 0.25 0.13 0.24 0.27 0.25 0.23 0.27 0.29 0.29 0.27 0.37 0.35 0.29 0.16 0.30 0.21 0.33 0.37 0.37 0.35 0.30 1.00 0.26 0.33 0.58 0.29 0.34 0.33 0.33 0.30 0.34 0.33 0.33 0.29 0.34 0.29
0.28 0.38 0.38 0.37 0.21 0.34 0.38 0.37 0.34 0.37 0.39 0.40 0.37 0.46 0.45 0.40 0.23 0.41 0.30 0.43 0.46 0.46 0.45 0.41 1.00 0.35 0.43 0.62 0.39 0.44 0.42 0.42 0.41 0.44 0.42 0.42 0.40 0.44 0.40
0.17 0.26 0.26 0.25 0.12 0.23 0.26 0.24 0.22 0.26 0.28 0.29 0.26 0.37 0.35 0.28 0.16 0.30 0.21 0.33 0.37 0.37 0.35 0.30 1.00 0.25 0.33 0.57 0.28 0.34 0.32 0.32 0.30 0.34 0.32 0.32 0.29 0.34 0.29
0.48 0.59 0.59 0.57 0.40 0.55 0.59 0.57 0.55 0.58 0.60 0.60 0.58 0.64 0.63 0.60 0.41 0.61 0.49 0.62 0.64 0.64 0.63 0.61 1.00 0.56 0.62 0.72 0.60 0.63 0.62 0.62 0.61 0.63 0.62 0.62 0.60 0.63 0.60
0.18 0.27 0.27 0.25 0.13 0.24 0.27 0.25 0.23 0.27 0.29 0.30 0.27 0.37 0.35 0.29 0.15 0.30 0.21 0.33 0.37 0.37 0.36 0.30 1.00 0.26 0.33 0.58 0.29 0.34 0.32 0.32 0.30 0.34 0.32 0.32 0.29 0.34 0.29
0.28 0.38 0.38 0.37 0.21 0.34 0.38 0.36 0.34 0.37 0.40 0.40 0.37 0.47 0.45 0.40 0.24 0.42 0.30 0.43 0.47 0.47 0.46 0.42 1.00 0.36 0.43 0.63 0.40 0.44 0.43 0.43 0.42 0.44 0.43 0.43 0.40 0.44 0.40
0.45 0.56 0.56 0.54 0.37 0.51 0.56 0.54 0.52 0.54 0.57 0.57 0.54 0.61 0.60 0.57 0.38 0.58 0.46 0.59 0.61 0.61 0.60 0.58 1.00 0.53 0.59 0.71 0.56 0.60 0.59 0.59 0.58 0.60 0.59 0.59 0.57 0.60 0.57
0.52 0.63 0.63 0.62 0.44 0.59 0.63 0.61 0.59 0.62 0.63 0.64 0.62 0.67 0.67 0.64 0.45 0.65 0.52 0.66 0.67 0.67 0.67 0.65 1.00 0.60 0.66 0.75 0.63 0.66 0.66 0.66 0.65 0.66 0.66 0.66 0.64 0.66 0.64
0.75 0.83 0.83 0.82 0.68 0.80 0.83 0.82 0.81 0.82 0.83 0.83 0.82 0.84 0.84 0.83 0.67 0.84 0.75 0.84 0.84 0.84 0.84 0.84 1.00 0.81 0.84 0.84 0.83 0.84 0.84 0.84 0.84 0.84 0.84 0.84 0.83 0.84 0.83
0.21 0.30 0.30 0.28 0.16 0.27 0.30 0.28 0.26 0.30 0.32 0.33 0.30 0.40 0.38 0.32 0.18 0.34 0.23 0.36 0.40 0.40 0.39 0.34 1.00 0.29 0.36 0.59 0.32 0.37 0.36 0.36 0.34 0.37 0.36 0.36 0.32 0.37 0.32
0.85 0.91 0.91 0.91 0.79 0.89 0.91 0.91 0.90 0.91 0.91 0.91 0.91 0.91 0.91 0.91 0.78 0.91 0.85 0.91 0.91 0.91 0.91 0.91 1.00 0.90 0.91 0.90 0.91 0.91 0.91 0.91 0.91 0.91 0.91 0.91 0.91 0.91 0.91
0.55 0.67 0.67 0.66 0.48 0.63 0.67 0.65 0.63 0.65 0.67 0.68 0.65 0.70 0.70 0.67 0.48 0.68 0.56 0.69 0.70 0.70 0.70 0.68 1.00 0.63 0.69 0.77 0.67 0.69 0.69 0.69 0.68 0.69 0.69 0.69 0.67 0.69 0.67
0.47 0.58 0.58 0.57 0.39 0.54 0.58 0.57 0.55 0.57 0.59 0.60 0.57 0.63 0.63 0.59 0.40 0.60 0.48 0.61 0.63 0.63 0.63 0.60 1.00 0.55 0.61 0.72 0.59 0.62 0.61 0.61 0.60 0.62 0.61 0.61 0.59 0.62 0.59
0.29 0.39 0.39 0.38 0.23 0.35 0.39 0.38 0.36 0.38 0.41 0.42 0.38 0.48 0.46 0.41 0.25 0.42 0.31 0.44 0.48 0.48 0.46 0.42 1.00 0.36 0.44 0.64 0.41 0.44 0.44 0.44 0.42 0.44 0.44 0.44 0.41 0.44 0.41
0.55 0.66 0.66 0.65 0.47 0.62 0.66 0.64 0.62 0.65 0.67 0.67 0.65 0.70 0.69 0.67 0.48 0.68 0.56 0.69 0.70 0.70 0.70 0.68 1.00 0.63 0.69 0.76 0.67 0.69 0.69 0.69 0.68 0.69 0.69 0.69 0.67 0.69 0.67
0.50 0.61 0.61 0.60 0.42 0.58 0.61 0.60 0.58 0.60 0.62 0.62 0.60 0.66 0.65 0.62 0.43 0.64 0.51 0.64 0.66 0.66 0.65 0.64 1.00 0.58 0.64 0.74 0.61 0.64 0.64 0.64 0.64 0.64 0.64 0.64 0.62 0.64 0.62
0.23 0.33 0.33 0.31 0.17 0.29 0.33 0.31 0.29 0.32 0.34 0.35 0.32 0.42 0.40 0.35 0.20 0.36 0.26 0.38 0.42 0.42 0.41 0.36 1.00 0.30 0.38 0.61 0.34 0.39 0.38 0.38 0.36 0.39 0.38 0.38 0.34 0.39 0.34
0.40 0.51 0.51 0.49 0.33 0.46 0.51 0.49 0.47 0.49 0.52 0.53 0.49 0.57 0.56 0.52 0.34 0.53 0.41 0.55 0.57 0.57 0.56 0.53 1.00 0.48 0.55 0.69 0.52 0.55 0.54 0.54 0.53 0.55 0.54 0.54 0.52 0.55 0.52
0.32 0.44 0.44 0.42 0.26 0.40 0.44 0.42 0.39 0.43 0.45 0.46 0.43 0.51 0.50 0.46 0.28 0.47 0.35 0.49 0.51 0.51 0.50 0.47 1.00 0.41 0.49 0.66 0.45 0.49 0.49 0.49 0.47 0.49 0.49 0.49 0.45 0.49 0.45
0.44 0.55 0.55 0.54 0.36 0.51 0.55 0.53 0.51 0.54 0.56 0.57 0.54 0.61 0.60 0.57 0.38 0.58 0.46 0.59 0.61 0.61 0.60 0.58 1.00 0.53 0.59 0.71 0.56 0.60 0.59 0.59 0.58 0.60 0.59 0.59 0.56 0.60 0.56
0.90 0.95 0.95 0.94 0.86 0.94 0.95 0.94 0.94 0.94 0.95 0.95 0.94 0.95 0.95 0.95 0.85 0.95 0.90 0.95 0.95 0.95 0.95 0.95 1.00 0.94 0.95 0.92 0.94 0.95 0.95 0.95 0.95 0.95 0.95 0.95 0.94 0.95 0.94
0.22 0.31 0.31 0.30 0.16 0.28 0.31 0.29 0.27 0.30 0.32 0.33 0.30 0.40 0.38 0.32 0.18 0.34 0.24 0.37 0.40 0.40 0.38 0.34 1.00 0.29 0.37 0.59 0.32 0.37 0.36 0.36 0.34 0.37 0.36 0.36 0.33 0.37 0.33
0.66 0.76 0.76 0.75 0.60 0.73 0.76 0.75 0.73 0.75 0.76 0.76 0.75 0.78 0.78 0.77 0.58 0.77 0.66 0.78 0.78 0.78 0.78 0.77 1.00 0.73 0.78 0.81 0.75 0.78 0.77 0.77 0.77 0.78 0.77 0.77 0.76 0.78 0.76
0.45 0.57 0.57 0.55 0.38 0.53 0.57 0.55 0.53 0.55 0.57 0.58 0.55 0.62 0.61 0.58 0.38 0.59 0.45 0.59 0.62 0.62 0.61 0.59 1.00 0.53 0.59 0.71 0.56 0.60 0.59 0.59 0.59 0.60 0.59 0.59 0.57 0.60 0.57
0.31 0.42 0.42 0.40 0.24 0.38 0.42 0.40 0.38 0.41 0.43 0.44 0.41 0.50 0.49 0.44 0.27 0.45 0.33 0.47 0.50 0.50 0.49 0.45 1.00 0.39 0.47 0.65 0.43 0.48 0.46 0.46 0.45 0.48 0.46 0.46 0.43 0.48 0.43
0.23 0.33 0.33 0.32 0.18 0.29 0.33 0.31 0.29 0.33 0.35 0.36 0.33 0.43 0.41 0.35 0.19 0.36 0.25 0.38 0.43 0.43 0.41 0.36 1.00 0.31 0.38 0.61 0.34 0.39 0.38 0.38 0.36 0.39 0.38 0.38 0.35 0.39 0.35
0.23 0.33 0.33 0.31 0.17 0.30 0.33 0.31 0.28 0.33 0.34 0.35 0.33 0.42 0.40 0.34 0.20 0.36 0.26 0.38 0.42 0.42 0.41 0.36 1.00 0.30 0.38 0.61 0.35 0.39 0.38 0.38 0.36 0.39 0.38 0.38 0.35 0.39 0.35
0.35 0.47 0.47 0.46 0.28 0.43 0.47 0.45 0.43 0.46 0.48 0.49 0.46 0.54 0.53 0.49 0.30 0.50 0.38 0.51 0.54 0.54 0.53 0.50 1.00 0.44 0.51 0.67 0.48 0.52 0.51 0.51 0.50 0.52 0.51 0.51 0.49 0.52 0.49
0.89 0.94 0.94 0.93 0.85 0.93 0.94 0.93 0.93 0.93 0.94 0.94 0.93 0.94 0.94 0.94 0.83 0.94 0.89 0.94 0.94 0.94 0.94 0.94 1.00 0.93 0.94 0.92 0.93 0.94 0.94 0.94 0.94 0.94 0.94 0.94 0.94 0.94 0.94
0.22 0.32 0.32 0.30 0.16 0.28 0.32 0.30 0.28 0.31 0.33 0.34 0.31 0.41 0.39 0.33 0.19 0.34 0.25 0.37 0.41 0.41 0.40 0.34 1.00 0.30 0.37 0.60 0.33 0.38 0.36 0.36 0.34 0.38 0.36 0.36 0.33 0.38 0.33
0.62 0.72 0.72 0.71 0.54 0.68 0.72 0.70 0.68 0.71 0.72 0.72 0.71 0.75 0.74 0.73 0.54 0.73 0.61 0.73 0.75 0.75 0.74 0.73 1.00 0.69 0.73 0.78 0.72 0.74 0.73 0.73 0.73 0.74 0.73 0.73 0.72 0.74 0.72
0.20 0.29 0.29 0.27 0.14 0.26 0.29 0.27 0.25 0.29 0.30 0.32 0.29 0.38 0.36 0.31 0.17 0.32 0.23 0.34 0.38 0.38 0.37 0.32 1.00 0.27 0.34 0.59 0.30 0.35 0.33 0.33 0.32 0.35 0.33 0.33 0.30 0.35 0.30
0.85 0.91 0.91 0.91 0.81 0.90 0.91 0.91 0.90 0.91 0.91 0.91 0.91 0.91 0.91 0.91 0.78 0.91 0.85 0.91 0.91 0.91 0.91 0.91 1.00 0.90 0.91 0.90 0.91 0.91 0.91 0.91 0.91 0.91 0.91 0.91 0.91 0.91 0.91
0.43 0.54 0.54 0.52 0.35 0.49 0.54 0.52 0.49 0.53 0.54 0.55 0.53 0.59 0.58 0.55 0.36 0.56 0.43 0.57 0.59 0.59 0.58 0.56 1.00 0.50 0.57 0.70 0.54 0.57 0.57 0.57 0.56 0.57 0.57 0.57 0.54 0.57 0.54
0.67 0.76 0.76 0.76 0.60 0.73 0.76 0.75 0.73 0.75 0.76 0.77 0.75 0.78 0.78 0.77 0.59 0.77 0.67 0.78 0.78 0.78 0.78 0.77 1.00 0.74 0.78 0.81 0.76 0.78 0.78 0.78 0.77 0.78 0.78 0.78 0.77 0.78 0.77
0.91 0.95 0.95 0.95 0.87 0.94 0.95 0.95 0.94 0.95 0.95 0.95 0.95 0.95 0.95 0.95 0.86 0.95 0.90 0.95 0.95 0.95 0.95 0.95 1.00 0.94 0.95 0.93 0.95 0.95 0.95 0.95 0.95 0.95 0.95 0.95 0.95 0.95 0.95
0.76 0.83 0.83 0.83 0.68 0.81 0.83 0.83 0.81 0.82 0.84 0.84 0.82 0.84 0.84 0.83 0.67 0.84 0.75 0.84 0.84 0.84 0.84 0.84 1.00 0.80 0.84 0.85 0.82 0.84 0.84 0.84 0.84 0.84 0.84 0.84 0.83 0.84 0.83
0.87 0.92 0.92 0.91 0.82 0.90 0.92 0.91 0.90 0.91 0.92 0.92 0.91 0.92 0.92 0.92 0.80 0.92 0.86 0.92 0.92 0.92 0.92 0.92 1.00 0.90 0.92 0.90 0.91 0.92 0.92 0.92 0.92 0.92 0.92 0.92 0.91 0.92 0.91
0.33 0.43 0.43 0.42 0.26 0.40 0.43 0.41 0.39 0.42 0.44 0.45 0.42 0.50 0.49 0.45 0.28 0.46 0.35 0.48 0.50 0.50 0.49 0.46 1.00 0.41 0.48 0.65 0.45 0.49 0.48 0.48 0.46 0.49 0.48 0.48 0.45 0.49 0.45
0.20 0.29 0.29 0.28 0.15 0.26 0.29 0.27 0.25 0.29 0.31 0.32 0.29 0.39 0.37 0.31 0.18 0.33 0.22 0.35 0.39 0.39 0.38 0.33 1.00 0.28 0.35 0.59 0.31 0.36 0.35 0.35 0.33 0.36 0.35 0.35 0.31 0.36 0.31
0.68 0.77 0.77 0.76 0.60 0.74 0.77 0.76 0.74 0.76 0.77 0.78 0.76 0.79 0.79 0.77 0.60 0.78 0.68 0.78 0.79 0.79 0.79 0.78 1.00 0.75 0.78 0.81 0.77 0.78 0.78 0.78 0.78 0.78 0.78 0.78 0.77 0.78 0.77
0.43 0.54 0.54 0.53 0.35 0.51 0.54 0.52 0.50 0.53 0.55 0.56 0.53 0.60 0.59 0.56 0.36 0.57 0.44 0.58 0.60 0.60 0.59 0.57 1.00 0.52 0.58 0.70 0.55 0.59 0.58 0.58 0.57 0.59 0.58 0.58 0.55 0.59 0.55
0.42 0.54 0.54 0.53 0.36 0.50 0.54 0.52 0.50 0.53 0.55 0.55 0.53 0.60 0.59 0.55 0.36 0.57 0.43 0.57 0.60 0.60 0.59 0.57 1.00 0.50 0.57 0.70 0.54 0.58 0.57 0.57 0.57 0.58 0.57 0.57 0.55 0.58 0.55
0.60 0.71 0.71 0.70 0.53 0.67 0.71 0.69 0.68 0.70 0.71 0.71 0.70 0.74 0.73 0.71 0.52 0.72 0.60 0.72 0.74 0.74 0.73 0.72 1.00 0.68 0.72 0.78 0.71 0.73 0.73 0.73 0.72 0.73 0.73 0.73 0.71 0.73 0.71
0.44 0.55 0.55 0.54 0.36 0.51 0.55 0.53 0.51 0.54 0.56 0.56 0.54 0.61 0.59 0.56 0.37 0.57 0.46 0.59 0.61 0.61 0.60 0.57 1.00 0.51 0.59 0.71 0.55 0.59 0.58 0.58 0.57 0.59 0.58 0.58 0.56 0.59 0.56
