0.51 0.54 0.54 0.55 0.32 0.50 0.54 0.53 0.49 0.49 0.49 0.48 0.49 0.46 0.46 0.45 0.24 0.43 0.37 0.43 0.46 0.46 0.46 0.43 0.21 0.29 0.43 0.19 0.36 0.43 0.42 0.42 0.43 0.43 0.42 0.42 0.39 0.43 0.39 0.68 0.64 0.88 0.73 1.00 1.00 0.94 1.00 0.97 0.92 0.94 0.94 0.94 0.08 0.80 0.80 0.80 0.80 0.80 0.15 0.12 0.01 0.07 0.43 0.52 0.52 0.52 0.52 0.53 0.54 0.53 0.53 0.48 0.52 0.49 0.47 0.47 0.42 0.57 0.65 0.57 0.28 0.30 0.30 0.30
0.98 0.98 0.98 0.98 0.94 0.98 0.98 0.98 0.98 0.98 0.98 0.98 0.98 0.98 0.98 0.98 0.89 0.98 0.97 0.98 0.98 0.98 0.98 0.98 0.93 0.97 0.98 0.89 0.98 0.98 0.98 0.98 0.98 0.98 0.98 0.98 0.98 0.98 0.98 0.98 0.97 0.99 0.97 1.00 1.00 1.00 1.00 1.00 1.00 1.00 1.00 1.00 0.63 0.99 0.99 0.99 0.99 0.99 0.61 0.62 0.27 0.38 0.98 0.98 0.98 0.98 0.98 0.98 0.98 0.98 0.98 0.98 0.98 0.98 0.98 0.98 0.95 0.98 0.98 0.98 0.93 0.96 0.96 0.96
0.57 0.60 0.60 0.61 0.38 0.56 0.60 0.59 0.56 0.55 0.55 0.54 0.55 0.52 0.53 0.51 0.30 0.50 0.44 0.49 0.52 0.52 0.53 0.50 0.27 0.36 0.49 0.25 0.44 0.49 0.49 0.49 0.50 0.49 0.49 0.49 0.46 0.49 0.46 0.73 0.68 0.90 0.75 1.00 1.00 0.96 1.00 0.98 0.94 0.96 0.96 0.96 0.10 0.83 0.83 0.83 0.83 0.83 0.17 0.15 0.01 0.09 0.50 0.57 0.57 0.57 0.57 0.59 0.59 0.59 0.59 0.54 0.57 0.55 0.53 0.53 0.47 0.62 0.68 0.62 0.33 0.34 0.34 0.34
0.56 0.58 0.58 0.59 0.37 0.54 0.58 0.57 0.54 0.52 0.54 0.52 0.52 0.50 0.51 0.50 0.27 0.48 0.42 0.47 0.50 0.50 0.51 0.48 0.25 0.33 0.47 0.22 0.41 0.47 0.46 0.46 0.48 0.47 0.46 0.46 0.44 0.47 0.44 0.72 0.68 0.90 0.76 1.00 1.00 0.95 1.00 0.98 0.93 0.95 0.95 0.95 0.09 0.82 0.82 0.82 0.82 0.82 0.16 0.15 0.01 0.08 0.48 0.56 0.56 0.56 0.56 0.57 0.57 0.57 0.57 0.53 0.56 0.53 0.52 0.52 0.46 0.61 0.68 0.61 0.33 0.34 0.34 0.34
0.74 0.75 0.75 0.76 0.56 0.74 0.75 0.74 0.72 0.73 0.73 0.72 0.73 0.72 0.72 0.71 0.47 0.71 0.65 0.71 0.72 0.72 0.72 0.71 0.48 0.59 0.71 0.44 0.67 0.71 0.70 0.70 0.71 0.71 0.70 0.70 0.68 0.71 0.68 0.82 0.78 0.94 0.84 1.00 1.00 0.98 1.00 0.99 0.97 0.98 0.98 0.98 0.18 0.89 0.89 0.89 0.89 0.89 0.25 0.24 0.03 0.13 0.69 0.74 0.74 0.74 0.74 0.75 0.75 0.75 0.75 0.73 0.74 0.73 0.72 0.72 0.64 0.76 0.80 0.76 0.52 0.55 0.55 0.55
0.67 0.68 0.68 0.69 0.47 0.66 0.68 0.68 0.65 0.65 0.65 0.64 0.65 0.63 0.63 0.62 0.38 0.61 0.55 0.62 0.63 0.63 0.63 0.61 0.36 0.48 0.62 0.34 0.56 0.62 0.60 0.60 0.61 0.62 0.60 0.60 0.58 0.62 0.58 0.78 0.73 0.92 0.79 1.00 1.00 0.97 1.00 0.99 0.96 0.97 0.97 0.97 0.14 0.87 0.87 0.87 0.87 0.87 0.21 0.19 0.02 0.10 0.61 0.68 0.68 0.68 0.68 0.68 0.68 0.68 0.68 0.65 0.68 0.65 0.64 0.64 0.56 0.70 0.75 0.70 0.43 0.46 0.46 0.46
0.45 0.48 0.48 0.50 0.27 0.44 0.48 0.48 0.44 0.42 0.43 0.41 0.42 0.38 0.39 0.39 0.19 0.36 0.29 0.35 0.38 0.38 0.39 0.36 0.16 0.22 0.35 0.15 0.29 0.34 0.34 0.34 0.36 0.34 0.34 0.34 0.31 0.34 0.31 0.65 0.62 0.86 0.71 1.00 1.00 0.93 1.00 0.96 0.90 0.93 0.93 0.93 0.06 0.78 0.78 0.78 0.78 0.78 0.12 0.10 0.01 0.07 0.36 0.46 0.46 0.46 0.46 0.47 0.47 0.47 0.47 0.41 0.46 0.43 0.41 0.41 0.37 0.52 0.61 0.52 0.23 0.24 0.24 0.24
0.89 0.90 0.90 0.90 0.77 0.89 0.90 0.89 0.88 0.89 0.89 0.89 0.89 0.89 0.89 0.88 0.68 0.88 0.85 0.88 0.89 0.89 0.89 0.88 0.73 0.82 0.88 0.68 0.86 0.88 0.88 0.88 0.88 0.88 0.88 0.88 0.87 0.88 0.87 0.92 0.89 0.97 0.91 1.00 1.00 0.99 1.00 1.00 0.99 0.99 0.99 0.99 0.34 0.95 0.95 0.95 0.95 0.95 0.39 0.39 0.08 0.20 0.87 0.89 0.89 0.89 0.89 0.89 0.89 0.89 0.89 0.89 0.89 0.89 0.88 0.88 0.82 0.89 0.90 0.89 0.74 0.78 0.78 0.78
0.51 0.53 0.53 0.55 0.32 0.49 0.53 0.52 0.49 0.48 0.49 0.47 0.48 0.45 0.45 0.44 0.24 0.42 0.36 0.42 0.45 0.45 0.45 0.42 0.21 0.28 0.42 0.19 0.35 0.42 0.41 0.41 0.42 0.42 0.41 0.41 0.38 0.42 0.38 0.69 0.65 0.88 0.73 1.00 1.00 0.94 1.00 0.97 0.92 0.94 0.94 0.94 0.08 0.80 0.80 0.80 0.80 0.80 0.14 0.12 0.01 0.08 0.43 0.52 0.52 0.52 0.52 0.53 0.53 0.53 0.53 0.48 0.52 0.49 0.47 0.47 0.41 0.56 0.64 0.56 0.27 0.29 0.29 0.29
0.78 0.80 0.80 0.80 0.62 0.79 0.80 0.80 0.77 0.78 0.78 0.78 0.78 0.77 0.78 0.77 0.53 0.76 0.71 0.76 0.77 0.77 0.78 0.76 0.53 0.66 0.76 0.50 0.72 0.76 0.76 0.76 0.76 0.76 0.76 0.76 0.74 0.76 0.74 0.85 0.81 0.95 0.86 1.00 1.00 0.98 1.00 0.99 0.97 0.98 0.98 0.98 0.22 0.91 0.91 0.91 0.91 0.91 0.29 0.27 0.04 0.14 0.75 0.79 0.79 0.79 0.79 0.80 0.79 0.80 0.80 0.78 0.79 0.78 0.77 0.77 0.69 0.80 0.83 0.80 0.59 0.63 0.63 0.63
0.98 0.98 0.98 0.98 0.94 0.98 0.98 0.98 0.98 0.98 0.98 0.98 0.98 0.98 0.98 0.98 0.89 0.98 0.97 0.98 0.98 0.98 0.98 0.98 0.93 0.97 0.98 0.90 0.98 0.98 0.98 0.98 0.98 0.98 0.98 0.98 0.98 0.98 0.98 0.98 0.97 1.00 0.97 1.00 1.00 1.00 1.00 1.00 1.00 1.00 1.00 1.00 0.64 0.99 0.99 0.99 0.99 0.99 0.61 0.61 0.27 0.38 0.98 0.98 0.98 0.98 0.98 0.98 0.98 0.98 0.98 0.98 0.98 0.98 0.98 0.98 0.96 0.98 0.98 0.98 0.94 0.96 0.96 0.96
0.72 0.74 0.74 0.74 0.54 0.72 0.74 0.73 0.70 0.71 0.71 0.70 0.71 0.70 0.70 0.69 0.46 0.68 0.62 0.69 0.70 0.70 0.70 0.68 0.44 0.56 0.69 0.42 0.64 0.68 0.68 0.68 0.68 0.68 0.68 0.68 0.65 0.68 0.65 0.82 0.78 0.93 0.83 1.00 1.00 0.98 1.00 0.99 0.97 0.98 0.98 0.98 0.17 0.89 0.89 0.89 0.89 0.89 0.23 0.24 0.03 0.12 0.67 0.73 0.73 0.73 0.73 0.74 0.73 0.74 0.74 0.71 0.73 0.71 0.70 0.70 0.62 0.74 0.78 0.75 0.51 0.53 0.53 0.53
0.75 0.77 0.77 0.77 0.58 0.75 0.77 0.77 0.74 0.75 0.75 0.74 0.75 0.74 0.74 0.73 0.49 0.73 0.66 0.73 0.74 0.74 0.74 0.73 0.49 0.61 0.73 0.46 0.68 0.73 0.72 0.72 0.73 0.73 0.72 0.72 0.70 0.73 0.70 0.84 0.79 0.94 0.84 1.00 1.00 0.98 1.00 0.99 0.97 0.98 0.98 0.98 0.20 0.90 0.90 0.90 0.90 0.90 0.27 0.26 0.04 0.14 0.71 0.76 0.76 0.76 0.76 0.77 0.77 0.77 0.77 0.74 0.76 0.75 0.74 0.74 0.65 0.77 0.80 0.77 0.55 0.58 0.58 0.58
0.80 0.81 0.81 0.81 0.63 0.80 0.81 0.81 0.78 0.80 0.80 0.79 0.80 0.79 0.79 0.78 0.55 0.78 0.73 0.78 0.79 0.79 0.79 0.78 0.57 0.69 0.78 0.52 0.74 0.78 0.78 0.78 0.78 0.78 0.78 0.78 0.76 0.78 0.76 0.86 0.81 0.95 0.86 1.00 1.00 0.98 1.00 0.99 0.97 0.98 0.98 0.98 0.23 0.91 0.91 0.91 0.91 0.91 0.29 0.29 0.05 0.15 0.76 0.81 0.81 0.81 0.81 0.81 0.81 0.81 0.81 0.79 0.81 0.79 0.79 0.79 0.70 0.81 0.84 0.82 0.60 0.64 0.64 0.64
0.97 0.97 0.97 0.97 0.92 0.97 0.97 0.97 0.97 0.97 0.97 0.97 0.97 0.97 0.97 0.97 0.86 0.97 0.96 0.97 0.97 0.97 0.97 0.97 0.91 0.95 0.97 0.87 0.97 0.97 0.97 0.97 0.97 0.97 0.97 0.97 0.97 0.97 0.97 0.98 0.96 0.99 0.97 1.00 1.00 1.00 1.00 1.00 1.00 1.00 1.00 1.00 0.59 0.98 0.98 0.98 0.98 0.98 0.58 0.59 0.24 0.35 0.97 0.97 0.97 0.97 0.97 0.97 0.97 0.97 0.97 0.97 0.97 0.97 0.97 0.97 0.94 0.97 0.97 0.97 0.92 0.94 0.94 0.94
0.68 0.70 0.70 0.70 0.49 0.67 0.70 0.69 0.66 0.67 0.67 0.66 0.67 0.65 0.65 0.64 0.40 0.63 0.57 0.63 0.65 0.65 0.65 0.63 0.38 0.50 0.63 0.36 0.58 0.63 0.62 0.62 0.63 0.63 0.62 0.62 0.60 0.63 0.60 0.79 0.75 0.92 0.81 1.00 1.00 0.97 1.00 0.99 0.96 0.97 0.97 0.97 0.15 0.87 0.87 0.87 0.87 0.87 0.22 0.20 0.02 0.11 0.62 0.69 0.69 0.69 0.69 0.70 0.69 0.70 0.70 0.67 0.69 0.67 0.66 0.66 0.58 0.71 0.76 0.71 0.45 0.48 0.48 0.48
0.43 0.46 0.46 0.48 0.26 0.42 0.46 0.46 0.42 0.41 0.41 0.40 0.41 0.37 0.38 0.37 0.18 0.34 0.29 0.33 0.37 0.37 0.37 0.34 0.15 0.21 0.33 0.14 0.27 0.33 0.32 0.32 0.34 0.33 0.32 0.32 0.29 0.33 0.29 0.64 0.61 0.86 0.69 1.00 1.00 0.94 1.00 0.97 0.90 0.94 0.94 0.94 0.05 0.77 0.77 0.77 0.77 0.77 0.12 0.09 0.01 0.06 0.36 0.44 0.44 0.44 0.44 0.46 0.46 0.46 0.46 0.40 0.44 0.41 0.39 0.39 0.35 0.50 0.60 0.51 0.22 0.22 0.22 0.22
0.66 0.68 0.68 0.69 0.48 0.66 0.68 0.68 0.65 0.65 0.65 0.65 0.65 0.64 0.64 0.63 0.39 0.62 0.56 0.62 0.64 0.64 0.64 0.62 0.40 0.49 0.62 0.36 0.56 0.62 0.61 0.61 0.62 0.62 0.61 0.61 0.59 0.62 0.59 0.79 0.74 0.92 0.80 1.00 1.00 0.97 1.00 0.99 0.96 0.97 0.97 0.97 0.14 0.87 0.87 0.87 0.87 0.87 0.21 0.20 0.02 0.12 0.61 0.67 0.67 0.67 0.67 0.68 0.68 0.68 0.68 0.65 0.67 0.65 0.65 0.65 0.57 0.70 0.75 0.70 0.45 0.47 0.47 0.47
0.77 0.79 0.79 0.79 0.60 0.77 0.79 0.79 0.76 0.77 0.77 0.76 0.77 0.76 0.76 0.75 0.52 0.75 0.70 0.75 0.76 0.76 0.76 0.75 0.53 0.65 0.75 0.49 0.71 0.75 0.75 0.75 0.75 0.75 0.75 0.75 0.73 0.75 0.73 0.85 0.81 0.95 0.85 1.00 1.00 0.98 1.00 0.99 0.98 0.98 0.98 0.98 0.21 0.92 0.92 0.92 0.92 0.92 0.28 0.28 0.04 0.14 0.73 0.78 0.78 0.78 0.78 0.79 0.78 0.79 0.79 0.77 0.78 0.77 0.76 0.76 0.68 0.79 0.82 0.79 0.57 0.61 0.61 0.61
0.67 0.69 0.69 0.70 0.47 0.67 0.69 0.68 0.65 0.66 0.66 0.65 0.66 0.64 0.64 0.63 0.39 0.62 0.55 0.62 0.64 0.64 0.64 0.62 0.38 0.48 0.62 0.36 0.56 0.62 0.61 0.61 0.62 0.62 0.61 0.61 0.59 0.62 0.59 0.79 0.74 0.92 0.81 1.00 1.00 0.97 1.00 0.99 0.96 0.97 0.97 0.97 0.14 0.87 0.87 0.87 0.87 0.87 0.21 0.20 0.02 0.11 0.61 0.68 0.68 0.68 0.68 0.69 0.69 0.69 0.69 0.65 0.68 0.66 0.65 0.65 0.57 0.70 0.75 0.71 0.45 0.47 0.47 0.47
0.47 0.50 0.50 0.51 0.29 0.45 0.50 0.49 0.45 0.44 0.44 0.42 0.44 0.41 0.41 0.39 0.20 0.38 0.32 0.37 0.41 0.41 0.41 0.38 0.17 0.24 0.37 0.16 0.31 0.37 0.36 0.36 0.38 0.37 0.36 0.36 0.33 0.37 0.33 0.66 0.62 0.87 0.70 1.00 1.00 0.94 1.00 0.97 0.91 0.94 0.94 0.94 0.07 0.79 0.79 0.79 0.79 0.79 0.12 0.11 0.01 0.07 0.39 0.48 0.48 0.48 0.48 0.49 0.49 0.49 0.49 0.44 0.48 0.45 0.42 0.43 0.38 0.53 0.63 0.54 0.25 0.25 0.25 0.25
0.77 0.79 0.79 0.79 0.61 0.78 0.79 0.79 0.76 0.77 0.77 0.77 0.77 0.77 0.77 0.76 0.52 0.75 0.70 0.76 0.77 0.77 0.77 0.75 0.53 0.65 0.76 0.49 0.72 0.76 0.75 0.75 0.75 0.76 0.75 0.75 0.73 0.76 0.73 0.86 0.80 0.95 0.85 1.00 1.00 0.98 1.00 0.99 0.97 0.98 0.98 0.98 0.22 0.91 0.91 0.91 0.91 0.91 0.29 0.27 0.04 0.14 0.74 0.79 0.79 0.79 0.79 0.79 0.79 0.79 0.79 0.77 0.79 0.77 0.76 0.76 0.68 0.79 0.82 0.79 0.58 0.61 0.61 0.61
0.88 0.89 0.89 0.89 0.76 0.88 0.89 0.88 0.87 0.88 0.88 0.88 0.88 0.88 0.88 0.87 0.68 0.87 0.83 0.88 0.88 0.88 0.88 0.87 0.71 0.81 0.88 0.66 0.85 0.88 0.87 0.87 0.87 0.88 0.87 0.87 0.86 0.88 0.86 0.91 0.88 0.97 0.91 1.00 1.00 0.99 1.00 1.00 0.99 0.99 0.99 0.99 0.33 0.94 0.94 0.94 0.94 0.94 0.38 0.38 0.08 0.20 0.86 0.89 0.89 0.89 0.89 0.89 0.89 0.89 0.89 0.88 0.89 0.88 0.88 0.88 0.81 0.88 0.90 0.89 0.73 0.78 0.78 0.78
0.79 0.81 0.81 0.82 0.64 0.80 0.81 0.81 0.79 0.80 0.80 0.79 0.80 0.79 0.79 0.78 0.55 0.78 0.73 0.78 0.79 0.79 0.79 0.78 0.56 0.68 0.78 0.53 0.74 0.78 0.78 0.78 0.78 0.78 0.78 0.78 0.76 0.78 0.76 0.87 0.82 0.95 0.86 1.00 1.00 0.98 1.00 0.99 0.98 0.98 0.98 0.98 0.23 0.92 0.92 0.92 0.92 0.92 0.30 0.29 0.05 0.15 0.76 0.81 0.81 0.81 0.81 0.81 0.81 0.81 0.81 0.79 0.81 0.79 0.79 0.78 0.70 0.81 0.84 0.81 0.60 0.64 0.64 0.64
0.79 0.81 0.81 0.81 0.63 0.79 0.81 0.81 0.78 0.79 0.79 0.79 0.79 0.79 0.79 0.77 0.54 0.77 0.72 0.78 0.79 0.79 0.79 0.77 0.54 0.67 0.78 0.51 0.73 0.78 0.77 0.77 0.77 0.78 0.77 0.77 0.75 0.78 0.75 0.86 0.81 0.95 0.86 1.00 1.00 0.98 1.00 0.99 0.98 0.98 0.98 0.98 0.23 0.91 0.91 0.91 0.91 0.91 0.28 0.27 0.04 0.14 0.76 0.80 0.80 0.80 0.80 0.81 0.80 0.81 0.81 0.79 0.80 0.79 0.79 0.79 0.69 0.81 0.83 0.81 0.60 0.64 0.64 0.64
0.75 0.76 0.76 0.76 0.57 0.74 0.76 0.75 0.72 0.74 0.74 0.73 0.74 0.73 0.73 0.71 0.47 0.71 0.65 0.71 0.73 0.73 0.73 0.71 0.48 0.60 0.71 0.45 0.66 0.71 0.70 0.70 0.71 0.71 0.70 0.70 0.68 0.71 0.68 0.84 0.79 0.94 0.84 1.00 1.00 0.98 1.00 0.99 0.97 0.98 0.98 0.98 0.18 0.90 0.90 0.90 0.90 0.90 0.27 0.26 0.03 0.14 0.70 0.75 0.75 0.75 0.75 0.76 0.76 0.76 0.76 0.73 0.75 0.73 0.73 0.73 0.64 0.77 0.80 0.77 0.52 0.56 0.56 0.56
0.65 0.67 0.67 0.68 0.45 0.64 0.67 0.66 0.63 0.63 0.64 0.63 0.63 0.61 0.62 0.60 0.37 0.59 0.53 0.59 0.61 0.61 0.61 0.59 0.35 0.46 0.59 0.33 0.53 0.59 0.58 0.58 0.59 0.59 0.58 0.58 0.56 0.59 0.56 0.77 0.74 0.91 0.80 1.00 1.00 0.97 1.00 0.99 0.95 0.97 0.97 0.97 0.14 0.86 0.86 0.86 0.86 0.86 0.21 0.18 0.02 0.11 0.59 0.66 0.66 0.66 0.66 0.67 0.66 0.67 0.67 0.63 0.66 0.64 0.63 0.63 0.55 0.69 0.74 0.69 0.42 0.43 0.43 0.43
0.67 0.69 0.69 0.69 0.49 0.67 0.69 0.68 0.65 0.66 0.66 0.65 0.66 0.64 0.65 0.63 0.39 0.62 0.56 0.62 0.64 0.64 0.64 0.62 0.38 0.49 0.62 0.36 0.57 0.62 0.61 0.62 0.62 0.62 0.61 0.62 0.59 0.62 0.59 0.79 0.74 0.92 0.81 1.00 1.00 0.97 1.00 0.99 0.96 0.97 0.97 0.97 0.15 0.87 0.87 0.87 0.87 0.87 0.22 0.21 0.02 0.12 0.61 0.68 0.68 0.68 0.68 0.68 0.68 0.68 0.68 0.65 0.68 0.66 0.65 0.65 0.57 0.70 0.76 0.71 0.44 0.47 0.47 0.47
0.97 0.98 0.98 0.98 0.93 0.98 0.98 0.98 0.97 0.97 0.97 0.97 0.97 0.98 0.98 0.97 0.87 0.98 0.96 0.98 0.98 0.98 0.98 0.98 0.92 0.96 0.98 0.88 0.97 0.98 0.98 0.98 0.98 0.98 0.98 0.98 0.97 0.98 0.97 0.98 0.96 0.99 0.97 1.00 1.00 1.00 1.00 1.00 1.00 1.00 1.00 1.00 0.59 0.98 0.98 0.98 0.98 0.98 0.57 0.59 0.23 0.35 0.97 0.98 0.98 0.98 0.98 0.98 0.97 0.98 0.98 0.97 0.98 0.97 0.97 0.97 0.95 0.97 0.97 0.98 0.92 0.95 0.95 0.95
0.64 0.66 0.66 0.67 0.44 0.64 0.66 0.65 0.62 0.63 0.63 0.62 0.63 0.61 0.61 0.59 0.35 0.58 0.52 0.58 0.61 0.61 0.61 0.58 0.34 0.45 0.58 0.31 0.53 0.58 0.57 0.57 0.58 0.58 0.57 0.57 0.55 0.58 0.55 0.77 0.73 0.91 0.80 1.00 1.00 0.97 1.00 0.98 0.95 0.97 0.97 0.97 0.12 0.86 0.86 0.86 0.86 0.86 0.20 0.18 0.02 0.10 0.57 0.65 0.65 0.65 0.65 0.66 0.66 0.66 0.66 0.62 0.65 0.62 0.62 0.61 0.53 0.67 0.73 0.68 0.40 0.42 0.42 0.42
0.54 0.57 0.57 0.58 0.35 0.53 0.57 0.56 0.52 0.52 0.52 0.51 0.52 0.49 0.49 0.48 0.27 0.47 0.40 0.46 0.49 0.49 0.49 0.47 0.23 0.32 0.46 0.22 0.40 0.46 0.45 0.45 0.47 0.46 0.45 0.45 0.43 0.46 0.43 0.70 0.66 0.89 0.74 1.00 1.00 0.95 1.00 0.98 0.92 0.95 0.95 0.95 0.08 0.81 0.81 0.81 0.81 0.81 0.16 0.14 0.01 0.08 0.47 0.55 0.55 0.55 0.55 0.56 0.57 0.56 0.56 0.52 0.55 0.52 0.51 0.51 0.45 0.60 0.67 0.60 0.32 0.33 0.33 0.33
0.75 0.76 0.76 0.76 0.57 0.74 0.76 0.75 0.72 0.74 0.74 0.73 0.74 0.73 0.73 0.72 0.48 0.71 0.65 0.71 0.73 0.73 0.73 0.71 0.48 0.60 0.71 0.46 0.67 0.71 0.71 0.71 0.71 0.71 0.71 0.71 0.69 0.71 0.69 0.83 0.79 0.94 0.84 1.00 1.00 0.98 1.00 0.99 0.97 0.98 0.98 0.98 0.19 0.90 0.90 0.90 0.90 0.90 0.26 0.25 0.03 0.13 0.70 0.75 0.75 0.75 0.75 0.76 0.75 0.76 0.76 0.73 0.75 0.73 0.73 0.73 0.64 0.76 0.80 0.76 0.54 0.57 0.57 0.57
0.75 0.77 0.77 0.77 0.59 0.75 0.77 0.76 0.74 0.75 0.74 0.74 0.75 0.74 0.74 0.73 0.50 0.73 0.67 0.73 0.74 0.74 0.74 0.73 0.50 0.61 0.73 0.46 0.69 0.73 0.72 0.72 0.73 0.73 0.72 0.73 0.70 0.73 0.70 0.84 0.79 0.94 0.84 1.00 1.00 0.98 1.00 0.99 0.97 0.98 0.98 0.98 0.20 0.90 0.90 0.90 0.90 0.90 0.28 0.26 0.03 0.13 0.71 0.76 0.76 0.76 0.76 0.77 0.77 0.77 0.77 0.75 0.76 0.75 0.74 0.74 0.66 0.77 0.81 0.78 0.55 0.59 0.59 0.59
0.70 0.72 0.72 0.73 0.52 0.71 0.72 0.72 0.69 0.70 0.70 0.69 0.70 0.69 0.69 0.67 0.44 0.67 0.61 0.67 0.69 0.69 0.69 0.67 0.43 0.55 0.67 0.39 0.62 0.67 0.66 0.66 0.67 0.67 0.66 0.66 0.64 0.67 0.64 0.81 0.77 0.93 0.82 1.00 1.00 0.97 1.00 0.99 0.96 0.97 0.97 0.97 0.17 0.89 0.89 0.89 0.89 0.89 0.24 0.22 0.03 0.13 0.66 0.71 0.71 0.71 0.71 0.72 0.72 0.72 0.72 0.69 0.71 0.70 0.69 0.69 0.60 0.73 0.78 0.74 0.49 0.51 0.51 0.51
0.84 0.85 0.85 0.85 0.69 0.84 0.85 0.85 0.83 0.84 0.84 0.83 0.84 0.84 0.84 0.82 0.60 0.83 0.78 0.83 0.84 0.84 0.84 0.83 0.62 0.74 0.83 0.58 0.80 0.83 0.82 0.83 0.83 0.83 0.82 0.83 0.81 0.83 0.81 0.89 0.84 0.96 0.88 1.00 1.00 0.99 1.00 1.00 0.98 0.99 0.99 0.99 0.27 0.93 0.93 0.93 0.93 0.93 0.33 0.32 0.06 0.17 0.81 0.85 0.85 0.85 0.85 0.85 0.85 0.85 0.85 0.84 0.85 0.84 0.83 0.83 0.76 0.85 0.87 0.85 0.67 0.70 0.70 0.70
0.97 0.97 0.97 0.97 0.92 0.97 0.97 0.97 0.97 0.97 0.97 0.97 0.97 0.97 0.97 0.97 0.87 0.97 0.96 0.97 0.97 0.97 0.97 0.97 0.92 0.96 0.97 0.88 0.97 0.97 0.97 0.97 0.97 0.97 0.97 0.97 0.97 0.97 0.97 0.98 0.96 0.99 0.97 1.00 1.00 1.00 1.00 1.00 1.00 1.00 1.00 1.00 0.61 0.98 0.98 0.98 0.98 0.98 0.59 0.59 0.24 0.35 0.97 0.97 0.97 0.97 0.97 0.97 0.97 0.97 0.97 0.97 0.97 0.97 0.97 0.97 0.95 0.97 0.97 0.97 0.92 0.95 0.95 0.95
0.55 0.57 0.57 0.58 0.36 0.54 0.57 0.56 0.53 0.52 0.52 0.51 0.52 0.50 0.50 0.49 0.26 0.47 0.41 0.47 0.50 0.50 0.50 0.47 0.24 0.33 0.47 0.23 0.41 0.46 0.45 0.45 0.47 0.46 0.45 0.45 0.43 0.46 0.43 0.71 0.67 0.88 0.75 1.00 1.00 0.95 1.00 0.98 0.93 0.95 0.95 0.95 0.09 0.83 0.83 0.83 0.83 0.83 0.16 0.15 0.01 0.08 0.47 0.56 0.56 0.56 0.56 0.57 0.58 0.57 0.57 0.52 0.56 0.53 0.51 0.51 0.46 0.61 0.68 0.61 0.32 0.33 0.33 0.33
0.50 0.52 0.52 0.54 0.32 0.48 0.52 0.52 0.48 0.47 0.47 0.46 0.47 0.44 0.44 0.43 0.22 0.41 0.35 0.41 0.44 0.44 0.44 0.41 0.20 0.27 0.41 0.19 0.34 0.40 0.39 0.39 0.41 0.40 0.39 0.40 0.37 0.40 0.37 0.67 0.64 0.87 0.72 1.00 1.00 0.94 1.00 0.97 0.91 0.94 0.94 0.94 0.07 0.80 0.80 0.80 0.80 0.80 0.13 0.13 0.01 0.07 0.41 0.51 0.51 0.51 0.51 0.52 0.53 0.52 0.52 0.47 0.51 0.48 0.46 0.46 0.41 0.56 0.64 0.56 0.27 0.28 0.28 0.28
0.59 0.61 0.61 0.62 0.40 0.58 0.61 0.61 0.58 0.57 0.57 0.56 0.57 0.55 0.55 0.54 0.31 0.52 0.46 0.52 0.55 0.55 0.55 0.52 0.28 0.39 0.52 0.27 0.46 0.52 0.51 0.51 0.52 0.52 0.51 0.51 0.49 0.52 0.49 0.74 0.69 0.90 0.77 1.00 1.00 0.96 1.00 0.98 0.94 0.96 0.96 0.96 0.11 0.84 0.84 0.84 0.84 0.84 0.17 0.15 0.02 0.09 0.52 0.60 0.60 0.60 0.60 0.61 0.61 0.61 0.61 0.56 0.60 0.57 0.56 0.56 0.49 0.63 0.70 0.63 0.36 0.37 0.37 0.37
0.84 0.85 0.85 0.85 0.70 0.84 0.85 0.85 0.83 0.84 0.84 0.83 0.84 0.84 0.84 0.83 0.62 0.83 0.78 0.83 0.84 0.84 0.84 0.83 0.63 0.75 0.83 0.59 0.80 0.83 0.83 0.83 0.83 0.83 0.83 0.83 0.81 0.83 0.81 0.89 0.85 0.96 0.89 1.00 1.00 0.99 1.00 1.00 0.98 0.99 0.99 0.99 0.28 0.93 0.93 0.93 0.93 0.93 0.34 0.34 0.06 0.17 0.81 0.85 0.85 0.85 0.85 0.85 0.85 0.85 0.85 0.84 0.85 0.84 0.83 0.83 0.75 0.85 0.87 0.85 0.67 0.71 0.71 0.71
0.77 0.78 0.78 0.79 0.60 0.77 0.78 0.78 0.75 0.76 0.76 0.75 0.76 0.75 0.75 0.74 0.51 0.74 0.68 0.74 0.75 0.75 0.75 0.74 0.52 0.63 0.74 0.48 0.69 0.74 0.74 0.74 0.74 0.74 0.74 0.74 0.72 0.74 0.72 0.85 0.80 0.94 0.84 1.00 1.00 0.98 1.00 0.99 0.97 0.98 0.98 0.98 0.20 0.90 0.90 0.90 0.90 0.90 0.27 0.26 0.04 0.14 0.72 0.78 0.78 0.78 0.78 0.78 0.78 0.78 0.78 0.76 0.78 0.76 0.75 0.75 0.67 0.78 0.82 0.79 0.56 0.60 0.60 0.60
0.92 0.92 0.92 0.93 0.82 0.92 0.92 0.92 0.91 0.92 0.92 0.92 0.92 0.92 0.92 0.92 0.74 0.92 0.89 0.92 0.92 0.92 0.92 0.92 0.78 0.87 0.92 0.74 0.90 0.92 0.92 0.92 0.92 0.92 0.92 0.92 0.90 0.92 0.90 0.94 0.91 0.98 0.93 1.00 1.00 0.99 1.00 1.00 0.99 0.99 0.99 0.99 0.41 0.96 0.96 0.96 0.96 0.96 0.45 0.44 0.11 0.23 0.91 0.93 0.93 0.93 0.93 0.93 0.92 0.93 0.93 0.92 0.93 0.92 0.92 0.92 0.86 0.92 0.93 0.93 0.80 0.84 0.84 0.84
0.94 0.94 0.94 0.94 0.86 0.94 0.94 0.94 0.93 0.94 0.94 0.94 0.94 0.94 0.94 0.94 0.78 0.94 0.91 0.94 0.94 0.94 0.94 0.94 0.83 0.91 0.94 0.78 0.93 0.94 0.94 0.94 0.94 0.94 0.94 0.94 0.93 0.94 0.93 0.95 0.93 0.99 0.94 1.00 1.00 1.00 1.00 1.00 0.99 1.00 1.00 1.00 0.45 0.97 0.97 0.97 0.97 0.97 0.48 0.49 0.14 0.26 0.93 0.94 0.94 0.94 0.94 0.94 0.94 0.94 0.94 0.94 0.94 0.94 0.94 0.94 0.89 0.94 0.94 0.94 0.84 0.88 0.88 0.88
0.45 0.49 0.49 0.50 0.28 0.44 0.49 0.48 0.45 0.42 0.44 0.42 0.42 0.39 0.39 0.39 0.19 0.36 0.31 0.36 0.39 0.39 0.39 0.36 0.16 0.23 0.36 0.15 0.29 0.35 0.34 0.34 0.36 0.35 0.34 0.34 0.32 0.35 0.32 0.65 0.63 0.86 0.71 1.00 1.00 0.94 1.00 0.97 0.91 0.94 0.94 0.94 0.06 0.77 0.77 0.77 0.77 0.77 0.12 0.10 0.01 0.07 0.38 0.46 0.46 0.46 0.46 0.47 0.47 0.47 0.47 0.42 0.46 0.43 0.41 0.41 0.37 0.52 0.62 0.52 0.24 0.24 0.24 0.24
0.84 0.85 0.85 0.86 0.70 0.84 0.85 0.85 0.83 0.84 0.84 0.84 0.84 0.84 0.84 0.83 0.61 0.83 0.78 0.83 0.84 0.84 0.84 0.83 0.63 0.75 0.83 0.59 0.80 0.83 0.83 0.83 0.83 0.83 0.83 0.83 0.81 0.83 0.81 0.90 0.84 0.96 0.88 1.00 1.00 0.99 1.00 1.00 0.98 0.99 0.99 0.99 0.27 0.93 0.93 0.93 0.93 0.93 0.33 0.33 0.06 0.17 0.81 0.85 0.85 0.85 0.85 0.85 0.85 0.85 0.85 0.84 0.85 0.84 0.83 0.83 0.75 0.85 0.87 0.85 0.67 0.70 0.70 0.70
0.68 0.70 0.70 0.71 0.51 0.68 0.70 0.70 0.67 0.68 0.67 0.66 0.68 0.66 0.66 0.65 0.42 0.64 0.58 0.64 0.66 0.66 0.66 0.64 0.40 0.51 0.64 0.38 0.59 0.64 0.64 0.63 0.64 0.64 0.64 0.64 0.61 0.64 0.61 0.80 0.75 0.92 0.81 1.00 1.00 0.97 1.00 0.99 0.96 0.97 0.97 0.97 0.15 0.88 0.88 0.88 0.88 0.88 0.23 0.21 0.02 0.11 0.63 0.70 0.70 0.70 0.70 0.70 0.70 0.70 0.70 0.67 0.70 0.67 0.67 0.67 0.58 0.72 0.76 0.72 0.46 0.49 0.49 0.49
0.67 0.69 0.69 0.70 0.48 0.66 0.69 0.68 0.65 0.65 0.66 0.65 0.65 0.64 0.64 0.63 0.39 0.62 0.56 0.62 0.64 0.64 0.64 0.62 0.37 0.48 0.62 0.35 0.56 0.62 0.61 0.61 0.62 0.62 0.61 0.61 0.59 0.62 0.59 0.78 0.74 0.92 0.80 1.00 1.00 0.97 1.00 0.99 0.96 0.97 0.97 0.97 0.14 0.86 0.86 0.86 0.86 0.86 0.21 0.19 0.02 0.11 0.61 0.68 0.68 0.68 0.68 0.68 0.68 0.68 0.68 0.65 0.68 0.65 0.64 0.64 0.56 0.70 0.75 0.70 0.43 0.46 0.46 0.46
0.66 0.68 0.68 0.68 0.47 0.65 0.68 0.67 0.64 0.65 0.65 0.63 0.65 0.63 0.63 0.62 0.38 0.61 0.55 0.61 0.63 0.63 0.63 0.61 0.37 0.48 0.61 0.34 0.55 0.61 0.60 0.60 0.61 0.61 0.60 0.60 0.58 0.61 0.58 0.78 0.74 0.92 0.80 1.00 1.00 0.97 1.00 0.99 0.96 0.97 0.97 0.97 0.14 0.86 0.86 0.86 0.86 0.86 0.21 0.20 0.02 0.11 0.60 0.67 0.67 0.67 0.67 0.68 0.67 0.68 0.68 0.65 0.67 0.65 0.63 0.64 0.55 0.69 0.75 0.70 0.43 0.45 0.45 0.45
0.98 0.98 0.98 0.98 0.95 0.98 0.98 0.98 0.98 0.98 0.98 0.98 0.98 0.98 0.98 0.98 0.89 0.98 0.97 0.98 0.98 0.98 0.98 0.98 0.93 0.97 0.98 0.90 0.98 0.98 0.98 0.98 0.98 0.98 0.98 0.98 0.98 0.98 0.98 0.98 0.97 1.00 0.98 1.00 1.00 1.00 1.00 1.00 1.00 1.00 1.00 1.00 0.64 0.99 0.99 0.99 0.99 0.99 0.62 0.63 0.27 0.39 0.98 0.98 0.98 0.98 0.98 0.98 0.98 0.98 0.98 0.98 0.98 0.98 0.98 0.98 0.96 0.98 0.98 0.98 0.94 0.96 0.96 0.96
0.79 0.80 0.80 0.81 0.63 0.79 0.80 0.80 0.77 0.78 0.79 0.78 0.78 0.78 0.78 0.77 0.53 0.76 0.71 0.77 0.78 0.78 0.78 0.76 0.55 0.67 0.77 0.52 0.73 0.77 0.76 0.76 0.76 0.77 0.76 0.76 0.74 0.77 0.74 0.86 0.82 0.95 0.86 1.00 1.00 0.98 1.00 0.99 0.97 0.98 0.98 0.98 0.23 0.91 0.91 0.91 0.91 0.91 0.29 0.28 0.04 0.15 0.75 0.80 0.80 0.80 0.80 0.80 0.80 0.80 0.80 0.78 0.80 0.78 0.78 0.78 0.69 0.80 0.83 0.81 0.59 0.62 0.62 0.62
0.59 0.61 0.61 0.62 0.40 0.59 0.61 0.60 0.57 0.58 0.57 0.56 0.58 0.55 0.55 0.54 0.32 0.53 0.46 0.52 0.55 0.55 0.55 0.53 0.29 0.38 0.52 0.26 0.46 0.52 0.51 0.51 0.53 0.52 0.51 0.51 0.49 0.52 0.49 0.75 0.71 0.90 0.78 1.00 1.00 0.96 1.00 0.98 0.94 0.96 0.96 0.96 0.11 0.84 0.84 0.84 0.84 0.84 0.18 0.16 0.01 0.09 0.53 0.60 0.60 0.60 0.60 0.61 0.61 0.61 0.61 0.57 0.60 0.58 0.56 0.56 0.50 0.64 0.71 0.65 0.36 0.38 0.38 0.38
0.58 0.60 0.60 0.61 0.38 0.57 0.60 0.59 0.56 0.56 0.56 0.55 0.56 0.53 0.54 0.52 0.30 0.51 0.44 0.50 0.53 0.53 0.53 0.51 0.27 0.36 0.50 0.26 0.44 0.50 0.49 0.49 0.51 0.50 0.49 0.49 0.46 0.50 0.46 0.73 0.69 0.90 0.77 1.00 1.00 0.96 1.00 0.98 0.94 0.96 0.96 0.96 0.10 0.84 0.84 0.84 0.84 0.84 0.17 0.15 0.01 0.09 0.51 0.59 0.59 0.59 0.59 0.60 0.60 0.60 0.60 0.55 0.59 0.56 0.55 0.55 0.48 0.63 0.70 0.63 0.34 0.36 0.36 0.36
0.54 0.56 0.56 0.58 0.35 0.53 0.56 0.56 0.52 0.51 0.52 0.51 0.51 0.49 0.49 0.48 0.26 0.46 0.40 0.46 0.49 0.49 0.49 0.46 0.23 0.33 0.46 0.22 0.40 0.46 0.44 0.44 0.46 0.46 0.44 0.44 0.42 0.46 0.42 0.70 0.67 0.89 0.75 1.00 1.00 0.95 1.00 0.98 0.93 0.95 0.95 0.95 0.09 0.82 0.82 0.82 0.82 0.82 0.15 0.14 0.01 0.08 0.47 0.55 0.55 0.55 0.55 0.56 0.57 0.56 0.56 0.52 0.55 0.52 0.51 0.51 0.44 0.60 0.68 0.60 0.31 0.33 0.33 0.33
0.52 0.55 0.55 0.56 0.33 0.51 0.55 0.54 0.51 0.50 0.50 0.49 0.50 0.47 0.47 0.46 0.25 0.44 0.39 0.44 0.47 0.47 0.47 0.44 0.22 0.31 0.44 0.21 0.38 0.44 0.43 0.43 0.44 0.44 0.43 0.43 0.41 0.44 0.41 0.70 0.66 0.88 0.74 1.00 1.00 0.95 1.00 0.98 0.92 0.95 0.95 0.95 0.08 0.81 0.81 0.81 0.81 0.81 0.15 0.13 0.01 0.07 0.45 0.54 0.54 0.54 0.54 0.55 0.55 0.55 0.55 0.50 0.54 0.50 0.49 0.49 0.43 0.58 0.65 0.58 0.29 0.31 0.31 0.31
0.98 0.98 0.98 0.98 0.93 0.98 0.98 0.98 0.97 0.98 0.98 0.98 0.98 0.98 0.98 0.98 0.87 0.98 0.97 0.98 0.98 0.98 0.98 0.98 0.92 0.96 0.98 0.88 0.97 0.98 0.98 0.98 0.98 0.98 0.98 0.98 0.98 0.98 0.98 0.98 0.96 0.99 0.97 1.00 1.00 1.00 1.00 1.00 1.00 1.00 1.00 1.00 0.60 0.98 0.98 0.98 0.98 0.98 0.58 0.59 0.24 0.35 0.97 0.98 0.98 0.98 0.98 0.98 0.98 0.98 0.98 0.98 0.98 0.98 0.98 0.98 0.95 0.98 0.98 0.98 0.92 0.95 0.95 0.95
0.70 0.72 0.72 0.73 0.52 0.70 0.72 0.72 0.69 0.69 0.69 0.68 0.69 0.68 0.68 0.67 0.43 0.66 0.60 0.66 0.68 0.68 0.68 0.66 0.42 0.53 0.66 0.39 0.61 0.66 0.66 0.66 0.66 0.66 0.66 0.66 0.63 0.66 0.63 0.81 0.76 0.93 0.82 1.00 1.00 0.97 1.00 0.99 0.96 0.97 0.97 0.97 0.16 0.88 0.88 0.88 0.88 0.88 0.22 0.22 0.03 0.12 0.65 0.71 0.71 0.71 0.71 0.72 0.71 0.72 0.72 0.69 0.71 0.69 0.68 0.68 0.60 0.73 0.77 0.73 0.48 0.51 0.51 0.51
0.47 0.50 0.50 0.51 0.30 0.46 0.50 0.49 0.46 0.44 0.45 0.44 0.44 0.41 0.42 0.41 0.21 0.39 0.33 0.38 0.41 0.41 0.42 0.39 0.17 0.24 0.38 0.16 0.31 0.38 0.36 0.36 0.39 0.38 0.36 0.36 0.34 0.38 0.34 0.66 0.63 0.87 0.71 1.00 1.00 0.94 1.00 0.97 0.91 0.94 0.94 0.94 0.07 0.78 0.78 0.78 0.78 0.78 0.13 0.11 0.01 0.07 0.40 0.48 0.48 0.48 0.48 0.49 0.49 0.49 0.49 0.44 0.48 0.45 0.43 0.43 0.38 0.53 0.62 0.53 0.24 0.25 0.25 0.25
0.80 0.81 0.81 0.82 0.64 0.80 0.81 0.81 0.79 0.79 0.79 0.79 0.79 0.79 0.79 0.78 0.54 0.78 0.73 0.78 0.79 0.79 0.79 0.78 0.57 0.68 0.78 0.53 0.74 0.78 0.77 0.77 0.78 0.78 0.77 0.77 0.75 0.78 0.75 0.87 0.81 0.95 0.86 1.00 1.00 0.98 1.00 0.99 0.97 0.98 0.98 0.98 0.23 0.91 0.91 0.91 0.91 0.91 0.29 0.30 0.05 0.15 0.76 0.81 0.81 0.81 0.81 0.81 0.80 0.81 0.81 0.79 0.81 0.79 0.79 0.78 0.70 0.81 0.84 0.81 0.60 0.64 0.64 0.64
0.95 0.95 0.95 0.95 0.88 0.95 0.95 0.95 0.95 0.95 0.95 0.95 0.95 0.95 0.95 0.95 0.81 0.95 0.93 0.95 0.95 0.95 0.95 0.95 0.86 0.92 0.95 0.81 0.94 0.95 0.95 0.95 0.95 0.95 0.95 0.95 0.94 0.95 0.94 0.96 0.93 0.99 0.95 1.00 1.00 1.00 1.00 1.00 1.00 1.00 1.00 1.00 0.51 0.97 0.97 0.97 0.97 0.97 0.51 0.51 0.16 0.29 0.94 0.95 0.95 0.95 0.95 0.95 0.95 0.95 0.95 0.95 0.95 0.95 0.95 0.95 0.91 0.95 0.95 0.95 0.87 0.90 0.90 0.90
0.76 0.77 0.77 0.77 0.59 0.76 0.77 0.76 0.74 0.75 0.75 0.74 0.75 0.74 0.74 0.73 0.49 0.73 0.67 0.73 0.74 0.74 0.74 0.73 0.50 0.61 0.73 0.46 0.68 0.73 0.72 0.72 0.73 0.73 0.72 0.72 0.70 0.73 0.70 0.84 0.79 0.94 0.84 1.00 1.00 0.98 1.00 0.99 0.97 0.98 0.98 0.98 0.20 0.90 0.90 0.90 0.90 0.90 0.26 0.26 0.03 0.13 0.71 0.76 0.76 0.76 0.76 0.77 0.77 0.77 0.77 0.74 0.76 0.75 0.74 0.74 0.66 0.77 0.81 0.78 0.54 0.58 0.58 0.58
0.43 0.46 0.46 0.48 0.26 0.42 0.46 0.45 0.42 0.40 0.41 0.39 0.40 0.36 0.36 0.36 0.17 0.34 0.28 0.33 0.36 0.36 0.36 0.34 0.15 0.21 0.33 0.13 0.27 0.33 0.32 0.32 0.34 0.33 0.32 0.32 0.30 0.33 0.30 0.64 0.61 0.86 0.70 1.00 1.00 0.94 1.00 0.97 0.91 0.94 0.94 0.94 0.06 0.77 0.77 0.77 0.77 0.77 0.12 0.10 0.01 0.06 0.35 0.44 0.44 0.44 0.44 0.45 0.46 0.45 0.45 0.40 0.44 0.41 0.39 0.39 0.35 0.51 0.60 0.51 0.22 0.22 0.22 0.22
0.82 0.83 0.83 0.84 0.67 0.82 0.83 0.83 0.81 0.82 0.82 0.81 0.82 0.82 0.82 0.81 0.58 0.81 0.76 0.81 0.82 0.82 0.82 0.81 0.60 0.72 0.81 0.56 0.77 0.81 0.81 0.81 0.81 0.81 0.81 0.81 0.79 0.81 0.79 0.88 0.83 0.96 0.87 1.00 1.00 0.99 1.00 0.99 0.98 0.99 0.99 0.99 0.25 0.92 0.92 0.92 0.92 0.92 0.32 0.30 0.06 0.16 0.79 0.83 0.83 0.83 0.83 0.83 0.83 0.83 0.83 0.82 0.83 0.82 0.81 0.81 0.73 0.83 0.86 0.84 0.64 0.67 0.67 0.67
0.67 0.69 0.69 0.69 0.48 0.67 0.69 0.68 0.65 0.66 0.66 0.65 0.66 0.64 0.64 0.63 0.40 0.62 0.56 0.62 0.64 0.64 0.64 0.62 0.38 0.49 0.62 0.36 0.57 0.62 0.61 0.61 0.62 0.62 0.61 0.61 0.59 0.62 0.59 0.79 0.74 0.92 0.80 1.00 1.00 0.97 1.00 0.99 0.96 0.97 0.97 0.97 0.14 0.87 0.87 0.87 0.87 0.87 0.22 0.20 0.02 0.11 0.62 0.68 0.68 0.68 0.68 0.69 0.69 0.69 0.69 0.66 0.68 0.66 0.65 0.65 0.57 0.70 0.75 0.71 0.45 0.47 0.47 0.47
0.68 0.70 0.70 0.71 0.50 0.68 0.70 0.69 0.67 0.67 0.67 0.66 0.67 0.66 0.66 0.65 0.41 0.64 0.58 0.64 0.66 0.66 0.66 0.64 0.39 0.51 0.64 0.37 0.58 0.64 0.63 0.63 0.64 0.64 0.63 0.63 0.60 0.64 0.60 0.80 0.75 0.92 0.81 1.00 1.00 0.97 1.00 0.99 0.96 0.97 0.97 0.97 0.15 0.87 0.87 0.87 0.87 0.87 0.22 0.21 0.02 0.12 0.63 0.69 0.69 0.69 0.69 0.70 0.70 0.70 0.70 0.67 0.69 0.67 0.66 0.66 0.58 0.71 0.76 0.72 0.46 0.48 0.48 0.48
0.44 0.46 0.46 0.49 0.26 0.42 0.46 0.46 0.43 0.40 0.41 0.39 0.40 0.37 0.37 0.37 0.18 0.35 0.29 0.34 0.37 0.37 0.37 0.35 0.15 0.21 0.34 0.14 0.28 0.34 0.33 0.32 0.35 0.34 0.33 0.33 0.30 0.34 0.30 0.64 0.61 0.86 0.70 1.00 1.00 0.94 1.00 0.97 0.90 0.94 0.94 0.94 0.06 0.78 0.78 0.78 0.78 0.78 0.12 0.10 0.01 0.07 0.36 0.44 0.44 0.44 0.44 0.46 0.47 0.46 0.46 0.41 0.44 0.41 0.40 0.39 0.35 0.51 0.60 0.51 0.22 0.22 0.22 0.22
0.45 0.47 0.47 0.49 0.27 0.43 0.47 0.47 0.43 0.41 0.42 0.40 0.41 0.38 0.38 0.38 0.18 0.35 0.29 0.34 0.38 0.38 0.38 0.35 0.15 0.22 0.34 0.15 0.28 0.34 0.33 0.33 0.35 0.34 0.33 0.33 0.31 0.34 0.31 0.65 0.62 0.85 0.71 1.00 1.00 0.94 1.00 0.97 0.90 0.94 0.94 0.94 0.06 0.77 0.77 0.77 0.77 0.77 0.12 0.10 0.01 0.07 0.37 0.46 0.46 0.46 0.46 0.47 0.48 0.47 0.47 0.42 0.46 0.43 0.41 0.41 0.36 0.52 0.61 0.52 0.23 0.23 0.23 0.23
0.75 0.76 0.76 0.76 0.58 0.75 0.76 0.76 0.73 0.74 0.74 0.74 0.74 0.74 0.74 0.72 0.48 0.72 0.67 0.72 0.74 0.74 0.74 0.72 0.50 0.61 0.72 0.46 0.67 0.72 0.72 0.71 0.72 0.72 0.72 0.72 0.69 0.72 0.69 0.84 0.79 0.94 0.84 1.00 1.00 0.98 1.00 0.99 0.97 0.98 0.98 0.98 0.18 0.90 0.90 0.90 0.90 0.90 0.26 0.25 0.04 0.14 0.70 0.76 0.76 0.76 0.76 0.76 0.76 0.76 0.76 0.74 0.76 0.74 0.73 0.73 0.65 0.76 0.80 0.77 0.54 0.57 0.57 0.57
0.47 0.49 0.49 0.51 0.29 0.46 0.49 0.49 0.46 0.44 0.44 0.43 0.44 0.41 0.41 0.40 0.20 0.38 0.32 0.37 0.41 0.41 0.41 0.38 0.18 0.24 0.37 0.16 0.31 0.37 0.36 0.36 0.38 0.37 0.36 0.36 0.34 0.37 0.34 0.67 0.63 0.87 0.72 1.00 1.00 0.94 1.00 0.97 0.91 0.94 0.94 0.94 0.07 0.79 0.79 0.79 0.79 0.79 0.13 0.11 0.01 0.07 0.39 0.48 0.48 0.48 0.48 0.49 0.50 0.49 0.49 0.44 0.48 0.45 0.43 0.43 0.39 0.54 0.63 0.54 0.26 0.26 0.26 0.26
0.83 0.84 0.84 0.84 0.68 0.83 0.84 0.83 0.81 0.82 0.82 0.82 0.82 0.82 0.82 0.81 0.59 0.81 0.77 0.82 0.82 0.82 0.82 0.81 0.60 0.72 0.82 0.57 0.78 0.82 0.81 0.81 0.81 0.82 0.81 0.81 0.80 0.82 0.80 0.89 0.84 0.96 0.88 1.00 1.00 0.99 1.00 1.00 0.98 0.99 0.99 0.99 0.27 0.93 0.93 0.93 0.93 0.93 0.32 0.32 0.05 0.16 0.80 0.84 0.84 0.84 0.84 0.84 0.84 0.84 0.84 0.82 0.84 0.82 0.82 0.82 0.74 0.84 0.86 0.84 0.66 0.69 0.69 0.69
0.73 0.74 0.74 0.75 0.55 0.73 0.74 0.73 0.71 0.72 0.72 0.71 0.72 0.71 0.71 0.69 0.46 0.69 0.63 0.69 0.71 0.71 0.71 0.69 0.45 0.57 0.69 0.42 0.64 0.69 0.69 0.69 0.69 0.69 0.69 0.69 0.66 0.69 0.66 0.82 0.78 0.93 0.83 1.00 1.00 0.98 1.00 0.99 0.96 0.98 0.98 0.98 0.18 0.89 0.89 0.89 0.89 0.89 0.25 0.23 0.03 0.13 0.68 0.74 0.74 0.74 0.74 0.74 0.74 0.74 0.74 0.72 0.74 0.72 0.71 0.71 0.62 0.75 0.79 0.75 0.52 0.55 0.55 0.55
0.76 0.78 0.78 0.78 0.59 0.76 0.78 0.77 0.75 0.75 0.76 0.75 0.75 0.75 0.75 0.74 0.50 0.74 0.68 0.74 0.75 0.75 0.75 0.74 0.52 0.63 0.74 0.47 0.69 0.74 0.73 0.73 0.74 0.74 0.73 0.73 0.71 0.74 0.71 0.84 0.80 0.94 0.85 1.00 1.00 0.98 1.00 0.99 0.97 0.98 0.98 0.98 0.20 0.90 0.90 0.90 0.90 0.90 0.27 0.27 0.04 0.14 0.72 0.77 0.77 0.77 0.77 0.77 0.77 0.77 0.77 0.75 0.77 0.75 0.75 0.75 0.66 0.78 0.82 0.78 0.56 0.59 0.59 0.59
0.44 0.46 0.46 0.48 0.26 0.42 0.46 0.46 0.42 0.40 0.41 0.39 0.40 0.36 0.37 0.36 0.18 0.34 0.28 0.33 0.36 0.36 0.37 0.34 0.15 0.21 0.33 0.14 0.27 0.33 0.32 0.32 0.34 0.33 0.32 0.32 0.30 0.33 0.30 0.64 0.61 0.85 0.70 1.00 1.00 0.94 1.00 0.96 0.90 0.94 0.94 0.94 0.06 0.78 0.78 0.78 0.78 0.78 0.12 0.10 0.01 0.06 0.35 0.44 0.44 0.44 0.44 0.46 0.46 0.46 0.46 0.40 0.44 0.41 0.39 0.39 0.35 0.50 0.60 0.50 0.23 0.23 0.23 0.23
0.98 0.98 0.98 0.98 0.93 0.98 0.98 0.98 0.97 0.98 0.97 0.98 0.98 0.98 0.98 0.98 0.87 0.98 0.96 0.98 0.98 0.98 0.98 0.98 0.92 0.96 0.98 0.89 0.97 0.98 0.98 0.98 0.98 0.98 0.98 0.98 0.97 0.98 0.97 0.98 0.96 0.99 0.97 1.00 1.00 1.00 1.00 1.00 1.00 1.00 1.00 1.00 0.61 0.98 0.98 0.98 0.98 0.98 0.60 0.60 0.25 0.36 0.97 0.98 0.98 0.98 0.98 0.98 0.98 0.98 0.98 0.98 0.98 0.98 0.98 0.98 0.95 0.98 0.98 0.98 0.92 0.95 0.95 0.95
0.96 0.97 0.97 0.97 0.90 0.96 0.97 0.97 0.96 0.96 0.96 0.96 0.96 0.97 0.96 0.96 0.84 0.96 0.95 0.96 0.97 0.97 0.97 0.96 0.89 0.94 0.96 0.85 0.96 0.96 0.96 0.96 0.96 0.96 0.96 0.96 0.96 0.96 0.96 0.97 0.95 0.99 0.96 1.00 1.00 1.00 1.00 1.00 1.00 1.00 1.00 1.00 0.56 0.98 0.98 0.98 0.98 0.98 0.55 0.56 0.20 0.31 0.96 0.96 0.96 0.96 0.96 0.96 0.96 0.96 0.96 0.96 0.96 0.96 0.96 0.96 0.93 0.96 0.96 0.96 0.89 0.93 0.93 0.93
0.51 0.54 0.54 0.55 0.32 0.49 0.54 0.53 0.49 0.49 0.49 0.47 0.49 0.45 0.45 0.45 0.23 0.43 0.36 0.42 0.45 0.45 0.45 0.43 0.20 0.28 0.42 0.19 0.36 0.42 0.41 0.41 0.43 0.42 0.41 0.41 0.38 0.42 0.38 0.68 0.65 0.87 0.74 1.00 1.00 0.95 1.00 0.97 0.92 0.95 0.95 0.95 0.07 0.80 0.80 0.80 0.80 0.80 0.14 0.12 0.01 0.08 0.43 0.52 0.52 0.52 0.52 0.53 0.53 0.53 0.53 0.48 0.52 0.49 0.47 0.47 0.42 0.56 0.65 0.56 0.28 0.28 0.28 0.28
0.95 0.95 0.95 0.95 0.87 0.95 0.95 0.95 0.94 0.95 0.95 0.95 0.95 0.95 0.95 0.95 0.81 0.95 0.93 0.95 0.95 0.95 0.95 0.95 0.86 0.92 0.95 0.81 0.94 0.95 0.95 0.95 0.95 0.95 0.95 0.95 0.94 0.95 0.94 0.96 0.93 0.99 0.95 1.00 1.00 1.00 1.00 1.00 1.00 1.00 1.00 1.00 0.49 0.97 0.97 0.97 0.97 0.97 0.51 0.51 0.16 0.27 0.94 0.95 0.95 0.95 0.95 0.95 0.95 0.95 0.95 0.95 0.95 0.95 0.95 0.95 0.91 0.95 0.95 0.95 0.87 0.90 0.90 0.90
0.98 0.98 0.98 0.98 0.94 0.98 0.98 0.98 0.98 0.98 0.98 0.98 0.98 0.98 0.98 0.98 0.89 0.98 0.97 0.98 0.98 0.98 0.98 0.98 0.94 0.97 0.98 0.91 0.98 0.98 0.98 0.98 0.98 0.98 0.98 0.98 0.98 0.98 0.98 0.98 0.97 0.99 0.98 1.00 1.00 1.00 1.00 1.00 1.00 1.00 1.00 1.00 0.65 0.99 0.99 0.99 0.99 0.99 0.63 0.63 0.28 0.40 0.97 0.98 0.98 0.98 0.98 0.98 0.98 0.98 0.98 0.98 0.98 0.98 0.98 0.98 0.95 0.98 0.98 0.98 0.94 0.96 0.96 0.96
0.97 0.97 0.97 0.97 0.93 0.97 0.97 0.97 0.97 0.97 0.97 0.97 0.97 0.97 0.97 0.97 0.86 0.97 0.96 0.97 0.97 0.97 0.97 0.97 0.91 0.95 0.97 0.87 0.97 0.97 0.97 0.97 0.97 0.97 0.97 0.97 0.97 0.97 0.97 0.98 0.96 0.99 0.97 1.00 1.00 1.00 1.00 1.00 1.00 1.00 1.00 1.00 0.59 0.98 0.98 0.98 0.98 0.98 0.57 0.58 0.22 0.35 0.97 0.97 0.97 0.97 0.97 0.97 0.97 0.97 0.97 0.97 0.97 0.97 0.97 0.97 0.94 0.97 0.97 0.97 0.91 0.94 0.94 0.94
0.77 0.79 0.79 0.79 0.61 0.77 0.79 0.79 0.76 0.77 0.77 0.76 0.77 0.76 0.76 0.75 0.51 0.75 0.69 0.75 0.76 0.76 0.76 0.75 0.52 0.64 0.75 0.49 0.71 0.75 0.75 0.75 0.75 0.75 0.75 0.75 0.73 0.75 0.73 0.86 0.80 0.95 0.85 1.00 1.00 0.98 1.00 0.99 0.97 0.98 0.98 0.98 0.21 0.91 0.91 0.91 0.91 0.91 0.27 0.27 0.04 0.14 0.73 0.78 0.78 0.78 0.78 0.79 0.79 0.79 0.79 0.77 0.78 0.77 0.76 0.76 0.67 0.79 0.83 0.80 0.56 0.59 0.59 0.59
0.82 0.83 0.83 0.83 0.65 0.82 0.83 0.82 0.80 0.81 0.81 0.80 0.81 0.81 0.81 0.80 0.57 0.80 0.74 0.80 0.81 0.81 0.81 0.80 0.58 0.71 0.80 0.54 0.76 0.80 0.80 0.80 0.80 0.80 0.80 0.80 0.78 0.80 0.78 0.88 0.83 0.96 0.87 1.00 1.00 0.99 1.00 0.99 0.98 0.99 0.99 0.99 0.24 0.92 0.92 0.92 0.92 0.92 0.31 0.30 0.05 0.16 0.78 0.82 0.82 0.82 0.82 0.82 0.82 0.82 0.82 0.81 0.82 0.81 0.81 0.80 0.72 0.82 0.85 0.83 0.63 0.66 0.66 0.66
0.89 0.90 0.90 0.90 0.78 0.90 0.90 0.90 0.89 0.89 0.90 0.89 0.89 0.90 0.89 0.89 0.70 0.89 0.86 0.89 0.90 0.90 0.90 0.89 0.74 0.83 0.89 0.69 0.87 0.89 0.89 0.89 0.89 0.89 0.89 0.89 0.88 0.89 0.88 0.93 0.88 0.97 0.91 1.00 1.00 0.99 1.00 1.00 0.99 0.99 0.99 0.99 0.36 0.95 0.95 0.95 0.95 0.95 0.40 0.40 0.09 0.21 0.88 0.90 0.90 0.90 0.90 0.90 0.90 0.90 0.90 0.89 0.90 0.89 0.89 0.89 0.83 0.90 0.91 0.90 0.76 0.80 0.80 0.80
0.86 0.87 0.87 0.87 0.73 0.86 0.87 0.87 0.85 0.86 0.86 0.86 0.86 0.86 0.86 0.85 0.65 0.85 0.81 0.86 0.86 0.86 0.86 0.85 0.68 0.78 0.86 0.63 0.83 0.86 0.85 0.85 0.85 0.86 0.85 0.85 0.84 0.86 0.84 0.90 0.86 0.97 0.90 1.00 1.00 0.99 1.00 1.00 0.98 0.99 0.99 0.99 0.30 0.93 0.93 0.93 0.93 0.93 0.36 0.36 0.07 0.18 0.84 0.87 0.87 0.87 0.87 0.87 0.87 0.87 0.87 0.86 0.87 0.86 0.86 0.86 0.79 0.87 0.88 0.87 0.71 0.75 0.75 0.75
0.76 0.77 0.77 0.78 0.59 0.76 0.77 0.77 0.75 0.76 0.75 0.75 0.76 0.75 0.75 0.73 0.50 0.73 0.67 0.73 0.75 0.75 0.75 0.73 0.51 0.63 0.73 0.47 0.69 0.73 0.73 0.73 0.73 0.73 0.73 0.73 0.71 0.73 0.71 0.84 0.79 0.94 0.84 1.00 1.00 0.98 1.00 0.99 0.97 0.98 0.98 0.98 0.20 0.90 0.90 0.90 0.90 0.90 0.27 0.26 0.04 0.13 0.72 0.77 0.77 0.77 0.77 0.77 0.77 0.77 0.77 0.75 0.77 0.75 0.75 0.75 0.67 0.78 0.81 0.78 0.55 0.59 0.59 0.59
0.51 0.54 0.54 0.55 0.33 0.51 0.54 0.53 0.50 0.49 0.49 0.48 0.49 0.46 0.46 0.45 0.25 0.43 0.37 0.43 0.46 0.46 0.46 0.43 0.22 0.29 0.43 0.20 0.36 0.43 0.42 0.42 0.43 0.43 0.42 0.42 0.39 0.43 0.39 0.69 0.65 0.88 0.73 1.00 1.00 0.95 1.00 0.97 0.92 0.95 0.95 0.95 0.08 0.81 0.81 0.81 0.81 0.81 0.15 0.13 0.01 0.08 0.44 0.53 0.53 0.53 0.53 0.54 0.54 0.54 0.54 0.49 0.53 0.50 0.48 0.48 0.42 0.57 0.65 0.57 0.28 0.30 0.30 0.30
0.95 0.95 0.95 0.95 0.88 0.95 0.95 0.95 0.94 0.95 0.95 0.95 0.95 0.95 0.95 0.95 0.80 0.95 0.93 0.95 0.95 0.95 0.95 0.95 0.85 0.92 0.95 0.81 0.94 0.95 0.95 0.95 0.95 0.95 0.95 0.95 0.94 0.95 0.94 0.96 0.93 0.99 0.95 1.00 1.00 1.00 1.00 1.00 1.00 1.00 1.00 1.00 0.49 0.97 0.97 0.97 0.97 0.97 0.51 0.50 0.17 0.29 0.94 0.95 0.95 0.95 0.95 0.95 0.95 0.95 0.95 0.95 0.95 0.95 0.95 0.95 0.90 0.95 0.95 0.95 0.87 0.89 0.89 0.89
0.73 0.74 0.74 0.75 0.55 0.73 0.74 0.74 0.71 0.72 0.72 0.71 0.72 0.71 0.71 0.70 0.46 0.69 0.63 0.69 0.71 0.71 0.71 0.69 0.45 0.57 0.69 0.42 0.64 0.69 0.68 0.68 0.69 0.69 0.68 0.68 0.66 0.69 0.66 0.82 0.78 0.93 0.83 1.00 1.00 0.98 1.00 0.99 0.97 0.98 0.98 0.98 0.18 0.89 0.89 0.89 0.89 0.89 0.25 0.24 0.03 0.13 0.68 0.74 0.74 0.74 0.74 0.75 0.74 0.75 0.75 0.72 0.74 0.72 0.71 0.71 0.63 0.75 0.79 0.76 0.52 0.55 0.55 0.55
0.46 0.49 0.49 0.51 0.28 0.44 0.49 0.48 0.45 0.43 0.44 0.42 0.43 0.39 0.39 0.39 0.20 0.37 0.31 0.36 0.39 0.39 0.39 0.37 0.16 0.23 0.36 0.15 0.30 0.36 0.35 0.35 0.37 0.36 0.35 0.35 0.33 0.36 0.33 0.66 0.63 0.86 0.72 1.00 1.00 0.94 1.00 0.97 0.91 0.94 0.94 0.94 0.07 0.78 0.78 0.78 0.78 0.78 0.12 0.11 0.01 0.07 0.38 0.46 0.46 0.46 0.46 0.48 0.48 0.48 0.48 0.43 0.46 0.44 0.42 0.42 0.37 0.53 0.62 0.53 0.24 0.24 0.24 0.24
0.45 0.47 0.47 0.49 0.27 0.43 0.47 0.47 0.43 0.41 0.42 0.41 0.41 0.38 0.38 0.38 0.19 0.36 0.30 0.35 0.38 0.38 0.38 0.36 0.15 0.23 0.35 0.15 0.29 0.35 0.34 0.34 0.36 0.35 0.34 0.34 0.32 0.35 0.32 0.64 0.62 0.86 0.71 1.00 1.00 0.94 1.00 0.97 0.91 0.94 0.94 0.94 0.07 0.78 0.78 0.78 0.78 0.78 0.13 0.11 0.01 0.07 0.37 0.46 0.46 0.46 0.46 0.47 0.48 0.47 0.47 0.42 0.46 0.43 0.41 0.41 0.37 0.53 0.61 0.53 0.23 0.24 0.24 0.24
0.82 0.83 0.83 0.84 0.68 0.82 0.83 0.83 0.81 0.82 0.82 0.82 0.82 0.82 0.82 0.81 0.60 0.81 0.76 0.81 0.82 0.82 0.82 0.81 0.61 0.72 0.81 0.57 0.78 0.81 0.81 0.81 0.81 0.81 0.81 0.81 0.79 0.81 0.79 0.88 0.84 0.96 0.88 1.00 1.00 0.99 1.00 1.00 0.98 0.99 0.99 0.99 0.27 0.93 0.93 0.93 0.93 0.93 0.32 0.32 0.05 0.16 0.79 0.83 0.83 0.83 0.83 0.83 0.83 0.83 0.83 0.82 0.83 0.82 0.81 0.81 0.74 0.83 0.86 0.84 0.64 0.68 0.68 0.68
0.50 0.54 0.54 0.55 0.32 0.49 0.54 0.53 0.49 0.48 0.49 0.48 0.48 0.46 0.46 0.45 0.24 0.43 0.37 0.42 0.46 0.46 0.46 0.43 0.21 0.28 0.42 0.20 0.36 0.42 0.41 0.41 0.43 0.42 0.41 0.41 0.39 0.42 0.39 0.68 0.64 0.88 0.73 1.00 1.00 0.94 1.00 0.97 0.92 0.94 0.94 0.94 0.08 0.81 0.81 0.81 0.81 0.81 0.14 0.13 0.01 0.07 0.43 0.52 0.52 0.52 0.52 0.53 0.53 0.53 0.53 0.48 0.52 0.48 0.47 0.47 0.41 0.57 0.65 0.57 0.28 0.29 0.29 0.29
0.79 0.80 0.80 0.81 0.63 0.79 0.80 0.80 0.77 0.79 0.79 0.78 0.79 0.78 0.78 0.77 0.53 0.76 0.72 0.77 0.78 0.78 0.78 0.76 0.56 0.66 0.77 0.52 0.73 0.77 0.76 0.76 0.76 0.77 0.76 0.76 0.74 0.77 0.74 0.86 0.81 0.95 0.85 1.00 1.00 0.98 1.00 0.99 0.98 0.98 0.98 0.98 0.22 0.91 0.91 0.91 0.91 0.91 0.29 0.28 0.04 0.15 0.75 0.79 0.79 0.79 0.79 0.80 0.79 0.80 0.80 0.78 0.79 0.78 0.78 0.77 0.69 0.80 0.83 0.80 0.58 0.62 0.62 0.62
0.51 0.54 0.54 0.55 0.33 0.50 0.54 0.53 0.50 0.49 0.49 0.48 0.49 0.46 0.46 0.45 0.24 0.43 0.38 0.43 0.46 0.46 0.46 0.43 0.21 0.29 0.43 0.20 0.37 0.43 0.42 0.42 0.43 0.43 0.42 0.42 0.39 0.43 0.39 0.69 0.65 0.88 0.73 1.00 1.00 0.95 1.00 0.97 0.92 0.95 0.95 0.95 0.08 0.81 0.81 0.81 0.81 0.81 0.14 0.12 0.01 0.08 0.44 0.52 0.52 0.52 0.52 0.53 0.54 0.53 0.53 0.49 0.52 0.49 0.48 0.48 0.42 0.57 0.65 0.57 0.28 0.29 0.29 0.29
0.98 0.98 0.98 0.98 0.94 0.98 0.98 0.98 0.98 0.98 0.98 0.98 0.98 0.98 0.98 0.98 0.88 0.98 0.97 0.98 0.98 0.98 0.98 0.98 0.93 0.97 0.98 0.89 0.98 0.98 0.98 0.98 0.98 0.98 0.98 0.98 0.98 0.98 0.98 0.98 0.96 1.00 0.97 1.00 1.00 1.00 1.00 1.00 1.00 1.00 1.00 1.00 0.63 0.99 0.99 0.99 0.99 0.99 0.60 0.61 0.27 0.37 0.98 0.98 0.98 0.98 0.98 0.98 0.98 0.98 0.98 0.98 0.98 0.98 0.98 0.98 0.96 0.98 0.98 0.98 0.94 0.96 0.96 0.96
0.97 0.97 0.97 0.97 0.91 0.97 0.97 0.97 0.96 0.97 0.97 0.97 0.97 0.97 0.97 0.97 0.85 0.97 0.95 0.97 0.97 0.97 0.97 0.97 0.90 0.95 0.97 0.86 0.96 0.97 0.97 0.97 0.97 0.97 0.97 0.97 0.96 0.97 0.96 0.97 0.95 0.99 0.96 1.00 1.00 1.00 1.00 1.00 1.00 1.00 1.00 1.00 0.57 0.98 0.98 0.98 0.98 0.98 0.56 0.57 0.22 0.33 0.96 0.97 0.97 0.97 0.97 0.97 0.97 0.97 0.97 0.97 0.97 0.97 0.97 0.97 0.93 0.97 0.97 0.97 0.90 0.93 0.93 0.93
0.45 0.48 0.48 0.50 0.27 0.43 0.48 0.47 0.44 0.42 0.43 0.41 0.42 0.38 0.39 0.38 0.19 0.36 0.30 0.35 0.38 0.38 0.38 0.36 0.16 0.23 0.35 0.15 0.29 0.35 0.34 0.34 0.36 0.35 0.34 0.34 0.31 0.35 0.31 0.66 0.62 0.87 0.71 1.00 1.00 0.94 1.00 0.97 0.90 0.94 0.94 0.94 0.06 0.78 0.78 0.78 0.78 0.78 0.12 0.10 0.01 0.07 0.37 0.46 0.46 0.46 0.46 0.47 0.48 0.47 0.47 0.42 0.46 0.43 0.41 0.41 0.37 0.52 0.62 0.52 0.23 0.24 0.24 0.24
0.54 0.56 0.56 0.58 0.35 0.53 0.56 0.56 0.52 0.52 0.52 0.51 0.52 0.49 0.49 0.48 0.26 0.47 0.41 0.46 0.49 0.49 0.49 0.47 0.24 0.33 0.46 0.22 0.40 0.46 0.45 0.45 0.47 0.46 0.45 0.45 0.42 0.46 0.42 0.71 0.68 0.89 0.75 1.00 1.00 0.95 1.00 0.97 0.93 0.95 0.95 0.95 0.09 0.82 0.82 0.82 0.82 0.82 0.15 0.14 0.01 0.08 0.47 0.55 0.55 0.55 0.55 0.57 0.57 0.57 0.57 0.52 0.55 0.53 0.51 0.51 0.44 0.60 0.67 0.60 0.31 0.33 0.33 0.33
0.59 0.61 0.61 0.62 0.40 0.58 0.61 0.61 0.57 0.57 0.57 0.56 0.57 0.55 0.55 0.54 0.31 0.52 0.46 0.52 0.55 0.55 0.55 0.52 0.29 0.39 0.52 0.27 0.46 0.52 0.51 0.51 0.52 0.52 0.51 0.51 0.49 0.52 0.49 0.74 0.70 0.90 0.77 1.00 1.00 0.96 1.00 0.98 0.94 0.96 0.96 0.96 0.10 0.84 0.84 0.84 0.84 0.84 0.18 0.16 0.01 0.09 0.52 0.60 0.60 0.60 0.60 0.61 0.61 0.61 0.61 0.57 0.60 0.57 0.56 0.56 0.49 0.64 0.70 0.64 0.35 0.37 0.37 0.37
0.67 0.70 0.70 0.70 0.49 0.67 0.70 0.69 0.66 0.66 0.66 0.66 0.66 0.65 0.65 0.64 0.39 0.63 0.57 0.63 0.65 0.65 0.65 0.63 0.39 0.50 0.63 0.37 0.58 0.63 0.62 0.62 0.63 0.63 0.62 0.62 0.60 0.63 0.60 0.79 0.75 0.92 0.80 1.00 1.00 0.97 1.00 0.98 0.96 0.97 0.97 0.97 0.14 0.87 0.87 0.87 0.87 0.87 0.22 0.21 0.02 0.11 0.62 0.68 0.68 0.68 0.68 0.69 0.69 0.69 0.69 0.66 0.68 0.66 0.65 0.65 0.57 0.70 0.75 0.70 0.45 0.47 0.47 0.47
0.78 0.80 0.80 0.80 0.62 0.78 0.80 0.79 0.77 0.78 0.78 0.77 0.78 0.77 0.77 0.76 0.53 0.76 0.70 0.76 0.77 0.77 0.77 0.76 0.54 0.66 0.76 0.50 0.72 0.76 0.75 0.75 0.76 0.76 0.75 0.75 0.73 0.76 0.73 0.86 0.81 0.95 0.86 1.00 1.00 0.98 1.00 0.99 0.97 0.98 0.98 0.98 0.22 0.90 0.90 0.90 0.90 0.90 0.28 0.28 0.04 0.14 0.74 0.79 0.79 0.79 0.79 0.79 0.79 0.79 0.79 0.77 0.79 0.77 0.77 0.77 0.69 0.80 0.83 0.80 0.58 0.62 0.62 0.62
0.46 0.48 0.48 0.50 0.28 0.44 0.48 0.48 0.45 0.43 0.43 0.41 0.43 0.39 0.39 0.39 0.19 0.36 0.30 0.35 0.39 0.39 0.39 0.36 0.16 0.23 0.35 0.15 0.30 0.35 0.34 0.34 0.36 0.35 0.34 0.34 0.32 0.35 0.32 0.65 0.63 0.86 0.72 1.00 1.00 0.94 1.00 0.96 0.91 0.94 0.94 0.94 0.06 0.79 0.79 0.79 0.79 0.79 0.12 0.10 0.01 0.07 0.38 0.47 0.47 0.47 0.47 0.48 0.49 0.48 0.48 0.43 0.47 0.43 0.42 0.42 0.37 0.52 0.62 0.53 0.24 0.25 0.25 0.25
0.55 0.57 0.57 0.59 0.36 0.54 0.57 0.57 0.53 0.53 0.53 0.51 0.53 0.50 0.50 0.49 0.27 0.48 0.41 0.47 0.50 0.50 0.50 0.48 0.25 0.34 0.47 0.23 0.41 0.47 0.46 0.46 0.48 0.47 0.46 0.46 0.44 0.47 0.44 0.70 0.67 0.88 0.75 1.00 1.00 0.95 1.00 0.98 0.93 0.95 0.95 0.95 0.09 0.82 0.82 0.82 0.82 0.82 0.16 0.14 0.01 0.09 0.48 0.56 0.56 0.56 0.56 0.57 0.57 0.57 0.57 0.52 0.56 0.53 0.51 0.51 0.45 0.60 0.67 0.61 0.32 0.34 0.34 0.34
0.78 0.80 0.80 0.80 0.62 0.79 0.80 0.79 0.77 0.78 0.78 0.78 0.78 0.77 0.77 0.77 0.54 0.76 0.71 0.77 0.77 0.77 0.77 0.76 0.55 0.67 0.77 0.51 0.73 0.77 0.76 0.76 0.76 0.77 0.76 0.76 0.74 0.77 0.74 0.86 0.81 0.95 0.86 1.00 1.00 0.98 1.00 0.99 0.98 0.98 0.98 0.98 0.22 0.92 0.92 0.92 0.92 0.92 0.29 0.28 0.04 0.14 0.75 0.79 0.79 0.79 0.79 0.80 0.79 0.80 0.80 0.78 0.79 0.78 0.77 0.77 0.69 0.80 0.83 0.80 0.59 0.62 0.62 0.62
0.59 0.62 0.62 0.63 0.40 0.58 0.62 0.61 0.58 0.57 0.58 0.56 0.57 0.55 0.55 0.54 0.31 0.52 0.46 0.53 0.55 0.55 0.55 0.52 0.29 0.38 0.53 0.27 0.46 0.53 0.52 0.51 0.52 0.53 0.52 0.52 0.49 0.53 0.49 0.74 0.70 0.91 0.77 1.00 1.00 0.96 1.00 0.98 0.95 0.96 0.96 0.96 0.11 0.84 0.84 0.84 0.84 0.84 0.18 0.16 0.02 0.10 0.52 0.60 0.60 0.60 0.60 0.61 0.61 0.61 0.61 0.57 0.60 0.57 0.56 0.56 0.49 0.64 0.71 0.64 0.36 0.38 0.38 0.38
0.72 0.73 0.73 0.74 0.54 0.71 0.73 0.73 0.70 0.71 0.71 0.70 0.71 0.69 0.69 0.68 0.45 0.68 0.62 0.68 0.69 0.69 0.69 0.68 0.45 0.55 0.68 0.41 0.63 0.68 0.67 0.67 0.68 0.68 0.67 0.67 0.65 0.68 0.65 0.81 0.78 0.93 0.83 1.00 1.00 0.97 1.00 0.99 0.96 0.97 0.97 0.97 0.17 0.89 0.89 0.89 0.89 0.89 0.24 0.23 0.03 0.12 0.67 0.72 0.72 0.72 0.72 0.73 0.73 0.73 0.73 0.70 0.72 0.70 0.70 0.70 0.62 0.74 0.78 0.74 0.50 0.53 0.53 0.53
0.48 0.50 0.50 0.52 0.30 0.46 0.50 0.50 0.47 0.45 0.46 0.44 0.45 0.42 0.42 0.41 0.22 0.39 0.34 0.39 0.42 0.42 0.42 0.39 0.18 0.25 0.39 0.17 0.32 0.39 0.38 0.37 0.39 0.39 0.38 0.37 0.35 0.39 0.35 0.67 0.63 0.87 0.72 1.00 1.00 0.94 1.00 0.97 0.92 0.94 0.94 0.94 0.07 0.80 0.80 0.80 0.80 0.80 0.13 0.12 0.01 0.07 0.40 0.48 0.48 0.48 0.48 0.50 0.50 0.50 0.50 0.45 0.48 0.45 0.43 0.44 0.40 0.54 0.63 0.54 0.26 0.26 0.26 0.26
0.59 0.61 0.61 0.62 0.39 0.58 0.61 0.60 0.57 0.57 0.57 0.56 0.57 0.54 0.55 0.53 0.31 0.52 0.46 0.51 0.54 0.54 0.55 0.52 0.28 0.37 0.51 0.26 0.46 0.51 0.51 0.51 0.52 0.51 0.51 0.51 0.48 0.51 0.48 0.74 0.69 0.90 0.76 1.00 1.00 0.96 1.00 0.98 0.94 0.96 0.96 0.96 0.11 0.83 0.83 0.83 0.83 0.83 0.17 0.15 0.02 0.09 0.52 0.60 0.60 0.60 0.60 0.61 0.61 0.61 0.61 0.57 0.60 0.57 0.56 0.56 0.49 0.64 0.69 0.64 0.35 0.37 0.37 0.37
0.94 0.95 0.95 0.95 0.86 0.95 0.95 0.95 0.94 0.94 0.94 0.94 0.94 0.95 0.94 0.94 0.78 0.94 0.92 0.95 0.95 0.95 0.95 0.94 0.84 0.91 0.95 0.80 0.93 0.95 0.94 0.94 0.94 0.95 0.94 0.94 0.94 0.95 0.94 0.96 0.93 0.98 0.95 1.00 1.00 1.00 1.00 1.00 0.99 1.00 1.00 1.00 0.46 0.97 0.97 0.97 0.97 0.97 0.49 0.49 0.15 0.27 0.94 0.95 0.95 0.95 0.95 0.95 0.95 0.95 0.95 0.94 0.95 0.94 0.94 0.94 0.89 0.94 0.95 0.95 0.85 0.88 0.88 0.88
0.99 0.99 0.99 0.99 0.95 0.99 0.99 0.99 0.98 0.99 0.99 0.99 0.99 0.99 0.99 0.99 0.91 0.99 0.98 0.99 0.99 0.99 0.99 0.99 0.95 0.98 0.99 0.92 0.98 0.99 0.99 0.99 0.99 0.99 0.99 0.99 0.98 0.99 0.98 0.99 0.97 1.00 0.98 1.00 1.00 1.00 1.00 1.00 1.00 1.00 1.00 1.00 0.67 0.99 0.99 0.99 0.99 0.99 0.65 0.64 0.30 0.41 0.98 0.99 0.99 0.99 0.99 0.99 0.99 0.99 0.99 0.99 0.99 0.99 0.99 0.99 0.97 0.98 0.98 0.98 0.95 0.97 0.97 0.97
0.69 0.71 0.71 0.71 0.50 0.69 0.71 0.70 0.67 0.68 0.68 0.67 0.68 0.66 0.66 0.65 0.42 0.65 0.59 0.65 0.66 0.66 0.67 0.65 0.40 0.52 0.65 0.38 0.59 0.65 0.64 0.64 0.65 0.65 0.64 0.64 0.61 0.65 0.61 0.80 0.75 0.93 0.81 1.00 1.00 0.97 1.00 0.99 0.96 0.97 0.97 0.97 0.16 0.88 0.88 0.88 0.88 0.88 0.22 0.21 0.02 0.12 0.63 0.70 0.70 0.70 0.70 0.71 0.71 0.71 0.71 0.68 0.70 0.68 0.67 0.67 0.58 0.72 0.77 0.72 0.46 0.49 0.49 0.49
0.77 0.79 0.79 0.79 0.61 0.77 0.79 0.79 0.76 0.77 0.77 0.76 0.77 0.76 0.77 0.75 0.52 0.75 0.69 0.75 0.76 0.76 0.77 0.75 0.53 0.65 0.75 0.50 0.71 0.75 0.75 0.75 0.75 0.75 0.75 0.75 0.72 0.75 0.72 0.85 0.80 0.95 0.85 1.00 1.00 0.98 1.00 0.99 0.97 0.98 0.98 0.98 0.21 0.90 0.90 0.90 0.90 0.90 0.28 0.28 0.04 0.14 0.73 0.78 0.78 0.78 0.78 0.78 0.78 0.78 0.78 0.76 0.78 0.77 0.76 0.76 0.68 0.79 0.82 0.79 0.58 0.62 0.62 0.62
0.98 0.98 0.98 0.98 0.93 0.98 0.98 0.98 0.97 0.98 0.97 0.97 0.98 0.98 0.98 0.97 0.87 0.97 0.96 0.98 0.98 0.98 0.98 0.97 0.91 0.96 0.98 0.87 0.97 0.98 0.98 0.98 0.97 0.98 0.98 0.98 0.97 0.98 0.97 0.98 0.96 0.99 0.97 1.00 1.00 1.00 1.00 1.00 1.00 1.00 1.00 1.00 0.60 0.98 0.98 0.98 0.98 0.98 0.59 0.60 0.23 0.35 0.97 0.98 0.98 0.98 0.98 0.98 0.98 0.98 0.98 0.98 0.98 0.97 0.98 0.98 0.94 0.97 0.97 0.98 0.91 0.95 0.95 0.95
0.98 0.98 0.98 0.98 0.93 0.98 0.98 0.98 0.97 0.98 0.98 0.98 0.98 0.98 0.98 0.98 0.87 0.98 0.97 0.98 0.98 0.98 0.98 0.98 0.93 0.97 0.98 0.89 0.97 0.98 0.98 0.98 0.98 0.98 0.98 0.98 0.98 0.98 0.98 0.98 0.96 0.99 0.97 1.00 1.00 1.00 1.00 1.00 1.00 1.00 1.00 1.00 0.61 0.98 0.98 0.98 0.98 0.98 0.60 0.60 0.24 0.35 0.97 0.98 0.98 0.98 0.98 0.98 0.98 0.98 0.98 0.98 0.98 0.98 0.98 0.98 0.95 0.98 0.98 0.98 0.93 0.95 0.95 0.95
0.95 0.96 0.96 0.96 0.88 0.95 0.96 0.95 0.95 0.95 0.95 0.95 0.95 0.95 0.95 0.95 0.81 0.95 0.93 0.95 0.95 0.95 0.95 0.95 0.86 0.92 0.95 0.81 0.94 0.95 0.95 0.95 0.95 0.95 0.95 0.95 0.95 0.95 0.95 0.96 0.94 0.99 0.95 1.00 1.00 1.00 1.00 1.00 1.00 1.00 1.00 1.00 0.50 0.97 0.97 0.97 0.97 0.97 0.50 0.51 0.16 0.28 0.94 0.95 0.95 0.95 0.95 0.96 0.95 0.96 0.96 0.95 0.95 0.95 0.95 0.95 0.91 0.95 0.95 0.95 0.86 0.90 0.90 0.90
0.87 0.87 0.87 0.87 0.74 0.87 0.87 0.87 0.85 0.86 0.86 0.86 0.86 0.86 0.86 0.86 0.66 0.86 0.82 0.86 0.86 0.86 0.86 0.86 0.68 0.79 0.86 0.64 0.83 0.86 0.86 0.86 0.86 0.86 0.86 0.86 0.84 0.86 0.84 0.91 0.87 0.97 0.90 1.00 1.00 0.99 1.00 1.00 0.99 0.99 0.99 0.99 0.32 0.94 0.94 0.94 0.94 0.94 0.37 0.36 0.08 0.19 0.84 0.87 0.87 0.87 0.87 0.87 0.87 0.87 0.87 0.86 0.87 0.86 0.86 0.86 0.79 0.87 0.89 0.87 0.72 0.75 0.75 0.75
0.72 0.74 0.74 0.74 0.54 0.72 0.74 0.73 0.70 0.71 0.71 0.71 0.71 0.71 0.71 0.69 0.46 0.69 0.63 0.69 0.71 0.71 0.71 0.69 0.45 0.56 0.69 0.41 0.64 0.69 0.68 0.68 0.69 0.69 0.68 0.68 0.66 0.69 0.66 0.82 0.77 0.93 0.83 1.00 1.00 0.98 1.00 0.99 0.96 0.98 0.98 0.98 0.17 0.89 0.89 0.89 0.89 0.89 0.25 0.23 0.03 0.12 0.67 0.73 0.73 0.73 0.73 0.74 0.74 0.74 0.74 0.71 0.73 0.71 0.71 0.71 0.62 0.75 0.79 0.75 0.51 0.53 0.53 0.53
0.88 0.88 0.88 0.88 0.74 0.88 0.88 0.88 0.86 0.87 0.87 0.87 0.87 0.87 0.87 0.86 0.66 0.87 0.83 0.87 0.87 0.87 0.87 0.87 0.70 0.80 0.87 0.66 0.84 0.87 0.87 0.87 0.87 0.87 0.87 0.87 0.85 0.87 0.85 0.91 0.87 0.97 0.90 1.00 1.00 0.99 1.00 1.00 0.99 0.99 0.99 0.99 0.33 0.94 0.94 0.94 0.94 0.94 0.37 0.37 0.08 0.19 0.85 0.88 0.88 0.88 0.88 0.88 0.88 0.88 0.88 0.87 0.88 0.87 0.87 0.87 0.80 0.88 0.89 0.88 0.72 0.77 0.77 0.77
0.46 0.48 0.48 0.50 0.27 0.44 0.48 0.48 0.44 0.43 0.43 0.41 0.43 0.39 0.39 0.39 0.19 0.37 0.30 0.36 0.39 0.39 0.39 0.37 0.16 0.23 0.36 0.15 0.29 0.35 0.34 0.34 0.37 0.35 0.34 0.34 0.32 0.35 0.32 0.65 0.62 0.86 0.71 1.00 1.00 0.94 1.00 0.97 0.91 0.94 0.94 0.94 0.06 0.78 0.78 0.78 0.78 0.78 0.12 0.10 0.01 0.07 0.37 0.46 0.46 0.46 0.46 0.48 0.48 0.48 0.48 0.43 0.46 0.43 0.42 0.42 0.37 0.53 0.62 0.53 0.24 0.24 0.24 0.24
0.82 0.83 0.83 0.83 0.66 0.82 0.83 0.82 0.80 0.81 0.81 0.81 0.81 0.81 0.81 0.80 0.57 0.80 0.75 0.80 0.81 0.81 0.81 0.80 0.59 0.71 0.80 0.56 0.77 0.80 0.80 0.80 0.80 0.80 0.80 0.80 0.78 0.80 0.78 0.88 0.83 0.95 0.87 1.00 1.00 0.98 1.00 0.99 0.98 0.98 0.98 0.98 0.24 0.92 0.92 0.92 0.92 0.92 0.31 0.31 0.05 0.15 0.78 0.82 0.82 0.82 0.82 0.83 0.82 0.83 0.83 0.81 0.82 0.81 0.81 0.81 0.73 0.83 0.85 0.83 0.63 0.67 0.67 0.67
0.98 0.98 0.98 0.98 0.95 0.98 0.98 0.98 0.98 0.98 0.98 0.98 0.98 0.98 0.98 0.98 0.89 0.98 0.97 0.98 0.98 0.98 0.98 0.98 0.94 0.97 0.98 0.90 0.98 0.98 0.98 0.98 0.98 0.98 0.98 0.98 0.98 0.98 0.98 0.99 0.97 1.00 0.97 1.00 1.00 1.00 1.00 1.00 1.00 1.00 1.00 1.00 0.65 0.99 0.99 0.99 0.99 0.99 0.62 0.63 0.28 0.40 0.98 0.98 0.98 0.98 0.98 0.98 0.98 0.98 0.98 0.98 0.98 0.98 0.98 0.98 0.96 0.98 0.98 0.98 0.93 0.96 0.96 0.96
0.44 0.47 0.47 0.49 0.26 0.42 0.47 0.46 0.42 0.41 0.42 0.40 0.41 0.37 0.38 0.37 0.18 0.35 0.29 0.33 0.37 0.37 0.38 0.35 0.15 0.21 0.33 0.14 0.28 0.33 0.32 0.32 0.35 0.33 0.32 0.32 0.30 0.33 0.30 0.65 0.62 0.86 0.71 1.00 1.00 0.94 1.00 0.96 0.91 0.94 0.94 0.94 0.06 0.77 0.77 0.77 0.77 0.77 0.11 0.10 0.01 0.07 0.36 0.45 0.45 0.45 0.45 0.46 0.47 0.46 0.46 0.41 0.45 0.42 0.40 0.40 0.36 0.52 0.61 0.52 0.22 0.22 0.22 0.22
0.52 0.55 0.55 0.56 0.34 0.51 0.55 0.54 0.50 0.49 0.50 0.49 0.49 0.46 0.47 0.46 0.24 0.44 0.38 0.43 0.46 0.46 0.47 0.44 0.22 0.30 0.43 0.20 0.37 0.43 0.42 0.42 0.44 0.43 0.42 0.42 0.39 0.43 0.39 0.69 0.66 0.88 0.74 1.00 1.00 0.95 1.00 0.97 0.92 0.95 0.95 0.95 0.08 0.81 0.81 0.81 0.81 0.81 0.15 0.13 0.01 0.08 0.44 0.53 0.53 0.53 0.53 0.54 0.54 0.54 0.54 0.50 0.53 0.50 0.49 0.49 0.42 0.58 0.66 0.58 0.29 0.30 0.30 0.30
0.98 0.98 0.98 0.98 0.95 0.98 0.98 0.98 0.98 0.98 0.98 0.98 0.98 0.98 0.98 0.98 0.90 0.98 0.97 0.98 0.98 0.98 0.98 0.98 0.94 0.97 0.98 0.91 0.98 0.98 0.98 0.98 0.98 0.98 0.98 0.98 0.98 0.98 0.98 0.99 0.97 1.00 0.98 1.00 1.00 1.00 1.00 1.00 1.00 1.00 1.00 1.00 0.67 0.99 0.99 0.99 0.99 0.99 0.63 0.64 0.28 0.40 0.98 0.98 0.98 0.98 0.98 0.98 0.98 0.98 0.98 0.98 0.98 0.98 0.98 0.98 0.96 0.98 0.98 0.98 0.94 0.97 0.97 0.97
0.93 0.94 0.94 0.94 0.85 0.94 0.94 0.94 0.93 0.94 0.94 0.94 0.94 0.94 0.94 0.93 0.78 0.93 0.91 0.94 0.94 0.94 0.94 0.93 0.82 0.89 0.94 0.77 0.92 0.94 0.93 0.93 0.93 0.94 0.93 0.93 0.93 0.94 0.93 0.95 0.92 0.98 0.94 1.00 1.00 0.99 1.00 1.00 0.99 0.99 0.99 0.99 0.45 0.97 0.97 0.97 0.97 0.97 0.46 0.47 0.13 0.26 0.92 0.94 0.94 0.94 0.94 0.94 0.94 0.94 0.94 0.94 0.94 0.93 0.93 0.93 0.88 0.94 0.94 0.94 0.84 0.87 0.87 0.87
0.72 0.74 0.74 0.74 0.53 0.72 0.74 0.73 0.70 0.71 0.71 0.70 0.71 0.70 0.70 0.69 0.45 0.68 0.62 0.68 0.70 0.70 0.70 0.68 0.45 0.56 0.68 0.42 0.64 0.68 0.68 0.68 0.68 0.68 0.68 0.68 0.65 0.68 0.65 0.82 0.76 0.94 0.82 1.00 1.00 0.97 1.00 0.99 0.96 0.97 0.97 0.97 0.17 0.89 0.89 0.89 0.89 0.89 0.24 0.23 0.03 0.12 0.67 0.73 0.73 0.73 0.73 0.74 0.74 0.74 0.74 0.71 0.73 0.71 0.70 0.70 0.62 0.75 0.79 0.75 0.51 0.53 0.53 0.53
0.82 0.83 0.83 0.84 0.67 0.82 0.83 0.83 0.81 0.82 0.82 0.82 0.82 0.82 0.82 0.81 0.58 0.81 0.76 0.81 0.82 0.82 0.82 0.81 0.60 0.72 0.81 0.57 0.78 0.81 0.81 0.81 0.81 0.81 0.81 0.81 0.79 0.81 0.79 0.88 0.84 0.96 0.88 1.00 1.00 0.99 1.00 1.00 0.98 0.99 0.99 0.99 0.26 0.92 0.92 0.92 0.92 0.92 0.32 0.31 0.06 0.17 0.80 0.83 0.83 0.83 0.83 0.83 0.83 0.83 0.83 0.82 0.83 0.82 0.81 0.81 0.73 0.83 0.85 0.83 0.64 0.68 0.68 0.68
0.59 0.61 0.61 0.62 0.40 0.58 0.61 0.60 0.57 0.57 0.57 0.56 0.57 0.55 0.55 0.54 0.31 0.52 0.46 0.52 0.55 0.55 0.55 0.52 0.29 0.38 0.52 0.27 0.46 0.52 0.51 0.51 0.52 0.52 0.51 0.51 0.48 0.52 0.48 0.74 0.69 0.90 0.77 1.00 1.00 0.96 1.00 0.98 0.94 0.96 0.96 0.96 0.10 0.84 0.84 0.84 0.84 0.84 0.17 0.16 0.02 0.09 0.52 0.60 0.60 0.60 0.60 0.61 0.61 0.61 0.61 0.57 0.60 0.57 0.56 0.56 0.49 0.64 0.70 0.64 0.36 0.38 0.38 0.38
0.56 0.58 0.58 0.59 0.37 0.55 0.58 0.57 0.54 0.53 0.54 0.52 0.53 0.51 0.51 0.50 0.28 0.48 0.42 0.48 0.51 0.51 0.51 0.48 0.25 0.35 0.48 0.23 0.43 0.48 0.47 0.47 0.48 0.48 0.47 0.47 0.44 0.48 0.44 0.72 0.68 0.89 0.76 1.00 1.00 0.95 1.00 0.98 0.93 0.95 0.95 0.95 0.09 0.82 0.82 0.82 0.82 0.82 0.16 0.14 0.01 0.09 0.49 0.57 0.57 0.57 0.57 0.58 0.58 0.58 0.58 0.54 0.57 0.55 0.53 0.53 0.47 0.61 0.68 0.62 0.33 0.35 0.35 0.35
0.98 0.98 0.98 0.98 0.95 0.98 0.98 0.98 0.98 0.98 0.98 0.98 0.98 0.98 0.98 0.98 0.89 0.98 0.97 0.98 0.98 0.98 0.98 0.98 0.94 0.97 0.98 0.90 0.98 0.98 0.98 0.98 0.98 0.98 0.98 0.98 0.98 0.98 0.98 0.99 0.97 1.00 0.98 1.00 1.00 1.00 1.00 1.00 1.00 1.00 1.00 1.00 0.65 0.99 0.99 0.99 0.99 0.99 0.63 0.64 0.30 0.40 0.98 0.98 0.98 0.98 0.98 0.98 0.98 0.98 0.98 0.98 0.98 0.98 0.98 0.98 0.96 0.98 0.98 0.98 0.94 0.96 0.96 0.96
0.62 0.64 0.64 0.65 0.43 0.61 0.64 0.63 0.60 0.60 0.60 0.59 0.60 0.58 0.58 0.57 0.34 0.55 0.48 0.55 0.58 0.58 0.58 0.55 0.32 0.42 0.55 0.29 0.49 0.55 0.54 0.54 0.55 0.55 0.54 0.54 0.51 0.55 0.51 0.76 0.71 0.91 0.78 1.00 1.00 0.96 1.00 0.98 0.95 0.96 0.96 0.96 0.11 0.85 0.85 0.85 0.85 0.85 0.18 0.17 0.02 0.09 0.54 0.63 0.63 0.63 0.63 0.64 0.64 0.64 0.64 0.59 0.63 0.60 0.59 0.59 0.52 0.66 0.72 0.66 0.38 0.41 0.41 0.41
0.95 0.95 0.95 0.95 0.86 0.95 0.95 0.95 0.94 0.95 0.95 0.95 0.95 0.95 0.95 0.94 0.79 0.94 0.92 0.95 0.95 0.95 0.95 0.94 0.84 0.91 0.95 0.80 0.93 0.95 0.95 0.95 0.94 0.95 0.95 0.95 0.94 0.95 0.94 0.96 0.93 0.99 0.95 1.00 1.00 1.00 1.00 1.00 0.99 1.00 1.00 1.00 0.48 0.97 0.97 0.97 0.97 0.97 0.49 0.50 0.15 0.27 0.94 0.95 0.95 0.95 0.95 0.95 0.95 0.95 0.95 0.95 0.95 0.95 0.95 0.95 0.90 0.95 0.95 0.95 0.86 0.89 0.89 0.89
0.93 0.93 0.93 0.94 0.84 0.93 0.93 0.93 0.92 0.93 0.93 0.93 0.93 0.93 0.93 0.93 0.76 0.93 0.90 0.93 0.93 0.93 0.93 0.93 0.82 0.89 0.93 0.77 0.92 0.93 0.93 0.93 0.93 0.93 0.93 0.93 0.92 0.93 0.92 0.95 0.92 0.98 0.94 1.00 1.00 0.99 1.00 1.00 0.99 0.99 0.99 0.99 0.43 0.96 0.96 0.96 0.96 0.96 0.45 0.46 0.13 0.25 0.92 0.94 0.94 0.94 0.94 0.94 0.93 0.94 0.94 0.93 0.94 0.93 0.93 0.93 0.88 0.93 0.94 0.93 0.83 0.86 0.86 0.86
0.98 0.98 0.98 0.98 0.93 0.98 0.98 0.98 0.97 0.98 0.98 0.98 0.98 0.98 0.98 0.98 0.88 0.98 0.97 0.98 0.98 0.98 0.98 0.98 0.92 0.96 0.98 0.88 0.97 0.98 0.98 0.98 0.98 0.98 0.98 0.98 0.97 0.98 0.97 0.98 0.96 0.99 0.97 1.00 1.00 1.00 1.00 1.00 1.00 1.00 1.00 1.00 0.61 0.98 0.98 0.98 0.98 0.98 0.59 0.61 0.24 0.36 0.97 0.98 0.98 0.98 0.98 0.98 0.98 0.98 0.98 0.98 0.98 0.98 0.98 0.98 0.95 0.97 0.98 0.97 0.92 0.95 0.95 0.95
0.51 0.53 0.53 0.55 0.32 0.50 0.53 0.53 0.50 0.48 0.49 0.47 0.48 0.45 0.45 0.44 0.24 0.42 0.36 0.42 0.45 0.45 0.45 0.42 0.21 0.29 0.42 0.19 0.35 0.42 0.41 0.41 0.42 0.42 0.41 0.41 0.38 0.42 0.38 0.69 0.65 0.88 0.73 1.00 1.00 0.95 1.00 0.97 0.92 0.95 0.95 0.95 0.08 0.80 0.80 0.80 0.80 0.80 0.14 0.12 0.01 0.08 0.43 0.52 0.52 0.52 0.52 0.53 0.53 0.53 0.53 0.48 0.52 0.49 0.47 0.47 0.42 0.58 0.65 0.58 0.28 0.29 0.29 0.29
0.58 0.60 0.60 0.61 0.39 0.58 0.60 0.60 0.57 0.57 0.57 0.56 0.57 0.54 0.54 0.53 0.31 0.52 0.46 0.51 0.54 0.54 0.54 0.52 0.28 0.38 0.51 0.26 0.45 0.51 0.50 0.50 0.52 0.51 0.50 0.50 0.48 0.51 0.48 0.73 0.69 0.89 0.76 1.00 1.00 0.96 1.00 0.98 0.94 0.96 0.96 0.96 0.10 0.84 0.84 0.84 0.84 0.84 0.18 0.16 0.01 0.09 0.52 0.59 0.59 0.59 0.59 0.60 0.60 0.60 0.60 0.56 0.59 0.57 0.55 0.56 0.49 0.63 0.70 0.63 0.35 0.37 0.37 0.37
0.44 0.48 0.48 0.49 0.27 0.43 0.48 0.47 0.43 0.42 0.42 0.40 0.42 0.38 0.38 0.38 0.19 0.36 0.30 0.35 0.38 0.38 0.38 0.36 0.16 0.22 0.35 0.15 0.29 0.35 0.34 0.34 0.36 0.35 0.34 0.34 0.32 0.35 0.32 0.65 0.61 0.86 0.70 1.00 1.00 0.94 1.00 0.96 0.91 0.94 0.94 0.94 0.07 0.79 0.79 0.79 0.79 0.79 0.13 0.10 0.01 0.07 0.37 0.45 0.45 0.45 0.45 0.47 0.47 0.47 0.47 0.42 0.45 0.42 0.41 0.41 0.37 0.52 0.61 0.52 0.24 0.24 0.24 0.24
0.69 0.70 0.70 0.71 0.50 0.69 0.70 0.70 0.67 0.68 0.68 0.67 0.68 0.66 0.66 0.65 0.42 0.65 0.58 0.65 0.66 0.66 0.66 0.65 0.41 0.52 0.65 0.38 0.60 0.65 0.64 0.64 0.65 0.65 0.64 0.64 0.61 0.65 0.61 0.80 0.76 0.93 0.82 1.00 1.00 0.97 1.00 0.99 0.96 0.97 0.97 0.97 0.15 0.88 0.88 0.88 0.88 0.88 0.22 0.21 0.03 0.11 0.63 0.70 0.70 0.70 0.70 0.70 0.70 0.70 0.70 0.67 0.70 0.68 0.67 0.67 0.59 0.72 0.77 0.72 0.47 0.49 0.49 0.49
0.98 0.98 0.98 0.98 0.94 0.98 0.98 0.98 0.98 0.98 0.98 0.98 0.98 0.98 0.98 0.98 0.89 0.98 0.97 0.98 0.98 0.98 0.98 0.98 0.94 0.97 0.98 0.90 0.98 0.98 0.98 0.98 0.98 0.98 0.98 0.98 0.98 0.98 0.98 0.98 0.97 1.00 0.98 1.00 1.00 1.00 1.00 1.00 1.00 1.00 1.00 1.00 0.64 0.99 0.99 0.99 0.99 0.99 0.61 0.63 0.28 0.39 0.98 0.98 0.98 0.98 0.98 0.98 0.98 0.98 0.98 0.98 0.98 0.98 0.98 0.98 0.96 0.98 0.98 0.98 0.93 0.96 0.96 0.96
0.57 0.59 0.59 0.61 0.38 0.56 0.59 0.59 0.56 0.55 0.55 0.54 0.55 0.52 0.53 0.51 0.29 0.50 0.44 0.50 0.52 0.52 0.52 0.50 0.26 0.36 0.50 0.25 0.43 0.50 0.49 0.48 0.50 0.50 0.49 0.49 0.46 0.50 0.46 0.73 0.69 0.90 0.76 1.00 1.00 0.96 1.00 0.98 0.94 0.96 0.96 0.96 0.10 0.84 0.84 0.84 0.84 0.84 0.17 0.15 0.01 0.08 0.50 0.58 0.58 0.58 0.58 0.59 0.59 0.59 0.59 0.55 0.58 0.55 0.54 0.54 0.48 0.62 0.69 0.62 0.34 0.35 0.35 0.35
0.74 0.76 0.76 0.76 0.56 0.74 0.76 0.75 0.72 0.73 0.73 0.73 0.73 0.72 0.72 0.71 0.47 0.71 0.64 0.71 0.72 0.72 0.73 0.71 0.47 0.59 0.71 0.44 0.66 0.71 0.70 0.70 0.71 0.71 0.70 0.70 0.68 0.71 0.68 0.83 0.78 0.94 0.84 1.00 1.00 0.98 1.00 0.99 0.97 0.98 0.98 0.98 0.18 0.90 0.90 0.90 0.90 0.90 0.25 0.25 0.04 0.13 0.69 0.75 0.75 0.75 0.75 0.75 0.75 0.75 0.75 0.73 0.75 0.73 0.72 0.72 0.64 0.76 0.80 0.76 0.53 0.56 0.56 0.56
0.76 0.77 0.77 0.78 0.59 0.76 0.77 0.77 0.74 0.75 0.75 0.74 0.75 0.74 0.74 0.73 0.49 0.73 0.67 0.73 0.74 0.74 0.74 0.73 0.50 0.61 0.73 0.46 0.68 0.73 0.73 0.73 0.73 0.73 0.73 0.73 0.71 0.73 0.71 0.85 0.79 0.94 0.84 1.00 1.00 0.98 1.00 0.99 0.97 0.98 0.98 0.98 0.20 0.90 0.90 0.90 0.90 0.90 0.27 0.26 0.03 0.14 0.72 0.77 0.77 0.77 0.77 0.78 0.77 0.78 0.78 0.75 0.77 0.75 0.74 0.75 0.66 0.78 0.82 0.78 0.55 0.59 0.59 0.59
0.83 0.84 0.84 0.84 0.68 0.83 0.84 0.83 0.81 0.83 0.83 0.82 0.83 0.82 0.82 0.81 0.60 0.81 0.77 0.82 0.82 0.82 0.82 0.81 0.61 0.72 0.82 0.57 0.78 0.82 0.81 0.81 0.81 0.82 0.81 0.81 0.80 0.82 0.80 0.88 0.84 0.96 0.88 1.00 1.00 0.99 1.00 0.99 0.98 0.99 0.99 0.99 0.26 0.92 0.92 0.92 0.92 0.92 0.33 0.32 0.06 0.18 0.80 0.84 0.84 0.84 0.84 0.84 0.84 0.84 0.84 0.82 0.84 0.82 0.82 0.82 0.74 0.84 0.86 0.84 0.65 0.69 0.69 0.69
0.76 0.77 0.77 0.78 0.58 0.76 0.77 0.77 0.74 0.75 0.75 0.74 0.75 0.74 0.74 0.73 0.49 0.72 0.67 0.73 0.74 0.74 0.74 0.72 0.49 0.61 0.73 0.46 0.68 0.73 0.72 0.72 0.72 0.73 0.72 0.72 0.70 0.73 0.70 0.84 0.79 0.94 0.84 1.00 1.00 0.98 1.00 0.99 0.97 0.98 0.98 0.98 0.19 0.89 0.89 0.89 0.89 0.89 0.26 0.25 0.03 0.14 0.71 0.77 0.77 0.77 0.77 0.77 0.77 0.77 0.77 0.75 0.77 0.75 0.75 0.74 0.65 0.78 0.81 0.78 0.55 0.58 0.58 0.58
0.45 0.48 0.48 0.50 0.27 0.44 0.48 0.48 0.44 0.42 0.43 0.41 0.42 0.38 0.39 0.38 0.19 0.36 0.30 0.35 0.38 0.38 0.39 0.36 0.16 0.22 0.35 0.16 0.29 0.35 0.33 0.33 0.36 0.35 0.33 0.34 0.31 0.35 0.31 0.65 0.62 0.86 0.71 1.00 1.00 0.93 1.00 0.97 0.90 0.93 0.93 0.93 0.06 0.78 0.78 0.78 0.78 0.78 0.12 0.10 0.01 0.06 0.37 0.46 0.46 0.46 0.46 0.48 0.48 0.48 0.48 0.42 0.46 0.43 0.41 0.41 0.37 0.52 0.62 0.53 0.23 0.23 0.23 0.23
0.59 0.62 0.62 0.63 0.41 0.59 0.62 0.61 0.58 0.58 0.58 0.57 0.58 0.55 0.56 0.55 0.32 0.53 0.46 0.53 0.55 0.55 0.56 0.53 0.30 0.39 0.53 0.27 0.47 0.53 0.52 0.52 0.53 0.53 0.52 0.52 0.50 0.53 0.50 0.74 0.71 0.91 0.78 1.00 1.00 0.96 1.00 0.98 0.94 0.96 0.96 0.96 0.11 0.84 0.84 0.84 0.84 0.84 0.18 0.17 0.02 0.10 0.53 0.61 0.61 0.61 0.61 0.62 0.62 0.62 0.62 0.57 0.61 0.58 0.57 0.57 0.50 0.64 0.71 0.64 0.37 0.39 0.39 0.39
0.87 0.88 0.88 0.88 0.73 0.87 0.88 0.87 0.85 0.87 0.87 0.86 0.87 0.87 0.87 0.86 0.65 0.86 0.81 0.86 0.87 0.87 0.87 0.86 0.68 0.79 0.86 0.64 0.83 0.86 0.86 0.86 0.86 0.86 0.86 0.86 0.84 0.86 0.84 0.91 0.87 0.97 0.90 1.00 1.00 0.99 1.00 1.00 0.99 0.99 0.99 0.99 0.32 0.94 0.94 0.94 0.94 0.94 0.36 0.36 0.07 0.18 0.84 0.87 0.87 0.87 0.87 0.87 0.87 0.87 0.87 0.86 0.87 0.86 0.86 0.86 0.79 0.87 0.89 0.87 0.71 0.75 0.75 0.75
0.99 0.99 0.99 0.99 0.96 0.99 0.99 0.99 0.99 0.99 0.99 0.99 0.99 0.99 0.99 0.99 0.91 0.99 0.98 0.99 0.99 0.99 0.99 0.99 0.95 0.98 0.99 0.92 0.99 0.99 0.99 0.99 0.99 0.99 0.99 0.99 0.99 0.99 0.99 0.99 0.97 1.00 0.98 1.00 1.00 1.00 1.00 1.00 1.00 1.00 1.00 1.00 0.69 0.99 0.99 0.99 0.99 0.99 0.65 0.67 0.32 0.41 0.99 0.99 0.99 0.99 0.99 0.99 0.99 0.99 0.99 0.99 0.99 0.99 0.99 0.99 0.97 0.99 0.99 0.99 0.95 0.97 0.97 0.97
0.43 0.46 0.46 0.48 0.26 0.42 0.46 0.46 0.42 0.41 0.41 0.39 0.41 0.37 0.37 0.37 0.18 0.35 0.29 0.33 0.37 0.37 0.37 0.35 0.15 0.21 0.33 0.14 0.27 0.33 0.32 0.32 0.35 0.33 0.32 0.32 0.30 0.33 0.30 0.64 0.62 0.85 0.70 1.00 1.00 0.94 1.00 0.97 0.91 0.94 0.94 0.94 0.06 0.78 0.78 0.78 0.78 0.78 0.12 0.10 0.01 0.06 0.36 0.44 0.44 0.44 0.44 0.46 0.47 0.46 0.46 0.41 0.44 0.41 0.40 0.40 0.36 0.51 0.61 0.51 0.22 0.23 0.23 0.23
0.98 0.98 0.98 0.98 0.94 0.98 0.98 0.98 0.98 0.98 0.98 0.98 0.98 0.98 0.98 0.98 0.90 0.98 0.98 0.98 0.98 0.98 0.98 0.98 0.94 0.97 0.98 0.90 0.98 0.98 0.98 0.98 0.98 0.98 0.98 0.98 0.98 0.98 0.98 0.99 0.97 1.00 0.98 1.00 1.00 1.00 1.00 1.00 1.00 1.00 1.00 1.00 0.65 0.99 0.99 0.99 0.99 0.99 0.63 0.64 0.28 0.39 0.98 0.98 0.98 0.98 0.98 0.98 0.98 0.98 0.98 0.98 0.98 0.98 0.98 0.98 0.96 0.98 0.98 0.98 0.94 0.96 0.96 0.96
0.89 0.90 0.90 0.90 0.77 0.89 0.90 0.89 0.88 0.89 0.89 0.89 0.89 0.89 0.89 0.88 0.69 0.89 0.85 0.89 0.89 0.89 0.89 0.89 0.72 0.82 0.89 0.68 0.87 0.89 0.88 0.88 0.89 0.89 0.88 0.89 0.87 0.89 0.87 0.92 0.88 0.98 0.91 1.00 1.00 0.99 1.00 1.00 0.99 0.99 0.99 0.99 0.35 0.95 0.95 0.95 0.95 0.95 0.40 0.39 0.09 0.21 0.87 0.90 0.90 0.90 0.90 0.90 0.90 0.90 0.90 0.89 0.90 0.89 0.89 0.89 0.82 0.89 0.91 0.90 0.75 0.79 0.79 0.79
0.99 0.99 0.99 0.99 0.96 0.99 0.99 0.99 0.98 0.99 0.99 0.99 0.99 0.99 0.99 0.99 0.91 0.99 0.98 0.99 0.99 0.99 0.99 0.99 0.95 0.98 0.99 0.92 0.98 0.99 0.99 0.99 0.99 0.99 0.99 0.99 0.98 0.99 0.98 0.99 0.97 1.00 0.98 1.00 1.00 1.00 1.00 1.00 1.00 1.00 1.00 1.00 0.69 0.99 0.99 0.99 0.99 0.99 0.65 0.66 0.32 0.42 0.98 0.99 0.99 0.99 0.99 0.99 0.99 0.99 0.99 0.99 0.99 0.99 0.99 0.99 0.97 0.98 0.98 0.98 0.95 0.97 0.97 0.97
0.69 0.71 0.71 0.71 0.51 0.69 0.71 0.70 0.68 0.68 0.68 0.67 0.68 0.67 0.67 0.66 0.42 0.65 0.59 0.65 0.67 0.67 0.67 0.65 0.41 0.52 0.65 0.39 0.60 0.65 0.64 0.64 0.65 0.65 0.64 0.64 0.62 0.65 0.62 0.80 0.76 0.92 0.82 1.00 1.00 0.97 1.00 0.99 0.96 0.97 0.97 0.97 0.16 0.88 0.88 0.88 0.88 0.88 0.23 0.21 0.03 0.12 0.64 0.70 0.70 0.70 0.70 0.71 0.70 0.71 0.71 0.68 0.70 0.68 0.67 0.67 0.59 0.72 0.76 0.72 0.47 0.49 0.49 0.49
0.67 0.69 0.69 0.70 0.49 0.67 0.69 0.69 0.65 0.66 0.66 0.65 0.66 0.65 0.65 0.64 0.40 0.63 0.57 0.63 0.65 0.65 0.65 0.63 0.39 0.50 0.63 0.37 0.58 0.63 0.62 0.62 0.63 0.63 0.62 0.62 0.60 0.63 0.60 0.79 0.74 0.92 0.80 1.00 1.00 0.97 1.00 0.99 0.96 0.97 0.97 0.97 0.15 0.87 0.87 0.87 0.87 0.87 0.21 0.20 0.02 0.11 0.62 0.69 0.69 0.69 0.69 0.69 0.69 0.69 0.69 0.66 0.69 0.66 0.65 0.65 0.57 0.71 0.76 0.71 0.44 0.47 0.47 0.47
0.84 0.85 0.85 0.85 0.69 0.84 0.85 0.85 0.83 0.84 0.84 0.83 0.84 0.83 0.83 0.83 0.60 0.83 0.78 0.83 0.83 0.83 0.83 0.83 0.62 0.74 0.83 0.58 0.79 0.83 0.82 0.82 0.83 0.83 0.82 0.82 0.81 0.83 0.81 0.89 0.84 0.96 0.88 1.00 1.00 0.98 1.00 1.00 0.98 0.98 0.98 0.98 0.27 0.93 0.93 0.93 0.93 0.93 0.33 0.33 0.06 0.17 0.81 0.84 0.84 0.84 0.84 0.85 0.84 0.85 0.85 0.83 0.84 0.83 0.83 0.83 0.75 0.84 0.87 0.85 0.67 0.71 0.71 0.71
0.66 0.68 0.68 0.69 0.47 0.66 0.68 0.67 0.64 0.65 0.64 0.64 0.65 0.63 0.63 0.62 0.38 0.61 0.54 0.61 0.63 0.63 0.63 0.61 0.36 0.47 0.61 0.34 0.55 0.61 0.60 0.60 0.61 0.61 0.60 0.60 0.58 0.61 0.58 0.78 0.73 0.92 0.80 1.00 1.00 0.97 1.00 0.99 0.95 0.97 0.97 0.97 0.14 0.86 0.86 0.86 0.86 0.86 0.21 0.19 0.02 0.10 0.60 0.67 0.67 0.67 0.67 0.68 0.67 0.68 0.68 0.64 0.67 0.65 0.63 0.63 0.56 0.70 0.75 0.70 0.43 0.46 0.46 0.46
0.98 0.98 0.98 0.98 0.94 0.98 0.98 0.98 0.98 0.98 0.98 0.98 0.98 0.98 0.98 0.98 0.88 0.98 0.97 0.98 0.98 0.98 0.98 0.98 0.93 0.97 0.98 0.89 0.98 0.98 0.98 0.98 0.98 0.98 0.98 0.98 0.98 0.98 0.98 0.98 0.97 0.99 0.97 1.00 1.00 1.00 1.00 1.00 1.00 1.00 1.00 1.00 0.62 0.98 0.98 0.98 0.98 0.98 0.60 0.62 0.26 0.37 0.98 0.98 0.98 0.98 0.98 0.98 0.98 0.98 0.98 0.98 0.98 0.98 0.98 0.98 0.95 0.98 0.98 0.98 0.93 0.95 0.95 0.95
0.75 0.76 0.76 0.77 0.57 0.74 0.76 0.76 0.73 0.74 0.74 0.73 0.74 0.73 0.73 0.72 0.49 0.71 0.66 0.72 0.73 0.73 0.73 0.71 0.49 0.60 0.72 0.46 0.67 0.72 0.71 0.71 0.71 0.72 0.71 0.71 0.69 0.72 0.69 0.83 0.79 0.94 0.84 1.00 1.00 0.98 1.00 0.99 0.97 0.98 0.98 0.98 0.20 0.90 0.90 0.90 0.90 0.90 0.27 0.26 0.04 0.13 0.71 0.76 0.76 0.76 0.76 0.76 0.76 0.76 0.76 0.74 0.76 0.74 0.73 0.73 0.65 0.77 0.80 0.77 0.54 0.57 0.57 0.57
0.93 0.93 0.93 0.93 0.84 0.93 0.93 0.93 0.92 0.93 0.93 0.93 0.93 0.93 0.93 0.92 0.75 0.92 0.90 0.93 0.93 0.93 0.93 0.92 0.81 0.89 0.93 0.76 0.92 0.93 0.93 0.93 0.92 0.93 0.93 0.93 0.92 0.93 0.92 0.95 0.91 0.98 0.94 1.00 1.00 0.99 1.00 1.00 0.99 0.99 0.99 0.99 0.44 0.97 0.97 0.97 0.97 0.97 0.47 0.46 0.13 0.25 0.91 0.93 0.93 0.93 0.93 0.93 0.93 0.93 0.93 0.93 0.93 0.92 0.93 0.93 0.88 0.93 0.93 0.93 0.82 0.86 0.86 0.86
0.62 0.64 0.64 0.65 0.43 0.61 0.64 0.63 0.60 0.59 0.60 0.59 0.59 0.58 0.58 0.57 0.34 0.56 0.49 0.56 0.58 0.58 0.58 0.56 0.31 0.42 0.56 0.30 0.50 0.56 0.55 0.55 0.56 0.56 0.55 0.55 0.52 0.56 0.52 0.75 0.71 0.91 0.78 1.00 1.00 0.96 1.00 0.98 0.94 0.96 0.96 0.96 0.12 0.85 0.85 0.85 0.85 0.85 0.19 0.17 0.02 0.10 0.55 0.63 0.63 0.63 0.63 0.64 0.64 0.64 0.64 0.60 0.63 0.60 0.59 0.59 0.52 0.66 0.72 0.66 0.39 0.41 0.41 0.41
0.49 0.52 0.52 0.53 0.31 0.48 0.52 0.51 0.48 0.46 0.47 0.45 0.46 0.43 0.43 0.43 0.22 0.41 0.35 0.40 0.43 0.43 0.43 0.41 0.20 0.27 0.40 0.18 0.34 0.40 0.39 0.39 0.41 0.40 0.39 0.39 0.36 0.40 0.36 0.68 0.64 0.87 0.73 1.00 1.00 0.94 1.00 0.97 0.92 0.94 0.94 0.94 0.07 0.80 0.80 0.80 0.80 0.80 0.14 0.12 0.01 0.07 0.41 0.50 0.50 0.50 0.50 0.51 0.52 0.51 0.51 0.46 0.50 0.47 0.45 0.45 0.40 0.55 0.64 0.56 0.27 0.28 0.28 0.28
0.82 0.83 0.83 0.83 0.66 0.82 0.83 0.82 0.80 0.82 0.81 0.81 0.82 0.81 0.81 0.80 0.57 0.80 0.76 0.80 0.81 0.81 0.81 0.80 0.59 0.71 0.80 0.55 0.77 0.81 0.80 0.80 0.80 0.81 0.80 0.80 0.78 0.81 0.78 0.87 0.84 0.96 0.88 1.00 1.00 0.99 1.00 0.99 0.98 0.99 0.99 0.99 0.26 0.92 0.92 0.92 0.92 0.92 0.32 0.31 0.05 0.16 0.79 0.83 0.83 0.83 0.83 0.83 0.83 0.83 0.83 0.81 0.83 0.81 0.81 0.81 0.73 0.83 0.86 0.83 0.63 0.67 0.67 0.67
0.54 0.56 0.56 0.58 0.36 0.53 0.56 0.56 0.53 0.52 0.52 0.51 0.52 0.49 0.49 0.48 0.27 0.47 0.41 0.47 0.49 0.49 0.49 0.47 0.24 0.33 0.47 0.23 0.41 0.46 0.45 0.45 0.47 0.46 0.45 0.45 0.43 0.46 0.43 0.71 0.67 0.89 0.75 1.00 1.00 0.95 1.00 0.98 0.93 0.95 0.95 0.95 0.09 0.82 0.82 0.82 0.82 0.82 0.16 0.15 0.01 0.08 0.47 0.55 0.55 0.55 0.55 0.56 0.57 0.56 0.56 0.52 0.55 0.53 0.51 0.51 0.45 0.60 0.68 0.60 0.32 0.33 0.33 0.33
0.64 0.66 0.66 0.67 0.44 0.64 0.66 0.65 0.62 0.62 0.63 0.61 0.62 0.61 0.61 0.59 0.37 0.59 0.52 0.59 0.61 0.61 0.61 0.59 0.35 0.45 0.59 0.32 0.53 0.59 0.58 0.58 0.59 0.59 0.58 0.58 0.55 0.59 0.55 0.77 0.73 0.91 0.79 1.00 1.00 0.97 1.00 0.98 0.95 0.97 0.97 0.97 0.13 0.86 0.86 0.86 0.86 0.86 0.20 0.19 0.02 0.10 0.58 0.65 0.65 0.65 0.65 0.66 0.65 0.66 0.66 0.62 0.65 0.63 0.62 0.61 0.54 0.68 0.74 0.68 0.41 0.44 0.44 0.44
0.66 0.69 0.69 0.69 0.47 0.66 0.69 0.68 0.65 0.65 0.65 0.64 0.65 0.63 0.64 0.63 0.38 0.61 0.55 0.62 0.63 0.63 0.63 0.61 0.37 0.48 0.62 0.35 0.55 0.62 0.61 0.60 0.61 0.62 0.61 0.60 0.58 0.62 0.58 0.78 0.74 0.92 0.81 1.00 1.00 0.97 1.00 0.99 0.95 0.97 0.97 0.97 0.14 0.87 0.87 0.87 0.87 0.87 0.21 0.20 0.02 0.11 0.60 0.67 0.67 0.67 0.67 0.68 0.68 0.68 0.68 0.65 0.67 0.65 0.64 0.64 0.57 0.70 0.75 0.70 0.44 0.46 0.46 0.46
0.88 0.89 0.89 0.89 0.76 0.89 0.89 0.89 0.87 0.88 0.88 0.88 0.88 0.88 0.88 0.88 0.69 0.88 0.84 0.88 0.88 0.88 0.88 0.88 0.72 0.82 0.88 0.67 0.86 0.88 0.88 0.88 0.88 0.88 0.88 0.88 0.87 0.88 0.87 0.92 0.88 0.97 0.91 1.00 1.00 0.99 1.00 1.00 0.99 0.99 0.99 0.99 0.34 0.95 0.95 0.95 0.95 0.95 0.39 0.39 0.09 0.21 0.86 0.89 0.89 0.89 0.89 0.89 0.89 0.89 0.89 0.88 0.89 0.88 0.88 0.88 0.81 0.89 0.90 0.89 0.74 0.77 0.77 0.77
0.82 0.83 0.83 0.83 0.67 0.82 0.83 0.83 0.81 0.82 0.82 0.81 0.82 0.81 0.81 0.80 0.58 0.80 0.75 0.80 0.81 0.81 0.81 0.80 0.59 0.71 0.80 0.55 0.77 0.80 0.80 0.80 0.80 0.80 0.80 0.80 0.78 0.80 0.78 0.88 0.83 0.95 0.87 1.00 1.00 0.99 1.00 1.00 0.98 0.99 0.99 0.99 0.26 0.92 0.92 0.92 0.92 0.92 0.31 0.31 0.06 0.16 0.79 0.83 0.83 0.83 0.83 0.83 0.83 0.83 0.83 0.82 0.83 0.81 0.81 0.81 0.73 0.83 0.86 0.83 0.64 0.67 0.67 0.67
0.51 0.53 0.53 0.55 0.32 0.50 0.53 0.52 0.49 0.48 0.48 0.47 0.48 0.45 0.46 0.44 0.23 0.43 0.36 0.42 0.45 0.45 0.45 0.43 0.21 0.28 0.42 0.19 0.36 0.42 0.41 0.41 0.43 0.42 0.41 0.41 0.39 0.42 0.39 0.68 0.65 0.87 0.73 1.00 1.00 0.95 1.00 0.97 0.92 0.95 0.95 0.95 0.08 0.80 0.80 0.80 0.80 0.80 0.14 0.13 0.01 0.08 0.43 0.52 0.52 0.52 0.52 0.53 0.53 0.53 0.53 0.48 0.52 0.49 0.47 0.47 0.41 0.57 0.65 0.57 0.28 0.29 0.29 0.29
0.94 0.94 0.94 0.94 0.85 0.94 0.94 0.94 0.93 0.94 0.94 0.94 0.94 0.94 0.94 0.93 0.77 0.93 0.91 0.94 0.94 0.94 0.94 0.93 0.83 0.90 0.94 0.79 0.92 0.94 0.94 0.94 0.93 0.94 0.94 0.94 0.93 0.94 0.93 0.95 0.92 0.99 0.94 1.00 1.00 1.00 1.00 1.00 0.99 1.00 1.00 1.00 0.46 0.97 0.97 0.97 0.97 0.97 0.48 0.48 0.14 0.26 0.93 0.94 0.94 0.94 0.94 0.94 0.94 0.94 0.94 0.94 0.94 0.94 0.94 0.94 0.89 0.94 0.94 0.94 0.84 0.88 0.88 0.88
0.77 0.79 0.79 0.79 0.60 0.78 0.79 0.78 0.76 0.77 0.77 0.77 0.77 0.76 0.76 0.75 0.52 0.75 0.69 0.75 0.76 0.76 0.76 0.75 0.52 0.65 0.75 0.49 0.71 0.75 0.75 0.75 0.75 0.75 0.75 0.75 0.73 0.75 0.73 0.85 0.80 0.95 0.85 1.00 1.00 0.98 1.00 0.99 0.98 0.98 0.98 0.98 0.21 0.91 0.91 0.91 0.91 0.91 0.28 0.27 0.04 0.14 0.73 0.78 0.78 0.78 0.78 0.78 0.78 0.78 0.78 0.76 0.78 0.77 0.76 0.76 0.68 0.79 0.82 0.79 0.57 0.61 0.61 0.61
0.46 0.49 0.49 0.51 0.28 0.44 0.49 0.48 0.45 0.43 0.44 0.42 0.43 0.39 0.40 0.39 0.20 0.37 0.31 0.36 0.39 0.39 0.39 0.37 0.17 0.24 0.36 0.16 0.30 0.36 0.35 0.35 0.37 0.36 0.35 0.35 0.33 0.36 0.33 0.65 0.63 0.86 0.71 1.00 1.00 0.94 1.00 0.97 0.91 0.94 0.94 0.94 0.07 0.78 0.78 0.78 0.78 0.78 0.12 0.11 0.01 0.07 0.38 0.47 0.47 0.47 0.47 0.48 0.49 0.48 0.48 0.43 0.47 0.44 0.42 0.42 0.37 0.53 0.62 0.53 0.24 0.25 0.25 0.25
0.74 0.76 0.76 0.76 0.57 0.74 0.76 0.75 0.72 0.73 0.73 0.72 0.73 0.72 0.72 0.71 0.48 0.71 0.65 0.71 0.72 0.72 0.72 0.71 0.48 0.59 0.71 0.44 0.66 0.71 0.70 0.70 0.71 0.71 0.70 0.70 0.68 0.71 0.68 0.83 0.78 0.93 0.83 1.00 1.00 0.98 1.00 0.99 0.97 0.98 0.98 0.98 0.19 0.90 0.90 0.90 0.90 0.90 0.26 0.25 0.03 0.13 0.70 0.75 0.75 0.75 0.75 0.76 0.76 0.76 0.76 0.73 0.75 0.73 0.72 0.72 0.64 0.76 0.80 0.76 0.53 0.56 0.56 0.56
0.52 0.55 0.55 0.56 0.33 0.51 0.55 0.54 0.50 0.49 0.50 0.48 0.49 0.46 0.47 0.46 0.25 0.44 0.37 0.43 0.46 0.46 0.47 0.44 0.22 0.30 0.43 0.20 0.37 0.43 0.42 0.42 0.44 0.43 0.42 0.42 0.39 0.43 0.39 0.69 0.66 0.88 0.74 1.00 1.00 0.95 1.00 0.97 0.92 0.95 0.95 0.95 0.08 0.81 0.81 0.81 0.81 0.81 0.14 0.12 0.01 0.08 0.44 0.53 0.53 0.53 0.53 0.54 0.54 0.54 0.54 0.49 0.53 0.50 0.48 0.48 0.43 0.58 0.65 0.58 0.29 0.30 0.30 0.30
0.50 0.53 0.53 0.55 0.31 0.49 0.53 0.52 0.49 0.48 0.48 0.47 0.48 0.44 0.45 0.44 0.23 0.41 0.36 0.41 0.44 0.44 0.45 0.41 0.20 0.28 0.41 0.18 0.35 0.41 0.39 0.39 0.41 0.41 0.39 0.39 0.37 0.41 0.37 0.69 0.65 0.87 0.73 1.00 1.00 0.95 1.00 0.97 0.92 0.95 0.95 0.95 0.08 0.81 0.81 0.81 0.81 0.81 0.14 0.13 0.01 0.08 0.43 0.51 0.51 0.51 0.51 0.53 0.53 0.53 0.53 0.48 0.51 0.48 0.46 0.47 0.40 0.56 0.64 0.56 0.27 0.28 0.28 0.28
0.63 0.65 0.65 0.65 0.44 0.62 0.65 0.64 0.60 0.61 0.61 0.60 0.61 0.59 0.59 0.58 0.34 0.56 0.50 0.56 0.59 0.59 0.59 0.56 0.32 0.42 0.56 0.29 0.50 0.56 0.55 0.55 0.56 0.56 0.55 0.55 0.53 0.56 0.53 0.75 0.71 0.91 0.78 1.00 1.00 0.97 1.00 0.98 0.95 0.97 0.97 0.97 0.12 0.86 0.86 0.86 0.86 0.86 0.18 0.16 0.02 0.10 0.56 0.64 0.64 0.64 0.64 0.64 0.64 0.64 0.64 0.60 0.64 0.61 0.59 0.59 0.52 0.67 0.72 0.67 0.39 0.41 0.41 0.41
0.46 0.49 0.49 0.51 0.28 0.44 0.49 0.49 0.45 0.43 0.44 0.42 0.43 0.40 0.40 0.39 0.20 0.37 0.31 0.36 0.40 0.40 0.40 0.37 0.17 0.23 0.36 0.15 0.30 0.36 0.35 0.35 0.37 0.36 0.35 0.35 0.33 0.36 0.33 0.66 0.62 0.87 0.71 1.00 1.00 0.94 1.00 0.97 0.91 0.94 0.94 0.94 0.06 0.79 0.79 0.79 0.79 0.79 0.12 0.10 0.01 0.07 0.38 0.47 0.47 0.47 0.47 0.49 0.49 0.49 0.49 0.43 0.47 0.44 0.42 0.42 0.38 0.53 0.62 0.53 0.24 0.24 0.24 0.24
0.54 0.56 0.56 0.57 0.34 0.52 0.56 0.55 0.52 0.51 0.51 0.50 0.51 0.48 0.48 0.47 0.25 0.45 0.39 0.45 0.48 0.48 0.48 0.45 0.23 0.32 0.45 0.21 0.39 0.45 0.44 0.44 0.45 0.45 0.44 0.44 0.41 0.45 0.41 0.70 0.66 0.88 0.74 1.00 1.00 0.95 1.00 0.97 0.93 0.95 0.95 0.95 0.08 0.82 0.82 0.82 0.82 0.82 0.15 0.14 0.01 0.08 0.46 0.55 0.55 0.55 0.55 0.56 0.56 0.56 0.56 0.51 0.55 0.52 0.50 0.50 0.44 0.59 0.67 0.59 0.31 0.32 0.32 0.32
0.67 0.69 0.69 0.69 0.48 0.66 0.69 0.68 0.65 0.65 0.66 0.65 0.65 0.64 0.64 0.63 0.38 0.62 0.55 0.62 0.64 0.64 0.64 0.62 0.38 0.48 0.62 0.35 0.56 0.62 0.61 0.61 0.62 0.62 0.61 0.61 0.58 0.62 0.58 0.79 0.73 0.92 0.79 1.00 1.00 0.97 1.00 0.99 0.96 0.97 0.97 0.97 0.14 0.87 0.87 0.87 0.87 0.87 0.21 0.19 0.02 0.10 0.60 0.67 0.67 0.67 0.67 0.68 0.68 0.68 0.68 0.65 0.67 0.65 0.64 0.64 0.56 0.70 0.75 0.70 0.44 0.46 0.46 0.46
0.96 0.97 0.97 0.97 0.91 0.96 0.97 0.97 0.96 0.96 0.96 0.96 0.96 0.97 0.97 0.96 0.84 0.96 0.95 0.97 0.97 0.97 0.97 0.96 0.89 0.94 0.97 0.84 0.96 0.97 0.96 0.97 0.96 0.97 0.96 0.97 0.96 0.97 0.96 0.97 0.95 0.99 0.96 1.00 1.00 1.00 1.00 1.00 1.00 1.00 1.00 1.00 0.56 0.98 0.98 0.98 0.98 0.98 0.55 0.55 0.19 0.31 0.96 0.97 0.97 0.97 0.97 0.97 0.96 0.97 0.97 0.97 0.97 0.96 0.97 0.96 0.93 0.96 0.96 0.96 0.90 0.93 0.93 0.93
0.83 0.84 0.84 0.85 0.68 0.83 0.84 0.84 0.82 0.83 0.83 0.83 0.83 0.82 0.83 0.81 0.60 0.82 0.77 0.82 0.82 0.82 0.83 0.82 0.61 0.73 0.82 0.57 0.78 0.82 0.81 0.81 0.82 0.82 0.81 0.81 0.80 0.82 0.80 0.89 0.84 0.96 0.88 1.00 1.00 0.99 1.00 1.00 0.98 0.99 0.99 0.99 0.26 0.93 0.93 0.93 0.93 0.93 0.32 0.32 0.06 0.17 0.80 0.84 0.84 0.84 0.84 0.84 0.84 0.84 0.84 0.83 0.84 0.82 0.82 0.82 0.74 0.84 0.86 0.85 0.65 0.69 0.69 0.69
0.63 0.65 0.65 0.66 0.44 0.63 0.65 0.64 0.61 0.62 0.61 0.60 0.62 0.59 0.60 0.58 0.35 0.57 0.51 0.57 0.59 0.59 0.59 0.57 0.33 0.43 0.57 0.31 0.51 0.57 0.56 0.56 0.57 0.57 0.56 0.56 0.54 0.57 0.54 0.76 0.72 0.91 0.79 1.00 1.00 0.96 1.00 0.98 0.95 0.96 0.96 0.96 0.12 0.85 0.85 0.85 0.85 0.85 0.19 0.18 0.02 0.11 0.57 0.64 0.64 0.64 0.64 0.65 0.65 0.65 0.65 0.61 0.64 0.62 0.60 0.60 0.53 0.67 0.73 0.68 0.40 0.41 0.41 0.41
0.48 0.51 0.51 0.52 0.30 0.47 0.51 0.50 0.47 0.45 0.46 0.44 0.45 0.42 0.42 0.41 0.21 0.39 0.33 0.38 0.42 0.42 0.42 0.39 0.18 0.25 0.38 0.18 0.32 0.38 0.37 0.37 0.39 0.38 0.37 0.37 0.35 0.38 0.35 0.67 0.64 0.87 0.72 1.00 1.00 0.94 1.00 0.97 0.91 0.94 0.94 0.94 0.07 0.79 0.79 0.79 0.79 0.79 0.14 0.11 0.01 0.07 0.40 0.49 0.49 0.49 0.49 0.50 0.50 0.50 0.50 0.45 0.49 0.46 0.44 0.44 0.39 0.54 0.63 0.54 0.26 0.27 0.27 0.27
0.74 0.75 0.75 0.76 0.57 0.74 0.75 0.75 0.72 0.73 0.73 0.73 0.73 0.72 0.72 0.71 0.47 0.71 0.65 0.71 0.72 0.72 0.72 0.71 0.47 0.59 0.71 0.45 0.66 0.71 0.70 0.70 0.71 0.71 0.70 0.70 0.68 0.71 0.68 0.83 0.78 0.94 0.83 1.00 1.00 0.98 1.00 0.99 0.97 0.98 0.98 0.98 0.18 0.89 0.89 0.89 0.89 0.89 0.26 0.24 0.03 0.13 0.69 0.75 0.75 0.75 0.75 0.75 0.75 0.75 0.75 0.73 0.75 0.73 0.72 0.72 0.64 0.76 0.80 0.76 0.53 0.56 0.56 0.56
0.58 0.61 0.61 0.62 0.39 0.58 0.61 0.60 0.57 0.56 0.57 0.56 0.56 0.54 0.54 0.53 0.31 0.52 0.45 0.52 0.54 0.54 0.54 0.52 0.29 0.37 0.52 0.26 0.45 0.51 0.50 0.50 0.52 0.51 0.50 0.50 0.48 0.51 0.48 0.73 0.69 0.90 0.76 1.00 1.00 0.96 1.00 0.98 0.94 0.96 0.96 0.96 0.10 0.84 0.84 0.84 0.84 0.84 0.17 0.15 0.02 0.09 0.51 0.59 0.59 0.59 0.59 0.60 0.60 0.60 0.60 0.56 0.59 0.57 0.55 0.55 0.49 0.63 0.70 0.63 0.36 0.37 0.37 0.37
0.71 0.72 0.72 0.73 0.53 0.71 0.72 0.72 0.69 0.70 0.70 0.69 0.70 0.69 0.69 0.68 0.44 0.67 0.61 0.67 0.69 0.69 0.69 0.67 0.43 0.55 0.67 0.40 0.62 0.67 0.67 0.67 0.67 0.67 0.67 0.67 0.64 0.67 0.64 0.81 0.76 0.93 0.82 1.00 1.00 0.97 1.00 0.98 0.96 0.97 0.97 0.97 0.17 0.88 0.88 0.88 0.88 0.88 0.24 0.23 0.03 0.12 0.66 0.72 0.72 0.72 0.72 0.72 0.72 0.72 0.72 0.70 0.72 0.70 0.69 0.69 0.61 0.74 0.78 0.74 0.49 0.52 0.52 0.52
0.71 0.73 0.73 0.73 0.53 0.71 0.73 0.72 0.70 0.70 0.71 0.70 0.70 0.70 0.70 0.68 0.45 0.68 0.62 0.68 0.70 0.70 0.70 0.68 0.44 0.56 0.68 0.41 0.63 0.68 0.67 0.67 0.68 0.68 0.67 0.67 0.65 0.68 0.65 0.81 0.77 0.93 0.83 1.00 1.00 0.97 1.00 0.99 0.96 0.97 0.97 0.97 0.18 0.89 0.89 0.89 0.89 0.89 0.24 0.23 0.03 0.12 0.67 0.72 0.72 0.72 0.72 0.73 0.73 0.73 0.73 0.70 0.72 0.70 0.69 0.69 0.61 0.74 0.78 0.74 0.50 0.53 0.53 0.53
0.83 0.85 0.85 0.85 0.70 0.84 0.85 0.84 0.83 0.83 0.84 0.83 0.83 0.83 0.83 0.82 0.61 0.83 0.78 0.83 0.83 0.83 0.83 0.83 0.64 0.75 0.83 0.60 0.80 0.83 0.83 0.83 0.83 0.83 0.83 0.83 0.81 0.83 0.81 0.89 0.85 0.96 0.88 1.00 1.00 0.99 1.00 0.99 0.98 0.99 0.99 0.99 0.28 0.93 0.93 0.93 0.93 0.93 0.34 0.34 0.06 0.17 0.81 0.84 0.84 0.84 0.84 0.84 0.84 0.84 0.84 0.83 0.84 0.83 0.83 0.83 0.76 0.85 0.87 0.85 0.68 0.71 0.71 0.71
0.50 0.52 0.52 0.54 0.31 0.48 0.52 0.52 0.48 0.47 0.48 0.46 0.47 0.44 0.44 0.43 0.23 0.41 0.35 0.41 0.44 0.44 0.44 0.41 0.19 0.27 0.41 0.19 0.34 0.41 0.39 0.39 0.41 0.41 0.39 0.39 0.37 0.41 0.37 0.68 0.64 0.87 0.73 1.00 1.00 0.95 1.00 0.97 0.92 0.95 0.95 0.95 0.07 0.80 0.80 0.80 0.80 0.80 0.13 0.13 0.01 0.07 0.42 0.51 0.51 0.51 0.51 0.52 0.52 0.52 0.52 0.47 0.51 0.48 0.47 0.46 0.41 0.56 0.64 0.56 0.27 0.28 0.28 0.28
0.74 0.76 0.76 0.77 0.57 0.74 0.76 0.76 0.73 0.74 0.74 0.73 0.74 0.73 0.73 0.71 0.47 0.71 0.65 0.71 0.73 0.73 0.73 0.71 0.48 0.59 0.71 0.45 0.66 0.71 0.70 0.70 0.71 0.71 0.70 0.70 0.68 0.71 0.68 0.83 0.78 0.94 0.83 1.00 1.00 0.98 1.00 0.99 0.97 0.98 0.98 0.98 0.18 0.89 0.89 0.89 0.89 0.89 0.26 0.24 0.03 0.13 0.70 0.75 0.75 0.75 0.75 0.75 0.75 0.75 0.75 0.73 0.75 0.73 0.72 0.72 0.63 0.76 0.79 0.76 0.53 0.56 0.56 0.56
0.75 0.77 0.77 0.77 0.58 0.75 0.77 0.76 0.74 0.74 0.75 0.74 0.74 0.74 0.74 0.73 0.49 0.73 0.66 0.73 0.74 0.74 0.74 0.73 0.50 0.61 0.73 0.46 0.68 0.73 0.72 0.72 0.73 0.73 0.72 0.72 0.70 0.73 0.70 0.84 0.79 0.94 0.84 1.00 1.00 0.98 1.00 0.99 0.97 0.98 0.98 0.98 0.19 0.90 0.90 0.90 0.90 0.90 0.27 0.26 0.04 0.13 0.71 0.76 0.76 0.76 0.76 0.76 0.76 0.76 0.76 0.74 0.76 0.74 0.74 0.73 0.65 0.77 0.81 0.78 0.55 0.58 0.58 0.58
0.60 0.63 0.63 0.64 0.41 0.60 0.63 0.62 0.59 0.59 0.59 0.59 0.59 0.57 0.57 0.56 0.33 0.55 0.48 0.55 0.57 0.57 0.57 0.55 0.31 0.41 0.55 0.28 0.48 0.55 0.54 0.53 0.55 0.55 0.54 0.54 0.51 0.55 0.51 0.75 0.71 0.91 0.78 1.00 1.00 0.96 1.00 0.98 0.94 0.96 0.96 0.96 0.10 0.85 0.85 0.85 0.85 0.85 0.18 0.17 0.02 0.09 0.54 0.62 0.62 0.62 0.62 0.62 0.62 0.62 0.62 0.58 0.62 0.59 0.57 0.58 0.50 0.65 0.71 0.65 0.37 0.39 0.39 0.39
0.96 0.97 0.97 0.97 0.91 0.96 0.97 0.96 0.96 0.97 0.96 0.96 0.97 0.97 0.97 0.96 0.84 0.96 0.95 0.97 0.97 0.97 0.97 0.96 0.89 0.94 0.97 0.84 0.96 0.97 0.96 0.96 0.96 0.97 0.96 0.96 0.96 0.97 0.96 0.97 0.95 0.99 0.96 1.00 1.00 1.00 1.00 1.00 1.00 1.00 1.00 1.00 0.55 0.98 0.98 0.98 0.98 0.98 0.55 0.56 0.20 0.32 0.96 0.97 0.97 0.97 0.97 0.97 0.97 0.97 0.97 0.97 0.97 0.96 0.96 0.96 0.93 0.97 0.97 0.97 0.89 0.93 0.93 0.93
0.97 0.97 0.97 0.97 0.93 0.97 0.97 0.97 0.97 0.97 0.97 0.97 0.97 0.97 0.97 0.97 0.86 0.97 0.96 0.97 0.97 0.97 0.97 0.97 0.91 0.96 0.97 0.88 0.97 0.97 0.97 0.97 0.97 0.97 0.97 0.97 0.97 0.97 0.97 0.98 0.96 0.99 0.97 1.00 1.00 1.00 1.00 1.00 1.00 1.00 1.00 1.00 0.59 0.98 0.98 0.98 0.98 0.98 0.59 0.59 0.24 0.36 0.97 0.97 0.97 0.97 0.97 0.97 0.97 0.97 0.97 0.97 0.97 0.97 0.97 0.97 0.94 0.97 0.97 0.97 0.91 0.94 0.94 0.94
0.75 0.76 0.76 0.77 0.57 0.75 0.76 0.76 0.73 0.75 0.74 0.74 0.75 0.74 0.74 0.72 0.49 0.72 0.66 0.72 0.74 0.74 0.74 0.72 0.49 0.60 0.72 0.45 0.68 0.72 0.72 0.72 0.72 0.72 0.72 0.72 0.70 0.72 0.70 0.84 0.79 0.94 0.84 1.00 1.00 0.98 1.00 0.99 0.97 0.98 0.98 0.98 0.18 0.90 0.90 0.90 0.90 0.90 0.27 0.25 0.03 0.14 0.71 0.76 0.76 0.76 0.76 0.76 0.76 0.76 0.76 0.74 0.76 0.74 0.74 0.74 0.66 0.77 0.81 0.77 0.55 0.58 0.58 0.58
0.71 0.72 0.72 0.73 0.52 0.70 0.72 0.72 0.69 0.70 0.70 0.69 0.70 0.68 0.68 0.67 0.44 0.67 0.61 0.67 0.68 0.68 0.68 0.67 0.43 0.54 0.67 0.40 0.62 0.67 0.66 0.66 0.67 0.67 0.66 0.66 0.64 0.67 0.64 0.81 0.76 0.93 0.82 1.00 1.00 0.97 1.00 0.99 0.96 0.97 0.97 0.97 0.16 0.88 0.88 0.88 0.88 0.88 0.23 0.23 0.03 0.12 0.66 0.72 0.72 0.72 0.72 0.72 0.72 0.72 0.72 0.69 0.72 0.70 0.69 0.69 0.60 0.73 0.78 0.73 0.48 0.51 0.51 0.51
0.59 0.61 0.61 0.62 0.40 0.58 0.61 0.60 0.57 0.57 0.57 0.55 0.57 0.54 0.55 0.53 0.31 0.52 0.46 0.52 0.54 0.54 0.54 0.52 0.29 0.38 0.52 0.26 0.45 0.52 0.51 0.51 0.52 0.52 0.51 0.51 0.48 0.52 0.48 0.74 0.70 0.90 0.77 1.00 1.00 0.96 1.00 0.98 0.94 0.96 0.96 0.96 0.11 0.84 0.84 0.84 0.84 0.84 0.18 0.16 0.01 0.09 0.52 0.60 0.60 0.60 0.60 0.61 0.61 0.61 0.61 0.56 0.60 0.57 0.56 0.56 0.49 0.64 0.70 0.64 0.36 0.38 0.38 0.38
0.69 0.71 0.71 0.72 0.52 0.69 0.71 0.71 0.68 0.69 0.68 0.67 0.69 0.67 0.67 0.66 0.43 0.66 0.59 0.65 0.67 0.67 0.67 0.66 0.40 0.52 0.65 0.38 0.60 0.65 0.65 0.65 0.66 0.65 0.65 0.65 0.62 0.65 0.62 0.80 0.75 0.93 0.81 1.00 1.00 0.97 1.00 0.99 0.96 0.97 0.97 0.97 0.16 0.88 0.88 0.88 0.88 0.88 0.23 0.23 0.03 0.11 0.64 0.70 0.70 0.70 0.70 0.71 0.71 0.71 0.71 0.68 0.70 0.68 0.67 0.67 0.59 0.72 0.77 0.72 0.47 0.50 0.50 0.50
0.81 0.82 0.82 0.83 0.66 0.82 0.82 0.82 0.80 0.81 0.81 0.81 0.81 0.81 0.81 0.80 0.58 0.80 0.75 0.80 0.81 0.81 0.81 0.80 0.59 0.70 0.80 0.55 0.76 0.80 0.80 0.80 0.80 0.80 0.80 0.80 0.78 0.80 0.78 0.88 0.83 0.96 0.88 1.00 1.00 0.98 1.00 0.99 0.98 0.98 0.98 0.98 0.25 0.92 0.92 0.92 0.92 0.92 0.31 0.31 0.06 0.16 0.78 0.82 0.82 0.82 0.82 0.82 0.82 0.82 0.82 0.81 0.82 0.81 0.81 0.81 0.72 0.83 0.85 0.83 0.63 0.67 0.67 0.67
0.79 0.80 0.80 0.80 0.62 0.79 0.80 0.80 0.77 0.79 0.78 0.78 0.79 0.78 0.78 0.77 0.54 0.77 0.72 0.77 0.78 0.78 0.78 0.77 0.55 0.67 0.77 0.51 0.73 0.77 0.77 0.77 0.77 0.77 0.77 0.77 0.75 0.77 0.75 0.86 0.81 0.95 0.86 1.00 1.00 0.98 1.00 0.99 0.98 0.98 0.98 0.98 0.22 0.91 0.91 0.91 0.91 0.91 0.29 0.29 0.04 0.15 0.75 0.80 0.80 0.80 0.80 0.80 0.80 0.80 0.80 0.78 0.80 0.78 0.78 0.78 0.69 0.80 0.83 0.81 0.59 0.62 0.62 0.62
0.91 0.92 0.92 0.92 0.81 0.92 0.92 0.92 0.91 0.91 0.91 0.91 0.91 0.91 0.91 0.91 0.74 0.91 0.88 0.91 0.91 0.91 0.91 0.91 0.78 0.86 0.91 0.73 0.89 0.91 0.91 0.91 0.91 0.91 0.91 0.91 0.90 0.91 0.90 0.93 0.90 0.98 0.93 1.00 1.00 0.99 1.00 1.00 0.99 0.99 0.99 0.99 0.40 0.96 0.96 0.96 0.96 0.96 0.43 0.43 0.11 0.23 0.90 0.92 0.92 0.92 0.92 0.92 0.92 0.92 0.92 0.91 0.92 0.91 0.91 0.91 0.86 0.92 0.92 0.92 0.79 0.83 0.83 0.83
0.98 0.98 0.98 0.99 0.95 0.98 0.98 0.98 0.98 0.98 0.98 0.98 0.98 0.99 0.98 0.98 0.90 0.98 0.98 0.99 0.99 0.99 0.98 0.98 0.94 0.97 0.99 0.90 0.98 0.99 0.98 0.98 0.98 0.99 0.98 0.98 0.98 0.99 0.98 0.98 0.97 1.00 0.98 1.00 1.00 1.00 1.00 1.00 1.00 1.00 1.00 1.00 0.65 0.99 0.99 0.99 0.99 0.99 0.63 0.65 0.30 0.41 0.98 0.99 0.99 0.99 0.99 0.99 0.98 0.99 0.99 0.99 0.99 0.98 0.98 0.98 0.97 0.98 0.98 0.98 0.94 0.97 0.97 0.97
0.81 0.82 0.82 0.82 0.65 0.81 0.82 0.81 0.79 0.80 0.80 0.80 0.80 0.80 0.80 0.79 0.56 0.79 0.74 0.79 0.80 0.80 0.80 0.79 0.57 0.69 0.79 0.53 0.75 0.79 0.78 0.78 0.79 0.79 0.78 0.79 0.77 0.79 0.77 0.87 0.81 0.95 0.86 1.00 1.00 0.98 1.00 0.99 0.98 0.98 0.98 0.98 0.23 0.92 0.92 0.92 0.92 0.92 0.31 0.30 0.05 0.16 0.77 0.81 0.81 0.81 0.81 0.82 0.81 0.82 0.82 0.80 0.81 0.80 0.79 0.79 0.72 0.81 0.84 0.82 0.62 0.66 0.66 0.66
