0.71 0.68 0.68 0.67 0.49 0.70 0.68 0.66 0.64 0.68 0.66 0.66 0.68 0.66 0.66 0.65 0.44 0.65 0.61 0.65 0.66 0.66 0.66 0.65 0.43 0.54 0.65 0.41 0.61 0.66 0.65 0.65 0.65 0.66 0.65 0.65 0.63 0.66 0.63 0.59 0.48 0.57 0.51 0.58 0.58 0.57 0.58 0.58 0.56 0.57 0.57 0.57 0.18 0.53 0.53 0.53 0.53 0.53 0.15 0.14 0.02 0.07 0.68 0.73 0.73 0.73 0.73 0.73 0.72 0.73 0.73 0.73 0.73 0.73 0.74 0.75 0.68 0.69 0.64 0.69 0.75 1.00 1.00 1.00
0.92 0.92 0.92 0.92 0.82 0.92 0.92 0.91 0.90 0.92 0.92 0.91 0.92 0.92 0.92 0.91 0.76 0.92 0.89 0.92 0.92 0.92 0.92 0.92 0.81 0.88 0.92 0.77 0.91 0.92 0.92 0.92 0.92 0.92 0.92 0.92 0.91 0.92 0.91 0.87 0.82 0.87 0.83 0.87 0.87 0.87 0.87 0.87 0.87 0.87 0.87 0.87 0.45 0.84 0.84 0.84 0.84 0.84 0.41 0.42 0.12 0.23 0.91 0.93 0.93 0.93 0.93 0.92 0.92 0.92 0.92 0.93 0.93 0.92 0.93 0.93 0.89 0.91 0.90 0.91 0.90 1.00 1.00 1.00
0.97 0.97 0.97 0.96 0.91 0.97 0.97 0.96 0.96 0.96 0.97 0.96 0.96 0.97 0.97 0.96 0.86 0.96 0.95 0.96 0.97 0.97 0.97 0.96 0.90 0.95 0.96 0.86 0.96 0.96 0.96 0.96 0.96 0.96 0.96 0.96 0.96 0.96 0.96 0.94 0.91 0.94 0.92 0.94 0.94 0.94 0.94 0.94 0.94 0.94 0.94 0.94 0.59 0.93 0.93 0.93 0.93 0.93 0.55 0.56 0.23 0.32 0.96 0.97 0.97 0.97 0.97 0.97 0.97 0.97 0.97 0.97 0.97 0.97 0.97 0.97 0.95 0.96 0.96 0.96 0.95 1.00 1.00 1.00
0.45 0.38 0.38 0.36 0.20 0.43 0.38 0.35 0.33 0.40 0.35 0.35 0.40 0.35 0.35 0.33 0.18 0.33 0.31 0.33 0.35 0.35 0.35 0.33 0.16 0.22 0.33 0.15 0.28 0.33 0.32 0.32 0.33 0.33 0.32 0.32 0.30 0.33 0.30 0.28 0.19 0.27 0.22 0.28 0.28 0.27 0.28 0.28 0.26 0.27 0.27 0.27 0.06 0.23 0.23 0.23 0.23 0.23 0.04 0.03 0.00 0.02 0.40 0.50 0.50 0.50 0.50 0.50 0.47 0.50 0.50 0.51 0.50 0.50 0.53 0.54 0.44 0.43 0.37 0.43 0.60 1.00 1.00 1.00
0.69 0.66 0.66 0.65 0.46 0.68 0.66 0.64 0.61 0.66 0.64 0.63 0.66 0.64 0.64 0.62 0.42 0.62 0.59 0.63 0.64 0.64 0.64 0.62 0.41 0.52 0.63 0.38 0.59 0.63 0.62 0.62 0.62 0.63 0.62 0.62 0.60 0.63 0.60 0.56 0.45 0.55 0.48 0.55 0.55 0.54 0.55 0.55 0.54 0.54 0.54 0.54 0.16 0.49 0.49 0.49 0.49 0.49 0.14 0.14 0.02 0.07 0.65 0.71 0.71 0.71 0.71 0.71 0.70 0.71 0.71 0.71 0.71 0.71 0.72 0.73 0.65 0.67 0.63 0.67 0.74 1.00 1.00 1.00
0.75 0.73 0.73 0.73 0.56 0.75 0.73 0.72 0.70 0.74 0.72 0.72 0.74 0.72 0.72 0.71 0.51 0.71 0.68 0.72 0.72 0.72 0.72 0.71 0.52 0.63 0.72 0.49 0.68 0.72 0.71 0.71 0.71 0.72 0.71 0.71 0.70 0.72 0.70 0.65 0.54 0.63 0.56 0.63 0.63 0.63 0.63 0.64 0.62 0.63 0.63 0.63 0.21 0.58 0.58 0.58 0.58 0.58 0.19 0.19 0.03 0.10 0.73 0.77 0.77 0.77 0.77 0.77 0.76 0.77 0.77 0.77 0.77 0.77 0.78 0.79 0.72 0.73 0.69 0.73 0.78 1.00 1.00 1.00
0.94 0.94 0.94 0.94 0.85 0.94 0.94 0.93 0.93 0.94 0.94 0.94 0.94 0.94 0.94 0.93 0.80 0.94 0.92 0.94 0.94 0.94 0.94 0.94 0.84 0.91 0.94 0.80 0.93 0.94 0.94 0.94 0.94 0.94 0.94 0.94 0.93 0.94 0.93 0.90 0.85 0.90 0.86 0.90 0.90 0.90 0.90 0.90 0.90 0.90 0.90 0.90 0.50 0.88 0.88 0.88 0.88 0.88 0.46 0.46 0.14 0.26 0.93 0.94 0.94 0.94 0.94 0.94 0.94 0.94 0.94 0.94 0.94 0.94 0.94 0.94 0.91 0.93 0.92 0.93 0.91 1.00 1.00 1.00
0.96 0.96 0.96 0.95 0.89 0.96 0.96 0.95 0.95 0.95 0.95 0.95 0.95 0.95 0.95 0.95 0.83 0.95 0.94 0.95 0.95 0.95 0.95 0.95 0.88 0.93 0.95 0.84 0.95 0.95 0.95 0.95 0.95 0.95 0.95 0.95 0.95 0.95 0.95 0.93 0.89 0.93 0.90 0.93 0.93 0.93 0.93 0.93 0.92 0.93 0.93 0.93 0.54 0.91 0.91 0.91 0.91 0.91 0.51 0.51 0.19 0.29 0.95 0.96 0.96 0.96 0.96 0.96 0.96 0.96 0.96 0.96 0.96 0.96 0.96 0.96 0.93 0.95 0.94 0.95 0.93 1.00 1.00 1.00
0.81 0.80 0.80 0.79 0.63 0.81 0.80 0.79 0.77 0.80 0.79 0.79 0.80 0.79 0.79 0.78 0.57 0.78 0.75 0.79 0.79 0.79 0.79 0.78 0.60 0.70 0.79 0.56 0.75 0.79 0.78 0.78 0.78 0.79 0.78 0.78 0.77 0.79 0.77 0.72 0.62 0.71 0.65 0.71 0.71 0.70 0.71 0.71 0.70 0.70 0.70 0.70 0.26 0.67 0.67 0.67 0.67 0.67 0.25 0.24 0.05 0.12 0.79 0.82 0.82 0.82 0.82 0.82 0.81 0.82 0.82 0.82 0.82 0.82 0.83 0.83 0.77 0.79 0.76 0.80 0.81 1.00 1.00 1.00
0.97 0.97 0.97 0.97 0.92 0.97 0.97 0.97 0.97 0.97 0.97 0.97 0.97 0.97 0.97 0.97 0.87 0.97 0.96 0.97 0.97 0.97 0.97 0.97 0.92 0.95 0.97 0.88 0.96 0.97 0.97 0.97 0.97 0.97 0.97 0.97 0.97 0.97 0.97 0.95 0.92 0.95 0.93 0.95 0.95 0.95 0.95 0.95 0.95 0.95 0.95 0.95 0.59 0.93 0.93 0.93 0.93 0.93 0.55 0.57 0.23 0.35 0.96 0.97 0.97 0.97 0.97 0.97 0.97 0.97 0.97 0.97 0.97 0.97 0.97 0.97 0.95 0.96 0.96 0.97 0.95 1.00 1.00 1.00
0.98 0.98 0.98 0.98 0.94 0.98 0.98 0.98 0.98 0.98 0.98 0.98 0.98 0.98 0.98 0.98 0.90 0.98 0.98 0.98 0.98 0.98 0.98 0.98 0.95 0.97 0.98 0.91 0.98 0.98 0.98 0.98 0.98 0.98 0.98 0.98 0.98 0.98 0.98 0.97 0.95 0.97 0.95 0.97 0.97 0.97 0.97 0.97 0.97 0.97 0.97 0.97 0.68 0.96 0.96 0.96 0.96 0.96 0.62 0.64 0.29 0.39 0.98 0.98 0.98 0.98 0.98 0.98 0.98 0.98 0.98 0.98 0.98 0.98 0.98 0.98 0.97 0.98 0.98 0.98 0.96 1.00 1.00 1.00
0.54 0.48 0.48 0.47 0.29 0.52 0.48 0.46 0.43 0.50 0.46 0.45 0.50 0.45 0.45 0.44 0.25 0.43 0.41 0.44 0.45 0.45 0.45 0.43 0.23 0.33 0.44 0.22 0.39 0.44 0.43 0.43 0.43 0.44 0.43 0.43 0.40 0.44 0.40 0.39 0.28 0.38 0.31 0.38 0.38 0.37 0.38 0.39 0.37 0.37 0.37 0.37 0.09 0.33 0.33 0.33 0.33 0.33 0.07 0.07 0.01 0.04 0.50 0.58 0.58 0.58 0.58 0.58 0.56 0.58 0.58 0.59 0.58 0.58 0.60 0.61 0.53 0.52 0.47 0.53 0.67 1.00 1.00 1.00
0.93 0.93 0.93 0.93 0.85 0.93 0.93 0.93 0.92 0.93 0.93 0.93 0.93 0.93 0.93 0.93 0.79 0.93 0.91 0.93 0.93 0.93 0.93 0.93 0.83 0.90 0.93 0.79 0.92 0.93 0.93 0.93 0.93 0.93 0.93 0.93 0.92 0.93 0.92 0.90 0.85 0.90 0.86 0.90 0.90 0.89 0.90 0.90 0.89 0.89 0.89 0.89 0.49 0.87 0.87 0.87 0.87 0.87 0.45 0.45 0.14 0.25 0.92 0.94 0.94 0.94 0.94 0.94 0.93 0.94 0.94 0.94 0.94 0.93 0.94 0.94 0.91 0.92 0.91 0.93 0.90 1.00 1.00 1.00
0.72 0.69 0.69 0.68 0.49 0.71 0.69 0.67 0.65 0.70 0.67 0.67 0.70 0.67 0.67 0.66 0.44 0.66 0.62 0.67 0.67 0.67 0.67 0.66 0.45 0.56 0.67 0.42 0.62 0.66 0.66 0.66 0.66 0.66 0.66 0.66 0.64 0.66 0.64 0.59 0.48 0.58 0.51 0.58 0.58 0.57 0.58 0.58 0.57 0.57 0.57 0.57 0.18 0.52 0.52 0.52 0.52 0.52 0.16 0.15 0.02 0.07 0.68 0.74 0.74 0.74 0.74 0.74 0.73 0.74 0.74 0.74 0.74 0.73 0.75 0.75 0.68 0.69 0.65 0.70 0.75 1.00 1.00 1.00
0.79 0.77 0.77 0.77 0.61 0.78 0.77 0.76 0.74 0.78 0.76 0.76 0.78 0.77 0.77 0.75 0.55 0.76 0.72 0.76 0.77 0.77 0.77 0.76 0.57 0.68 0.76 0.54 0.72 0.76 0.76 0.76 0.76 0.76 0.76 0.76 0.74 0.76 0.74 0.69 0.59 0.68 0.62 0.68 0.68 0.68 0.68 0.68 0.67 0.68 0.68 0.68 0.25 0.64 0.64 0.64 0.64 0.64 0.22 0.21 0.04 0.12 0.76 0.80 0.80 0.80 0.80 0.80 0.79 0.80 0.80 0.80 0.80 0.80 0.81 0.81 0.76 0.77 0.74 0.77 0.80 1.00 1.00 1.00
0.44 0.37 0.37 0.35 0.20 0.42 0.37 0.34 0.31 0.39 0.34 0.33 0.39 0.33 0.33 0.30 0.16 0.30 0.29 0.31 0.33 0.33 0.33 0.30 0.14 0.20 0.31 0.13 0.25 0.31 0.30 0.29 0.30 0.31 0.30 0.29 0.27 0.31 0.27 0.27 0.19 0.26 0.21 0.27 0.27 0.26 0.27 0.27 0.25 0.26 0.26 0.26 0.05 0.22 0.22 0.22 0.22 0.22 0.04 0.03 0.00 0.02 0.39 0.49 0.49 0.49 0.49 0.49 0.46 0.49 0.49 0.50 0.49 0.49 0.52 0.53 0.44 0.42 0.36 0.42 0.60 1.00 1.00 1.00
0.39 0.32 0.32 0.30 0.16 0.37 0.32 0.29 0.27 0.35 0.29 0.28 0.35 0.28 0.28 0.26 0.13 0.26 0.25 0.27 0.28 0.28 0.28 0.26 0.11 0.17 0.27 0.11 0.22 0.27 0.26 0.25 0.26 0.27 0.26 0.25 0.23 0.27 0.23 0.24 0.16 0.23 0.18 0.24 0.24 0.23 0.24 0.24 0.22 0.23 0.23 0.23 0.05 0.19 0.19 0.19 0.19 0.19 0.03 0.02 0.00 0.01 0.34 0.45 0.45 0.45 0.45 0.44 0.42 0.44 0.44 0.46 0.45 0.45 0.48 0.49 0.40 0.38 0.32 0.38 0.59 1.00 1.00 1.00
0.46 0.40 0.40 0.38 0.22 0.44 0.40 0.37 0.34 0.42 0.37 0.36 0.42 0.36 0.36 0.34 0.18 0.33 0.32 0.35 0.36 0.36 0.35 0.33 0.16 0.23 0.35 0.15 0.29 0.34 0.33 0.33 0.33 0.34 0.33 0.33 0.31 0.34 0.31 0.30 0.21 0.29 0.23 0.30 0.30 0.29 0.30 0.30 0.28 0.29 0.29 0.29 0.06 0.24 0.24 0.24 0.24 0.24 0.04 0.04 0.00 0.02 0.42 0.51 0.51 0.51 0.51 0.51 0.49 0.51 0.51 0.52 0.51 0.51 0.54 0.55 0.46 0.44 0.39 0.45 0.62 1.00 1.00 1.00
0.61 0.56 0.56 0.55 0.36 0.59 0.56 0.54 0.51 0.57 0.54 0.53 0.57 0.53 0.53 0.52 0.32 0.51 0.48 0.52 0.53 0.53 0.53 0.51 0.31 0.41 0.52 0.29 0.47 0.52 0.51 0.51 0.51 0.52 0.51 0.51 0.49 0.52 0.49 0.46 0.34 0.44 0.37 0.45 0.45 0.43 0.45 0.45 0.43 0.43 0.43 0.43 0.11 0.39 0.39 0.39 0.39 0.39 0.09 0.08 0.01 0.05 0.56 0.64 0.64 0.64 0.64 0.64 0.62 0.64 0.64 0.64 0.64 0.63 0.65 0.66 0.58 0.58 0.53 0.58 0.70 1.00 1.00 1.00
0.58 0.53 0.53 0.51 0.34 0.56 0.53 0.50 0.48 0.54 0.51 0.50 0.54 0.50 0.50 0.48 0.29 0.48 0.45 0.49 0.50 0.50 0.50 0.48 0.28 0.38 0.49 0.26 0.44 0.49 0.48 0.48 0.48 0.49 0.48 0.48 0.45 0.49 0.45 0.43 0.32 0.42 0.35 0.42 0.42 0.41 0.42 0.42 0.40 0.41 0.41 0.41 0.10 0.36 0.36 0.36 0.36 0.36 0.08 0.07 0.01 0.04 0.53 0.61 0.61 0.61 0.61 0.61 0.59 0.61 0.61 0.62 0.61 0.61 0.64 0.65 0.56 0.55 0.50 0.56 0.68 1.00 1.00 1.00
0.70 0.67 0.67 0.66 0.47 0.69 0.67 0.65 0.63 0.68 0.66 0.65 0.68 0.65 0.65 0.64 0.43 0.63 0.61 0.65 0.65 0.65 0.65 0.63 0.43 0.54 0.65 0.41 0.60 0.65 0.64 0.64 0.63 0.65 0.64 0.64 0.62 0.65 0.62 0.57 0.46 0.55 0.49 0.56 0.56 0.55 0.56 0.56 0.55 0.55 0.55 0.55 0.17 0.51 0.51 0.51 0.51 0.51 0.15 0.15 0.02 0.08 0.67 0.72 0.72 0.72 0.72 0.72 0.71 0.72 0.72 0.72 0.72 0.72 0.74 0.74 0.67 0.68 0.63 0.68 0.75 1.00 1.00 1.00
0.74 0.71 0.71 0.70 0.52 0.73 0.71 0.70 0.67 0.72 0.70 0.69 0.72 0.70 0.70 0.68 0.48 0.69 0.65 0.69 0.70 0.70 0.70 0.69 0.48 0.59 0.69 0.45 0.65 0.69 0.69 0.69 0.69 0.69 0.69 0.69 0.67 0.69 0.67 0.62 0.51 0.60 0.54 0.61 0.61 0.60 0.61 0.61 0.59 0.60 0.60 0.60 0.19 0.56 0.56 0.56 0.56 0.56 0.18 0.17 0.03 0.09 0.70 0.75 0.75 0.75 0.75 0.75 0.74 0.75 0.75 0.76 0.75 0.75 0.76 0.77 0.70 0.71 0.67 0.72 0.77 1.00 1.00 1.00
0.68 0.65 0.65 0.63 0.45 0.67 0.65 0.63 0.60 0.65 0.63 0.62 0.65 0.62 0.62 0.61 0.40 0.61 0.58 0.62 0.62 0.62 0.63 0.61 0.40 0.51 0.62 0.38 0.57 0.62 0.61 0.61 0.61 0.62 0.61 0.61 0.59 0.62 0.59 0.55 0.43 0.53 0.46 0.54 0.54 0.53 0.54 0.54 0.53 0.53 0.53 0.53 0.16 0.49 0.49 0.49 0.49 0.49 0.13 0.13 0.02 0.07 0.65 0.71 0.71 0.71 0.71 0.71 0.69 0.71 0.71 0.71 0.71 0.70 0.72 0.72 0.65 0.66 0.62 0.67 0.74 1.00 1.00 1.00
0.79 0.77 0.77 0.77 0.59 0.79 0.77 0.76 0.74 0.78 0.76 0.76 0.78 0.76 0.76 0.75 0.55 0.76 0.72 0.76 0.76 0.76 0.76 0.76 0.56 0.67 0.76 0.53 0.73 0.76 0.76 0.76 0.76 0.76 0.76 0.76 0.74 0.76 0.74 0.69 0.59 0.68 0.61 0.68 0.68 0.67 0.68 0.68 0.67 0.67 0.67 0.67 0.24 0.63 0.63 0.63 0.63 0.63 0.21 0.21 0.04 0.11 0.76 0.81 0.81 0.81 0.81 0.81 0.80 0.81 0.81 0.81 0.81 0.80 0.81 0.82 0.76 0.77 0.74 0.78 0.81 1.00 1.00 1.00
0.41 0.34 0.34 0.32 0.17 0.39 0.34 0.30 0.28 0.36 0.30 0.29 0.36 0.29 0.29 0.28 0.14 0.27 0.26 0.28 0.29 0.29 0.29 0.27 0.12 0.18 0.28 0.12 0.23 0.28 0.27 0.26 0.27 0.28 0.27 0.26 0.24 0.28 0.24 0.24 0.16 0.23 0.18 0.24 0.24 0.23 0.24 0.24 0.23 0.23 0.23 0.23 0.04 0.19 0.19 0.19 0.19 0.19 0.03 0.03 0.00 0.01 0.36 0.46 0.46 0.46 0.46 0.46 0.43 0.46 0.46 0.47 0.46 0.46 0.50 0.51 0.42 0.39 0.33 0.40 0.59 1.00 1.00 1.00
0.51 0.46 0.46 0.44 0.27 0.50 0.46 0.43 0.40 0.47 0.43 0.42 0.47 0.42 0.42 0.40 0.23 0.40 0.38 0.41 0.42 0.42 0.42 0.40 0.21 0.29 0.41 0.20 0.35 0.41 0.40 0.40 0.40 0.41 0.40 0.40 0.37 0.41 0.37 0.36 0.26 0.35 0.28 0.36 0.36 0.34 0.36 0.36 0.34 0.34 0.34 0.34 0.08 0.30 0.30 0.30 0.30 0.30 0.06 0.05 0.01 0.03 0.47 0.56 0.56 0.56 0.56 0.55 0.53 0.55 0.55 0.56 0.56 0.55 0.58 0.59 0.51 0.49 0.44 0.49 0.65 1.00 1.00 1.00
0.63 0.59 0.59 0.58 0.39 0.62 0.59 0.57 0.54 0.60 0.57 0.56 0.60 0.57 0.57 0.55 0.35 0.54 0.51 0.56 0.57 0.57 0.56 0.54 0.34 0.44 0.56 0.32 0.50 0.56 0.55 0.54 0.54 0.56 0.55 0.55 0.52 0.56 0.52 0.49 0.38 0.48 0.41 0.48 0.48 0.47 0.48 0.48 0.47 0.47 0.47 0.47 0.13 0.42 0.42 0.42 0.42 0.42 0.10 0.10 0.01 0.05 0.59 0.66 0.66 0.66 0.66 0.66 0.64 0.66 0.66 0.67 0.66 0.66 0.68 0.68 0.61 0.61 0.56 0.61 0.70 1.00 1.00 1.00
0.89 0.89 0.89 0.89 0.77 0.89 0.89 0.88 0.87 0.89 0.89 0.88 0.89 0.89 0.89 0.88 0.71 0.88 0.86 0.89 0.89 0.89 0.89 0.88 0.76 0.84 0.89 0.71 0.87 0.89 0.88 0.88 0.88 0.89 0.88 0.88 0.87 0.89 0.87 0.84 0.77 0.84 0.79 0.83 0.83 0.83 0.83 0.83 0.83 0.83 0.83 0.83 0.39 0.80 0.80 0.80 0.80 0.80 0.37 0.36 0.09 0.19 0.88 0.90 0.90 0.90 0.90 0.90 0.89 0.90 0.90 0.90 0.90 0.90 0.90 0.90 0.87 0.88 0.87 0.88 0.88 1.00 1.00 1.00
0.60 0.56 0.56 0.54 0.36 0.59 0.56 0.53 0.51 0.57 0.53 0.53 0.57 0.53 0.53 0.51 0.32 0.51 0.48 0.52 0.53 0.53 0.53 0.51 0.31 0.40 0.52 0.29 0.46 0.52 0.51 0.51 0.51 0.52 0.51 0.51 0.49 0.52 0.49 0.46 0.35 0.45 0.38 0.45 0.45 0.44 0.45 0.45 0.43 0.44 0.44 0.44 0.11 0.40 0.40 0.40 0.40 0.40 0.09 0.09 0.01 0.05 0.56 0.63 0.63 0.63 0.63 0.63 0.61 0.63 0.63 0.64 0.63 0.63 0.66 0.66 0.58 0.58 0.53 0.58 0.69 1.00 1.00 1.00
0.53 0.47 0.47 0.45 0.28 0.51 0.47 0.45 0.42 0.49 0.45 0.44 0.49 0.44 0.44 0.42 0.24 0.41 0.39 0.43 0.44 0.44 0.43 0.41 0.23 0.30 0.43 0.22 0.37 0.43 0.41 0.41 0.41 0.43 0.41 0.41 0.39 0.43 0.39 0.36 0.26 0.35 0.28 0.36 0.36 0.34 0.36 0.36 0.34 0.34 0.34 0.34 0.08 0.30 0.30 0.30 0.30 0.30 0.06 0.05 0.01 0.03 0.48 0.57 0.57 0.57 0.57 0.57 0.55 0.57 0.57 0.57 0.57 0.56 0.59 0.60 0.52 0.51 0.45 0.51 0.66 1.00 1.00 1.00
0.81 0.80 0.80 0.80 0.64 0.81 0.80 0.79 0.77 0.80 0.79 0.79 0.80 0.80 0.80 0.79 0.58 0.79 0.75 0.79 0.80 0.80 0.80 0.79 0.61 0.72 0.79 0.57 0.77 0.79 0.79 0.79 0.79 0.79 0.79 0.79 0.78 0.79 0.78 0.72 0.63 0.72 0.66 0.72 0.72 0.71 0.72 0.72 0.71 0.71 0.71 0.71 0.27 0.67 0.67 0.67 0.67 0.67 0.25 0.25 0.05 0.13 0.80 0.83 0.83 0.83 0.83 0.82 0.81 0.82 0.82 0.83 0.83 0.82 0.83 0.83 0.78 0.80 0.77 0.80 0.82 1.00 1.00 1.00
0.63 0.59 0.59 0.58 0.39 0.62 0.59 0.57 0.54 0.60 0.57 0.57 0.60 0.57 0.57 0.55 0.35 0.55 0.52 0.56 0.57 0.57 0.57 0.55 0.34 0.44 0.56 0.32 0.50 0.56 0.55 0.55 0.55 0.56 0.55 0.55 0.53 0.56 0.53 0.49 0.38 0.48 0.41 0.49 0.49 0.47 0.49 0.49 0.47 0.47 0.47 0.47 0.13 0.43 0.43 0.43 0.43 0.43 0.11 0.10 0.01 0.05 0.59 0.66 0.66 0.66 0.66 0.66 0.64 0.66 0.66 0.66 0.66 0.66 0.68 0.68 0.61 0.61 0.56 0.61 0.71 1.00 1.00 1.00
0.67 0.63 0.63 0.62 0.43 0.66 0.63 0.61 0.59 0.65 0.62 0.61 0.65 0.62 0.62 0.60 0.39 0.60 0.57 0.61 0.62 0.62 0.62 0.60 0.39 0.49 0.61 0.37 0.56 0.61 0.60 0.60 0.60 0.61 0.60 0.60 0.58 0.61 0.58 0.53 0.42 0.52 0.45 0.52 0.52 0.51 0.52 0.52 0.51 0.51 0.51 0.51 0.15 0.47 0.47 0.47 0.47 0.47 0.12 0.12 0.01 0.06 0.63 0.70 0.70 0.70 0.70 0.69 0.68 0.69 0.69 0.70 0.70 0.69 0.71 0.71 0.64 0.65 0.60 0.65 0.73 1.00 1.00 1.00
0.53 0.47 0.47 0.45 0.28 0.51 0.47 0.44 0.41 0.49 0.44 0.43 0.49 0.44 0.44 0.42 0.25 0.41 0.39 0.43 0.44 0.44 0.44 0.41 0.23 0.31 0.43 0.22 0.37 0.42 0.41 0.41 0.41 0.42 0.41 0.41 0.39 0.42 0.39 0.36 0.26 0.35 0.28 0.35 0.35 0.34 0.35 0.36 0.34 0.34 0.34 0.34 0.08 0.30 0.30 0.30 0.30 0.30 0.06 0.05 0.01 0.03 0.49 0.57 0.57 0.57 0.57 0.57 0.55 0.57 0.57 0.58 0.57 0.57 0.60 0.60 0.52 0.50 0.44 0.51 0.65 1.00 1.00 1.00
0.73 0.71 0.71 0.70 0.53 0.73 0.71 0.70 0.67 0.71 0.70 0.69 0.71 0.70 0.70 0.68 0.48 0.69 0.65 0.69 0.70 0.70 0.70 0.69 0.49 0.59 0.69 0.45 0.65 0.69 0.68 0.68 0.69 0.69 0.68 0.68 0.66 0.69 0.66 0.62 0.51 0.60 0.54 0.61 0.61 0.60 0.61 0.61 0.59 0.60 0.60 0.60 0.20 0.55 0.55 0.55 0.55 0.55 0.17 0.17 0.03 0.09 0.70 0.75 0.75 0.75 0.75 0.75 0.74 0.75 0.75 0.75 0.75 0.75 0.76 0.77 0.70 0.71 0.66 0.71 0.76 1.00 1.00 1.00
0.97 0.97 0.97 0.97 0.92 0.97 0.97 0.97 0.96 0.97 0.97 0.97 0.97 0.97 0.97 0.97 0.86 0.97 0.96 0.97 0.97 0.97 0.97 0.97 0.91 0.95 0.97 0.87 0.96 0.97 0.97 0.97 0.97 0.97 0.97 0.97 0.96 0.97 0.96 0.94 0.91 0.94 0.92 0.94 0.94 0.94 0.94 0.94 0.94 0.94 0.94 0.94 0.60 0.93 0.93 0.93 0.93 0.93 0.55 0.57 0.22 0.33 0.96 0.97 0.97 0.97 0.97 0.97 0.97 0.97 0.97 0.97 0.97 0.97 0.97 0.97 0.95 0.96 0.96 0.96 0.94 1.00 1.00 1.00
0.77 0.76 0.76 0.75 0.58 0.77 0.76 0.75 0.73 0.76 0.75 0.74 0.76 0.75 0.75 0.74 0.53 0.74 0.69 0.74 0.75 0.75 0.75 0.74 0.55 0.65 0.74 0.51 0.71 0.74 0.74 0.74 0.74 0.74 0.74 0.74 0.72 0.74 0.72 0.67 0.57 0.66 0.60 0.67 0.67 0.66 0.67 0.67 0.65 0.66 0.66 0.66 0.24 0.62 0.62 0.62 0.62 0.62 0.21 0.21 0.04 0.11 0.74 0.79 0.79 0.79 0.79 0.79 0.78 0.79 0.79 0.79 0.79 0.78 0.80 0.80 0.74 0.75 0.72 0.75 0.79 1.00 1.00 1.00
0.91 0.90 0.90 0.90 0.80 0.91 0.90 0.90 0.89 0.90 0.90 0.90 0.90 0.90 0.90 0.90 0.74 0.90 0.88 0.90 0.90 0.90 0.90 0.90 0.78 0.86 0.90 0.73 0.89 0.90 0.90 0.90 0.90 0.90 0.90 0.90 0.89 0.90 0.89 0.85 0.79 0.85 0.81 0.85 0.85 0.85 0.85 0.85 0.85 0.85 0.85 0.85 0.42 0.82 0.82 0.82 0.82 0.82 0.39 0.39 0.11 0.21 0.90 0.91 0.91 0.91 0.91 0.91 0.91 0.91 0.91 0.91 0.91 0.91 0.91 0.92 0.88 0.90 0.88 0.90 0.89 1.00 1.00 1.00
0.63 0.59 0.59 0.58 0.39 0.62 0.59 0.57 0.54 0.60 0.57 0.57 0.60 0.57 0.57 0.55 0.36 0.55 0.52 0.56 0.57 0.57 0.57 0.55 0.34 0.44 0.56 0.32 0.51 0.56 0.55 0.55 0.55 0.56 0.55 0.55 0.52 0.56 0.52 0.49 0.37 0.47 0.40 0.48 0.48 0.47 0.48 0.48 0.46 0.47 0.47 0.47 0.13 0.42 0.42 0.42 0.42 0.42 0.11 0.10 0.01 0.05 0.59 0.66 0.66 0.66 0.66 0.66 0.65 0.66 0.66 0.67 0.66 0.66 0.68 0.69 0.60 0.61 0.57 0.62 0.70 1.00 1.00 1.00
0.98 0.98 0.98 0.98 0.95 0.98 0.98 0.98 0.98 0.98 0.98 0.98 0.98 0.98 0.98 0.98 0.90 0.98 0.97 0.98 0.98 0.98 0.98 0.98 0.95 0.97 0.98 0.91 0.98 0.98 0.98 0.98 0.98 0.98 0.98 0.98 0.98 0.98 0.98 0.97 0.95 0.97 0.95 0.97 0.97 0.97 0.97 0.97 0.97 0.97 0.97 0.97 0.67 0.96 0.96 0.96 0.96 0.96 0.63 0.64 0.30 0.40 0.98 0.98 0.98 0.98 0.98 0.98 0.98 0.98 0.98 0.98 0.98 0.98 0.98 0.98 0.96 0.98 0.98 0.98 0.96 1.00 1.00 1.00
0.77 0.75 0.75 0.74 0.57 0.77 0.75 0.74 0.72 0.76 0.74 0.74 0.76 0.74 0.74 0.73 0.52 0.73 0.69 0.74 0.74 0.74 0.74 0.73 0.54 0.64 0.74 0.51 0.70 0.74 0.73 0.73 0.73 0.74 0.73 0.73 0.71 0.74 0.71 0.66 0.56 0.65 0.59 0.65 0.65 0.64 0.65 0.65 0.64 0.64 0.64 0.64 0.22 0.60 0.60 0.60 0.60 0.60 0.20 0.19 0.03 0.10 0.74 0.79 0.79 0.79 0.79 0.79 0.77 0.79 0.79 0.78 0.79 0.78 0.79 0.79 0.73 0.75 0.71 0.75 0.79 1.00 1.00 1.00
0.62 0.57 0.57 0.56 0.37 0.60 0.57 0.55 0.52 0.59 0.55 0.54 0.59 0.55 0.54 0.53 0.32 0.53 0.50 0.54 0.55 0.55 0.54 0.53 0.32 0.41 0.54 0.30 0.48 0.54 0.52 0.52 0.53 0.54 0.52 0.52 0.50 0.54 0.50 0.47 0.36 0.46 0.39 0.46 0.46 0.45 0.46 0.46 0.45 0.45 0.45 0.45 0.12 0.41 0.41 0.41 0.41 0.41 0.10 0.09 0.01 0.05 0.58 0.65 0.65 0.65 0.65 0.65 0.63 0.65 0.65 0.65 0.65 0.64 0.67 0.67 0.60 0.59 0.54 0.60 0.71 1.00 1.00 1.00
0.61 0.57 0.57 0.56 0.37 0.60 0.57 0.55 0.52 0.58 0.55 0.54 0.58 0.55 0.55 0.53 0.32 0.53 0.49 0.54 0.55 0.55 0.55 0.53 0.31 0.41 0.54 0.29 0.48 0.54 0.52 0.52 0.53 0.54 0.52 0.52 0.50 0.54 0.50 0.46 0.36 0.45 0.38 0.45 0.45 0.44 0.45 0.46 0.43 0.44 0.44 0.44 0.11 0.39 0.39 0.39 0.39 0.39 0.10 0.09 0.01 0.05 0.57 0.64 0.64 0.64 0.64 0.64 0.62 0.64 0.64 0.65 0.64 0.64 0.66 0.66 0.59 0.59 0.54 0.59 0.69 1.00 1.00 1.00
0.85 0.85 0.85 0.85 0.71 0.85 0.85 0.84 0.83 0.85 0.84 0.84 0.85 0.85 0.85 0.84 0.64 0.84 0.81 0.85 0.85 0.85 0.85 0.84 0.68 0.78 0.85 0.64 0.82 0.85 0.84 0.84 0.84 0.85 0.84 0.84 0.83 0.85 0.83 0.78 0.70 0.78 0.72 0.78 0.78 0.78 0.78 0.78 0.77 0.78 0.78 0.78 0.33 0.74 0.74 0.74 0.74 0.74 0.30 0.30 0.07 0.16 0.84 0.87 0.87 0.87 0.87 0.86 0.86 0.86 0.86 0.86 0.87 0.86 0.87 0.87 0.83 0.84 0.82 0.84 0.85 1.00 1.00 1.00
0.63 0.59 0.59 0.57 0.38 0.61 0.59 0.56 0.54 0.60 0.56 0.56 0.60 0.56 0.56 0.54 0.34 0.54 0.51 0.55 0.56 0.56 0.56 0.54 0.34 0.43 0.55 0.31 0.50 0.55 0.54 0.54 0.54 0.55 0.54 0.54 0.52 0.55 0.52 0.49 0.37 0.47 0.40 0.48 0.48 0.46 0.48 0.48 0.46 0.46 0.46 0.46 0.12 0.42 0.42 0.42 0.42 0.42 0.10 0.10 0.01 0.05 0.59 0.66 0.66 0.66 0.66 0.66 0.64 0.66 0.66 0.66 0.66 0.65 0.67 0.68 0.61 0.60 0.55 0.60 0.71 1.00 1.00 1.00
0.75 0.74 0.74 0.73 0.56 0.75 0.74 0.73 0.70 0.74 0.73 0.73 0.74 0.73 0.73 0.72 0.51 0.72 0.68 0.72 0.73 0.73 0.73 0.72 0.53 0.63 0.72 0.49 0.68 0.72 0.72 0.72 0.72 0.72 0.72 0.72 0.70 0.72 0.70 0.65 0.55 0.64 0.58 0.64 0.64 0.64 0.64 0.64 0.63 0.64 0.64 0.64 0.22 0.60 0.60 0.60 0.60 0.60 0.20 0.20 0.03 0.10 0.73 0.77 0.77 0.77 0.77 0.77 0.76 0.77 0.77 0.78 0.77 0.77 0.78 0.78 0.72 0.74 0.70 0.74 0.78 1.00 1.00 1.00
0.78 0.77 0.77 0.76 0.60 0.78 0.77 0.76 0.74 0.77 0.76 0.75 0.77 0.76 0.76 0.75 0.53 0.75 0.71 0.75 0.76 0.76 0.76 0.75 0.55 0.66 0.75 0.51 0.72 0.75 0.75 0.75 0.75 0.75 0.75 0.75 0.73 0.75 0.73 0.68 0.58 0.67 0.61 0.68 0.68 0.67 0.68 0.67 0.66 0.67 0.67 0.67 0.24 0.62 0.62 0.62 0.62 0.62 0.21 0.21 0.04 0.11 0.76 0.80 0.80 0.80 0.80 0.80 0.79 0.80 0.80 0.80 0.80 0.80 0.81 0.81 0.75 0.76 0.73 0.77 0.80 1.00 1.00 1.00
0.58 0.54 0.54 0.52 0.33 0.57 0.54 0.51 0.48 0.55 0.51 0.50 0.55 0.51 0.51 0.49 0.29 0.48 0.45 0.50 0.51 0.51 0.50 0.48 0.29 0.37 0.50 0.27 0.44 0.50 0.48 0.48 0.48 0.50 0.48 0.48 0.46 0.50 0.46 0.43 0.32 0.41 0.34 0.42 0.42 0.40 0.42 0.42 0.40 0.40 0.40 0.40 0.10 0.36 0.36 0.36 0.36 0.36 0.08 0.07 0.01 0.04 0.54 0.62 0.62 0.62 0.62 0.62 0.59 0.62 0.62 0.62 0.62 0.61 0.63 0.64 0.57 0.55 0.50 0.56 0.68 1.00 1.00 1.00
0.47 0.41 0.41 0.39 0.22 0.45 0.41 0.37 0.35 0.42 0.38 0.37 0.42 0.37 0.36 0.34 0.19 0.34 0.33 0.36 0.37 0.37 0.36 0.34 0.17 0.24 0.36 0.16 0.30 0.35 0.34 0.34 0.34 0.35 0.34 0.34 0.32 0.35 0.32 0.31 0.21 0.30 0.24 0.30 0.30 0.29 0.30 0.31 0.28 0.29 0.29 0.29 0.07 0.25 0.25 0.25 0.25 0.25 0.04 0.04 0.00 0.03 0.42 0.51 0.51 0.51 0.51 0.51 0.49 0.51 0.51 0.52 0.51 0.51 0.54 0.55 0.47 0.45 0.39 0.45 0.62 1.00 1.00 1.00
0.82 0.81 0.81 0.81 0.66 0.82 0.81 0.80 0.79 0.81 0.81 0.80 0.81 0.81 0.81 0.80 0.60 0.80 0.76 0.80 0.81 0.81 0.81 0.80 0.62 0.73 0.80 0.59 0.78 0.81 0.80 0.80 0.80 0.81 0.80 0.80 0.79 0.81 0.79 0.74 0.65 0.74 0.67 0.74 0.74 0.73 0.74 0.74 0.73 0.73 0.73 0.73 0.28 0.69 0.69 0.69 0.69 0.69 0.26 0.26 0.05 0.13 0.80 0.84 0.84 0.84 0.84 0.84 0.83 0.84 0.84 0.84 0.84 0.83 0.84 0.84 0.79 0.81 0.78 0.81 0.81 1.00 1.00 1.00
0.60 0.56 0.56 0.54 0.36 0.59 0.56 0.54 0.51 0.57 0.54 0.53 0.57 0.53 0.53 0.51 0.33 0.51 0.48 0.52 0.53 0.53 0.53 0.51 0.31 0.41 0.52 0.29 0.47 0.52 0.51 0.51 0.51 0.52 0.51 0.51 0.49 0.52 0.49 0.46 0.34 0.44 0.37 0.44 0.44 0.43 0.44 0.45 0.43 0.43 0.43 0.43 0.12 0.39 0.39 0.39 0.39 0.39 0.09 0.09 0.01 0.05 0.57 0.64 0.64 0.64 0.64 0.63 0.61 0.63 0.63 0.64 0.64 0.63 0.66 0.66 0.58 0.58 0.52 0.58 0.69 1.00 1.00 1.00
0.57 0.52 0.52 0.51 0.32 0.56 0.52 0.50 0.47 0.54 0.50 0.49 0.54 0.50 0.49 0.48 0.29 0.47 0.45 0.48 0.50 0.50 0.49 0.47 0.28 0.36 0.48 0.26 0.43 0.48 0.47 0.47 0.47 0.48 0.47 0.47 0.44 0.48 0.44 0.41 0.31 0.41 0.34 0.41 0.41 0.40 0.41 0.41 0.39 0.40 0.40 0.40 0.10 0.36 0.36 0.36 0.36 0.36 0.08 0.07 0.01 0.04 0.53 0.61 0.61 0.61 0.61 0.60 0.58 0.60 0.60 0.61 0.61 0.60 0.63 0.64 0.55 0.55 0.50 0.55 0.68 1.00 1.00 1.00
0.61 0.57 0.57 0.55 0.37 0.60 0.57 0.54 0.51 0.58 0.54 0.54 0.58 0.54 0.54 0.52 0.33 0.52 0.49 0.53 0.54 0.54 0.54 0.52 0.33 0.41 0.53 0.31 0.48 0.53 0.52 0.52 0.52 0.53 0.52 0.52 0.50 0.53 0.50 0.46 0.35 0.45 0.38 0.45 0.45 0.44 0.45 0.46 0.44 0.44 0.44 0.44 0.11 0.40 0.40 0.40 0.40 0.40 0.10 0.09 0.01 0.05 0.57 0.64 0.64 0.64 0.64 0.64 0.62 0.64 0.64 0.65 0.64 0.64 0.66 0.67 0.59 0.59 0.54 0.59 0.70 1.00 1.00 1.00
0.66 0.63 0.63 0.61 0.42 0.65 0.63 0.60 0.58 0.64 0.61 0.60 0.64 0.61 0.60 0.59 0.38 0.59 0.55 0.59 0.61 0.61 0.60 0.59 0.38 0.48 0.59 0.35 0.55 0.59 0.58 0.58 0.59 0.59 0.58 0.58 0.56 0.59 0.56 0.52 0.41 0.51 0.44 0.51 0.51 0.50 0.51 0.51 0.49 0.50 0.50 0.50 0.14 0.45 0.45 0.45 0.45 0.45 0.12 0.12 0.01 0.06 0.62 0.69 0.69 0.69 0.69 0.69 0.67 0.69 0.69 0.69 0.69 0.68 0.71 0.71 0.64 0.64 0.59 0.64 0.72 1.00 1.00 1.00
0.44 0.37 0.37 0.35 0.20 0.42 0.37 0.34 0.31 0.39 0.34 0.33 0.39 0.33 0.32 0.31 0.16 0.30 0.30 0.32 0.33 0.33 0.32 0.30 0.15 0.20 0.32 0.14 0.26 0.32 0.30 0.30 0.30 0.32 0.30 0.30 0.28 0.32 0.28 0.27 0.18 0.26 0.21 0.27 0.27 0.26 0.27 0.27 0.25 0.26 0.26 0.26 0.05 0.21 0.21 0.21 0.21 0.21 0.03 0.04 0.00 0.02 0.39 0.49 0.49 0.49 0.49 0.48 0.46 0.48 0.48 0.50 0.49 0.49 0.52 0.53 0.43 0.42 0.36 0.42 0.60 1.00 1.00 1.00
0.42 0.35 0.35 0.33 0.18 0.40 0.35 0.32 0.29 0.37 0.32 0.31 0.37 0.30 0.30 0.29 0.14 0.28 0.27 0.30 0.30 0.30 0.30 0.28 0.13 0.19 0.30 0.12 0.24 0.29 0.28 0.28 0.28 0.29 0.28 0.28 0.26 0.29 0.26 0.26 0.17 0.25 0.19 0.26 0.26 0.24 0.26 0.26 0.24 0.24 0.24 0.24 0.05 0.21 0.21 0.21 0.21 0.21 0.03 0.03 0.00 0.02 0.36 0.46 0.46 0.46 0.46 0.46 0.44 0.46 0.46 0.47 0.46 0.47 0.50 0.51 0.42 0.40 0.34 0.40 0.59 1.00 1.00 1.00
0.67 0.64 0.64 0.63 0.44 0.66 0.64 0.62 0.60 0.65 0.63 0.62 0.65 0.62 0.62 0.61 0.40 0.60 0.57 0.61 0.62 0.62 0.62 0.60 0.40 0.50 0.61 0.37 0.56 0.61 0.60 0.60 0.60 0.61 0.60 0.60 0.58 0.61 0.58 0.54 0.42 0.53 0.45 0.53 0.53 0.52 0.53 0.53 0.51 0.52 0.52 0.52 0.15 0.47 0.47 0.47 0.47 0.47 0.13 0.12 0.01 0.06 0.64 0.70 0.70 0.70 0.70 0.70 0.68 0.70 0.70 0.71 0.70 0.70 0.71 0.72 0.64 0.65 0.60 0.66 0.72 1.00 1.00 1.00
0.64 0.61 0.61 0.59 0.41 0.63 0.61 0.58 0.56 0.62 0.59 0.58 0.62 0.59 0.58 0.57 0.37 0.57 0.53 0.58 0.59 0.59 0.59 0.57 0.36 0.46 0.58 0.33 0.53 0.57 0.57 0.57 0.57 0.57 0.57 0.57 0.55 0.57 0.55 0.50 0.39 0.49 0.42 0.49 0.49 0.48 0.49 0.50 0.48 0.48 0.48 0.48 0.13 0.44 0.44 0.44 0.44 0.44 0.11 0.11 0.01 0.06 0.60 0.67 0.67 0.67 0.67 0.67 0.65 0.67 0.67 0.67 0.67 0.67 0.68 0.69 0.62 0.62 0.57 0.62 0.72 1.00 1.00 1.00
0.64 0.61 0.61 0.60 0.41 0.63 0.61 0.59 0.56 0.61 0.59 0.58 0.61 0.59 0.59 0.57 0.36 0.57 0.54 0.58 0.59 0.59 0.59 0.57 0.36 0.46 0.58 0.34 0.52 0.58 0.57 0.57 0.57 0.58 0.57 0.57 0.54 0.58 0.54 0.51 0.39 0.49 0.42 0.50 0.50 0.48 0.50 0.50 0.48 0.48 0.48 0.48 0.13 0.44 0.44 0.44 0.44 0.44 0.11 0.10 0.01 0.06 0.60 0.67 0.67 0.67 0.67 0.67 0.65 0.67 0.67 0.67 0.67 0.67 0.69 0.69 0.61 0.61 0.57 0.62 0.71 1.00 1.00 1.00
0.80 0.79 0.79 0.78 0.63 0.80 0.79 0.78 0.76 0.79 0.78 0.78 0.79 0.78 0.78 0.77 0.57 0.77 0.74 0.78 0.78 0.78 0.78 0.77 0.59 0.70 0.78 0.55 0.75 0.78 0.77 0.77 0.77 0.78 0.77 0.77 0.76 0.78 0.76 0.71 0.61 0.70 0.64 0.70 0.70 0.70 0.70 0.70 0.69 0.70 0.70 0.70 0.25 0.65 0.65 0.65 0.65 0.65 0.23 0.23 0.04 0.12 0.78 0.82 0.82 0.82 0.82 0.81 0.81 0.81 0.81 0.82 0.82 0.81 0.82 0.83 0.77 0.78 0.76 0.79 0.81 1.00 1.00 1.00
0.95 0.95 0.95 0.95 0.89 0.96 0.95 0.95 0.95 0.95 0.95 0.95 0.95 0.95 0.95 0.95 0.83 0.95 0.94 0.95 0.95 0.95 0.95 0.95 0.89 0.93 0.95 0.85 0.95 0.95 0.95 0.95 0.95 0.95 0.95 0.95 0.95 0.95 0.95 0.93 0.89 0.93 0.90 0.93 0.93 0.93 0.93 0.93 0.93 0.93 0.93 0.93 0.55 0.91 0.91 0.91 0.91 0.91 0.53 0.52 0.19 0.30 0.95 0.96 0.96 0.96 0.96 0.96 0.95 0.96 0.96 0.96 0.96 0.96 0.96 0.96 0.94 0.95 0.95 0.95 0.93 1.00 1.00 1.00
0.63 0.59 0.59 0.58 0.38 0.62 0.59 0.57 0.54 0.60 0.57 0.56 0.60 0.56 0.56 0.55 0.35 0.54 0.52 0.56 0.56 0.56 0.56 0.54 0.34 0.44 0.56 0.32 0.50 0.56 0.55 0.54 0.54 0.56 0.55 0.55 0.52 0.56 0.52 0.50 0.38 0.48 0.41 0.48 0.48 0.47 0.48 0.48 0.46 0.47 0.47 0.47 0.13 0.42 0.42 0.42 0.42 0.42 0.11 0.10 0.01 0.05 0.59 0.66 0.66 0.66 0.66 0.66 0.64 0.66 0.66 0.67 0.66 0.66 0.68 0.68 0.60 0.61 0.56 0.61 0.70 1.00 1.00 1.00
0.69 0.66 0.66 0.65 0.47 0.69 0.66 0.64 0.62 0.67 0.65 0.64 0.67 0.64 0.64 0.63 0.42 0.63 0.59 0.64 0.64 0.64 0.64 0.63 0.42 0.52 0.64 0.39 0.59 0.64 0.63 0.63 0.63 0.64 0.63 0.63 0.61 0.64 0.61 0.56 0.45 0.55 0.48 0.55 0.55 0.54 0.55 0.55 0.53 0.54 0.54 0.54 0.16 0.50 0.50 0.50 0.50 0.50 0.14 0.14 0.02 0.07 0.66 0.72 0.72 0.72 0.72 0.72 0.70 0.72 0.72 0.72 0.72 0.71 0.73 0.73 0.67 0.67 0.62 0.67 0.74 1.00 1.00 1.00
0.95 0.95 0.95 0.95 0.88 0.95 0.95 0.95 0.94 0.95 0.95 0.95 0.95 0.95 0.95 0.95 0.81 0.95 0.93 0.95 0.95 0.95 0.95 0.95 0.86 0.92 0.95 0.82 0.94 0.95 0.95 0.95 0.95 0.95 0.95 0.95 0.94 0.95 0.94 0.92 0.87 0.92 0.88 0.92 0.92 0.91 0.92 0.92 0.91 0.91 0.91 0.91 0.52 0.90 0.90 0.90 0.90 0.90 0.49 0.49 0.17 0.27 0.94 0.95 0.95 0.95 0.95 0.95 0.95 0.95 0.95 0.95 0.95 0.95 0.95 0.95 0.93 0.94 0.93 0.95 0.92 1.00 1.00 1.00
0.40 0.33 0.33 0.31 0.17 0.38 0.33 0.30 0.27 0.35 0.29 0.29 0.35 0.29 0.29 0.27 0.14 0.27 0.26 0.28 0.29 0.29 0.29 0.27 0.12 0.17 0.28 0.12 0.22 0.27 0.26 0.26 0.27 0.27 0.26 0.26 0.24 0.27 0.24 0.24 0.16 0.23 0.18 0.24 0.24 0.23 0.24 0.24 0.22 0.23 0.23 0.23 0.05 0.19 0.19 0.19 0.19 0.19 0.03 0.02 0.00 0.01 0.36 0.45 0.45 0.45 0.45 0.45 0.42 0.45 0.45 0.46 0.45 0.45 0.48 0.50 0.40 0.38 0.32 0.38 0.58 1.00 1.00 1.00
0.76 0.74 0.74 0.73 0.56 0.75 0.74 0.73 0.70 0.74 0.73 0.72 0.74 0.73 0.73 0.71 0.51 0.72 0.67 0.72 0.73 0.73 0.73 0.72 0.53 0.63 0.72 0.49 0.68 0.72 0.71 0.71 0.72 0.72 0.71 0.71 0.70 0.72 0.70 0.66 0.55 0.64 0.58 0.64 0.64 0.64 0.64 0.64 0.63 0.64 0.64 0.64 0.22 0.59 0.59 0.59 0.59 0.59 0.19 0.19 0.03 0.10 0.72 0.78 0.78 0.78 0.78 0.77 0.76 0.77 0.77 0.78 0.78 0.77 0.78 0.79 0.73 0.74 0.70 0.74 0.78 1.00 1.00 1.00
0.87 0.86 0.86 0.86 0.73 0.87 0.86 0.86 0.84 0.87 0.86 0.86 0.87 0.86 0.86 0.85 0.68 0.86 0.83 0.86 0.86 0.86 0.86 0.86 0.71 0.80 0.86 0.66 0.84 0.86 0.86 0.86 0.86 0.86 0.86 0.86 0.85 0.86 0.85 0.81 0.73 0.80 0.75 0.80 0.80 0.80 0.80 0.80 0.79 0.80 0.80 0.80 0.34 0.77 0.77 0.77 0.77 0.77 0.33 0.33 0.08 0.17 0.85 0.88 0.88 0.88 0.88 0.88 0.87 0.88 0.88 0.88 0.88 0.87 0.88 0.88 0.84 0.86 0.83 0.86 0.86 1.00 1.00 1.00
0.58 0.54 0.54 0.52 0.33 0.56 0.54 0.51 0.48 0.54 0.51 0.50 0.54 0.50 0.50 0.49 0.29 0.48 0.46 0.49 0.50 0.50 0.50 0.48 0.28 0.38 0.49 0.27 0.44 0.49 0.48 0.48 0.48 0.49 0.48 0.48 0.46 0.49 0.46 0.43 0.32 0.42 0.35 0.42 0.42 0.41 0.42 0.42 0.40 0.41 0.41 0.41 0.10 0.36 0.36 0.36 0.36 0.36 0.08 0.08 0.01 0.04 0.53 0.61 0.61 0.61 0.61 0.61 0.59 0.61 0.61 0.62 0.61 0.61 0.63 0.64 0.56 0.55 0.50 0.56 0.67 1.00 1.00 1.00
0.76 0.74 0.74 0.73 0.56 0.75 0.74 0.73 0.70 0.74 0.73 0.72 0.74 0.73 0.73 0.72 0.50 0.72 0.69 0.73 0.73 0.73 0.73 0.72 0.52 0.63 0.73 0.49 0.69 0.72 0.72 0.72 0.72 0.72 0.72 0.72 0.70 0.72 0.70 0.66 0.55 0.65 0.58 0.65 0.65 0.64 0.65 0.65 0.64 0.64 0.64 0.64 0.22 0.60 0.60 0.60 0.60 0.60 0.20 0.19 0.03 0.09 0.73 0.78 0.78 0.78 0.78 0.78 0.76 0.78 0.78 0.78 0.78 0.77 0.79 0.79 0.72 0.74 0.71 0.74 0.78 1.00 1.00 1.00
0.43 0.36 0.36 0.34 0.19 0.41 0.36 0.33 0.30 0.38 0.33 0.32 0.38 0.32 0.32 0.30 0.16 0.29 0.28 0.31 0.32 0.32 0.32 0.29 0.14 0.20 0.31 0.13 0.26 0.31 0.30 0.29 0.29 0.31 0.30 0.29 0.27 0.31 0.27 0.27 0.18 0.26 0.20 0.27 0.27 0.25 0.27 0.27 0.25 0.25 0.25 0.25 0.06 0.21 0.21 0.21 0.21 0.21 0.04 0.03 0.00 0.02 0.38 0.48 0.48 0.48 0.48 0.48 0.45 0.48 0.48 0.49 0.48 0.48 0.51 0.52 0.44 0.41 0.35 0.42 0.61 1.00 1.00 1.00
0.91 0.90 0.90 0.90 0.79 0.91 0.90 0.90 0.89 0.90 0.90 0.90 0.90 0.90 0.90 0.90 0.74 0.90 0.88 0.90 0.90 0.90 0.90 0.90 0.78 0.86 0.90 0.73 0.89 0.90 0.90 0.90 0.90 0.90 0.90 0.90 0.89 0.90 0.89 0.85 0.79 0.85 0.80 0.85 0.85 0.85 0.85 0.85 0.85 0.85 0.85 0.85 0.42 0.82 0.82 0.82 0.82 0.82 0.39 0.39 0.11 0.21 0.90 0.91 0.91 0.91 0.91 0.91 0.91 0.91 0.91 0.91 0.91 0.91 0.91 0.91 0.88 0.90 0.88 0.90 0.89 1.00 1.00 1.00
0.72 0.69 0.69 0.68 0.50 0.71 0.69 0.67 0.65 0.70 0.68 0.68 0.70 0.68 0.68 0.67 0.46 0.67 0.62 0.67 0.68 0.68 0.68 0.67 0.46 0.57 0.67 0.43 0.63 0.67 0.66 0.66 0.67 0.67 0.66 0.66 0.64 0.67 0.64 0.59 0.48 0.58 0.51 0.58 0.58 0.57 0.58 0.58 0.57 0.57 0.57 0.57 0.19 0.53 0.53 0.53 0.53 0.53 0.16 0.16 0.02 0.08 0.68 0.74 0.74 0.74 0.74 0.74 0.72 0.74 0.74 0.74 0.74 0.74 0.75 0.76 0.68 0.69 0.65 0.70 0.76 1.00 1.00 1.00
0.84 0.83 0.83 0.82 0.68 0.83 0.83 0.82 0.80 0.83 0.82 0.82 0.83 0.82 0.82 0.81 0.61 0.81 0.78 0.82 0.82 0.82 0.82 0.81 0.65 0.74 0.82 0.61 0.79 0.82 0.81 0.81 0.81 0.82 0.81 0.81 0.80 0.82 0.80 0.75 0.66 0.75 0.69 0.75 0.75 0.74 0.75 0.75 0.74 0.74 0.74 0.74 0.30 0.71 0.71 0.71 0.71 0.71 0.27 0.27 0.06 0.14 0.81 0.85 0.85 0.85 0.85 0.85 0.84 0.85 0.85 0.85 0.85 0.84 0.85 0.85 0.80 0.82 0.80 0.82 0.84 1.00 1.00 1.00
0.82 0.81 0.81 0.81 0.66 0.82 0.81 0.80 0.78 0.82 0.81 0.80 0.82 0.81 0.81 0.80 0.60 0.80 0.77 0.81 0.81 0.81 0.81 0.80 0.62 0.73 0.81 0.59 0.77 0.81 0.80 0.80 0.80 0.81 0.80 0.80 0.78 0.81 0.78 0.74 0.64 0.73 0.66 0.73 0.73 0.72 0.73 0.73 0.72 0.72 0.72 0.72 0.28 0.68 0.68 0.68 0.68 0.68 0.25 0.25 0.05 0.13 0.80 0.84 0.84 0.84 0.84 0.83 0.82 0.83 0.83 0.83 0.84 0.83 0.84 0.84 0.79 0.80 0.77 0.81 0.82 1.00 1.00 1.00
0.90 0.89 0.89 0.89 0.78 0.90 0.89 0.89 0.88 0.89 0.89 0.89 0.89 0.89 0.89 0.89 0.72 0.89 0.86 0.89 0.89 0.89 0.89 0.89 0.76 0.84 0.89 0.72 0.88 0.89 0.89 0.89 0.89 0.89 0.89 0.89 0.88 0.89 0.88 0.84 0.77 0.84 0.79 0.84 0.84 0.83 0.84 0.84 0.83 0.83 0.83 0.83 0.39 0.80 0.80 0.80 0.80 0.80 0.37 0.37 0.10 0.20 0.88 0.90 0.90 0.90 0.90 0.90 0.90 0.90 0.90 0.90 0.90 0.90 0.91 0.91 0.87 0.89 0.87 0.89 0.88 1.00 1.00 1.00
0.68 0.65 0.65 0.64 0.45 0.67 0.65 0.63 0.60 0.66 0.63 0.63 0.66 0.63 0.63 0.62 0.41 0.61 0.58 0.63 0.63 0.63 0.64 0.61 0.41 0.51 0.63 0.38 0.58 0.63 0.62 0.62 0.61 0.63 0.62 0.62 0.59 0.63 0.59 0.55 0.44 0.54 0.46 0.54 0.54 0.53 0.54 0.54 0.52 0.53 0.53 0.53 0.15 0.48 0.48 0.48 0.48 0.48 0.13 0.12 0.02 0.07 0.65 0.71 0.71 0.71 0.71 0.70 0.69 0.70 0.70 0.71 0.71 0.70 0.72 0.72 0.65 0.65 0.61 0.66 0.73 1.00 1.00 1.00
0.47 0.40 0.40 0.39 0.23 0.45 0.40 0.37 0.35 0.42 0.37 0.36 0.42 0.36 0.36 0.34 0.18 0.34 0.32 0.36 0.36 0.36 0.36 0.34 0.17 0.24 0.36 0.16 0.30 0.35 0.34 0.34 0.34 0.35 0.34 0.34 0.31 0.35 0.31 0.30 0.21 0.29 0.23 0.30 0.30 0.29 0.30 0.30 0.28 0.29 0.29 0.29 0.06 0.25 0.25 0.25 0.25 0.25 0.04 0.04 0.00 0.02 0.42 0.51 0.51 0.51 0.51 0.51 0.49 0.51 0.51 0.52 0.51 0.51 0.54 0.55 0.47 0.45 0.39 0.45 0.62 1.00 1.00 1.00
0.50 0.45 0.45 0.43 0.25 0.49 0.45 0.42 0.39 0.46 0.42 0.41 0.46 0.41 0.41 0.39 0.23 0.39 0.36 0.40 0.41 0.41 0.41 0.39 0.20 0.28 0.40 0.19 0.34 0.39 0.38 0.38 0.39 0.39 0.38 0.38 0.36 0.39 0.36 0.34 0.25 0.33 0.27 0.34 0.34 0.33 0.34 0.34 0.33 0.33 0.33 0.33 0.07 0.29 0.29 0.29 0.29 0.29 0.06 0.05 0.00 0.03 0.45 0.55 0.55 0.55 0.55 0.54 0.52 0.54 0.54 0.55 0.55 0.54 0.57 0.58 0.50 0.48 0.43 0.49 0.64 1.00 1.00 1.00
0.54 0.48 0.48 0.47 0.29 0.52 0.48 0.45 0.42 0.50 0.46 0.45 0.50 0.45 0.45 0.43 0.25 0.43 0.41 0.44 0.45 0.45 0.45 0.43 0.24 0.32 0.44 0.22 0.39 0.44 0.43 0.43 0.43 0.44 0.43 0.43 0.40 0.44 0.40 0.38 0.28 0.37 0.31 0.38 0.38 0.36 0.38 0.38 0.36 0.36 0.36 0.36 0.08 0.32 0.32 0.32 0.32 0.32 0.07 0.06 0.01 0.03 0.49 0.58 0.58 0.58 0.58 0.57 0.55 0.57 0.57 0.58 0.58 0.57 0.60 0.60 0.52 0.51 0.46 0.52 0.65 1.00 1.00 1.00
0.57 0.52 0.52 0.50 0.32 0.56 0.52 0.49 0.46 0.53 0.49 0.49 0.53 0.49 0.49 0.47 0.29 0.47 0.45 0.48 0.49 0.49 0.49 0.47 0.27 0.36 0.48 0.25 0.43 0.48 0.47 0.47 0.47 0.48 0.47 0.47 0.45 0.48 0.45 0.41 0.30 0.40 0.33 0.40 0.40 0.39 0.40 0.40 0.38 0.39 0.39 0.39 0.10 0.35 0.35 0.35 0.35 0.35 0.08 0.07 0.01 0.04 0.53 0.61 0.61 0.61 0.61 0.60 0.59 0.60 0.60 0.61 0.61 0.60 0.63 0.64 0.55 0.55 0.49 0.55 0.68 1.00 1.00 1.00
0.40 0.32 0.32 0.30 0.16 0.37 0.32 0.29 0.26 0.34 0.29 0.28 0.34 0.28 0.28 0.26 0.13 0.25 0.24 0.27 0.28 0.28 0.28 0.25 0.11 0.16 0.27 0.11 0.21 0.26 0.25 0.25 0.25 0.26 0.25 0.25 0.22 0.26 0.22 0.22 0.15 0.22 0.17 0.23 0.23 0.22 0.23 0.23 0.21 0.22 0.22 0.22 0.04 0.18 0.18 0.18 0.18 0.18 0.03 0.02 0.00 0.02 0.35 0.45 0.45 0.45 0.45 0.44 0.42 0.44 0.44 0.46 0.45 0.45 0.48 0.49 0.41 0.38 0.32 0.38 0.59 1.00 1.00 1.00
0.70 0.67 0.67 0.66 0.48 0.69 0.67 0.65 0.63 0.68 0.65 0.65 0.68 0.65 0.65 0.64 0.44 0.64 0.60 0.65 0.65 0.65 0.65 0.64 0.44 0.54 0.65 0.41 0.60 0.65 0.64 0.64 0.64 0.65 0.64 0.64 0.62 0.65 0.62 0.57 0.46 0.56 0.49 0.56 0.56 0.55 0.56 0.56 0.54 0.55 0.55 0.55 0.17 0.50 0.50 0.50 0.50 0.50 0.14 0.14 0.02 0.07 0.66 0.72 0.72 0.72 0.72 0.72 0.71 0.72 0.72 0.72 0.72 0.72 0.73 0.74 0.67 0.68 0.63 0.68 0.74 1.00 1.00 1.00
0.64 0.60 0.60 0.58 0.39 0.62 0.60 0.57 0.55 0.60 0.57 0.57 0.60 0.57 0.57 0.56 0.35 0.55 0.52 0.56 0.57 0.57 0.57 0.55 0.34 0.45 0.56 0.32 0.51 0.56 0.55 0.55 0.55 0.56 0.55 0.55 0.53 0.56 0.53 0.50 0.39 0.49 0.42 0.49 0.49 0.48 0.49 0.49 0.47 0.48 0.48 0.48 0.14 0.43 0.43 0.43 0.43 0.43 0.11 0.10 0.01 0.06 0.60 0.67 0.67 0.67 0.67 0.66 0.65 0.66 0.66 0.67 0.67 0.66 0.68 0.69 0.61 0.61 0.57 0.62 0.70 1.00 1.00 1.00
0.59 0.55 0.55 0.53 0.35 0.58 0.55 0.52 0.50 0.55 0.53 0.52 0.55 0.52 0.52 0.51 0.31 0.51 0.47 0.51 0.52 0.52 0.52 0.51 0.30 0.39 0.51 0.28 0.46 0.51 0.50 0.50 0.51 0.51 0.50 0.50 0.48 0.51 0.48 0.44 0.33 0.43 0.36 0.43 0.43 0.42 0.43 0.43 0.41 0.42 0.42 0.42 0.11 0.37 0.37 0.37 0.37 0.37 0.09 0.08 0.01 0.04 0.55 0.62 0.62 0.62 0.62 0.62 0.60 0.62 0.62 0.63 0.62 0.62 0.65 0.65 0.57 0.57 0.51 0.57 0.69 1.00 1.00 1.00
0.82 0.82 0.82 0.81 0.67 0.83 0.82 0.81 0.79 0.82 0.81 0.81 0.82 0.81 0.81 0.80 0.60 0.81 0.77 0.81 0.81 0.81 0.81 0.81 0.63 0.74 0.81 0.59 0.78 0.81 0.81 0.81 0.81 0.81 0.81 0.81 0.79 0.81 0.79 0.74 0.65 0.74 0.67 0.74 0.74 0.73 0.74 0.74 0.73 0.73 0.73 0.73 0.29 0.69 0.69 0.69 0.69 0.69 0.26 0.27 0.05 0.14 0.81 0.84 0.84 0.84 0.84 0.84 0.83 0.84 0.84 0.84 0.84 0.83 0.84 0.85 0.79 0.81 0.78 0.81 0.83 1.00 1.00 1.00
0.98 0.98 0.98 0.98 0.94 0.98 0.98 0.98 0.97 0.98 0.98 0.98 0.98 0.98 0.98 0.98 0.89 0.98 0.97 0.98 0.98 0.98 0.98 0.98 0.94 0.97 0.98 0.90 0.98 0.98 0.98 0.98 0.98 0.98 0.98 0.98 0.98 0.98 0.98 0.96 0.94 0.97 0.95 0.97 0.97 0.97 0.97 0.97 0.96 0.97 0.97 0.97 0.66 0.95 0.95 0.95 0.95 0.95 0.61 0.63 0.28 0.39 0.98 0.98 0.98 0.98 0.98 0.98 0.98 0.98 0.98 0.98 0.98 0.98 0.98 0.98 0.96 0.98 0.97 0.98 0.96 1.00 1.00 1.00
0.92 0.92 0.92 0.92 0.83 0.92 0.92 0.92 0.91 0.92 0.92 0.92 0.92 0.92 0.92 0.91 0.76 0.92 0.89 0.92 0.92 0.92 0.92 0.92 0.82 0.88 0.92 0.77 0.91 0.92 0.92 0.92 0.92 0.92 0.92 0.92 0.91 0.92 0.91 0.88 0.82 0.88 0.84 0.88 0.88 0.87 0.88 0.88 0.87 0.87 0.87 0.87 0.45 0.85 0.85 0.85 0.85 0.85 0.42 0.42 0.12 0.23 0.91 0.93 0.93 0.93 0.93 0.93 0.92 0.93 0.93 0.93 0.93 0.92 0.93 0.93 0.89 0.91 0.90 0.91 0.90 1.00 1.00 1.00
0.52 0.47 0.47 0.45 0.27 0.50 0.47 0.43 0.41 0.48 0.44 0.43 0.48 0.43 0.43 0.41 0.23 0.40 0.38 0.42 0.43 0.43 0.43 0.40 0.22 0.30 0.42 0.21 0.36 0.41 0.40 0.40 0.40 0.41 0.40 0.40 0.38 0.41 0.38 0.36 0.27 0.35 0.29 0.36 0.36 0.35 0.36 0.36 0.34 0.35 0.35 0.35 0.08 0.30 0.30 0.30 0.30 0.30 0.06 0.05 0.01 0.03 0.48 0.56 0.56 0.56 0.56 0.56 0.54 0.56 0.56 0.57 0.56 0.56 0.59 0.60 0.51 0.50 0.45 0.51 0.65 1.00 1.00 1.00
0.72 0.69 0.69 0.68 0.51 0.71 0.69 0.68 0.65 0.70 0.68 0.67 0.70 0.68 0.68 0.66 0.46 0.67 0.63 0.68 0.68 0.68 0.68 0.67 0.45 0.56 0.68 0.43 0.63 0.68 0.67 0.67 0.67 0.68 0.67 0.67 0.65 0.68 0.65 0.59 0.49 0.58 0.51 0.59 0.59 0.58 0.59 0.59 0.57 0.58 0.58 0.58 0.19 0.54 0.54 0.54 0.54 0.54 0.16 0.15 0.02 0.08 0.69 0.74 0.74 0.74 0.74 0.74 0.73 0.74 0.74 0.74 0.74 0.73 0.75 0.75 0.69 0.70 0.66 0.70 0.75 1.00 1.00 1.00
0.53 0.48 0.48 0.46 0.29 0.52 0.48 0.45 0.43 0.49 0.46 0.45 0.49 0.45 0.44 0.43 0.25 0.42 0.40 0.43 0.45 0.45 0.44 0.42 0.24 0.31 0.43 0.22 0.38 0.43 0.42 0.42 0.42 0.43 0.42 0.42 0.40 0.43 0.40 0.38 0.27 0.36 0.30 0.37 0.37 0.36 0.37 0.37 0.35 0.36 0.36 0.36 0.09 0.31 0.31 0.31 0.31 0.31 0.07 0.06 0.00 0.03 0.49 0.57 0.57 0.57 0.57 0.57 0.55 0.57 0.57 0.58 0.57 0.57 0.59 0.60 0.52 0.51 0.46 0.52 0.65 1.00 1.00 1.00
0.44 0.37 0.37 0.34 0.19 0.42 0.37 0.33 0.31 0.38 0.34 0.33 0.38 0.33 0.33 0.30 0.16 0.29 0.29 0.32 0.33 0.33 0.33 0.29 0.15 0.20 0.32 0.14 0.26 0.31 0.30 0.29 0.29 0.31 0.30 0.29 0.27 0.31 0.27 0.27 0.18 0.26 0.20 0.27 0.27 0.25 0.27 0.26 0.25 0.25 0.25 0.25 0.05 0.21 0.21 0.21 0.21 0.21 0.03 0.03 0.00 0.02 0.39 0.49 0.49 0.49 0.49 0.48 0.46 0.48 0.48 0.49 0.49 0.48 0.51 0.53 0.44 0.42 0.35 0.42 0.60 1.00 1.00 1.00
0.93 0.93 0.93 0.92 0.84 0.93 0.93 0.92 0.91 0.92 0.92 0.92 0.92 0.92 0.92 0.92 0.77 0.92 0.90 0.92 0.92 0.92 0.92 0.92 0.82 0.89 0.92 0.78 0.91 0.92 0.92 0.92 0.92 0.92 0.92 0.92 0.92 0.92 0.92 0.89 0.83 0.89 0.85 0.89 0.89 0.88 0.89 0.89 0.88 0.88 0.88 0.88 0.48 0.86 0.86 0.86 0.86 0.86 0.44 0.44 0.14 0.24 0.92 0.93 0.93 0.93 0.93 0.93 0.93 0.93 0.93 0.93 0.93 0.93 0.93 0.93 0.90 0.92 0.91 0.92 0.91 1.00 1.00 1.00
0.93 0.93 0.93 0.93 0.84 0.93 0.93 0.93 0.92 0.93 0.93 0.93 0.93 0.93 0.93 0.93 0.78 0.93 0.91 0.93 0.93 0.93 0.93 0.93 0.81 0.89 0.93 0.77 0.92 0.93 0.93 0.93 0.93 0.93 0.93 0.93 0.92 0.93 0.92 0.89 0.83 0.89 0.85 0.89 0.89 0.88 0.89 0.89 0.88 0.88 0.88 0.88 0.46 0.86 0.86 0.86 0.86 0.86 0.43 0.43 0.13 0.24 0.92 0.94 0.94 0.94 0.94 0.94 0.93 0.94 0.94 0.94 0.94 0.93 0.94 0.94 0.90 0.92 0.91 0.92 0.91 1.00 1.00 1.00
0.61 0.57 0.57 0.56 0.36 0.60 0.57 0.55 0.52 0.58 0.55 0.54 0.58 0.54 0.54 0.53 0.33 0.53 0.49 0.54 0.54 0.54 0.54 0.53 0.32 0.42 0.54 0.30 0.48 0.53 0.52 0.52 0.53 0.53 0.52 0.52 0.50 0.53 0.50 0.46 0.36 0.45 0.39 0.46 0.46 0.45 0.46 0.46 0.44 0.45 0.45 0.45 0.12 0.40 0.40 0.40 0.40 0.40 0.09 0.09 0.01 0.05 0.57 0.64 0.64 0.64 0.64 0.64 0.62 0.64 0.64 0.65 0.64 0.64 0.66 0.67 0.58 0.58 0.54 0.59 0.69 1.00 1.00 1.00
0.88 0.88 0.88 0.87 0.75 0.88 0.88 0.87 0.85 0.88 0.87 0.87 0.88 0.87 0.87 0.87 0.68 0.87 0.84 0.87 0.87 0.87 0.87 0.87 0.72 0.82 0.87 0.68 0.85 0.87 0.87 0.87 0.87 0.87 0.87 0.87 0.86 0.87 0.86 0.81 0.74 0.81 0.76 0.81 0.81 0.80 0.81 0.81 0.80 0.80 0.80 0.80 0.37 0.77 0.77 0.77 0.77 0.77 0.34 0.34 0.08 0.18 0.86 0.89 0.89 0.89 0.89 0.89 0.88 0.89 0.89 0.89 0.89 0.88 0.89 0.89 0.85 0.86 0.84 0.86 0.86 1.00 1.00 1.00
0.96 0.96 0.96 0.96 0.91 0.96 0.96 0.96 0.96 0.96 0.96 0.96 0.96 0.96 0.96 0.96 0.85 0.96 0.95 0.96 0.96 0.96 0.96 0.96 0.90 0.95 0.96 0.87 0.96 0.96 0.96 0.96 0.96 0.96 0.96 0.96 0.96 0.96 0.96 0.94 0.91 0.94 0.92 0.94 0.94 0.94 0.94 0.94 0.94 0.94 0.94 0.94 0.58 0.92 0.92 0.92 0.92 0.92 0.55 0.55 0.22 0.33 0.96 0.97 0.97 0.97 0.97 0.97 0.96 0.97 0.97 0.97 0.97 0.96 0.97 0.97 0.95 0.96 0.95 0.96 0.94 1.00 1.00 1.00
0.65 0.62 0.62 0.60 0.41 0.65 0.62 0.59 0.56 0.63 0.60 0.59 0.63 0.60 0.60 0.58 0.37 0.58 0.54 0.59 0.60 0.60 0.60 0.58 0.37 0.47 0.59 0.34 0.54 0.59 0.58 0.58 0.58 0.59 0.58 0.58 0.56 0.59 0.56 0.51 0.40 0.50 0.43 0.51 0.51 0.50 0.51 0.51 0.49 0.50 0.50 0.50 0.14 0.45 0.45 0.45 0.45 0.45 0.12 0.11 0.01 0.06 0.61 0.68 0.68 0.68 0.68 0.68 0.67 0.68 0.68 0.69 0.68 0.68 0.70 0.70 0.63 0.64 0.59 0.64 0.72 1.00 1.00 1.00
0.65 0.62 0.62 0.61 0.41 0.64 0.62 0.60 0.57 0.63 0.60 0.59 0.63 0.60 0.60 0.58 0.38 0.58 0.54 0.59 0.60 0.60 0.60 0.58 0.37 0.47 0.59 0.35 0.54 0.59 0.58 0.58 0.58 0.59 0.58 0.58 0.56 0.59 0.56 0.51 0.41 0.50 0.43 0.51 0.51 0.50 0.51 0.51 0.49 0.50 0.50 0.50 0.14 0.45 0.45 0.45 0.45 0.45 0.12 0.11 0.01 0.06 0.62 0.68 0.68 0.68 0.68 0.68 0.66 0.68 0.68 0.69 0.68 0.68 0.70 0.70 0.63 0.63 0.58 0.64 0.72 1.00 1.00 1.00
0.98 0.98 0.98 0.98 0.93 0.98 0.98 0.98 0.97 0.98 0.98 0.98 0.98 0.98 0.98 0.98 0.89 0.98 0.97 0.98 0.98 0.98 0.98 0.98 0.93 0.97 0.98 0.90 0.97 0.98 0.98 0.98 0.98 0.98 0.98 0.98 0.97 0.98 0.97 0.96 0.94 0.96 0.95 0.96 0.96 0.96 0.96 0.96 0.96 0.96 0.96 0.96 0.65 0.95 0.95 0.95 0.95 0.95 0.61 0.62 0.28 0.39 0.97 0.98 0.98 0.98 0.98 0.98 0.98 0.98 0.98 0.98 0.98 0.98 0.98 0.98 0.96 0.97 0.97 0.97 0.96 1.00 1.00 1.00
0.95 0.95 0.95 0.95 0.88 0.95 0.95 0.95 0.94 0.95 0.95 0.95 0.95 0.95 0.95 0.95 0.82 0.95 0.93 0.95 0.95 0.95 0.95 0.95 0.87 0.93 0.95 0.83 0.94 0.95 0.95 0.95 0.95 0.95 0.95 0.95 0.94 0.95 0.94 0.92 0.88 0.92 0.89 0.92 0.92 0.92 0.92 0.92 0.92 0.92 0.92 0.92 0.54 0.90 0.90 0.90 0.90 0.90 0.50 0.50 0.17 0.29 0.95 0.95 0.95 0.95 0.95 0.95 0.95 0.95 0.95 0.95 0.95 0.95 0.95 0.95 0.93 0.95 0.94 0.95 0.93 1.00 1.00 1.00
0.56 0.51 0.51 0.50 0.31 0.55 0.51 0.49 0.46 0.52 0.49 0.48 0.52 0.48 0.48 0.47 0.28 0.46 0.44 0.48 0.48 0.48 0.48 0.46 0.26 0.35 0.48 0.25 0.42 0.47 0.46 0.46 0.46 0.47 0.46 0.46 0.44 0.47 0.44 0.41 0.31 0.40 0.34 0.41 0.41 0.40 0.41 0.41 0.39 0.40 0.40 0.40 0.10 0.35 0.35 0.35 0.35 0.35 0.07 0.07 0.01 0.04 0.52 0.60 0.60 0.60 0.60 0.60 0.58 0.60 0.60 0.60 0.60 0.60 0.62 0.63 0.55 0.54 0.49 0.55 0.66 1.00 1.00 1.00
0.67 0.64 0.64 0.62 0.45 0.66 0.64 0.62 0.59 0.64 0.62 0.62 0.64 0.62 0.62 0.60 0.39 0.60 0.57 0.61 0.62 0.62 0.62 0.60 0.39 0.49 0.61 0.37 0.56 0.61 0.60 0.60 0.60 0.61 0.60 0.60 0.58 0.61 0.58 0.54 0.42 0.52 0.46 0.53 0.53 0.52 0.53 0.53 0.51 0.52 0.52 0.52 0.15 0.47 0.47 0.47 0.47 0.47 0.12 0.12 0.02 0.06 0.63 0.69 0.69 0.69 0.69 0.69 0.68 0.69 0.69 0.70 0.69 0.69 0.71 0.71 0.64 0.64 0.60 0.65 0.73 1.00 1.00 1.00
0.78 0.77 0.77 0.76 0.59 0.78 0.77 0.75 0.73 0.77 0.75 0.75 0.77 0.76 0.76 0.74 0.54 0.75 0.71 0.75 0.76 0.76 0.75 0.75 0.56 0.66 0.75 0.53 0.72 0.75 0.75 0.75 0.75 0.75 0.75 0.75 0.73 0.75 0.73 0.68 0.58 0.67 0.61 0.67 0.67 0.66 0.67 0.67 0.66 0.66 0.66 0.66 0.23 0.62 0.62 0.62 0.62 0.62 0.21 0.21 0.04 0.11 0.75 0.79 0.79 0.79 0.79 0.79 0.78 0.79 0.79 0.80 0.79 0.79 0.80 0.80 0.75 0.76 0.72 0.76 0.80 1.00 1.00 1.00
0.40 0.32 0.32 0.30 0.16 0.38 0.32 0.29 0.26 0.34 0.29 0.28 0.34 0.28 0.28 0.26 0.13 0.25 0.25 0.27 0.28 0.28 0.28 0.25 0.12 0.16 0.27 0.11 0.21 0.27 0.25 0.25 0.25 0.27 0.25 0.25 0.23 0.27 0.23 0.23 0.16 0.23 0.18 0.23 0.23 0.22 0.23 0.23 0.21 0.22 0.22 0.22 0.04 0.18 0.18 0.18 0.18 0.18 0.03 0.02 0.00 0.02 0.35 0.44 0.44 0.44 0.44 0.44 0.42 0.44 0.44 0.45 0.44 0.44 0.48 0.49 0.39 0.37 0.31 0.38 0.57 1.00 1.00 1.00
0.43 0.35 0.35 0.34 0.19 0.41 0.35 0.32 0.30 0.38 0.32 0.32 0.38 0.32 0.32 0.30 0.15 0.29 0.28 0.30 0.32 0.32 0.32 0.29 0.14 0.19 0.30 0.13 0.25 0.30 0.29 0.28 0.29 0.30 0.29 0.29 0.27 0.30 0.27 0.26 0.18 0.26 0.20 0.26 0.26 0.25 0.26 0.26 0.25 0.25 0.25 0.25 0.05 0.21 0.21 0.21 0.21 0.21 0.04 0.03 0.00 0.02 0.38 0.48 0.48 0.48 0.48 0.47 0.45 0.47 0.47 0.49 0.48 0.48 0.51 0.52 0.43 0.41 0.35 0.41 0.61 1.00 1.00 1.00
0.90 0.89 0.89 0.89 0.78 0.90 0.89 0.89 0.88 0.89 0.89 0.89 0.89 0.89 0.89 0.89 0.71 0.89 0.86 0.89 0.89 0.89 0.89 0.89 0.76 0.84 0.89 0.71 0.87 0.89 0.89 0.89 0.89 0.89 0.89 0.89 0.88 0.89 0.88 0.84 0.77 0.83 0.79 0.84 0.84 0.83 0.84 0.84 0.83 0.83 0.83 0.83 0.39 0.80 0.80 0.80 0.80 0.80 0.37 0.37 0.10 0.19 0.88 0.91 0.91 0.91 0.91 0.90 0.90 0.90 0.90 0.91 0.91 0.90 0.91 0.91 0.87 0.89 0.87 0.89 0.88 1.00 1.00 1.00
0.39 0.32 0.32 0.29 0.15 0.37 0.32 0.28 0.26 0.34 0.29 0.28 0.34 0.28 0.27 0.26 0.13 0.25 0.25 0.27 0.28 0.28 0.27 0.25 0.12 0.16 0.27 0.11 0.21 0.26 0.25 0.25 0.25 0.26 0.25 0.25 0.23 0.26 0.23 0.22 0.15 0.22 0.17 0.22 0.22 0.21 0.22 0.23 0.21 0.21 0.21 0.21 0.04 0.18 0.18 0.18 0.18 0.18 0.03 0.02 0.00 0.02 0.34 0.44 0.44 0.44 0.44 0.44 0.41 0.44 0.44 0.45 0.44 0.45 0.47 0.49 0.40 0.37 0.31 0.37 0.59 1.00 1.00 1.00
0.98 0.98 0.98 0.98 0.95 0.98 0.98 0.98 0.97 0.98 0.98 0.98 0.98 0.98 0.98 0.98 0.90 0.98 0.97 0.98 0.98 0.98 0.98 0.98 0.94 0.97 0.98 0.91 0.97 0.98 0.98 0.98 0.98 0.98 0.98 0.98 0.98 0.98 0.98 0.96 0.95 0.97 0.95 0.97 0.97 0.97 0.97 0.97 0.97 0.97 0.97 0.97 0.66 0.96 0.96 0.96 0.96 0.96 0.63 0.63 0.29 0.39 0.97 0.98 0.98 0.98 0.98 0.98 0.98 0.98 0.98 0.98 0.98 0.98 0.98 0.98 0.96 0.97 0.97 0.98 0.96 1.00 1.00 1.00
0.41 0.34 0.34 0.32 0.17 0.39 0.34 0.31 0.29 0.36 0.31 0.30 0.36 0.30 0.30 0.28 0.15 0.28 0.27 0.29 0.30 0.30 0.30 0.28 0.13 0.18 0.29 0.12 0.23 0.29 0.27 0.27 0.28 0.29 0.27 0.27 0.25 0.29 0.25 0.25 0.17 0.25 0.19 0.25 0.25 0.24 0.25 0.26 0.24 0.24 0.24 0.24 0.05 0.20 0.20 0.20 0.20 0.20 0.04 0.03 0.00 0.02 0.36 0.46 0.46 0.46 0.46 0.46 0.43 0.46 0.46 0.47 0.46 0.46 0.49 0.50 0.41 0.39 0.34 0.40 0.59 1.00 1.00 1.00
0.87 0.86 0.86 0.86 0.73 0.86 0.86 0.85 0.84 0.86 0.86 0.85 0.86 0.86 0.86 0.85 0.67 0.85 0.82 0.86 0.86 0.86 0.86 0.85 0.70 0.79 0.86 0.66 0.83 0.86 0.85 0.85 0.85 0.86 0.85 0.85 0.84 0.86 0.84 0.80 0.73 0.79 0.75 0.80 0.80 0.79 0.80 0.80 0.79 0.79 0.79 0.79 0.33 0.76 0.76 0.76 0.76 0.76 0.32 0.32 0.07 0.16 0.85 0.87 0.87 0.87 0.87 0.87 0.87 0.87 0.87 0.88 0.87 0.87 0.88 0.88 0.84 0.85 0.83 0.85 0.85 1.00 1.00 1.00
0.76 0.75 0.75 0.74 0.57 0.76 0.75 0.74 0.71 0.75 0.74 0.73 0.75 0.73 0.74 0.72 0.52 0.72 0.69 0.73 0.73 0.73 0.74 0.72 0.53 0.64 0.73 0.50 0.69 0.73 0.72 0.72 0.72 0.73 0.72 0.72 0.70 0.73 0.70 0.66 0.56 0.65 0.59 0.66 0.66 0.65 0.66 0.66 0.64 0.65 0.65 0.65 0.22 0.61 0.61 0.61 0.61 0.61 0.20 0.20 0.03 0.10 0.74 0.78 0.78 0.78 0.78 0.78 0.77 0.78 0.78 0.78 0.78 0.78 0.79 0.79 0.73 0.74 0.71 0.75 0.79 1.00 1.00 1.00
0.50 0.44 0.44 0.41 0.25 0.48 0.44 0.40 0.38 0.45 0.41 0.40 0.45 0.40 0.40 0.38 0.22 0.37 0.36 0.39 0.40 0.40 0.40 0.37 0.19 0.27 0.39 0.19 0.33 0.39 0.37 0.37 0.37 0.39 0.37 0.37 0.35 0.39 0.35 0.33 0.24 0.33 0.26 0.33 0.33 0.32 0.33 0.33 0.31 0.32 0.32 0.32 0.07 0.28 0.28 0.28 0.28 0.28 0.05 0.05 0.00 0.03 0.45 0.54 0.54 0.54 0.54 0.54 0.51 0.54 0.54 0.55 0.54 0.54 0.56 0.57 0.49 0.47 0.42 0.48 0.63 1.00 1.00 1.00
0.46 0.39 0.39 0.37 0.21 0.43 0.39 0.35 0.33 0.40 0.35 0.34 0.40 0.34 0.34 0.32 0.16 0.31 0.31 0.33 0.34 0.34 0.34 0.31 0.16 0.22 0.33 0.14 0.28 0.33 0.32 0.31 0.31 0.33 0.32 0.31 0.29 0.33 0.29 0.29 0.20 0.28 0.23 0.29 0.29 0.27 0.29 0.29 0.27 0.27 0.27 0.27 0.05 0.23 0.23 0.23 0.23 0.23 0.04 0.03 0.00 0.02 0.40 0.50 0.50 0.50 0.50 0.50 0.48 0.50 0.50 0.51 0.50 0.50 0.53 0.54 0.45 0.43 0.38 0.44 0.61 1.00 1.00 1.00
0.75 0.73 0.73 0.73 0.55 0.75 0.73 0.72 0.70 0.74 0.72 0.72 0.74 0.72 0.72 0.71 0.50 0.71 0.68 0.72 0.72 0.72 0.72 0.71 0.52 0.63 0.72 0.48 0.68 0.72 0.71 0.71 0.71 0.72 0.71 0.71 0.69 0.72 0.69 0.65 0.54 0.64 0.57 0.64 0.64 0.63 0.64 0.64 0.63 0.63 0.63 0.63 0.21 0.59 0.59 0.59 0.59 0.59 0.19 0.18 0.03 0.09 0.73 0.77 0.77 0.77 0.77 0.77 0.76 0.77 0.77 0.77 0.77 0.77 0.78 0.78 0.72 0.73 0.70 0.73 0.77 1.00 1.00 1.00
0.56 0.51 0.51 0.49 0.30 0.54 0.51 0.48 0.45 0.52 0.48 0.47 0.52 0.48 0.47 0.46 0.27 0.45 0.43 0.46 0.48 0.48 0.47 0.45 0.26 0.34 0.46 0.24 0.41 0.46 0.45 0.45 0.45 0.46 0.45 0.45 0.42 0.46 0.42 0.40 0.29 0.38 0.32 0.39 0.39 0.38 0.39 0.39 0.37 0.38 0.38 0.38 0.10 0.33 0.33 0.33 0.33 0.33 0.07 0.06 0.01 0.03 0.51 0.59 0.59 0.59 0.59 0.59 0.57 0.59 0.59 0.60 0.59 0.59 0.61 0.62 0.54 0.54 0.48 0.54 0.68 1.00 1.00 1.00
0.40 0.33 0.33 0.31 0.16 0.38 0.33 0.29 0.27 0.35 0.29 0.29 0.35 0.28 0.29 0.27 0.14 0.26 0.26 0.28 0.28 0.28 0.28 0.26 0.12 0.17 0.28 0.11 0.22 0.27 0.26 0.26 0.26 0.27 0.26 0.26 0.24 0.27 0.24 0.24 0.15 0.23 0.17 0.24 0.24 0.22 0.24 0.24 0.22 0.22 0.22 0.22 0.04 0.18 0.18 0.18 0.18 0.18 0.03 0.02 0.00 0.02 0.35 0.45 0.45 0.45 0.45 0.45 0.43 0.45 0.45 0.46 0.45 0.45 0.48 0.50 0.41 0.38 0.32 0.39 0.58 1.00 1.00 1.00
0.80 0.79 0.79 0.79 0.62 0.80 0.79 0.78 0.76 0.79 0.78 0.78 0.79 0.78 0.78 0.77 0.57 0.77 0.73 0.78 0.78 0.78 0.78 0.77 0.59 0.69 0.78 0.55 0.74 0.78 0.77 0.77 0.77 0.78 0.77 0.77 0.75 0.78 0.75 0.71 0.61 0.70 0.63 0.70 0.70 0.70 0.70 0.70 0.69 0.70 0.70 0.70 0.26 0.65 0.65 0.65 0.65 0.65 0.23 0.23 0.04 0.12 0.78 0.82 0.82 0.82 0.82 0.82 0.81 0.82 0.82 0.82 0.82 0.81 0.82 0.82 0.76 0.78 0.75 0.79 0.80 1.00 1.00 1.00
0.68 0.65 0.65 0.63 0.45 0.67 0.65 0.63 0.60 0.66 0.63 0.62 0.66 0.63 0.63 0.61 0.40 0.61 0.57 0.62 0.63 0.63 0.63 0.61 0.41 0.51 0.62 0.38 0.57 0.62 0.61 0.61 0.61 0.62 0.61 0.61 0.59 0.62 0.59 0.55 0.44 0.53 0.47 0.54 0.54 0.53 0.54 0.54 0.52 0.53 0.53 0.53 0.16 0.48 0.48 0.48 0.48 0.48 0.13 0.12 0.02 0.07 0.64 0.70 0.70 0.70 0.70 0.70 0.69 0.70 0.70 0.71 0.70 0.70 0.72 0.72 0.65 0.65 0.61 0.66 0.74 1.00 1.00 1.00
0.43 0.36 0.36 0.34 0.18 0.40 0.36 0.33 0.30 0.38 0.33 0.32 0.38 0.32 0.31 0.29 0.15 0.29 0.28 0.30 0.32 0.32 0.31 0.29 0.14 0.19 0.30 0.13 0.25 0.30 0.29 0.29 0.29 0.30 0.29 0.29 0.27 0.30 0.27 0.26 0.18 0.25 0.20 0.26 0.26 0.25 0.26 0.26 0.24 0.25 0.25 0.25 0.05 0.21 0.21 0.21 0.21 0.21 0.04 0.03 0.00 0.02 0.38 0.48 0.48 0.48 0.48 0.47 0.45 0.47 0.47 0.48 0.48 0.47 0.51 0.52 0.42 0.41 0.35 0.41 0.59 1.00 1.00 1.00
0.64 0.60 0.60 0.59 0.41 0.63 0.60 0.58 0.56 0.61 0.58 0.58 0.61 0.58 0.58 0.56 0.36 0.56 0.53 0.57 0.58 0.58 0.58 0.56 0.35 0.45 0.57 0.33 0.52 0.57 0.56 0.56 0.56 0.57 0.56 0.56 0.54 0.57 0.54 0.50 0.39 0.49 0.42 0.49 0.49 0.48 0.49 0.49 0.48 0.48 0.48 0.48 0.13 0.43 0.43 0.43 0.43 0.43 0.11 0.10 0.01 0.05 0.60 0.67 0.67 0.67 0.67 0.67 0.65 0.67 0.67 0.67 0.67 0.67 0.69 0.69 0.61 0.62 0.57 0.62 0.71 1.00 1.00 1.00
0.62 0.58 0.58 0.56 0.37 0.61 0.58 0.56 0.53 0.59 0.56 0.55 0.59 0.56 0.56 0.54 0.34 0.54 0.50 0.55 0.56 0.56 0.56 0.54 0.33 0.43 0.55 0.31 0.50 0.55 0.54 0.54 0.54 0.55 0.54 0.54 0.51 0.55 0.51 0.47 0.36 0.46 0.39 0.46 0.46 0.45 0.46 0.47 0.45 0.45 0.45 0.45 0.13 0.41 0.41 0.41 0.41 0.41 0.11 0.10 0.01 0.05 0.58 0.65 0.65 0.65 0.65 0.65 0.63 0.65 0.65 0.66 0.65 0.65 0.67 0.68 0.60 0.60 0.55 0.60 0.71 1.00 1.00 1.00
0.89 0.89 0.89 0.88 0.77 0.89 0.89 0.88 0.87 0.88 0.88 0.88 0.88 0.88 0.88 0.88 0.71 0.88 0.85 0.88 0.88 0.88 0.88 0.88 0.74 0.83 0.88 0.70 0.86 0.88 0.88 0.88 0.88 0.88 0.88 0.88 0.87 0.88 0.87 0.83 0.75 0.82 0.77 0.82 0.82 0.82 0.82 0.82 0.82 0.82 0.82 0.82 0.38 0.79 0.79 0.79 0.79 0.79 0.35 0.35 0.09 0.18 0.88 0.90 0.90 0.90 0.90 0.90 0.89 0.90 0.90 0.90 0.90 0.89 0.90 0.90 0.86 0.88 0.86 0.88 0.87 1.00 1.00 1.00
0.87 0.87 0.87 0.86 0.74 0.87 0.87 0.86 0.85 0.87 0.86 0.86 0.87 0.86 0.86 0.86 0.67 0.86 0.83 0.86 0.86 0.86 0.86 0.86 0.72 0.80 0.86 0.67 0.84 0.86 0.86 0.86 0.86 0.86 0.86 0.86 0.85 0.86 0.85 0.81 0.73 0.80 0.75 0.81 0.81 0.80 0.81 0.81 0.80 0.80 0.80 0.80 0.35 0.77 0.77 0.77 0.77 0.77 0.33 0.32 0.07 0.17 0.85 0.88 0.88 0.88 0.88 0.88 0.87 0.88 0.88 0.88 0.88 0.88 0.88 0.88 0.84 0.86 0.84 0.86 0.86 1.00 1.00 1.00
0.74 0.72 0.72 0.71 0.54 0.74 0.72 0.71 0.68 0.73 0.71 0.71 0.73 0.71 0.71 0.70 0.48 0.70 0.66 0.70 0.71 0.71 0.71 0.70 0.50 0.60 0.70 0.47 0.66 0.70 0.70 0.70 0.70 0.70 0.70 0.70 0.68 0.70 0.68 0.63 0.52 0.62 0.55 0.62 0.62 0.61 0.62 0.62 0.60 0.61 0.61 0.61 0.21 0.57 0.57 0.57 0.57 0.57 0.18 0.18 0.03 0.09 0.71 0.76 0.76 0.76 0.76 0.76 0.75 0.76 0.76 0.76 0.76 0.75 0.77 0.77 0.71 0.72 0.68 0.72 0.77 1.00 1.00 1.00
0.69 0.66 0.66 0.65 0.46 0.68 0.66 0.64 0.61 0.67 0.64 0.64 0.67 0.64 0.64 0.63 0.42 0.62 0.60 0.63 0.64 0.64 0.64 0.62 0.42 0.53 0.63 0.39 0.59 0.63 0.62 0.62 0.62 0.63 0.62 0.62 0.60 0.63 0.60 0.55 0.45 0.54 0.47 0.55 0.55 0.54 0.55 0.55 0.53 0.54 0.54 0.54 0.16 0.49 0.49 0.49 0.49 0.49 0.14 0.13 0.02 0.07 0.66 0.71 0.71 0.71 0.71 0.71 0.70 0.71 0.71 0.72 0.71 0.71 0.73 0.73 0.66 0.66 0.62 0.67 0.74 1.00 1.00 1.00
0.41 0.34 0.34 0.32 0.17 0.39 0.34 0.31 0.28 0.36 0.31 0.30 0.36 0.30 0.29 0.27 0.14 0.27 0.26 0.29 0.30 0.30 0.29 0.27 0.13 0.18 0.29 0.12 0.23 0.28 0.27 0.27 0.27 0.28 0.27 0.27 0.25 0.28 0.25 0.25 0.16 0.24 0.18 0.25 0.25 0.24 0.25 0.25 0.23 0.24 0.24 0.24 0.05 0.19 0.19 0.19 0.19 0.19 0.03 0.03 0.00 0.02 0.36 0.46 0.46 0.46 0.46 0.46 0.43 0.46 0.46 0.47 0.46 0.46 0.49 0.51 0.41 0.39 0.33 0.39 0.59 1.00 1.00 1.00
0.91 0.91 0.91 0.91 0.82 0.91 0.91 0.91 0.90 0.91 0.91 0.91 0.91 0.91 0.91 0.91 0.75 0.91 0.89 0.91 0.91 0.91 0.91 0.91 0.79 0.87 0.91 0.75 0.90 0.91 0.91 0.91 0.91 0.91 0.91 0.91 0.90 0.91 0.90 0.86 0.80 0.86 0.82 0.86 0.86 0.86 0.86 0.86 0.86 0.86 0.86 0.86 0.43 0.83 0.83 0.83 0.83 0.83 0.40 0.40 0.12 0.23 0.90 0.92 0.92 0.92 0.92 0.92 0.91 0.92 0.92 0.92 0.92 0.92 0.92 0.92 0.88 0.90 0.89 0.90 0.89 1.00 1.00 1.00
0.51 0.45 0.45 0.43 0.26 0.49 0.45 0.42 0.40 0.47 0.42 0.42 0.47 0.42 0.42 0.40 0.23 0.39 0.38 0.41 0.42 0.42 0.42 0.39 0.21 0.28 0.41 0.19 0.35 0.40 0.39 0.39 0.39 0.40 0.39 0.39 0.37 0.40 0.37 0.35 0.25 0.34 0.27 0.34 0.34 0.32 0.34 0.34 0.32 0.32 0.32 0.32 0.07 0.28 0.28 0.28 0.28 0.28 0.06 0.05 0.01 0.03 0.46 0.55 0.55 0.55 0.55 0.55 0.52 0.55 0.55 0.56 0.55 0.55 0.58 0.58 0.49 0.48 0.43 0.49 0.64 1.00 1.00 1.00
0.44 0.37 0.37 0.35 0.19 0.42 0.37 0.34 0.31 0.39 0.34 0.33 0.39 0.33 0.33 0.31 0.17 0.31 0.30 0.32 0.33 0.33 0.33 0.31 0.15 0.21 0.32 0.14 0.27 0.32 0.31 0.30 0.31 0.32 0.31 0.31 0.28 0.32 0.28 0.28 0.19 0.27 0.22 0.28 0.28 0.27 0.28 0.28 0.26 0.27 0.27 0.27 0.06 0.23 0.23 0.23 0.23 0.23 0.04 0.03 0.00 0.02 0.40 0.49 0.49 0.49 0.49 0.49 0.46 0.49 0.49 0.50 0.49 0.49 0.52 0.53 0.44 0.42 0.37 0.43 0.61 1.00 1.00 1.00
0.87 0.87 0.87 0.86 0.74 0.87 0.87 0.86 0.85 0.87 0.86 0.86 0.87 0.86 0.86 0.86 0.68 0.86 0.83 0.86 0.86 0.86 0.86 0.86 0.72 0.81 0.86 0.68 0.84 0.86 0.86 0.86 0.86 0.86 0.86 0.86 0.85 0.86 0.85 0.81 0.73 0.80 0.75 0.80 0.80 0.79 0.80 0.80 0.79 0.79 0.79 0.79 0.35 0.76 0.76 0.76 0.76 0.76 0.33 0.33 0.08 0.18 0.86 0.88 0.88 0.88 0.88 0.88 0.87 0.88 0.88 0.88 0.88 0.87 0.88 0.88 0.84 0.86 0.83 0.86 0.86 1.00 1.00 1.00
0.98 0.98 0.98 0.98 0.94 0.98 0.98 0.98 0.98 0.98 0.98 0.98 0.98 0.98 0.98 0.98 0.89 0.98 0.97 0.98 0.98 0.98 0.98 0.98 0.94 0.97 0.98 0.91 0.98 0.98 0.98 0.98 0.98 0.98 0.98 0.98 0.98 0.98 0.98 0.96 0.94 0.96 0.95 0.96 0.96 0.96 0.96 0.96 0.96 0.96 0.96 0.96 0.66 0.95 0.95 0.95 0.95 0.95 0.62 0.62 0.28 0.37 0.98 0.98 0.98 0.98 0.98 0.98 0.98 0.98 0.98 0.98 0.98 0.98 0.98 0.98 0.96 0.98 0.97 0.98 0.96 1.00 1.00 1.00
0.75 0.74 0.74 0.73 0.56 0.75 0.74 0.72 0.70 0.74 0.72 0.72 0.74 0.73 0.73 0.71 0.51 0.72 0.68 0.72 0.73 0.73 0.73 0.72 0.52 0.63 0.72 0.49 0.68 0.72 0.72 0.72 0.72 0.72 0.72 0.72 0.70 0.72 0.70 0.64 0.55 0.63 0.57 0.63 0.63 0.63 0.63 0.63 0.62 0.63 0.63 0.63 0.22 0.58 0.58 0.58 0.58 0.58 0.18 0.19 0.03 0.10 0.73 0.77 0.77 0.77 0.77 0.77 0.76 0.77 0.77 0.78 0.77 0.77 0.78 0.78 0.72 0.73 0.70 0.74 0.78 1.00 1.00 1.00
0.58 0.54 0.54 0.52 0.34 0.57 0.54 0.51 0.48 0.55 0.51 0.51 0.55 0.51 0.51 0.49 0.30 0.49 0.47 0.50 0.51 0.51 0.51 0.49 0.29 0.38 0.50 0.27 0.44 0.50 0.49 0.49 0.49 0.50 0.49 0.49 0.46 0.50 0.46 0.43 0.32 0.42 0.35 0.42 0.42 0.41 0.42 0.42 0.40 0.41 0.41 0.41 0.11 0.36 0.36 0.36 0.36 0.36 0.09 0.08 0.01 0.04 0.54 0.62 0.62 0.62 0.62 0.61 0.60 0.61 0.61 0.62 0.62 0.61 0.64 0.64 0.56 0.56 0.51 0.57 0.68 1.00 1.00 1.00
0.40 0.33 0.33 0.31 0.16 0.37 0.33 0.29 0.27 0.34 0.30 0.28 0.34 0.28 0.28 0.26 0.13 0.25 0.25 0.27 0.28 0.28 0.28 0.25 0.12 0.17 0.27 0.11 0.22 0.27 0.26 0.25 0.25 0.27 0.26 0.26 0.23 0.27 0.23 0.23 0.15 0.22 0.17 0.23 0.23 0.22 0.23 0.23 0.21 0.22 0.22 0.22 0.04 0.18 0.18 0.18 0.18 0.18 0.03 0.02 0.00 0.01 0.34 0.44 0.44 0.44 0.44 0.44 0.42 0.44 0.44 0.45 0.44 0.45 0.47 0.49 0.40 0.38 0.32 0.38 0.58 1.00 1.00 1.00
0.55 0.50 0.50 0.48 0.31 0.54 0.50 0.47 0.45 0.51 0.47 0.47 0.51 0.47 0.47 0.45 0.27 0.45 0.42 0.46 0.47 0.47 0.47 0.45 0.26 0.34 0.46 0.24 0.40 0.46 0.45 0.44 0.45 0.46 0.45 0.44 0.42 0.46 0.42 0.39 0.29 0.38 0.32 0.39 0.39 0.38 0.39 0.39 0.37 0.38 0.38 0.38 0.09 0.34 0.34 0.34 0.34 0.34 0.07 0.06 0.01 0.04 0.51 0.59 0.59 0.59 0.59 0.59 0.56 0.59 0.59 0.59 0.59 0.59 0.61 0.62 0.53 0.53 0.48 0.54 0.66 1.00 1.00 1.00
0.93 0.93 0.93 0.93 0.86 0.94 0.93 0.93 0.93 0.93 0.93 0.93 0.93 0.93 0.93 0.93 0.79 0.93 0.91 0.93 0.93 0.93 0.93 0.93 0.84 0.90 0.93 0.79 0.92 0.93 0.93 0.93 0.93 0.93 0.93 0.93 0.93 0.93 0.93 0.90 0.85 0.90 0.86 0.90 0.90 0.90 0.90 0.90 0.90 0.90 0.90 0.90 0.48 0.87 0.87 0.87 0.87 0.87 0.45 0.45 0.14 0.25 0.93 0.94 0.94 0.94 0.94 0.94 0.94 0.94 0.94 0.94 0.94 0.94 0.94 0.94 0.91 0.93 0.92 0.93 0.91 1.00 1.00 1.00
0.91 0.91 0.91 0.90 0.80 0.91 0.91 0.90 0.89 0.91 0.90 0.90 0.91 0.90 0.90 0.90 0.75 0.90 0.87 0.90 0.90 0.90 0.90 0.90 0.79 0.86 0.90 0.74 0.89 0.90 0.90 0.90 0.90 0.90 0.90 0.90 0.89 0.90 0.89 0.86 0.80 0.86 0.82 0.86 0.86 0.86 0.86 0.86 0.86 0.86 0.86 0.86 0.43 0.83 0.83 0.83 0.83 0.83 0.40 0.40 0.11 0.22 0.90 0.91 0.91 0.91 0.91 0.91 0.91 0.91 0.91 0.91 0.91 0.91 0.92 0.92 0.88 0.90 0.88 0.90 0.89 1.00 1.00 1.00
0.51 0.45 0.45 0.43 0.25 0.49 0.45 0.42 0.39 0.46 0.42 0.41 0.46 0.41 0.41 0.39 0.22 0.39 0.37 0.40 0.41 0.41 0.41 0.39 0.21 0.28 0.40 0.19 0.35 0.40 0.39 0.39 0.39 0.40 0.39 0.39 0.36 0.40 0.36 0.34 0.25 0.33 0.27 0.34 0.34 0.33 0.34 0.34 0.32 0.33 0.33 0.33 0.07 0.28 0.28 0.28 0.28 0.28 0.05 0.05 0.00 0.03 0.46 0.55 0.55 0.55 0.55 0.54 0.52 0.54 0.54 0.55 0.55 0.54 0.57 0.58 0.50 0.48 0.42 0.49 0.64 1.00 1.00 1.00
0.97 0.97 0.97 0.97 0.93 0.97 0.97 0.97 0.97 0.97 0.97 0.97 0.97 0.97 0.97 0.97 0.89 0.97 0.96 0.97 0.97 0.97 0.97 0.97 0.92 0.96 0.97 0.89 0.97 0.97 0.97 0.97 0.97 0.97 0.97 0.97 0.97 0.97 0.97 0.96 0.93 0.96 0.94 0.96 0.96 0.96 0.96 0.96 0.96 0.96 0.96 0.96 0.64 0.95 0.95 0.95 0.95 0.95 0.60 0.61 0.26 0.37 0.97 0.97 0.97 0.97 0.97 0.97 0.97 0.97 0.97 0.97 0.97 0.97 0.97 0.98 0.96 0.97 0.97 0.97 0.95 1.00 1.00 1.00
0.73 0.71 0.71 0.70 0.52 0.73 0.71 0.69 0.67 0.71 0.70 0.69 0.71 0.70 0.70 0.68 0.48 0.68 0.65 0.69 0.70 0.70 0.70 0.68 0.48 0.59 0.69 0.45 0.65 0.69 0.68 0.69 0.68 0.69 0.68 0.68 0.67 0.69 0.67 0.62 0.51 0.61 0.54 0.61 0.61 0.61 0.61 0.61 0.60 0.61 0.61 0.61 0.20 0.56 0.56 0.56 0.56 0.56 0.18 0.17 0.03 0.09 0.71 0.75 0.75 0.75 0.75 0.75 0.74 0.75 0.75 0.75 0.75 0.75 0.76 0.77 0.70 0.71 0.67 0.72 0.76 1.00 1.00 1.00
0.40 0.33 0.33 0.31 0.16 0.38 0.33 0.30 0.27 0.35 0.30 0.29 0.35 0.28 0.28 0.27 0.14 0.26 0.26 0.28 0.28 0.28 0.28 0.26 0.12 0.17 0.28 0.12 0.22 0.28 0.26 0.26 0.26 0.28 0.26 0.26 0.24 0.28 0.24 0.24 0.16 0.23 0.18 0.24 0.24 0.23 0.24 0.24 0.22 0.23 0.23 0.23 0.05 0.19 0.19 0.19 0.19 0.19 0.03 0.03 0.00 0.01 0.36 0.45 0.45 0.45 0.45 0.45 0.42 0.45 0.45 0.46 0.45 0.45 0.48 0.50 0.40 0.38 0.32 0.38 0.59 1.00 1.00 1.00
0.96 0.96 0.96 0.96 0.90 0.96 0.96 0.96 0.95 0.96 0.96 0.96 0.96 0.96 0.96 0.96 0.84 0.96 0.94 0.96 0.96 0.96 0.96 0.96 0.89 0.94 0.96 0.85 0.95 0.96 0.96 0.96 0.96 0.96 0.96 0.96 0.95 0.96 0.95 0.93 0.89 0.93 0.90 0.93 0.93 0.93 0.93 0.93 0.93 0.93 0.93 0.93 0.56 0.91 0.91 0.91 0.91 0.91 0.52 0.53 0.19 0.31 0.95 0.96 0.96 0.96 0.96 0.96 0.96 0.96 0.96 0.96 0.96 0.96 0.96 0.96 0.93 0.95 0.94 0.95 0.93 1.00 1.00 1.00
0.97 0.97 0.97 0.97 0.92 0.97 0.97 0.97 0.96 0.97 0.97 0.97 0.97 0.97 0.97 0.97 0.85 0.97 0.96 0.97 0.97 0.97 0.97 0.97 0.91 0.95 0.97 0.87 0.96 0.97 0.97 0.97 0.97 0.97 0.97 0.97 0.96 0.97 0.96 0.95 0.92 0.95 0.93 0.95 0.95 0.95 0.95 0.95 0.95 0.95 0.95 0.95 0.61 0.93 0.93 0.93 0.93 0.93 0.55 0.57 0.24 0.34 0.96 0.97 0.97 0.97 0.97 0.97 0.97 0.97 0.97 0.97 0.97 0.97 0.97 0.97 0.95 0.96 0.96 0.96 0.94 1.00 1.00 1.00
0.42 0.35 0.35 0.33 0.18 0.40 0.35 0.32 0.30 0.37 0.32 0.31 0.37 0.31 0.31 0.29 0.15 0.28 0.27 0.30 0.31 0.31 0.31 0.28 0.13 0.19 0.30 0.13 0.24 0.30 0.28 0.28 0.28 0.30 0.28 0.28 0.26 0.30 0.26 0.26 0.17 0.24 0.19 0.25 0.25 0.24 0.25 0.25 0.23 0.24 0.24 0.24 0.05 0.20 0.20 0.20 0.20 0.20 0.03 0.03 0.00 0.02 0.37 0.47 0.47 0.47 0.47 0.46 0.44 0.46 0.46 0.47 0.47 0.47 0.50 0.51 0.42 0.40 0.34 0.41 0.60 1.00 1.00 1.00
0.56 0.51 0.51 0.49 0.31 0.54 0.51 0.48 0.45 0.52 0.48 0.48 0.52 0.48 0.48 0.46 0.28 0.45 0.43 0.47 0.48 0.48 0.48 0.45 0.26 0.34 0.47 0.24 0.41 0.46 0.45 0.45 0.45 0.46 0.45 0.45 0.43 0.46 0.43 0.41 0.30 0.39 0.32 0.40 0.40 0.39 0.40 0.40 0.38 0.39 0.39 0.39 0.09 0.34 0.34 0.34 0.34 0.34 0.07 0.06 0.01 0.03 0.52 0.60 0.60 0.60 0.60 0.60 0.57 0.60 0.60 0.60 0.60 0.59 0.62 0.63 0.54 0.53 0.48 0.54 0.66 1.00 1.00 1.00
0.67 0.64 0.64 0.62 0.44 0.66 0.64 0.62 0.59 0.65 0.62 0.62 0.65 0.62 0.62 0.60 0.40 0.61 0.57 0.62 0.62 0.62 0.62 0.61 0.39 0.50 0.62 0.36 0.57 0.61 0.60 0.60 0.61 0.61 0.60 0.60 0.58 0.61 0.58 0.53 0.42 0.52 0.45 0.53 0.53 0.52 0.53 0.53 0.51 0.52 0.52 0.52 0.15 0.47 0.47 0.47 0.47 0.47 0.12 0.13 0.02 0.06 0.63 0.70 0.70 0.70 0.70 0.70 0.68 0.70 0.70 0.70 0.70 0.69 0.71 0.72 0.64 0.65 0.60 0.65 0.73 1.00 1.00 1.00
0.72 0.69 0.69 0.68 0.50 0.71 0.69 0.67 0.65 0.69 0.67 0.67 0.69 0.67 0.67 0.66 0.45 0.66 0.62 0.67 0.67 0.67 0.67 0.66 0.44 0.56 0.67 0.42 0.62 0.67 0.66 0.66 0.66 0.67 0.66 0.66 0.64 0.67 0.64 0.59 0.48 0.58 0.50 0.58 0.58 0.57 0.58 0.58 0.56 0.57 0.57 0.57 0.18 0.52 0.52 0.52 0.52 0.52 0.16 0.14 0.02 0.08 0.69 0.74 0.74 0.74 0.74 0.74 0.72 0.74 0.74 0.74 0.74 0.73 0.75 0.75 0.68 0.69 0.65 0.69 0.75 1.00 1.00 1.00
0.51 0.45 0.45 0.44 0.26 0.49 0.45 0.42 0.40 0.47 0.43 0.42 0.47 0.42 0.42 0.40 0.23 0.39 0.37 0.40 0.42 0.42 0.42 0.39 0.20 0.28 0.40 0.19 0.35 0.40 0.39 0.39 0.39 0.40 0.39 0.39 0.37 0.40 0.37 0.36 0.25 0.34 0.28 0.35 0.35 0.34 0.35 0.35 0.33 0.34 0.34 0.34 0.08 0.29 0.29 0.29 0.29 0.29 0.06 0.05 0.00 0.03 0.46 0.55 0.55 0.55 0.55 0.55 0.53 0.55 0.55 0.56 0.55 0.55 0.58 0.59 0.50 0.49 0.43 0.49 0.64 1.00 1.00 1.00
0.64 0.61 0.61 0.59 0.40 0.63 0.61 0.58 0.56 0.61 0.59 0.58 0.61 0.58 0.58 0.57 0.36 0.56 0.53 0.58 0.58 0.58 0.58 0.56 0.36 0.46 0.58 0.33 0.53 0.57 0.57 0.56 0.56 0.57 0.57 0.56 0.54 0.57 0.54 0.50 0.39 0.49 0.42 0.49 0.49 0.48 0.49 0.49 0.48 0.48 0.48 0.48 0.14 0.44 0.44 0.44 0.44 0.44 0.11 0.11 0.01 0.06 0.61 0.67 0.67 0.67 0.67 0.67 0.65 0.67 0.67 0.67 0.67 0.67 0.69 0.69 0.61 0.62 0.57 0.62 0.71 1.00 1.00 1.00
0.69 0.66 0.66 0.65 0.47 0.68 0.66 0.64 0.62 0.67 0.64 0.64 0.67 0.64 0.64 0.62 0.42 0.63 0.59 0.64 0.64 0.64 0.64 0.63 0.42 0.52 0.64 0.39 0.58 0.64 0.63 0.63 0.63 0.64 0.63 0.63 0.61 0.64 0.61 0.56 0.45 0.54 0.47 0.55 0.55 0.54 0.55 0.55 0.53 0.54 0.54 0.54 0.16 0.50 0.50 0.50 0.50 0.50 0.14 0.13 0.02 0.07 0.65 0.71 0.71 0.71 0.71 0.71 0.70 0.71 0.71 0.71 0.71 0.71 0.73 0.73 0.66 0.66 0.62 0.67 0.74 1.00 1.00 1.00
0.92 0.92 0.92 0.92 0.82 0.92 0.92 0.91 0.91 0.92 0.92 0.91 0.92 0.92 0.92 0.91 0.76 0.92 0.89 0.91 0.92 0.92 0.92 0.92 0.81 0.88 0.91 0.77 0.90 0.92 0.91 0.91 0.92 0.92 0.91 0.91 0.91 0.92 0.91 0.87 0.82 0.87 0.83 0.87 0.87 0.87 0.87 0.87 0.87 0.87 0.87 0.87 0.45 0.85 0.85 0.85 0.85 0.85 0.42 0.43 0.13 0.23 0.91 0.92 0.92 0.92 0.92 0.92 0.92 0.92 0.92 0.92 0.92 0.92 0.93 0.93 0.89 0.91 0.90 0.91 0.90 1.00 1.00 1.00
0.45 0.39 0.39 0.37 0.21 0.43 0.39 0.35 0.33 0.40 0.36 0.35 0.40 0.35 0.35 0.33 0.18 0.33 0.31 0.34 0.35 0.35 0.35 0.33 0.16 0.22 0.34 0.16 0.28 0.34 0.32 0.32 0.33 0.34 0.32 0.32 0.30 0.34 0.30 0.29 0.20 0.28 0.22 0.28 0.28 0.27 0.28 0.28 0.26 0.27 0.27 0.27 0.06 0.23 0.23 0.23 0.23 0.23 0.04 0.04 0.00 0.02 0.41 0.50 0.50 0.50 0.50 0.50 0.47 0.50 0.50 0.51 0.50 0.50 0.53 0.54 0.45 0.43 0.37 0.44 0.61 1.00 1.00 1.00
0.69 0.66 0.66 0.65 0.46 0.68 0.66 0.64 0.62 0.67 0.64 0.64 0.67 0.64 0.64 0.62 0.42 0.63 0.59 0.64 0.64 0.64 0.64 0.63 0.42 0.52 0.64 0.40 0.59 0.64 0.63 0.63 0.63 0.64 0.63 0.63 0.61 0.64 0.61 0.56 0.45 0.55 0.48 0.56 0.56 0.55 0.56 0.56 0.54 0.55 0.55 0.55 0.16 0.50 0.50 0.50 0.50 0.50 0.14 0.14 0.02 0.08 0.65 0.71 0.71 0.71 0.71 0.71 0.69 0.71 0.71 0.71 0.71 0.71 0.72 0.73 0.66 0.66 0.62 0.67 0.74 1.00 1.00 1.00
0.52 0.47 0.47 0.45 0.28 0.51 0.47 0.44 0.42 0.48 0.44 0.44 0.48 0.44 0.44 0.42 0.25 0.42 0.39 0.42 0.44 0.44 0.44 0.42 0.23 0.30 0.42 0.21 0.37 0.42 0.41 0.41 0.42 0.42 0.41 0.41 0.39 0.42 0.39 0.36 0.26 0.35 0.29 0.36 0.36 0.35 0.36 0.36 0.34 0.35 0.35 0.35 0.08 0.31 0.31 0.31 0.31 0.31 0.06 0.05 0.00 0.04 0.48 0.56 0.56 0.56 0.56 0.56 0.54 0.56 0.56 0.57 0.56 0.56 0.59 0.60 0.51 0.50 0.45 0.50 0.65 1.00 1.00 1.00
0.58 0.53 0.53 0.51 0.33 0.56 0.53 0.50 0.48 0.54 0.50 0.50 0.54 0.51 0.51 0.48 0.29 0.48 0.46 0.49 0.51 0.51 0.50 0.48 0.28 0.37 0.49 0.27 0.44 0.49 0.48 0.48 0.48 0.49 0.48 0.48 0.46 0.49 0.46 0.42 0.32 0.41 0.34 0.42 0.42 0.41 0.42 0.42 0.40 0.41 0.41 0.41 0.11 0.37 0.37 0.37 0.37 0.37 0.08 0.07 0.01 0.05 0.54 0.61 0.61 0.61 0.61 0.61 0.59 0.61 0.61 0.62 0.61 0.61 0.63 0.64 0.56 0.56 0.51 0.56 0.68 1.00 1.00 1.00
0.73 0.71 0.71 0.70 0.53 0.72 0.71 0.69 0.67 0.71 0.69 0.69 0.71 0.69 0.69 0.68 0.47 0.68 0.65 0.69 0.69 0.69 0.69 0.68 0.47 0.59 0.69 0.44 0.65 0.69 0.68 0.68 0.68 0.69 0.68 0.68 0.66 0.69 0.66 0.61 0.51 0.60 0.53 0.61 0.61 0.60 0.61 0.61 0.60 0.60 0.60 0.60 0.20 0.56 0.56 0.56 0.56 0.56 0.17 0.17 0.03 0.08 0.70 0.75 0.75 0.75 0.75 0.75 0.73 0.75 0.75 0.75 0.75 0.74 0.76 0.76 0.70 0.70 0.67 0.71 0.77 1.00 1.00 1.00
0.52 0.47 0.47 0.45 0.27 0.50 0.47 0.44 0.42 0.48 0.45 0.44 0.48 0.44 0.44 0.42 0.24 0.41 0.39 0.43 0.44 0.44 0.43 0.41 0.23 0.31 0.43 0.21 0.37 0.43 0.41 0.41 0.41 0.43 0.41 0.41 0.38 0.43 0.38 0.37 0.26 0.35 0.29 0.36 0.36 0.34 0.36 0.36 0.34 0.34 0.34 0.34 0.08 0.30 0.30 0.30 0.30 0.30 0.06 0.06 0.00 0.03 0.48 0.56 0.56 0.56 0.56 0.56 0.54 0.56 0.56 0.57 0.56 0.56 0.59 0.59 0.51 0.50 0.44 0.51 0.65 1.00 1.00 1.00
0.95 0.95 0.95 0.95 0.88 0.95 0.95 0.95 0.94 0.95 0.95 0.95 0.95 0.95 0.95 0.95 0.82 0.95 0.94 0.95 0.95 0.95 0.95 0.95 0.87 0.93 0.95 0.83 0.95 0.95 0.95 0.95 0.95 0.95 0.95 0.95 0.95 0.95 0.95 0.92 0.88 0.92 0.89 0.92 0.92 0.92 0.92 0.92 0.92 0.92 0.92 0.92 0.54 0.90 0.90 0.90 0.90 0.90 0.50 0.51 0.18 0.29 0.95 0.95 0.95 0.95 0.95 0.95 0.95 0.95 0.95 0.95 0.95 0.95 0.96 0.96 0.93 0.95 0.94 0.95 0.93 1.00 1.00 1.00
0.95 0.95 0.95 0.95 0.89 0.95 0.95 0.95 0.95 0.95 0.95 0.95 0.95 0.95 0.95 0.95 0.83 0.95 0.94 0.95 0.95 0.95 0.95 0.95 0.88 0.93 0.95 0.84 0.94 0.95 0.95 0.95 0.95 0.95 0.95 0.95 0.95 0.95 0.95 0.93 0.89 0.93 0.90 0.93 0.93 0.93 0.93 0.93 0.93 0.93 0.93 0.93 0.56 0.91 0.91 0.91 0.91 0.91 0.51 0.52 0.19 0.30 0.95 0.96 0.96 0.96 0.96 0.96 0.95 0.96 0.96 0.96 0.96 0.95 0.96 0.96 0.94 0.95 0.94 0.95 0.93 1.00 1.00 1.00
0.54 0.48 0.48 0.46 0.28 0.53 0.48 0.45 0.42 0.50 0.45 0.44 0.50 0.45 0.45 0.43 0.25 0.43 0.40 0.44 0.45 0.45 0.45 0.43 0.23 0.32 0.44 0.22 0.38 0.44 0.42 0.42 0.43 0.44 0.42 0.42 0.40 0.44 0.40 0.38 0.27 0.36 0.30 0.37 0.37 0.35 0.37 0.37 0.35 0.35 0.35 0.35 0.08 0.31 0.31 0.31 0.31 0.31 0.06 0.06 0.01 0.03 0.49 0.58 0.58 0.58 0.58 0.57 0.55 0.57 0.57 0.58 0.58 0.57 0.60 0.61 0.52 0.51 0.45 0.51 0.65 1.00 1.00 1.00
0.48 0.41 0.41 0.40 0.23 0.46 0.41 0.38 0.35 0.43 0.39 0.38 0.43 0.38 0.38 0.36 0.20 0.35 0.34 0.36 0.38 0.38 0.38 0.35 0.18 0.25 0.36 0.17 0.31 0.36 0.35 0.34 0.35 0.36 0.35 0.35 0.32 0.36 0.32 0.32 0.22 0.31 0.25 0.31 0.31 0.30 0.31 0.32 0.29 0.30 0.30 0.30 0.06 0.26 0.26 0.26 0.26 0.26 0.05 0.04 0.00 0.03 0.43 0.52 0.52 0.52 0.52 0.52 0.50 0.52 0.52 0.53 0.52 0.52 0.55 0.56 0.48 0.45 0.40 0.46 0.62 1.00 1.00 1.00
0.66 0.63 0.63 0.62 0.43 0.65 0.63 0.61 0.58 0.64 0.61 0.61 0.64 0.61 0.61 0.59 0.39 0.59 0.56 0.60 0.61 0.61 0.61 0.59 0.39 0.48 0.60 0.36 0.55 0.60 0.59 0.59 0.59 0.60 0.59 0.59 0.57 0.60 0.57 0.53 0.43 0.52 0.45 0.53 0.53 0.52 0.53 0.53 0.51 0.52 0.52 0.52 0.15 0.47 0.47 0.47 0.47 0.47 0.13 0.12 0.02 0.07 0.63 0.69 0.69 0.69 0.69 0.69 0.67 0.69 0.69 0.69 0.69 0.68 0.70 0.71 0.64 0.64 0.60 0.64 0.73 1.00 1.00 1.00
0.71 0.69 0.69 0.68 0.50 0.70 0.69 0.67 0.65 0.70 0.67 0.67 0.70 0.68 0.68 0.66 0.45 0.66 0.63 0.67 0.68 0.68 0.68 0.66 0.46 0.56 0.67 0.43 0.62 0.67 0.66 0.66 0.66 0.67 0.66 0.66 0.64 0.67 0.64 0.59 0.49 0.58 0.51 0.59 0.59 0.58 0.59 0.59 0.57 0.58 0.58 0.58 0.18 0.53 0.53 0.53 0.53 0.53 0.15 0.15 0.02 0.08 0.68 0.73 0.73 0.73 0.73 0.73 0.72 0.73 0.73 0.74 0.73 0.73 0.75 0.75 0.69 0.69 0.66 0.70 0.76 1.00 1.00 1.00
0.74 0.72 0.72 0.71 0.53 0.74 0.72 0.71 0.68 0.73 0.71 0.70 0.73 0.71 0.71 0.69 0.48 0.70 0.66 0.70 0.71 0.71 0.71 0.70 0.49 0.60 0.70 0.46 0.66 0.70 0.70 0.70 0.70 0.70 0.70 0.70 0.68 0.70 0.68 0.63 0.53 0.62 0.55 0.62 0.62 0.61 0.62 0.62 0.61 0.61 0.61 0.61 0.19 0.57 0.57 0.57 0.57 0.57 0.18 0.17 0.03 0.09 0.72 0.76 0.76 0.76 0.76 0.76 0.75 0.76 0.76 0.76 0.76 0.76 0.77 0.77 0.71 0.72 0.68 0.72 0.77 1.00 1.00 1.00
0.69 0.66 0.66 0.65 0.47 0.68 0.66 0.64 0.62 0.67 0.65 0.65 0.67 0.65 0.65 0.63 0.42 0.63 0.59 0.64 0.65 0.65 0.65 0.63 0.42 0.53 0.64 0.39 0.59 0.64 0.63 0.63 0.63 0.64 0.63 0.63 0.60 0.64 0.60 0.56 0.45 0.55 0.48 0.55 0.55 0.54 0.55 0.55 0.53 0.54 0.54 0.54 0.16 0.49 0.49 0.49 0.49 0.49 0.14 0.13 0.02 0.07 0.66 0.72 0.72 0.72 0.72 0.72 0.70 0.72 0.72 0.72 0.72 0.71 0.73 0.73 0.66 0.66 0.62 0.67 0.74 1.00 1.00 1.00
0.61 0.56 0.56 0.55 0.37 0.59 0.56 0.54 0.51 0.57 0.54 0.53 0.57 0.54 0.54 0.52 0.33 0.52 0.49 0.53 0.54 0.54 0.54 0.52 0.31 0.41 0.53 0.29 0.47 0.52 0.52 0.51 0.52 0.52 0.52 0.51 0.49 0.52 0.49 0.46 0.36 0.45 0.38 0.46 0.46 0.44 0.46 0.46 0.44 0.44 0.44 0.44 0.12 0.40 0.40 0.40 0.40 0.40 0.10 0.09 0.01 0.05 0.57 0.64 0.64 0.64 0.64 0.64 0.62 0.64 0.64 0.64 0.64 0.64 0.66 0.66 0.59 0.58 0.53 0.59 0.69 1.00 1.00 1.00
0.62 0.58 0.58 0.57 0.38 0.61 0.58 0.55 0.53 0.59 0.56 0.55 0.59 0.55 0.55 0.53 0.33 0.53 0.50 0.54 0.55 0.55 0.55 0.53 0.32 0.42 0.54 0.31 0.49 0.54 0.53 0.53 0.53 0.54 0.53 0.53 0.51 0.54 0.51 0.48 0.37 0.47 0.40 0.47 0.47 0.46 0.47 0.47 0.46 0.46 0.46 0.46 0.12 0.41 0.41 0.41 0.41 0.41 0.11 0.10 0.01 0.05 0.58 0.65 0.65 0.65 0.65 0.65 0.63 0.65 0.65 0.66 0.65 0.65 0.67 0.67 0.60 0.59 0.55 0.60 0.70 1.00 1.00 1.00
0.62 0.58 0.58 0.57 0.39 0.61 0.58 0.56 0.53 0.59 0.56 0.56 0.59 0.56 0.56 0.54 0.34 0.54 0.51 0.55 0.56 0.56 0.56 0.54 0.34 0.43 0.55 0.32 0.50 0.55 0.54 0.54 0.54 0.55 0.54 0.54 0.52 0.55 0.52 0.48 0.37 0.47 0.40 0.47 0.47 0.46 0.47 0.47 0.45 0.46 0.46 0.46 0.12 0.41 0.41 0.41 0.41 0.41 0.10 0.10 0.01 0.05 0.59 0.65 0.65 0.65 0.65 0.65 0.63 0.65 0.65 0.66 0.65 0.65 0.67 0.68 0.59 0.60 0.55 0.60 0.70 1.00 1.00 1.00
0.79 0.78 0.78 0.77 0.61 0.79 0.78 0.76 0.75 0.78 0.76 0.76 0.78 0.77 0.77 0.76 0.55 0.76 0.72 0.76 0.77 0.77 0.77 0.76 0.57 0.68 0.76 0.53 0.73 0.76 0.76 0.76 0.76 0.76 0.76 0.76 0.74 0.76 0.74 0.70 0.60 0.69 0.62 0.69 0.69 0.68 0.69 0.69 0.68 0.68 0.68 0.68 0.25 0.64 0.64 0.64 0.64 0.64 0.23 0.22 0.04 0.11 0.76 0.80 0.80 0.80 0.80 0.80 0.79 0.80 0.80 0.81 0.80 0.80 0.81 0.82 0.75 0.77 0.74 0.77 0.80 1.00 1.00 1.00
0.71 0.69 0.69 0.68 0.50 0.71 0.69 0.67 0.65 0.70 0.68 0.67 0.70 0.68 0.68 0.66 0.45 0.66 0.63 0.67 0.68 0.68 0.68 0.66 0.46 0.57 0.67 0.43 0.63 0.67 0.66 0.66 0.66 0.67 0.66 0.66 0.64 0.67 0.64 0.60 0.49 0.58 0.52 0.59 0.59 0.58 0.59 0.59 0.57 0.58 0.58 0.58 0.19 0.53 0.53 0.53 0.53 0.53 0.16 0.16 0.02 0.08 0.68 0.74 0.74 0.74 0.74 0.73 0.72 0.73 0.73 0.74 0.74 0.73 0.75 0.75 0.68 0.69 0.65 0.69 0.75 1.00 1.00 1.00
0.45 0.38 0.38 0.36 0.21 0.43 0.38 0.35 0.33 0.40 0.36 0.35 0.40 0.35 0.35 0.32 0.17 0.32 0.31 0.34 0.35 0.35 0.35 0.32 0.16 0.22 0.34 0.15 0.28 0.33 0.32 0.32 0.32 0.33 0.32 0.32 0.30 0.33 0.30 0.29 0.20 0.28 0.22 0.28 0.28 0.27 0.28 0.29 0.27 0.27 0.27 0.27 0.06 0.23 0.23 0.23 0.23 0.23 0.04 0.03 0.00 0.02 0.41 0.50 0.50 0.50 0.50 0.50 0.47 0.50 0.50 0.51 0.50 0.50 0.53 0.54 0.46 0.43 0.37 0.44 0.61 1.00 1.00 1.00
0.44 0.37 0.37 0.35 0.20 0.42 0.37 0.34 0.32 0.39 0.35 0.34 0.39 0.34 0.33 0.31 0.17 0.31 0.30 0.32 0.34 0.34 0.33 0.31 0.15 0.21 0.32 0.14 0.27 0.32 0.31 0.31 0.31 0.32 0.31 0.31 0.29 0.32 0.29 0.28 0.19 0.27 0.21 0.28 0.28 0.27 0.28 0.28 0.26 0.27 0.27 0.27 0.06 0.23 0.23 0.23 0.23 0.23 0.04 0.03 0.00 0.02 0.39 0.49 0.49 0.49 0.49 0.49 0.46 0.49 0.49 0.50 0.49 0.49 0.52 0.53 0.44 0.42 0.36 0.42 0.61 1.00 1.00 1.00
0.88 0.88 0.88 0.88 0.76 0.88 0.88 0.87 0.86 0.88 0.87 0.87 0.88 0.87 0.87 0.87 0.69 0.87 0.84 0.87 0.87 0.87 0.87 0.87 0.74 0.82 0.87 0.69 0.85 0.87 0.87 0.87 0.87 0.87 0.87 0.87 0.86 0.87 0.86 0.82 0.74 0.81 0.76 0.81 0.81 0.81 0.81 0.81 0.80 0.81 0.81 0.81 0.37 0.78 0.78 0.78 0.78 0.78 0.33 0.34 0.08 0.18 0.87 0.89 0.89 0.89 0.89 0.89 0.88 0.89 0.89 0.89 0.89 0.89 0.89 0.89 0.85 0.87 0.84 0.87 0.87 1.00 1.00 1.00
0.93 0.93 0.93 0.93 0.84 0.93 0.93 0.93 0.92 0.93 0.93 0.93 0.93 0.93 0.93 0.92 0.78 0.93 0.91 0.93 0.93 0.93 0.93 0.93 0.83 0.90 0.93 0.79 0.92 0.93 0.93 0.93 0.93 0.93 0.93 0.93 0.92 0.93 0.92 0.89 0.84 0.89 0.85 0.89 0.89 0.89 0.89 0.89 0.89 0.89 0.89 0.89 0.47 0.86 0.86 0.86 0.86 0.86 0.44 0.45 0.14 0.25 0.92 0.93 0.93 0.93 0.93 0.93 0.93 0.93 0.93 0.93 0.93 0.93 0.94 0.94 0.90 0.92 0.91 0.92 0.91 1.00 1.00 1.00
0.61 0.57 0.57 0.55 0.37 0.60 0.57 0.54 0.52 0.58 0.55 0.54 0.58 0.54 0.54 0.52 0.32 0.52 0.49 0.53 0.54 0.54 0.54 0.52 0.31 0.41 0.53 0.29 0.47 0.53 0.52 0.52 0.52 0.53 0.52 0.52 0.50 0.53 0.50 0.46 0.36 0.45 0.38 0.46 0.46 0.44 0.46 0.46 0.44 0.44 0.44 0.44 0.12 0.40 0.40 0.40 0.40 0.40 0.10 0.09 0.01 0.05 0.57 0.65 0.65 0.65 0.65 0.64 0.63 0.64 0.64 0.65 0.65 0.64 0.66 0.67 0.59 0.59 0.54 0.59 0.69 1.00 1.00 1.00
0.95 0.95 0.95 0.95 0.88 0.95 0.95 0.95 0.94 0.95 0.95 0.95 0.95 0.95 0.95 0.95 0.83 0.95 0.93 0.95 0.95 0.95 0.95 0.95 0.87 0.93 0.95 0.82 0.94 0.95 0.95 0.95 0.95 0.95 0.95 0.95 0.94 0.95 0.94 0.92 0.88 0.92 0.89 0.92 0.92 0.92 0.92 0.92 0.91 0.92 0.92 0.92 0.53 0.90 0.90 0.90 0.90 0.90 0.50 0.50 0.17 0.28 0.94 0.95 0.95 0.95 0.95 0.95 0.95 0.95 0.95 0.95 0.95 0.95 0.95 0.95 0.93 0.94 0.94 0.95 0.93 1.00 1.00 1.00
0.43 0.35 0.35 0.33 0.17 0.40 0.35 0.31 0.29 0.37 0.32 0.31 0.37 0.31 0.31 0.29 0.15 0.28 0.28 0.30 0.31 0.31 0.31 0.28 0.13 0.19 0.30 0.13 0.25 0.30 0.29 0.28 0.28 0.30 0.29 0.29 0.26 0.30 0.26 0.26 0.17 0.25 0.20 0.26 0.26 0.25 0.26 0.26 0.24 0.25 0.25 0.25 0.05 0.21 0.21 0.21 0.21 0.21 0.04 0.03 0.00 0.02 0.37 0.48 0.48 0.48 0.48 0.47 0.45 0.47 0.47 0.48 0.48 0.47 0.50 0.52 0.43 0.40 0.34 0.41 0.59 1.00 1.00 1.00
0.72 0.69 0.69 0.68 0.50 0.71 0.69 0.67 0.65 0.70 0.68 0.67 0.70 0.68 0.67 0.66 0.46 0.67 0.63 0.67 0.68 0.68 0.68 0.67 0.46 0.57 0.67 0.43 0.63 0.67 0.67 0.67 0.67 0.67 0.67 0.67 0.65 0.67 0.65 0.59 0.49 0.58 0.52 0.59 0.59 0.58 0.59 0.59 0.57 0.58 0.58 0.58 0.18 0.53 0.53 0.53 0.53 0.53 0.16 0.16 0.02 0.08 0.69 0.74 0.74 0.74 0.74 0.74 0.72 0.74 0.74 0.74 0.74 0.73 0.75 0.75 0.69 0.70 0.66 0.70 0.76 1.00 1.00 1.00
0.63 0.59 0.59 0.57 0.39 0.61 0.59 0.56 0.54 0.59 0.57 0.56 0.59 0.56 0.56 0.55 0.35 0.55 0.51 0.56 0.56 0.56 0.56 0.55 0.33 0.43 0.56 0.32 0.50 0.55 0.54 0.54 0.55 0.55 0.54 0.54 0.52 0.55 0.52 0.48 0.37 0.47 0.40 0.48 0.48 0.47 0.48 0.48 0.46 0.47 0.47 0.47 0.12 0.42 0.42 0.42 0.42 0.42 0.11 0.10 0.01 0.06 0.58 0.66 0.66 0.66 0.66 0.65 0.64 0.65 0.65 0.66 0.66 0.65 0.67 0.68 0.60 0.60 0.55 0.60 0.71 1.00 1.00 1.00
0.90 0.91 0.91 0.90 0.79 0.91 0.91 0.90 0.89 0.90 0.90 0.90 0.90 0.90 0.90 0.90 0.73 0.90 0.88 0.90 0.90 0.90 0.90 0.90 0.79 0.86 0.90 0.75 0.89 0.90 0.90 0.90 0.90 0.90 0.90 0.90 0.89 0.90 0.89 0.86 0.79 0.85 0.81 0.86 0.86 0.85 0.86 0.86 0.85 0.85 0.85 0.85 0.41 0.82 0.82 0.82 0.82 0.82 0.39 0.39 0.11 0.22 0.89 0.91 0.91 0.91 0.91 0.91 0.91 0.91 0.91 0.91 0.91 0.91 0.91 0.91 0.88 0.89 0.88 0.90 0.88 1.00 1.00 1.00
0.94 0.94 0.94 0.94 0.87 0.94 0.94 0.94 0.93 0.94 0.94 0.94 0.94 0.94 0.94 0.94 0.81 0.94 0.92 0.94 0.94 0.94 0.94 0.94 0.86 0.91 0.94 0.82 0.93 0.94 0.94 0.94 0.94 0.94 0.94 0.94 0.94 0.94 0.94 0.91 0.86 0.91 0.88 0.91 0.91 0.91 0.91 0.91 0.91 0.91 0.91 0.91 0.51 0.89 0.89 0.89 0.89 0.89 0.48 0.48 0.16 0.27 0.94 0.95 0.95 0.95 0.95 0.95 0.94 0.95 0.95 0.95 0.95 0.94 0.95 0.95 0.92 0.94 0.93 0.94 0.92 1.00 1.00 1.00
0.66 0.62 0.62 0.61 0.42 0.65 0.62 0.60 0.57 0.63 0.60 0.60 0.63 0.60 0.60 0.58 0.38 0.58 0.55 0.59 0.60 0.60 0.60 0.58 0.37 0.48 0.59 0.34 0.55 0.59 0.59 0.59 0.58 0.59 0.59 0.59 0.56 0.59 0.56 0.52 0.40 0.50 0.43 0.50 0.50 0.49 0.50 0.51 0.49 0.49 0.49 0.49 0.14 0.44 0.44 0.44 0.44 0.44 0.11 0.11 0.01 0.06 0.62 0.69 0.69 0.69 0.69 0.69 0.67 0.69 0.69 0.69 0.69 0.68 0.70 0.71 0.63 0.63 0.58 0.64 0.72 1.00 1.00 1.00
0.63 0.59 0.59 0.58 0.39 0.62 0.59 0.57 0.54 0.60 0.57 0.56 0.60 0.57 0.57 0.55 0.34 0.55 0.51 0.56 0.57 0.57 0.57 0.55 0.34 0.44 0.56 0.32 0.51 0.56 0.55 0.55 0.55 0.56 0.55 0.55 0.52 0.56 0.52 0.49 0.38 0.48 0.41 0.48 0.48 0.47 0.48 0.48 0.46 0.47 0.47 0.47 0.13 0.42 0.42 0.42 0.42 0.42 0.11 0.10 0.01 0.05 0.60 0.66 0.66 0.66 0.66 0.66 0.64 0.66 0.66 0.67 0.66 0.66 0.68 0.68 0.60 0.60 0.56 0.61 0.71 1.00 1.00 1.00
0.98 0.98 0.98 0.98 0.93 0.98 0.98 0.98 0.97 0.98 0.98 0.98 0.98 0.98 0.98 0.98 0.89 0.98 0.97 0.98 0.98 0.98 0.98 0.98 0.93 0.97 0.98 0.89 0.97 0.98 0.98 0.98 0.98 0.98 0.98 0.98 0.98 0.98 0.98 0.96 0.94 0.96 0.94 0.96 0.96 0.96 0.96 0.96 0.96 0.96 0.96 0.96 0.64 0.95 0.95 0.95 0.95 0.95 0.59 0.61 0.27 0.38 0.97 0.98 0.98 0.98 0.98 0.98 0.98 0.98 0.98 0.98 0.98 0.98 0.98 0.98 0.96 0.97 0.97 0.98 0.95 1.00 1.00 1.00
0.78 0.76 0.76 0.76 0.59 0.78 0.76 0.75 0.73 0.77 0.75 0.75 0.77 0.76 0.76 0.75 0.54 0.75 0.71 0.75 0.76 0.76 0.76 0.75 0.55 0.66 0.75 0.52 0.72 0.75 0.75 0.75 0.75 0.75 0.75 0.75 0.73 0.75 0.73 0.68 0.58 0.67 0.60 0.67 0.67 0.66 0.67 0.67 0.66 0.66 0.66 0.66 0.23 0.62 0.62 0.62 0.62 0.62 0.21 0.21 0.04 0.11 0.76 0.80 0.80 0.80 0.80 0.80 0.79 0.80 0.80 0.80 0.80 0.79 0.80 0.81 0.74 0.76 0.73 0.77 0.79 1.00 1.00 1.00
0.96 0.96 0.96 0.96 0.89 0.96 0.96 0.95 0.95 0.96 0.96 0.96 0.96 0.96 0.96 0.95 0.83 0.96 0.94 0.96 0.96 0.96 0.96 0.96 0.88 0.93 0.96 0.84 0.95 0.96 0.96 0.96 0.96 0.96 0.96 0.96 0.95 0.96 0.95 0.93 0.90 0.93 0.91 0.93 0.93 0.93 0.93 0.93 0.93 0.93 0.93 0.93 0.56 0.91 0.91 0.91 0.91 0.91 0.53 0.53 0.20 0.31 0.95 0.96 0.96 0.96 0.96 0.96 0.96 0.96 0.96 0.96 0.96 0.96 0.96 0.96 0.93 0.95 0.94 0.95 0.93 1.00 1.00 1.00
0.61 0.57 0.57 0.55 0.36 0.60 0.57 0.54 0.52 0.58 0.54 0.54 0.58 0.54 0.54 0.52 0.33 0.52 0.49 0.53 0.54 0.54 0.54 0.52 0.32 0.41 0.53 0.29 0.47 0.53 0.52 0.52 0.52 0.53 0.52 0.52 0.49 0.53 0.49 0.46 0.35 0.45 0.38 0.46 0.46 0.45 0.46 0.46 0.44 0.45 0.45 0.45 0.12 0.40 0.40 0.40 0.40 0.40 0.09 0.08 0.01 0.05 0.57 0.65 0.65 0.65 0.65 0.64 0.62 0.64 0.64 0.65 0.65 0.64 0.66 0.67 0.59 0.59 0.54 0.59 0.70 1.00 1.00 1.00
0.67 0.63 0.63 0.62 0.43 0.66 0.63 0.61 0.59 0.64 0.61 0.61 0.64 0.61 0.61 0.59 0.38 0.59 0.56 0.60 0.61 0.61 0.61 0.59 0.39 0.48 0.60 0.36 0.55 0.60 0.59 0.59 0.59 0.60 0.59 0.59 0.57 0.60 0.57 0.53 0.42 0.52 0.45 0.53 0.53 0.52 0.53 0.53 0.51 0.52 0.52 0.52 0.15 0.47 0.47 0.47 0.47 0.47 0.13 0.12 0.02 0.07 0.63 0.70 0.70 0.70 0.70 0.69 0.68 0.69 0.69 0.70 0.70 0.69 0.71 0.72 0.64 0.64 0.60 0.65 0.72 1.00 1.00 1.00
0.71 0.69 0.69 0.67 0.49 0.70 0.69 0.67 0.64 0.69 0.67 0.67 0.69 0.67 0.67 0.66 0.45 0.66 0.62 0.67 0.67 0.67 0.67 0.66 0.44 0.55 0.67 0.42 0.62 0.66 0.66 0.66 0.66 0.66 0.66 0.66 0.64 0.66 0.64 0.59 0.47 0.58 0.50 0.58 0.58 0.57 0.58 0.58 0.57 0.57 0.57 0.57 0.17 0.53 0.53 0.53 0.53 0.53 0.16 0.15 0.02 0.08 0.68 0.73 0.73 0.73 0.73 0.73 0.72 0.73 0.73 0.74 0.73 0.73 0.75 0.75 0.69 0.69 0.65 0.69 0.76 1.00 1.00 1.00
0.72 0.70 0.70 0.69 0.51 0.72 0.70 0.68 0.66 0.71 0.69 0.68 0.71 0.69 0.69 0.67 0.45 0.67 0.63 0.68 0.69 0.69 0.69 0.67 0.47 0.57 0.68 0.44 0.63 0.68 0.67 0.67 0.67 0.68 0.67 0.67 0.65 0.68 0.65 0.60 0.50 0.59 0.52 0.59 0.59 0.58 0.59 0.59 0.58 0.58 0.58 0.58 0.19 0.54 0.54 0.54 0.54 0.54 0.17 0.16 0.02 0.08 0.69 0.75 0.75 0.75 0.75 0.75 0.73 0.75 0.75 0.75 0.75 0.74 0.76 0.76 0.69 0.70 0.66 0.71 0.76 1.00 1.00 1.00
0.71 0.68 0.68 0.67 0.49 0.70 0.68 0.66 0.64 0.69 0.66 0.66 0.69 0.67 0.67 0.65 0.43 0.65 0.61 0.66 0.67 0.67 0.67 0.65 0.44 0.55 0.66 0.42 0.61 0.66 0.65 0.65 0.65 0.66 0.65 0.65 0.63 0.66 0.63 0.58 0.47 0.57 0.50 0.57 0.57 0.56 0.57 0.57 0.55 0.56 0.56 0.56 0.17 0.51 0.51 0.51 0.51 0.51 0.15 0.15 0.02 0.08 0.67 0.73 0.73 0.73 0.73 0.73 0.71 0.73 0.73 0.73 0.73 0.72 0.74 0.75 0.67 0.68 0.64 0.68 0.74 1.00 1.00 1.00
0.43 0.36 0.36 0.33 0.18 0.40 0.36 0.32 0.30 0.38 0.32 0.32 0.38 0.31 0.31 0.30 0.15 0.29 0.29 0.31 0.31 0.31 0.31 0.29 0.14 0.19 0.31 0.13 0.25 0.31 0.29 0.29 0.29 0.31 0.29 0.29 0.27 0.31 0.27 0.26 0.17 0.25 0.20 0.26 0.26 0.24 0.26 0.26 0.24 0.24 0.24 0.24 0.05 0.21 0.21 0.21 0.21 0.21 0.03 0.03 0.00 0.02 0.38 0.48 0.48 0.48 0.48 0.47 0.45 0.47 0.47 0.49 0.48 0.47 0.51 0.52 0.43 0.40 0.34 0.41 0.59 1.00 1.00 1.00
0.72 0.69 0.69 0.68 0.50 0.71 0.69 0.68 0.65 0.70 0.68 0.68 0.70 0.68 0.68 0.66 0.45 0.66 0.63 0.67 0.68 0.68 0.68 0.66 0.46 0.57 0.67 0.42 0.63 0.67 0.66 0.66 0.66 0.67 0.66 0.67 0.65 0.67 0.65 0.60 0.49 0.59 0.52 0.59 0.59 0.58 0.59 0.59 0.58 0.58 0.58 0.58 0.18 0.53 0.53 0.53 0.53 0.53 0.16 0.15 0.02 0.08 0.68 0.74 0.74 0.74 0.74 0.74 0.73 0.74 0.74 0.75 0.74 0.74 0.75 0.76 0.69 0.70 0.66 0.70 0.76 1.00 1.00 1.00
0.61 0.57 0.57 0.56 0.37 0.60 0.57 0.55 0.52 0.58 0.55 0.55 0.58 0.55 0.54 0.53 0.34 0.53 0.50 0.54 0.55 0.55 0.54 0.53 0.32 0.42 0.54 0.30 0.48 0.54 0.52 0.52 0.53 0.54 0.52 0.52 0.50 0.54 0.50 0.46 0.35 0.45 0.38 0.46 0.46 0.45 0.46 0.46 0.44 0.45 0.45 0.45 0.12 0.40 0.40 0.40 0.40 0.40 0.10 0.09 0.01 0.05 0.57 0.65 0.65 0.65 0.65 0.64 0.62 0.64 0.64 0.65 0.65 0.64 0.66 0.67 0.58 0.58 0.53 0.59 0.69 1.00 1.00 1.00
0.77 0.75 0.75 0.75 0.57 0.77 0.75 0.74 0.72 0.76 0.74 0.74 0.76 0.74 0.74 0.73 0.52 0.73 0.70 0.74 0.74 0.74 0.74 0.73 0.54 0.64 0.74 0.50 0.70 0.74 0.73 0.73 0.73 0.74 0.73 0.73 0.71 0.74 0.71 0.67 0.56 0.66 0.59 0.66 0.66 0.65 0.66 0.66 0.64 0.65 0.65 0.65 0.22 0.60 0.60 0.60 0.60 0.60 0.20 0.19 0.03 0.10 0.74 0.79 0.79 0.79 0.79 0.79 0.78 0.79 0.79 0.79 0.79 0.79 0.80 0.80 0.73 0.75 0.71 0.76 0.79 1.00 1.00 1.00
0.65 0.61 0.61 0.60 0.41 0.64 0.61 0.58 0.56 0.62 0.59 0.59 0.62 0.59 0.59 0.57 0.37 0.57 0.54 0.58 0.59 0.59 0.59 0.57 0.37 0.46 0.58 0.34 0.53 0.58 0.57 0.57 0.57 0.58 0.57 0.57 0.55 0.58 0.55 0.51 0.40 0.49 0.43 0.50 0.50 0.49 0.50 0.50 0.48 0.49 0.49 0.49 0.14 0.45 0.45 0.45 0.45 0.45 0.12 0.11 0.01 0.06 0.61 0.68 0.68 0.68 0.68 0.67 0.66 0.67 0.67 0.68 0.68 0.67 0.69 0.70 0.62 0.62 0.57 0.62 0.71 1.00 1.00 1.00
0.48 0.42 0.42 0.40 0.23 0.46 0.42 0.39 0.36 0.43 0.39 0.38 0.43 0.38 0.38 0.36 0.20 0.36 0.34 0.37 0.38 0.38 0.38 0.36 0.18 0.25 0.37 0.17 0.31 0.37 0.36 0.35 0.36 0.37 0.36 0.35 0.33 0.37 0.33 0.32 0.22 0.31 0.25 0.32 0.32 0.30 0.32 0.32 0.30 0.30 0.30 0.30 0.07 0.26 0.26 0.26 0.26 0.26 0.05 0.04 0.00 0.03 0.43 0.52 0.52 0.52 0.52 0.52 0.50 0.52 0.52 0.53 0.52 0.52 0.55 0.56 0.48 0.46 0.40 0.46 0.63 1.00 1.00 1.00
0.66 0.63 0.63 0.62 0.43 0.66 0.63 0.61 0.58 0.64 0.61 0.61 0.64 0.61 0.61 0.59 0.39 0.59 0.56 0.60 0.61 0.61 0.61 0.59 0.38 0.48 0.60 0.35 0.55 0.60 0.59 0.59 0.59 0.60 0.59 0.59 0.57 0.60 0.57 0.52 0.41 0.51 0.44 0.51 0.51 0.50 0.51 0.52 0.50 0.50 0.50 0.50 0.15 0.46 0.46 0.46 0.46 0.46 0.12 0.11 0.01 0.06 0.63 0.69 0.69 0.69 0.69 0.69 0.68 0.69 0.69 0.70 0.69 0.69 0.71 0.71 0.63 0.64 0.60 0.65 0.72 1.00 1.00 1.00
0.75 0.73 0.73 0.72 0.54 0.75 0.73 0.72 0.69 0.74 0.72 0.72 0.74 0.72 0.72 0.71 0.50 0.71 0.68 0.72 0.72 0.72 0.72 0.71 0.51 0.62 0.72 0.48 0.68 0.72 0.71 0.71 0.71 0.72 0.71 0.71 0.69 0.72 0.69 0.64 0.53 0.63 0.56 0.63 0.63 0.62 0.63 0.63 0.62 0.62 0.62 0.62 0.22 0.58 0.58 0.58 0.58 0.58 0.19 0.18 0.03 0.10 0.72 0.77 0.77 0.77 0.77 0.77 0.76 0.77 0.77 0.78 0.77 0.77 0.78 0.79 0.72 0.73 0.70 0.74 0.78 1.00 1.00 1.00
0.74 0.71 0.71 0.71 0.54 0.73 0.71 0.70 0.68 0.72 0.70 0.70 0.72 0.70 0.70 0.69 0.48 0.69 0.66 0.70 0.70 0.70 0.70 0.69 0.49 0.60 0.70 0.46 0.66 0.70 0.69 0.69 0.69 0.70 0.69 0.69 0.67 0.70 0.67 0.62 0.52 0.61 0.54 0.62 0.62 0.61 0.62 0.62 0.60 0.61 0.61 0.61 0.20 0.57 0.57 0.57 0.57 0.57 0.18 0.17 0.03 0.10 0.71 0.76 0.76 0.76 0.76 0.76 0.74 0.76 0.76 0.76 0.76 0.75 0.77 0.77 0.71 0.72 0.68 0.72 0.77 1.00 1.00 1.00
