0.49 0.52 0.52 0.54 0.32 0.49 0.52 0.52 0.48 0.47 0.48 0.46 0.47 0.44 0.44 0.43 0.23 0.42 0.36 0.41 0.44 0.44 0.44 0.42 0.20 0.28 0.41 0.19 0.36 0.41 0.40 0.40 0.42 0.41 0.40 0.40 0.38 0.41 0.38 0.66 0.63 0.84 0.70 0.95 0.95 1.00 0.95 0.94 0.96 1.00 1.00 1.00 0.08 0.84 0.84 0.84 0.84 0.84 0.15 0.13 0.01 0.07 0.42 0.51 0.51 0.51 0.51 0.52 0.52 0.52 0.52 0.47 0.51 0.48 0.47 0.47 0.41 0.55 0.63 0.55 0.28 0.30 0.30 0.30
0.47 0.49 0.49 0.51 0.28 0.45 0.49 0.49 0.45 0.44 0.45 0.43 0.44 0.41 0.42 0.41 0.22 0.39 0.32 0.38 0.41 0.41 0.41 0.39 0.19 0.26 0.38 0.17 0.32 0.37 0.37 0.36 0.39 0.37 0.37 0.37 0.34 0.37 0.34 0.64 0.60 0.82 0.69 0.94 0.94 1.00 0.94 0.93 0.96 1.00 1.00 1.00 0.08 0.84 0.84 0.84 0.84 0.84 0.14 0.12 0.01 0.07 0.39 0.48 0.48 0.48 0.48 0.49 0.49 0.49 0.49 0.44 0.48 0.45 0.43 0.43 0.39 0.53 0.61 0.53 0.25 0.26 0.26 0.26
0.48 0.51 0.51 0.52 0.30 0.47 0.51 0.50 0.47 0.46 0.47 0.45 0.46 0.43 0.44 0.43 0.23 0.41 0.34 0.40 0.43 0.43 0.44 0.41 0.20 0.28 0.40 0.19 0.34 0.40 0.39 0.39 0.41 0.40 0.39 0.39 0.37 0.40 0.37 0.65 0.62 0.83 0.70 0.95 0.95 1.00 0.95 0.94 0.96 1.00 1.00 1.00 0.08 0.85 0.85 0.85 0.85 0.85 0.16 0.14 0.01 0.07 0.41 0.50 0.50 0.50 0.50 0.51 0.51 0.51 0.51 0.46 0.50 0.47 0.45 0.45 0.40 0.55 0.63 0.55 0.27 0.28 0.28 0.28
0.56 0.58 0.58 0.60 0.38 0.56 0.58 0.58 0.54 0.55 0.54 0.53 0.55 0.52 0.52 0.51 0.29 0.50 0.44 0.50 0.52 0.52 0.52 0.50 0.27 0.36 0.50 0.25 0.44 0.49 0.49 0.49 0.50 0.49 0.49 0.49 0.46 0.49 0.46 0.71 0.66 0.87 0.73 0.96 0.96 1.00 0.96 0.95 0.97 1.00 1.00 1.00 0.10 0.87 0.87 0.87 0.87 0.87 0.18 0.17 0.01 0.08 0.50 0.57 0.57 0.57 0.57 0.58 0.59 0.58 0.58 0.54 0.57 0.55 0.53 0.54 0.47 0.61 0.68 0.62 0.34 0.36 0.36 0.36
0.50 0.52 0.52 0.53 0.32 0.49 0.52 0.51 0.48 0.47 0.48 0.46 0.47 0.44 0.44 0.43 0.23 0.42 0.35 0.41 0.44 0.44 0.44 0.42 0.19 0.28 0.41 0.19 0.35 0.41 0.40 0.40 0.42 0.41 0.40 0.40 0.38 0.41 0.38 0.66 0.62 0.83 0.69 0.95 0.95 1.00 0.95 0.94 0.97 1.00 1.00 1.00 0.09 0.84 0.84 0.84 0.84 0.84 0.14 0.13 0.01 0.07 0.42 0.50 0.50 0.50 0.50 0.51 0.52 0.51 0.51 0.47 0.50 0.47 0.46 0.46 0.40 0.55 0.63 0.56 0.28 0.29 0.29 0.29
0.78 0.79 0.79 0.80 0.61 0.78 0.79 0.79 0.76 0.78 0.78 0.77 0.78 0.77 0.77 0.76 0.53 0.76 0.71 0.76 0.77 0.77 0.77 0.76 0.55 0.66 0.76 0.51 0.72 0.76 0.76 0.76 0.76 0.76 0.76 0.76 0.74 0.76 0.74 0.85 0.80 0.93 0.85 0.98 0.98 1.00 0.98 0.98 0.99 1.00 1.00 1.00 0.23 0.93 0.93 0.93 0.93 0.93 0.31 0.29 0.04 0.14 0.75 0.79 0.79 0.79 0.79 0.79 0.79 0.79 0.79 0.78 0.79 0.78 0.77 0.77 0.69 0.80 0.83 0.80 0.60 0.63 0.63 0.63
0.65 0.67 0.67 0.68 0.47 0.65 0.67 0.67 0.64 0.64 0.64 0.63 0.64 0.63 0.63 0.61 0.38 0.61 0.54 0.60 0.63 0.63 0.63 0.61 0.37 0.47 0.60 0.34 0.55 0.60 0.60 0.60 0.61 0.60 0.60 0.60 0.57 0.60 0.57 0.76 0.71 0.89 0.78 0.97 0.97 1.00 0.97 0.97 0.98 1.00 1.00 1.00 0.14 0.89 0.89 0.89 0.89 0.89 0.21 0.20 0.02 0.11 0.59 0.66 0.66 0.66 0.66 0.67 0.67 0.67 0.67 0.64 0.66 0.64 0.63 0.63 0.55 0.68 0.74 0.69 0.43 0.46 0.46 0.46
0.65 0.66 0.66 0.67 0.46 0.65 0.66 0.66 0.62 0.64 0.63 0.62 0.64 0.62 0.62 0.61 0.37 0.60 0.53 0.59 0.62 0.62 0.62 0.60 0.36 0.47 0.59 0.34 0.54 0.59 0.58 0.58 0.60 0.59 0.58 0.58 0.56 0.59 0.56 0.76 0.71 0.89 0.77 0.97 0.97 1.00 0.97 0.97 0.98 1.00 1.00 1.00 0.14 0.89 0.89 0.89 0.89 0.89 0.22 0.20 0.02 0.11 0.59 0.66 0.66 0.66 0.66 0.67 0.66 0.67 0.67 0.63 0.66 0.64 0.63 0.62 0.56 0.68 0.74 0.69 0.43 0.46 0.46 0.46
0.97 0.97 0.97 0.97 0.92 0.97 0.97 0.97 0.97 0.97 0.97 0.97 0.97 0.97 0.97 0.97 0.87 0.97 0.96 0.97 0.97 0.97 0.97 0.97 0.92 0.96 0.97 0.88 0.97 0.97 0.97 0.97 0.97 0.97 0.97 0.97 0.97 0.97 0.97 0.98 0.96 0.99 0.97 1.00 1.00 1.00 1.00 1.00 1.00 1.00 1.00 1.00 0.60 0.99 0.99 0.99 0.99 0.99 0.58 0.60 0.24 0.35 0.97 0.97 0.97 0.97 0.97 0.97 0.97 0.97 0.97 0.97 0.97 0.97 0.97 0.97 0.94 0.97 0.98 0.97 0.92 0.94 0.94 0.94
0.47 0.49 0.49 0.50 0.29 0.46 0.49 0.48 0.45 0.44 0.44 0.43 0.44 0.41 0.41 0.40 0.20 0.38 0.32 0.37 0.41 0.41 0.41 0.38 0.18 0.25 0.37 0.17 0.31 0.37 0.36 0.36 0.38 0.37 0.36 0.36 0.34 0.37 0.34 0.64 0.61 0.83 0.69 0.94 0.94 1.00 0.94 0.93 0.96 1.00 1.00 1.00 0.07 0.84 0.84 0.84 0.84 0.84 0.14 0.12 0.01 0.07 0.39 0.48 0.48 0.48 0.48 0.49 0.49 0.49 0.49 0.44 0.48 0.45 0.43 0.43 0.37 0.53 0.61 0.53 0.25 0.26 0.26 0.26
0.53 0.55 0.55 0.57 0.34 0.53 0.55 0.54 0.51 0.52 0.52 0.50 0.52 0.49 0.49 0.48 0.27 0.46 0.40 0.46 0.49 0.49 0.49 0.46 0.24 0.33 0.46 0.23 0.40 0.46 0.45 0.45 0.46 0.46 0.45 0.45 0.42 0.46 0.42 0.68 0.65 0.85 0.72 0.95 0.95 1.00 0.95 0.95 0.97 1.00 1.00 1.00 0.10 0.86 0.86 0.86 0.86 0.86 0.17 0.15 0.01 0.08 0.47 0.54 0.54 0.54 0.54 0.55 0.55 0.55 0.55 0.51 0.54 0.52 0.50 0.50 0.44 0.59 0.66 0.59 0.31 0.33 0.33 0.33
0.51 0.54 0.54 0.55 0.34 0.51 0.54 0.53 0.50 0.50 0.49 0.48 0.50 0.46 0.46 0.46 0.25 0.44 0.38 0.43 0.46 0.46 0.46 0.44 0.23 0.31 0.43 0.21 0.37 0.43 0.42 0.42 0.44 0.43 0.42 0.42 0.40 0.43 0.40 0.67 0.63 0.84 0.71 0.95 0.95 1.00 0.95 0.94 0.96 1.00 1.00 1.00 0.09 0.86 0.86 0.86 0.86 0.86 0.16 0.14 0.01 0.08 0.44 0.52 0.52 0.52 0.52 0.53 0.54 0.53 0.53 0.49 0.52 0.50 0.48 0.48 0.43 0.57 0.64 0.57 0.29 0.31 0.31 0.31
0.69 0.71 0.71 0.72 0.51 0.68 0.71 0.71 0.68 0.68 0.68 0.67 0.68 0.67 0.67 0.66 0.42 0.65 0.59 0.65 0.67 0.67 0.67 0.65 0.41 0.53 0.65 0.39 0.60 0.65 0.65 0.65 0.65 0.65 0.65 0.65 0.62 0.65 0.62 0.79 0.74 0.91 0.80 0.98 0.98 1.00 0.98 0.97 0.98 1.00 1.00 1.00 0.16 0.90 0.90 0.90 0.90 0.90 0.24 0.23 0.03 0.12 0.64 0.70 0.70 0.70 0.70 0.71 0.70 0.71 0.71 0.68 0.70 0.68 0.67 0.67 0.59 0.72 0.76 0.72 0.48 0.50 0.50 0.50
0.96 0.96 0.96 0.96 0.90 0.96 0.96 0.96 0.95 0.96 0.96 0.96 0.96 0.96 0.96 0.96 0.82 0.96 0.94 0.96 0.96 0.96 0.96 0.96 0.88 0.93 0.96 0.83 0.95 0.96 0.96 0.96 0.96 0.96 0.96 0.96 0.95 0.96 0.95 0.97 0.95 0.99 0.96 1.00 1.00 1.00 1.00 1.00 1.00 1.00 1.00 1.00 0.53 0.98 0.98 0.98 0.98 0.98 0.54 0.54 0.18 0.31 0.95 0.96 0.96 0.96 0.96 0.96 0.96 0.96 0.96 0.96 0.96 0.96 0.96 0.96 0.92 0.96 0.96 0.96 0.89 0.92 0.92 0.92
0.70 0.71 0.71 0.72 0.52 0.70 0.71 0.71 0.68 0.69 0.69 0.68 0.69 0.68 0.68 0.66 0.43 0.66 0.60 0.66 0.68 0.68 0.68 0.66 0.42 0.54 0.66 0.39 0.61 0.66 0.66 0.66 0.66 0.66 0.66 0.66 0.64 0.66 0.64 0.79 0.75 0.91 0.80 0.98 0.98 1.00 0.98 0.97 0.98 1.00 1.00 1.00 0.17 0.91 0.91 0.91 0.91 0.91 0.24 0.22 0.03 0.11 0.65 0.71 0.71 0.71 0.71 0.71 0.71 0.71 0.71 0.69 0.71 0.69 0.68 0.68 0.60 0.72 0.76 0.73 0.49 0.52 0.52 0.52
0.60 0.62 0.62 0.62 0.42 0.59 0.62 0.61 0.58 0.59 0.58 0.57 0.59 0.56 0.56 0.56 0.33 0.55 0.48 0.55 0.56 0.56 0.56 0.55 0.32 0.42 0.55 0.29 0.49 0.55 0.54 0.54 0.55 0.55 0.54 0.54 0.51 0.55 0.51 0.73 0.69 0.88 0.75 0.96 0.96 1.00 0.96 0.96 0.98 1.00 1.00 1.00 0.12 0.88 0.88 0.88 0.88 0.88 0.20 0.19 0.02 0.10 0.54 0.61 0.61 0.61 0.61 0.62 0.62 0.62 0.62 0.59 0.61 0.58 0.58 0.57 0.50 0.65 0.70 0.65 0.38 0.41 0.41 0.41
0.97 0.97 0.97 0.97 0.92 0.97 0.97 0.97 0.97 0.97 0.97 0.97 0.97 0.97 0.97 0.97 0.87 0.97 0.96 0.97 0.97 0.97 0.97 0.97 0.91 0.96 0.97 0.87 0.97 0.97 0.97 0.97 0.97 0.97 0.97 0.97 0.97 0.97 0.97 0.98 0.96 0.99 0.97 1.00 1.00 1.00 1.00 1.00 1.00 1.00 1.00 1.00 0.59 0.99 0.99 0.99 0.99 0.99 0.58 0.59 0.23 0.34 0.97 0.97 0.97 0.97 0.97 0.97 0.97 0.97 0.97 0.97 0.97 0.97 0.97 0.97 0.94 0.97 0.97 0.97 0.91 0.94 0.94 0.94
0.86 0.87 0.87 0.87 0.73 0.86 0.87 0.86 0.85 0.86 0.86 0.85 0.86 0.86 0.86 0.85 0.65 0.85 0.81 0.85 0.86 0.86 0.86 0.85 0.68 0.78 0.85 0.63 0.82 0.85 0.85 0.85 0.85 0.85 0.85 0.85 0.84 0.85 0.84 0.90 0.86 0.96 0.89 0.99 0.99 1.00 0.99 0.99 1.00 1.00 1.00 1.00 0.32 0.95 0.95 0.95 0.95 0.95 0.36 0.37 0.07 0.19 0.84 0.86 0.86 0.86 0.86 0.87 0.86 0.87 0.87 0.86 0.86 0.86 0.85 0.85 0.79 0.87 0.88 0.87 0.71 0.75 0.75 0.75
0.96 0.97 0.97 0.97 0.90 0.96 0.97 0.97 0.96 0.96 0.96 0.96 0.96 0.97 0.97 0.96 0.84 0.96 0.95 0.97 0.97 0.97 0.97 0.96 0.89 0.94 0.97 0.85 0.96 0.97 0.96 0.96 0.96 0.97 0.96 0.96 0.96 0.97 0.96 0.97 0.95 0.99 0.96 1.00 1.00 1.00 1.00 1.00 1.00 1.00 1.00 1.00 0.55 0.98 0.98 0.98 0.98 0.98 0.55 0.55 0.20 0.32 0.96 0.97 0.97 0.97 0.97 0.97 0.96 0.97 0.97 0.96 0.97 0.96 0.96 0.96 0.93 0.96 0.96 0.96 0.90 0.93 0.93 0.93
0.57 0.59 0.59 0.60 0.39 0.56 0.59 0.58 0.55 0.55 0.55 0.54 0.55 0.53 0.53 0.52 0.30 0.51 0.45 0.51 0.53 0.53 0.53 0.51 0.28 0.38 0.51 0.26 0.45 0.51 0.50 0.50 0.51 0.51 0.50 0.50 0.48 0.51 0.48 0.71 0.67 0.86 0.74 0.96 0.96 1.00 0.96 0.96 0.97 1.00 1.00 1.00 0.10 0.87 0.87 0.87 0.87 0.87 0.18 0.17 0.02 0.09 0.51 0.58 0.58 0.58 0.58 0.59 0.59 0.59 0.59 0.55 0.58 0.56 0.54 0.54 0.47 0.61 0.68 0.62 0.35 0.36 0.36 0.36
0.89 0.90 0.90 0.90 0.79 0.90 0.90 0.90 0.89 0.90 0.90 0.89 0.90 0.90 0.90 0.89 0.70 0.89 0.86 0.89 0.90 0.90 0.90 0.89 0.74 0.84 0.89 0.70 0.87 0.89 0.89 0.89 0.89 0.89 0.89 0.89 0.88 0.89 0.88 0.93 0.89 0.97 0.91 0.99 0.99 1.00 0.99 0.99 1.00 1.00 1.00 1.00 0.38 0.96 0.96 0.96 0.96 0.96 0.42 0.41 0.10 0.22 0.88 0.90 0.90 0.90 0.90 0.90 0.90 0.90 0.90 0.89 0.90 0.89 0.89 0.89 0.83 0.90 0.91 0.90 0.77 0.81 0.81 0.81
0.66 0.68 0.68 0.69 0.48 0.66 0.68 0.67 0.64 0.65 0.65 0.63 0.65 0.63 0.63 0.62 0.39 0.61 0.55 0.61 0.63 0.63 0.63 0.61 0.37 0.49 0.61 0.36 0.56 0.61 0.60 0.60 0.61 0.61 0.60 0.60 0.58 0.61 0.58 0.77 0.72 0.90 0.78 0.97 0.97 1.00 0.97 0.97 0.98 1.00 1.00 1.00 0.14 0.90 0.90 0.90 0.90 0.90 0.23 0.20 0.03 0.11 0.60 0.67 0.67 0.67 0.67 0.67 0.67 0.67 0.67 0.64 0.67 0.64 0.64 0.63 0.56 0.68 0.73 0.69 0.44 0.46 0.46 0.46
0.65 0.67 0.67 0.67 0.46 0.64 0.67 0.66 0.63 0.64 0.64 0.63 0.64 0.62 0.62 0.61 0.38 0.60 0.54 0.60 0.62 0.62 0.62 0.60 0.37 0.47 0.60 0.34 0.55 0.60 0.59 0.59 0.60 0.60 0.59 0.59 0.57 0.60 0.57 0.76 0.71 0.89 0.77 0.97 0.97 1.00 0.97 0.97 0.98 1.00 1.00 1.00 0.14 0.89 0.89 0.89 0.89 0.89 0.22 0.20 0.02 0.11 0.59 0.66 0.66 0.66 0.66 0.67 0.66 0.67 0.67 0.64 0.66 0.64 0.63 0.63 0.55 0.68 0.73 0.68 0.42 0.45 0.45 0.45
0.82 0.83 0.83 0.84 0.68 0.83 0.83 0.83 0.81 0.82 0.82 0.82 0.82 0.82 0.82 0.81 0.59 0.81 0.76 0.81 0.82 0.82 0.82 0.81 0.61 0.73 0.81 0.57 0.78 0.81 0.81 0.81 0.81 0.81 0.81 0.81 0.79 0.81 0.79 0.88 0.83 0.95 0.87 0.99 0.99 1.00 0.99 0.99 0.99 1.00 1.00 1.00 0.27 0.94 0.94 0.94 0.94 0.94 0.33 0.32 0.06 0.16 0.79 0.83 0.83 0.83 0.83 0.83 0.83 0.83 0.83 0.82 0.83 0.82 0.81 0.81 0.74 0.84 0.86 0.84 0.65 0.68 0.68 0.68
0.71 0.73 0.73 0.73 0.53 0.71 0.73 0.72 0.69 0.70 0.70 0.69 0.70 0.69 0.69 0.68 0.45 0.68 0.62 0.68 0.69 0.69 0.69 0.68 0.44 0.55 0.68 0.41 0.63 0.67 0.67 0.67 0.68 0.67 0.67 0.67 0.65 0.67 0.65 0.80 0.76 0.91 0.80 0.97 0.97 1.00 0.97 0.97 0.98 1.00 1.00 1.00 0.18 0.91 0.91 0.91 0.91 0.91 0.25 0.24 0.03 0.13 0.66 0.72 0.72 0.72 0.72 0.73 0.72 0.73 0.73 0.70 0.72 0.70 0.69 0.69 0.61 0.74 0.78 0.74 0.50 0.53 0.53 0.53
0.77 0.78 0.78 0.79 0.60 0.77 0.78 0.78 0.76 0.77 0.77 0.76 0.77 0.76 0.76 0.75 0.52 0.75 0.69 0.75 0.76 0.76 0.76 0.75 0.53 0.64 0.75 0.49 0.71 0.75 0.74 0.74 0.75 0.75 0.74 0.74 0.72 0.75 0.72 0.84 0.80 0.93 0.84 0.98 0.98 1.00 0.98 0.98 0.99 1.00 1.00 1.00 0.22 0.93 0.93 0.93 0.93 0.93 0.29 0.28 0.04 0.15 0.73 0.78 0.78 0.78 0.78 0.78 0.78 0.78 0.78 0.76 0.78 0.77 0.76 0.76 0.68 0.79 0.82 0.79 0.58 0.61 0.61 0.61
0.41 0.44 0.44 0.46 0.25 0.39 0.44 0.43 0.40 0.38 0.39 0.37 0.38 0.34 0.35 0.34 0.17 0.32 0.26 0.31 0.34 0.34 0.34 0.32 0.14 0.20 0.31 0.13 0.25 0.30 0.30 0.30 0.32 0.30 0.30 0.30 0.28 0.30 0.28 0.60 0.57 0.81 0.66 0.93 0.93 1.00 0.93 0.92 0.95 1.00 1.00 1.00 0.06 0.82 0.82 0.82 0.82 0.82 0.12 0.10 0.01 0.06 0.33 0.41 0.41 0.41 0.41 0.43 0.43 0.43 0.43 0.37 0.41 0.38 0.36 0.37 0.34 0.48 0.57 0.48 0.21 0.21 0.21 0.21
0.66 0.68 0.68 0.68 0.47 0.65 0.68 0.67 0.64 0.65 0.64 0.64 0.65 0.63 0.63 0.62 0.39 0.61 0.55 0.61 0.63 0.63 0.63 0.61 0.38 0.48 0.61 0.36 0.56 0.61 0.60 0.60 0.61 0.61 0.60 0.60 0.58 0.61 0.58 0.77 0.73 0.90 0.79 0.97 0.97 1.00 0.97 0.97 0.98 1.00 1.00 1.00 0.15 0.89 0.89 0.89 0.89 0.89 0.22 0.21 0.02 0.10 0.61 0.67 0.67 0.67 0.67 0.68 0.67 0.68 0.68 0.65 0.67 0.65 0.64 0.64 0.56 0.69 0.74 0.69 0.44 0.47 0.47 0.47
0.66 0.68 0.68 0.68 0.47 0.65 0.68 0.66 0.64 0.64 0.65 0.64 0.64 0.63 0.63 0.62 0.39 0.61 0.55 0.61 0.63 0.63 0.63 0.61 0.38 0.48 0.61 0.35 0.56 0.61 0.60 0.60 0.61 0.61 0.60 0.60 0.58 0.61 0.58 0.77 0.72 0.89 0.78 0.97 0.97 1.00 0.97 0.97 0.98 1.00 1.00 1.00 0.14 0.90 0.90 0.90 0.90 0.90 0.22 0.21 0.02 0.10 0.60 0.66 0.66 0.66 0.66 0.67 0.67 0.67 0.67 0.64 0.66 0.64 0.63 0.63 0.56 0.69 0.73 0.69 0.43 0.46 0.46 0.46
0.52 0.55 0.55 0.56 0.34 0.51 0.55 0.54 0.51 0.50 0.50 0.49 0.50 0.48 0.48 0.47 0.26 0.45 0.39 0.45 0.48 0.48 0.48 0.45 0.23 0.32 0.45 0.22 0.39 0.45 0.44 0.44 0.45 0.45 0.44 0.44 0.41 0.45 0.41 0.69 0.64 0.85 0.71 0.95 0.95 1.00 0.95 0.95 0.97 1.00 1.00 1.00 0.09 0.86 0.86 0.86 0.86 0.86 0.17 0.15 0.01 0.08 0.46 0.53 0.53 0.53 0.53 0.55 0.55 0.55 0.55 0.50 0.53 0.51 0.49 0.49 0.43 0.58 0.65 0.58 0.31 0.32 0.32 0.32
0.53 0.55 0.55 0.57 0.35 0.52 0.55 0.55 0.51 0.51 0.51 0.50 0.51 0.48 0.48 0.47 0.28 0.46 0.40 0.46 0.48 0.48 0.48 0.46 0.24 0.32 0.46 0.22 0.40 0.46 0.45 0.45 0.46 0.46 0.45 0.45 0.42 0.46 0.42 0.68 0.65 0.85 0.73 0.95 0.95 1.00 0.95 0.95 0.97 1.00 1.00 1.00 0.10 0.86 0.86 0.86 0.86 0.86 0.17 0.15 0.01 0.08 0.46 0.54 0.54 0.54 0.54 0.55 0.55 0.55 0.55 0.51 0.54 0.51 0.50 0.50 0.45 0.58 0.65 0.58 0.32 0.33 0.33 0.33
0.75 0.77 0.77 0.77 0.58 0.75 0.77 0.76 0.74 0.75 0.75 0.74 0.75 0.74 0.74 0.73 0.49 0.72 0.67 0.73 0.74 0.74 0.74 0.72 0.50 0.62 0.73 0.47 0.68 0.73 0.72 0.72 0.72 0.73 0.72 0.72 0.70 0.73 0.70 0.82 0.78 0.93 0.83 0.98 0.98 1.00 0.98 0.98 0.99 1.00 1.00 1.00 0.20 0.92 0.92 0.92 0.92 0.92 0.27 0.27 0.03 0.13 0.70 0.76 0.76 0.76 0.76 0.76 0.76 0.76 0.76 0.74 0.76 0.74 0.74 0.73 0.66 0.77 0.80 0.77 0.55 0.58 0.58 0.58
0.59 0.61 0.61 0.62 0.41 0.59 0.61 0.60 0.57 0.58 0.57 0.56 0.58 0.55 0.55 0.54 0.33 0.53 0.47 0.53 0.55 0.55 0.55 0.53 0.30 0.40 0.53 0.29 0.47 0.53 0.52 0.52 0.53 0.53 0.52 0.52 0.50 0.53 0.50 0.73 0.68 0.87 0.75 0.96 0.96 1.00 0.96 0.95 0.97 1.00 1.00 1.00 0.11 0.88 0.88 0.88 0.88 0.88 0.20 0.18 0.02 0.09 0.53 0.60 0.60 0.60 0.60 0.61 0.61 0.61 0.61 0.58 0.60 0.58 0.57 0.57 0.50 0.64 0.70 0.64 0.38 0.39 0.39 0.39
0.52 0.54 0.54 0.55 0.34 0.51 0.54 0.53 0.50 0.50 0.50 0.48 0.50 0.46 0.46 0.45 0.25 0.44 0.39 0.44 0.46 0.46 0.46 0.44 0.22 0.31 0.44 0.21 0.38 0.43 0.43 0.43 0.44 0.43 0.43 0.43 0.40 0.43 0.40 0.67 0.64 0.85 0.72 0.95 0.95 1.00 0.95 0.94 0.96 1.00 1.00 1.00 0.09 0.86 0.86 0.86 0.86 0.86 0.17 0.14 0.01 0.08 0.45 0.53 0.53 0.53 0.53 0.54 0.54 0.54 0.54 0.50 0.53 0.51 0.49 0.49 0.43 0.57 0.65 0.58 0.30 0.31 0.31 0.31
0.62 0.64 0.64 0.65 0.44 0.62 0.64 0.63 0.60 0.61 0.61 0.60 0.61 0.59 0.59 0.58 0.35 0.57 0.51 0.57 0.59 0.59 0.59 0.57 0.33 0.43 0.57 0.31 0.51 0.57 0.56 0.56 0.57 0.57 0.56 0.56 0.53 0.57 0.53 0.74 0.70 0.88 0.77 0.97 0.97 1.00 0.97 0.96 0.98 1.00 1.00 1.00 0.13 0.89 0.89 0.89 0.89 0.89 0.21 0.20 0.02 0.10 0.56 0.63 0.63 0.63 0.63 0.64 0.64 0.64 0.64 0.60 0.63 0.61 0.60 0.59 0.52 0.66 0.72 0.66 0.40 0.42 0.42 0.42
0.48 0.50 0.50 0.51 0.30 0.46 0.50 0.49 0.46 0.45 0.45 0.44 0.45 0.42 0.42 0.41 0.22 0.39 0.33 0.39 0.42 0.42 0.42 0.39 0.19 0.27 0.39 0.18 0.33 0.39 0.38 0.38 0.39 0.39 0.38 0.38 0.36 0.39 0.36 0.64 0.61 0.82 0.69 0.94 0.94 1.00 0.94 0.93 0.96 1.00 1.00 1.00 0.08 0.85 0.85 0.85 0.85 0.85 0.15 0.13 0.01 0.07 0.40 0.49 0.49 0.49 0.49 0.50 0.50 0.50 0.50 0.45 0.49 0.46 0.44 0.44 0.39 0.53 0.61 0.54 0.26 0.27 0.27 0.27
0.54 0.56 0.56 0.57 0.35 0.53 0.56 0.55 0.52 0.51 0.52 0.50 0.51 0.49 0.49 0.48 0.27 0.47 0.41 0.46 0.49 0.49 0.49 0.47 0.24 0.33 0.46 0.23 0.40 0.46 0.45 0.45 0.47 0.46 0.45 0.45 0.42 0.46 0.42 0.68 0.65 0.85 0.72 0.95 0.95 1.00 0.95 0.95 0.97 1.00 1.00 1.00 0.10 0.86 0.86 0.86 0.86 0.86 0.16 0.15 0.01 0.08 0.47 0.55 0.55 0.55 0.55 0.56 0.56 0.56 0.56 0.52 0.55 0.53 0.51 0.51 0.45 0.60 0.67 0.60 0.32 0.33 0.33 0.33
0.97 0.97 0.97 0.97 0.91 0.97 0.97 0.97 0.96 0.97 0.97 0.97 0.97 0.97 0.97 0.97 0.85 0.97 0.95 0.97 0.97 0.97 0.97 0.97 0.90 0.95 0.97 0.86 0.96 0.97 0.97 0.97 0.97 0.97 0.97 0.97 0.96 0.97 0.96 0.97 0.95 0.99 0.96 1.00 1.00 1.00 1.00 1.00 1.00 1.00 1.00 1.00 0.57 0.98 0.98 0.98 0.98 0.98 0.55 0.57 0.22 0.33 0.96 0.97 0.97 0.97 0.97 0.97 0.97 0.97 0.97 0.97 0.97 0.97 0.97 0.97 0.93 0.97 0.97 0.97 0.91 0.93 0.93 0.93
0.47 0.49 0.49 0.51 0.29 0.45 0.49 0.48 0.45 0.44 0.45 0.43 0.44 0.41 0.41 0.41 0.21 0.39 0.33 0.38 0.41 0.41 0.41 0.39 0.18 0.25 0.38 0.17 0.32 0.38 0.36 0.36 0.39 0.38 0.36 0.36 0.35 0.38 0.35 0.64 0.61 0.82 0.68 0.95 0.95 1.00 0.95 0.93 0.96 1.00 1.00 1.00 0.08 0.84 0.84 0.84 0.84 0.84 0.14 0.12 0.01 0.07 0.40 0.48 0.48 0.48 0.48 0.49 0.50 0.49 0.49 0.44 0.48 0.45 0.44 0.44 0.38 0.54 0.61 0.54 0.26 0.27 0.27 0.27
0.73 0.75 0.75 0.75 0.56 0.73 0.75 0.74 0.71 0.73 0.72 0.72 0.73 0.72 0.72 0.70 0.47 0.70 0.65 0.71 0.72 0.72 0.72 0.70 0.48 0.59 0.71 0.44 0.66 0.71 0.70 0.70 0.70 0.71 0.70 0.70 0.68 0.71 0.68 0.81 0.78 0.92 0.82 0.98 0.98 1.00 0.98 0.98 0.99 1.00 1.00 1.00 0.19 0.92 0.92 0.92 0.92 0.92 0.27 0.27 0.04 0.13 0.69 0.74 0.74 0.74 0.74 0.75 0.75 0.75 0.75 0.73 0.74 0.73 0.72 0.72 0.64 0.76 0.79 0.76 0.53 0.56 0.56 0.56
0.72 0.74 0.74 0.74 0.55 0.72 0.74 0.73 0.70 0.71 0.71 0.71 0.71 0.70 0.71 0.69 0.46 0.69 0.63 0.69 0.70 0.70 0.71 0.69 0.46 0.57 0.69 0.43 0.64 0.69 0.68 0.68 0.69 0.69 0.68 0.68 0.66 0.69 0.66 0.81 0.76 0.92 0.82 0.98 0.98 1.00 0.98 0.97 0.99 1.00 1.00 1.00 0.19 0.91 0.91 0.91 0.91 0.91 0.27 0.25 0.03 0.12 0.68 0.73 0.73 0.73 0.73 0.74 0.73 0.74 0.74 0.71 0.73 0.71 0.71 0.70 0.62 0.75 0.79 0.75 0.52 0.55 0.55 0.55
0.82 0.83 0.83 0.84 0.68 0.82 0.83 0.83 0.81 0.82 0.82 0.82 0.82 0.82 0.82 0.81 0.59 0.81 0.76 0.81 0.82 0.82 0.82 0.81 0.61 0.72 0.81 0.57 0.78 0.81 0.81 0.81 0.81 0.81 0.81 0.81 0.79 0.81 0.79 0.88 0.83 0.95 0.87 0.99 0.99 1.00 0.99 0.99 0.99 1.00 1.00 1.00 0.27 0.94 0.94 0.94 0.94 0.94 0.33 0.33 0.06 0.17 0.79 0.83 0.83 0.83 0.83 0.83 0.83 0.83 0.83 0.82 0.83 0.82 0.82 0.81 0.73 0.83 0.85 0.83 0.65 0.68 0.68 0.68
0.66 0.68 0.68 0.68 0.48 0.66 0.68 0.67 0.64 0.65 0.64 0.64 0.65 0.63 0.64 0.62 0.39 0.62 0.56 0.62 0.63 0.63 0.64 0.62 0.36 0.49 0.62 0.34 0.56 0.61 0.61 0.61 0.62 0.61 0.61 0.61 0.58 0.61 0.58 0.77 0.72 0.90 0.78 0.97 0.97 1.00 0.97 0.97 0.98 1.00 1.00 1.00 0.15 0.90 0.90 0.90 0.90 0.90 0.22 0.20 0.02 0.11 0.61 0.67 0.67 0.67 0.67 0.68 0.68 0.68 0.68 0.65 0.67 0.65 0.64 0.64 0.56 0.69 0.74 0.70 0.44 0.47 0.47 0.47
0.74 0.76 0.76 0.76 0.57 0.74 0.76 0.75 0.72 0.73 0.73 0.73 0.73 0.73 0.73 0.71 0.48 0.71 0.65 0.72 0.73 0.73 0.72 0.71 0.47 0.60 0.72 0.45 0.67 0.72 0.71 0.71 0.71 0.72 0.71 0.71 0.68 0.72 0.68 0.82 0.78 0.92 0.83 0.98 0.98 1.00 0.98 0.98 0.99 1.00 1.00 1.00 0.20 0.92 0.92 0.92 0.92 0.92 0.27 0.25 0.04 0.13 0.70 0.75 0.75 0.75 0.75 0.75 0.75 0.75 0.75 0.73 0.75 0.73 0.73 0.72 0.64 0.76 0.79 0.76 0.53 0.57 0.57 0.57
0.71 0.72 0.72 0.73 0.53 0.71 0.72 0.71 0.69 0.70 0.70 0.69 0.70 0.69 0.69 0.68 0.46 0.68 0.62 0.67 0.69 0.69 0.69 0.68 0.45 0.56 0.67 0.41 0.62 0.67 0.66 0.66 0.68 0.67 0.66 0.66 0.64 0.67 0.64 0.80 0.76 0.91 0.81 0.98 0.98 1.00 0.98 0.97 0.98 1.00 1.00 1.00 0.18 0.91 0.91 0.91 0.91 0.91 0.26 0.24 0.03 0.13 0.66 0.72 0.72 0.72 0.72 0.72 0.72 0.72 0.72 0.69 0.72 0.70 0.69 0.69 0.61 0.73 0.77 0.74 0.50 0.53 0.53 0.53
0.53 0.56 0.56 0.57 0.35 0.52 0.56 0.55 0.52 0.51 0.52 0.50 0.51 0.49 0.49 0.48 0.27 0.46 0.40 0.46 0.49 0.49 0.49 0.46 0.25 0.33 0.46 0.23 0.40 0.46 0.45 0.45 0.46 0.46 0.45 0.45 0.42 0.46 0.42 0.69 0.66 0.86 0.73 0.96 0.96 1.00 0.96 0.95 0.97 1.00 1.00 1.00 0.10 0.86 0.86 0.86 0.86 0.86 0.17 0.16 0.01 0.08 0.46 0.54 0.54 0.54 0.54 0.55 0.56 0.55 0.55 0.51 0.54 0.52 0.50 0.50 0.45 0.59 0.66 0.59 0.31 0.32 0.32 0.32
0.92 0.92 0.92 0.93 0.83 0.92 0.92 0.92 0.91 0.92 0.92 0.92 0.92 0.92 0.92 0.92 0.75 0.92 0.89 0.92 0.92 0.92 0.92 0.92 0.79 0.88 0.92 0.75 0.90 0.92 0.92 0.92 0.92 0.92 0.92 0.92 0.91 0.92 0.91 0.94 0.90 0.98 0.93 0.99 0.99 1.00 0.99 0.99 1.00 1.00 1.00 1.00 0.43 0.97 0.97 0.97 0.97 0.97 0.46 0.45 0.12 0.24 0.91 0.92 0.92 0.92 0.92 0.93 0.92 0.93 0.93 0.92 0.92 0.92 0.92 0.92 0.87 0.92 0.93 0.92 0.81 0.85 0.85 0.85
0.59 0.61 0.61 0.62 0.40 0.59 0.61 0.60 0.57 0.58 0.57 0.57 0.58 0.56 0.56 0.54 0.32 0.53 0.48 0.54 0.56 0.56 0.55 0.53 0.31 0.40 0.54 0.29 0.48 0.54 0.53 0.52 0.53 0.54 0.53 0.53 0.50 0.54 0.50 0.73 0.68 0.87 0.75 0.96 0.96 1.00 0.96 0.96 0.98 1.00 1.00 1.00 0.12 0.88 0.88 0.88 0.88 0.88 0.19 0.17 0.02 0.10 0.53 0.60 0.60 0.60 0.60 0.61 0.61 0.61 0.61 0.57 0.60 0.58 0.57 0.57 0.50 0.64 0.70 0.64 0.37 0.38 0.38 0.38
0.69 0.70 0.70 0.71 0.51 0.69 0.70 0.70 0.67 0.68 0.67 0.67 0.68 0.67 0.67 0.65 0.43 0.65 0.59 0.65 0.67 0.67 0.67 0.65 0.42 0.53 0.65 0.39 0.60 0.65 0.65 0.64 0.65 0.65 0.65 0.65 0.62 0.65 0.62 0.78 0.74 0.90 0.80 0.98 0.98 1.00 0.98 0.97 0.98 1.00 1.00 1.00 0.17 0.91 0.91 0.91 0.91 0.91 0.24 0.23 0.03 0.11 0.64 0.70 0.70 0.70 0.70 0.70 0.70 0.70 0.70 0.68 0.70 0.68 0.67 0.67 0.59 0.72 0.77 0.72 0.48 0.51 0.51 0.51
0.50 0.52 0.52 0.54 0.33 0.49 0.52 0.52 0.49 0.48 0.48 0.47 0.48 0.45 0.46 0.44 0.24 0.43 0.37 0.42 0.45 0.45 0.45 0.43 0.22 0.30 0.42 0.21 0.36 0.42 0.41 0.41 0.43 0.42 0.41 0.41 0.39 0.42 0.39 0.67 0.63 0.84 0.71 0.95 0.95 1.00 0.95 0.94 0.97 1.00 1.00 1.00 0.08 0.85 0.85 0.85 0.85 0.85 0.16 0.14 0.01 0.07 0.43 0.51 0.51 0.51 0.51 0.53 0.53 0.53 0.53 0.48 0.51 0.49 0.47 0.47 0.41 0.56 0.63 0.57 0.29 0.30 0.30 0.30
0.81 0.82 0.82 0.82 0.65 0.81 0.82 0.81 0.79 0.80 0.80 0.80 0.80 0.80 0.80 0.79 0.57 0.79 0.74 0.80 0.80 0.80 0.80 0.79 0.59 0.70 0.80 0.56 0.76 0.80 0.79 0.79 0.79 0.80 0.79 0.79 0.77 0.80 0.77 0.86 0.81 0.94 0.85 0.98 0.98 1.00 0.98 0.98 0.99 1.00 1.00 1.00 0.25 0.94 0.94 0.94 0.94 0.94 0.32 0.31 0.05 0.16 0.78 0.81 0.81 0.81 0.81 0.82 0.82 0.82 0.82 0.80 0.81 0.80 0.80 0.80 0.72 0.82 0.84 0.82 0.63 0.67 0.67 0.67
0.89 0.90 0.90 0.90 0.78 0.90 0.90 0.90 0.88 0.90 0.89 0.89 0.90 0.89 0.89 0.89 0.69 0.89 0.86 0.89 0.89 0.89 0.90 0.89 0.74 0.83 0.89 0.70 0.87 0.89 0.89 0.89 0.89 0.89 0.89 0.89 0.88 0.89 0.88 0.92 0.88 0.97 0.91 0.99 0.99 1.00 0.99 0.99 1.00 1.00 1.00 1.00 0.37 0.96 0.96 0.96 0.96 0.96 0.40 0.41 0.10 0.22 0.88 0.90 0.90 0.90 0.90 0.90 0.90 0.90 0.90 0.89 0.90 0.89 0.89 0.89 0.83 0.90 0.91 0.90 0.76 0.80 0.80 0.80
0.96 0.96 0.96 0.96 0.90 0.96 0.96 0.96 0.96 0.96 0.96 0.96 0.96 0.96 0.96 0.96 0.84 0.96 0.95 0.96 0.96 0.96 0.96 0.96 0.88 0.94 0.96 0.84 0.96 0.96 0.96 0.96 0.96 0.96 0.96 0.96 0.96 0.96 0.96 0.97 0.95 0.99 0.96 1.00 1.00 1.00 1.00 1.00 1.00 1.00 1.00 1.00 0.55 0.98 0.98 0.98 0.98 0.98 0.54 0.55 0.20 0.32 0.96 0.96 0.96 0.96 0.96 0.96 0.96 0.96 0.96 0.96 0.96 0.96 0.96 0.96 0.92 0.96 0.96 0.96 0.89 0.92 0.92 0.92
0.98 0.98 0.98 0.98 0.93 0.98 0.98 0.98 0.98 0.98 0.98 0.98 0.98 0.98 0.98 0.98 0.88 0.98 0.97 0.98 0.98 0.98 0.98 0.98 0.93 0.97 0.98 0.90 0.98 0.98 0.98 0.98 0.98 0.98 0.98 0.98 0.98 0.98 0.98 0.98 0.96 0.99 0.97 1.00 1.00 1.00 1.00 1.00 1.00 1.00 1.00 1.00 0.62 0.99 0.99 0.99 0.99 0.99 0.60 0.62 0.27 0.38 0.98 0.98 0.98 0.98 0.98 0.98 0.98 0.98 0.98 0.98 0.98 0.98 0.98 0.98 0.96 0.98 0.98 0.98 0.93 0.96 0.96 0.96
0.84 0.85 0.85 0.85 0.69 0.84 0.85 0.84 0.82 0.84 0.84 0.83 0.84 0.83 0.83 0.83 0.61 0.83 0.78 0.83 0.83 0.83 0.83 0.83 0.63 0.74 0.83 0.59 0.80 0.83 0.83 0.82 0.83 0.83 0.83 0.83 0.81 0.83 0.81 0.88 0.84 0.95 0.87 0.99 0.99 1.00 0.99 0.99 0.99 1.00 1.00 1.00 0.28 0.94 0.94 0.94 0.94 0.94 0.34 0.33 0.06 0.17 0.81 0.84 0.84 0.84 0.84 0.85 0.84 0.85 0.85 0.83 0.84 0.83 0.83 0.83 0.75 0.85 0.86 0.85 0.67 0.71 0.71 0.71
0.72 0.73 0.73 0.74 0.53 0.72 0.73 0.73 0.70 0.71 0.71 0.70 0.71 0.70 0.70 0.69 0.46 0.69 0.63 0.69 0.70 0.70 0.70 0.69 0.45 0.57 0.69 0.42 0.64 0.69 0.68 0.68 0.69 0.69 0.68 0.68 0.65 0.69 0.65 0.81 0.75 0.91 0.80 0.97 0.97 1.00 0.97 0.97 0.98 1.00 1.00 1.00 0.18 0.91 0.91 0.91 0.91 0.91 0.25 0.24 0.03 0.12 0.68 0.73 0.73 0.73 0.73 0.73 0.73 0.73 0.73 0.71 0.73 0.71 0.70 0.70 0.62 0.74 0.78 0.74 0.51 0.54 0.54 0.54
0.46 0.48 0.48 0.50 0.28 0.44 0.48 0.48 0.44 0.43 0.44 0.42 0.43 0.40 0.41 0.40 0.21 0.38 0.31 0.37 0.40 0.40 0.41 0.38 0.17 0.24 0.37 0.17 0.31 0.37 0.36 0.36 0.38 0.37 0.36 0.36 0.34 0.37 0.34 0.64 0.60 0.82 0.68 0.94 0.94 1.00 0.94 0.93 0.96 1.00 1.00 1.00 0.07 0.84 0.84 0.84 0.84 0.84 0.14 0.11 0.01 0.07 0.38 0.47 0.47 0.47 0.47 0.48 0.49 0.48 0.48 0.43 0.47 0.44 0.43 0.43 0.38 0.53 0.61 0.53 0.25 0.26 0.26 0.26
0.45 0.47 0.47 0.49 0.27 0.43 0.47 0.46 0.43 0.42 0.42 0.41 0.42 0.39 0.39 0.38 0.19 0.36 0.30 0.36 0.39 0.39 0.39 0.36 0.17 0.23 0.36 0.16 0.30 0.35 0.34 0.34 0.36 0.35 0.34 0.34 0.32 0.35 0.32 0.62 0.60 0.81 0.68 0.94 0.94 1.00 0.94 0.94 0.95 1.00 1.00 1.00 0.07 0.83 0.83 0.83 0.83 0.83 0.14 0.12 0.01 0.07 0.37 0.45 0.45 0.45 0.45 0.47 0.47 0.47 0.47 0.42 0.45 0.43 0.41 0.41 0.37 0.52 0.60 0.52 0.24 0.25 0.25 0.25
0.77 0.79 0.79 0.79 0.61 0.77 0.79 0.78 0.76 0.77 0.77 0.76 0.77 0.76 0.77 0.75 0.52 0.75 0.70 0.76 0.76 0.76 0.77 0.75 0.53 0.65 0.76 0.49 0.71 0.76 0.75 0.75 0.75 0.76 0.75 0.75 0.73 0.76 0.73 0.84 0.79 0.93 0.84 0.98 0.98 1.00 0.98 0.98 0.99 1.00 1.00 1.00 0.22 0.93 0.93 0.93 0.93 0.93 0.29 0.28 0.04 0.14 0.74 0.78 0.78 0.78 0.78 0.78 0.78 0.78 0.78 0.76 0.78 0.77 0.76 0.76 0.68 0.79 0.82 0.79 0.59 0.61 0.61 0.61
0.51 0.53 0.53 0.54 0.32 0.50 0.53 0.52 0.49 0.48 0.48 0.47 0.48 0.45 0.46 0.45 0.25 0.43 0.37 0.42 0.45 0.45 0.45 0.43 0.21 0.29 0.42 0.20 0.36 0.42 0.41 0.41 0.43 0.42 0.41 0.41 0.38 0.42 0.38 0.66 0.62 0.83 0.70 0.95 0.95 1.00 0.95 0.94 0.96 1.00 1.00 1.00 0.08 0.86 0.86 0.86 0.86 0.86 0.16 0.13 0.01 0.07 0.43 0.51 0.51 0.51 0.51 0.53 0.52 0.53 0.53 0.48 0.51 0.49 0.47 0.47 0.42 0.56 0.63 0.56 0.29 0.29 0.29 0.29
0.59 0.61 0.61 0.62 0.41 0.58 0.61 0.60 0.57 0.57 0.57 0.55 0.57 0.54 0.54 0.54 0.31 0.52 0.46 0.52 0.54 0.54 0.54 0.52 0.29 0.39 0.52 0.27 0.47 0.52 0.52 0.51 0.52 0.52 0.52 0.51 0.49 0.52 0.49 0.72 0.68 0.87 0.75 0.96 0.96 1.00 0.96 0.95 0.97 1.00 1.00 1.00 0.11 0.88 0.88 0.88 0.88 0.88 0.19 0.18 0.02 0.09 0.52 0.60 0.60 0.60 0.60 0.61 0.61 0.61 0.61 0.57 0.60 0.58 0.56 0.56 0.49 0.63 0.69 0.63 0.36 0.38 0.38 0.38
0.50 0.52 0.52 0.54 0.32 0.49 0.52 0.52 0.48 0.48 0.48 0.47 0.48 0.45 0.45 0.44 0.24 0.42 0.37 0.42 0.45 0.45 0.45 0.42 0.21 0.29 0.42 0.20 0.36 0.42 0.41 0.41 0.42 0.42 0.41 0.41 0.38 0.42 0.38 0.66 0.63 0.84 0.70 0.95 0.95 1.00 0.95 0.94 0.96 1.00 1.00 1.00 0.08 0.86 0.86 0.86 0.86 0.86 0.15 0.13 0.01 0.08 0.43 0.51 0.51 0.51 0.51 0.53 0.53 0.53 0.53 0.48 0.51 0.48 0.47 0.47 0.42 0.56 0.64 0.57 0.29 0.30 0.30 0.30
0.95 0.96 0.96 0.96 0.88 0.95 0.96 0.96 0.95 0.95 0.95 0.95 0.95 0.96 0.96 0.95 0.81 0.95 0.94 0.95 0.96 0.96 0.96 0.95 0.87 0.93 0.95 0.82 0.95 0.95 0.95 0.95 0.95 0.95 0.95 0.95 0.95 0.95 0.95 0.96 0.93 0.98 0.95 1.00 1.00 1.00 1.00 1.00 1.00 1.00 1.00 1.00 0.52 0.98 0.98 0.98 0.98 0.98 0.52 0.52 0.17 0.29 0.95 0.96 0.96 0.96 0.96 0.96 0.95 0.96 0.96 0.95 0.96 0.95 0.95 0.95 0.91 0.95 0.96 0.95 0.87 0.90 0.90 0.90
0.53 0.55 0.55 0.56 0.34 0.52 0.55 0.54 0.51 0.51 0.51 0.49 0.51 0.47 0.48 0.47 0.26 0.46 0.39 0.45 0.47 0.47 0.48 0.46 0.24 0.32 0.45 0.22 0.39 0.45 0.44 0.44 0.46 0.45 0.44 0.44 0.42 0.45 0.42 0.68 0.63 0.85 0.71 0.95 0.95 1.00 0.95 0.95 0.97 1.00 1.00 1.00 0.10 0.86 0.86 0.86 0.86 0.86 0.17 0.15 0.01 0.08 0.45 0.53 0.53 0.53 0.53 0.54 0.54 0.54 0.54 0.50 0.53 0.51 0.49 0.49 0.42 0.57 0.65 0.58 0.30 0.31 0.31 0.31
0.79 0.80 0.80 0.80 0.63 0.79 0.80 0.79 0.77 0.78 0.78 0.78 0.78 0.78 0.78 0.77 0.54 0.77 0.71 0.77 0.78 0.78 0.78 0.77 0.55 0.67 0.77 0.51 0.73 0.77 0.76 0.76 0.77 0.77 0.76 0.76 0.75 0.77 0.75 0.85 0.80 0.94 0.85 0.98 0.98 1.00 0.98 0.98 0.99 1.00 1.00 1.00 0.24 0.93 0.93 0.93 0.93 0.93 0.30 0.30 0.05 0.15 0.75 0.79 0.79 0.79 0.79 0.80 0.79 0.80 0.80 0.78 0.79 0.78 0.78 0.78 0.70 0.80 0.83 0.81 0.60 0.63 0.63 0.63
0.69 0.71 0.71 0.72 0.52 0.69 0.71 0.71 0.68 0.68 0.69 0.68 0.68 0.68 0.68 0.66 0.43 0.66 0.60 0.66 0.68 0.68 0.67 0.66 0.43 0.53 0.66 0.40 0.61 0.66 0.65 0.65 0.66 0.66 0.65 0.65 0.63 0.66 0.63 0.79 0.75 0.91 0.81 0.97 0.97 1.00 0.97 0.97 0.98 1.00 1.00 1.00 0.17 0.91 0.91 0.91 0.91 0.91 0.26 0.23 0.03 0.12 0.64 0.70 0.70 0.70 0.70 0.71 0.71 0.71 0.71 0.68 0.70 0.68 0.67 0.67 0.59 0.72 0.76 0.72 0.48 0.51 0.51 0.51
0.49 0.52 0.52 0.53 0.32 0.49 0.52 0.51 0.48 0.47 0.47 0.46 0.47 0.44 0.45 0.44 0.24 0.42 0.36 0.41 0.44 0.44 0.45 0.42 0.21 0.28 0.41 0.19 0.36 0.41 0.40 0.40 0.42 0.41 0.40 0.40 0.38 0.41 0.38 0.65 0.61 0.83 0.69 0.95 0.95 1.00 0.95 0.94 0.96 1.00 1.00 1.00 0.08 0.85 0.85 0.85 0.85 0.85 0.15 0.14 0.01 0.08 0.43 0.51 0.51 0.51 0.51 0.52 0.52 0.52 0.52 0.47 0.51 0.48 0.47 0.47 0.41 0.56 0.64 0.56 0.28 0.29 0.29 0.29
0.49 0.51 0.51 0.52 0.31 0.48 0.51 0.51 0.47 0.47 0.46 0.45 0.47 0.43 0.43 0.43 0.23 0.41 0.35 0.41 0.43 0.43 0.43 0.41 0.20 0.27 0.41 0.19 0.34 0.41 0.39 0.39 0.41 0.41 0.39 0.39 0.37 0.41 0.37 0.64 0.62 0.83 0.69 0.95 0.95 1.00 0.95 0.94 0.96 1.00 1.00 1.00 0.08 0.84 0.84 0.84 0.84 0.84 0.15 0.13 0.01 0.07 0.42 0.50 0.50 0.50 0.50 0.51 0.52 0.51 0.51 0.47 0.50 0.47 0.46 0.46 0.41 0.55 0.63 0.55 0.27 0.29 0.29 0.29
0.47 0.49 0.49 0.51 0.29 0.46 0.49 0.49 0.45 0.44 0.44 0.43 0.44 0.41 0.41 0.41 0.21 0.38 0.33 0.38 0.41 0.41 0.42 0.38 0.18 0.25 0.38 0.17 0.32 0.38 0.37 0.37 0.38 0.38 0.37 0.37 0.35 0.38 0.35 0.64 0.60 0.82 0.68 0.95 0.95 1.00 0.95 0.94 0.96 1.00 1.00 1.00 0.07 0.84 0.84 0.84 0.84 0.84 0.15 0.12 0.01 0.07 0.39 0.48 0.48 0.48 0.48 0.49 0.49 0.49 0.49 0.44 0.48 0.45 0.43 0.44 0.38 0.53 0.61 0.53 0.25 0.27 0.27 0.27
0.69 0.70 0.70 0.71 0.51 0.69 0.70 0.70 0.67 0.68 0.68 0.67 0.68 0.66 0.67 0.65 0.42 0.65 0.58 0.65 0.66 0.66 0.67 0.65 0.41 0.52 0.65 0.38 0.59 0.65 0.64 0.64 0.65 0.65 0.64 0.64 0.62 0.65 0.62 0.79 0.74 0.91 0.80 0.97 0.97 1.00 0.97 0.97 0.98 1.00 1.00 1.00 0.16 0.90 0.90 0.90 0.90 0.90 0.24 0.23 0.03 0.12 0.64 0.70 0.70 0.70 0.70 0.71 0.70 0.71 0.71 0.68 0.70 0.68 0.67 0.67 0.59 0.72 0.76 0.72 0.48 0.50 0.50 0.50
0.84 0.85 0.85 0.85 0.69 0.84 0.85 0.84 0.82 0.83 0.83 0.83 0.83 0.83 0.83 0.83 0.60 0.82 0.78 0.83 0.83 0.83 0.83 0.82 0.63 0.74 0.83 0.58 0.79 0.83 0.82 0.82 0.82 0.83 0.82 0.82 0.81 0.83 0.81 0.88 0.84 0.95 0.88 0.99 0.99 1.00 0.99 0.99 0.99 1.00 1.00 1.00 0.28 0.94 0.94 0.94 0.94 0.94 0.35 0.34 0.07 0.17 0.81 0.84 0.84 0.84 0.84 0.84 0.84 0.84 0.84 0.83 0.84 0.83 0.83 0.83 0.75 0.84 0.86 0.84 0.66 0.70 0.70 0.70
0.48 0.51 0.51 0.52 0.30 0.47 0.51 0.49 0.46 0.46 0.46 0.45 0.46 0.43 0.43 0.42 0.22 0.40 0.34 0.40 0.43 0.43 0.43 0.40 0.19 0.27 0.40 0.18 0.34 0.39 0.39 0.39 0.40 0.39 0.39 0.39 0.37 0.39 0.37 0.65 0.62 0.83 0.70 0.95 0.95 1.00 0.95 0.94 0.96 1.00 1.00 1.00 0.08 0.85 0.85 0.85 0.85 0.85 0.14 0.13 0.01 0.07 0.41 0.50 0.50 0.50 0.50 0.51 0.52 0.51 0.51 0.46 0.50 0.47 0.45 0.45 0.40 0.55 0.63 0.56 0.26 0.27 0.27 0.27
0.65 0.67 0.67 0.68 0.47 0.65 0.67 0.67 0.64 0.64 0.64 0.63 0.64 0.63 0.63 0.62 0.38 0.61 0.55 0.61 0.63 0.63 0.63 0.61 0.36 0.48 0.61 0.34 0.55 0.61 0.60 0.60 0.61 0.61 0.60 0.60 0.58 0.61 0.58 0.77 0.72 0.89 0.78 0.97 0.97 1.00 0.97 0.97 0.98 1.00 1.00 1.00 0.15 0.90 0.90 0.90 0.90 0.90 0.22 0.21 0.02 0.11 0.60 0.66 0.66 0.66 0.66 0.67 0.66 0.67 0.67 0.63 0.66 0.64 0.63 0.63 0.55 0.68 0.73 0.69 0.43 0.45 0.45 0.45
0.79 0.80 0.80 0.81 0.64 0.79 0.80 0.80 0.78 0.79 0.79 0.79 0.79 0.79 0.79 0.78 0.56 0.77 0.72 0.78 0.79 0.79 0.79 0.77 0.57 0.69 0.78 0.53 0.74 0.78 0.77 0.77 0.77 0.78 0.77 0.77 0.75 0.78 0.75 0.86 0.81 0.94 0.85 0.98 0.98 1.00 0.98 0.98 0.99 1.00 1.00 1.00 0.24 0.93 0.93 0.93 0.93 0.93 0.30 0.31 0.05 0.16 0.76 0.80 0.80 0.80 0.80 0.80 0.80 0.80 0.80 0.79 0.80 0.79 0.78 0.78 0.71 0.81 0.83 0.81 0.61 0.65 0.65 0.65
0.50 0.52 0.52 0.53 0.31 0.48 0.52 0.51 0.48 0.47 0.47 0.46 0.47 0.44 0.44 0.43 0.23 0.41 0.35 0.41 0.44 0.44 0.44 0.41 0.20 0.28 0.41 0.19 0.35 0.40 0.40 0.40 0.41 0.40 0.40 0.40 0.37 0.40 0.37 0.65 0.62 0.83 0.70 0.95 0.95 1.00 0.95 0.94 0.96 1.00 1.00 1.00 0.08 0.85 0.85 0.85 0.85 0.85 0.15 0.13 0.01 0.07 0.42 0.51 0.51 0.51 0.51 0.52 0.52 0.52 0.52 0.47 0.51 0.47 0.46 0.46 0.40 0.55 0.63 0.55 0.28 0.29 0.29 0.29
0.86 0.87 0.87 0.87 0.74 0.86 0.87 0.87 0.85 0.86 0.86 0.86 0.86 0.86 0.86 0.86 0.65 0.86 0.81 0.86 0.86 0.86 0.86 0.86 0.68 0.79 0.86 0.63 0.83 0.86 0.86 0.86 0.86 0.86 0.86 0.86 0.84 0.86 0.84 0.90 0.86 0.96 0.89 0.99 0.99 1.00 0.99 0.99 1.00 1.00 1.00 1.00 0.32 0.95 0.95 0.95 0.95 0.95 0.37 0.37 0.08 0.19 0.84 0.87 0.87 0.87 0.87 0.87 0.87 0.87 0.87 0.86 0.87 0.86 0.86 0.86 0.79 0.87 0.88 0.87 0.71 0.75 0.75 0.75
0.98 0.98 0.98 0.98 0.93 0.98 0.98 0.98 0.97 0.98 0.98 0.98 0.98 0.98 0.98 0.98 0.87 0.98 0.97 0.98 0.98 0.98 0.98 0.98 0.92 0.96 0.98 0.88 0.97 0.98 0.98 0.98 0.98 0.98 0.98 0.98 0.97 0.98 0.97 0.98 0.96 0.99 0.97 1.00 1.00 1.00 1.00 1.00 1.00 1.00 1.00 1.00 0.62 0.99 0.99 0.99 0.99 0.99 0.59 0.60 0.25 0.37 0.97 0.98 0.98 0.98 0.98 0.98 0.98 0.98 0.98 0.98 0.98 0.98 0.98 0.98 0.95 0.97 0.97 0.98 0.93 0.95 0.95 0.95
0.96 0.97 0.97 0.97 0.91 0.96 0.97 0.97 0.96 0.96 0.96 0.96 0.96 0.96 0.96 0.96 0.84 0.96 0.95 0.96 0.96 0.96 0.96 0.96 0.90 0.94 0.96 0.85 0.96 0.96 0.96 0.96 0.96 0.96 0.96 0.96 0.96 0.96 0.96 0.97 0.95 0.99 0.96 1.00 1.00 1.00 1.00 1.00 1.00 1.00 1.00 1.00 0.56 0.98 0.98 0.98 0.98 0.98 0.55 0.55 0.20 0.32 0.96 0.96 0.96 0.96 0.96 0.97 0.96 0.97 0.97 0.96 0.96 0.96 0.96 0.96 0.93 0.96 0.96 0.96 0.90 0.92 0.92 0.92
0.54 0.56 0.56 0.57 0.35 0.53 0.56 0.55 0.52 0.52 0.52 0.51 0.52 0.49 0.49 0.48 0.27 0.47 0.41 0.46 0.49 0.49 0.49 0.47 0.25 0.33 0.46 0.23 0.40 0.46 0.45 0.45 0.47 0.46 0.45 0.45 0.43 0.46 0.43 0.69 0.64 0.85 0.71 0.95 0.95 1.00 0.95 0.95 0.97 1.00 1.00 1.00 0.10 0.86 0.86 0.86 0.86 0.86 0.17 0.16 0.01 0.08 0.47 0.55 0.55 0.55 0.55 0.56 0.55 0.56 0.56 0.52 0.55 0.52 0.51 0.50 0.44 0.58 0.65 0.59 0.32 0.34 0.34 0.34
0.56 0.58 0.58 0.59 0.38 0.56 0.58 0.58 0.55 0.55 0.54 0.53 0.55 0.52 0.52 0.51 0.29 0.49 0.43 0.49 0.52 0.52 0.52 0.49 0.26 0.36 0.49 0.24 0.43 0.49 0.48 0.48 0.49 0.49 0.48 0.48 0.45 0.49 0.45 0.70 0.66 0.86 0.74 0.96 0.96 1.00 0.96 0.95 0.97 1.00 1.00 1.00 0.11 0.87 0.87 0.87 0.87 0.87 0.18 0.16 0.01 0.09 0.49 0.57 0.57 0.57 0.57 0.58 0.58 0.58 0.58 0.54 0.57 0.54 0.53 0.53 0.47 0.61 0.68 0.61 0.34 0.36 0.36 0.36
0.49 0.51 0.51 0.53 0.31 0.48 0.51 0.50 0.47 0.46 0.47 0.45 0.46 0.44 0.44 0.43 0.23 0.41 0.35 0.41 0.44 0.44 0.44 0.41 0.20 0.28 0.41 0.19 0.35 0.40 0.40 0.39 0.41 0.40 0.40 0.40 0.37 0.40 0.37 0.65 0.62 0.84 0.69 0.95 0.95 1.00 0.95 0.94 0.96 1.00 1.00 1.00 0.09 0.85 0.85 0.85 0.85 0.85 0.15 0.14 0.01 0.08 0.41 0.50 0.50 0.50 0.50 0.51 0.51 0.51 0.51 0.46 0.50 0.47 0.45 0.45 0.40 0.55 0.63 0.55 0.28 0.29 0.29 0.29
0.79 0.81 0.81 0.81 0.64 0.79 0.81 0.80 0.78 0.79 0.79 0.79 0.79 0.79 0.79 0.78 0.56 0.78 0.72 0.78 0.79 0.79 0.79 0.78 0.57 0.69 0.78 0.53 0.74 0.78 0.77 0.77 0.78 0.78 0.77 0.77 0.76 0.78 0.76 0.86 0.81 0.94 0.85 0.98 0.98 1.00 0.98 0.98 0.99 1.00 1.00 1.00 0.24 0.93 0.93 0.93 0.93 0.93 0.30 0.30 0.05 0.15 0.76 0.80 0.80 0.80 0.80 0.81 0.80 0.81 0.81 0.79 0.80 0.79 0.78 0.78 0.71 0.80 0.83 0.81 0.61 0.65 0.65 0.65
0.95 0.96 0.96 0.96 0.89 0.96 0.96 0.96 0.95 0.95 0.96 0.95 0.95 0.96 0.96 0.95 0.81 0.95 0.94 0.96 0.96 0.96 0.96 0.95 0.87 0.93 0.96 0.82 0.95 0.96 0.95 0.95 0.95 0.96 0.95 0.95 0.95 0.96 0.95 0.96 0.94 0.99 0.95 1.00 1.00 1.00 1.00 1.00 1.00 1.00 1.00 1.00 0.52 0.98 0.98 0.98 0.98 0.98 0.52 0.52 0.18 0.29 0.95 0.96 0.96 0.96 0.96 0.96 0.95 0.96 0.96 0.95 0.96 0.95 0.95 0.95 0.92 0.95 0.95 0.95 0.88 0.91 0.91 0.91
0.82 0.82 0.82 0.83 0.66 0.82 0.82 0.82 0.80 0.81 0.81 0.80 0.81 0.81 0.81 0.80 0.57 0.80 0.75 0.80 0.81 0.81 0.81 0.80 0.59 0.71 0.80 0.55 0.76 0.80 0.79 0.79 0.80 0.80 0.79 0.79 0.78 0.80 0.78 0.87 0.82 0.94 0.86 0.99 0.99 1.00 0.99 0.98 0.99 1.00 1.00 1.00 0.26 0.93 0.93 0.93 0.93 0.93 0.32 0.32 0.06 0.17 0.78 0.82 0.82 0.82 0.82 0.82 0.82 0.82 0.82 0.81 0.82 0.81 0.80 0.80 0.73 0.82 0.85 0.83 0.64 0.67 0.67 0.67
0.59 0.61 0.61 0.62 0.41 0.58 0.61 0.60 0.57 0.57 0.57 0.56 0.57 0.55 0.55 0.54 0.32 0.53 0.47 0.53 0.55 0.55 0.55 0.53 0.30 0.39 0.53 0.28 0.47 0.53 0.52 0.52 0.53 0.53 0.52 0.52 0.50 0.53 0.50 0.72 0.68 0.87 0.75 0.96 0.96 1.00 0.96 0.96 0.97 1.00 1.00 1.00 0.12 0.88 0.88 0.88 0.88 0.88 0.19 0.18 0.02 0.09 0.53 0.60 0.60 0.60 0.60 0.61 0.61 0.61 0.61 0.57 0.60 0.57 0.56 0.56 0.50 0.63 0.70 0.64 0.37 0.39 0.39 0.39
0.93 0.94 0.94 0.94 0.85 0.93 0.94 0.94 0.92 0.93 0.93 0.93 0.93 0.93 0.93 0.93 0.78 0.93 0.91 0.93 0.93 0.93 0.93 0.93 0.82 0.90 0.93 0.77 0.92 0.93 0.93 0.93 0.93 0.93 0.93 0.93 0.92 0.93 0.92 0.95 0.92 0.98 0.93 0.99 0.99 1.00 0.99 0.99 1.00 1.00 1.00 1.00 0.45 0.97 0.97 0.97 0.97 0.97 0.46 0.46 0.13 0.26 0.92 0.94 0.94 0.94 0.94 0.94 0.93 0.94 0.94 0.93 0.94 0.93 0.93 0.93 0.88 0.93 0.93 0.93 0.83 0.86 0.86 0.86
0.55 0.57 0.57 0.58 0.37 0.54 0.57 0.56 0.53 0.53 0.53 0.52 0.53 0.50 0.50 0.49 0.28 0.48 0.42 0.47 0.50 0.50 0.50 0.48 0.26 0.35 0.47 0.24 0.41 0.47 0.46 0.46 0.48 0.47 0.46 0.46 0.44 0.47 0.44 0.70 0.67 0.86 0.74 0.96 0.96 1.00 0.96 0.95 0.97 1.00 1.00 1.00 0.10 0.86 0.86 0.86 0.86 0.86 0.17 0.15 0.01 0.08 0.48 0.56 0.56 0.56 0.56 0.57 0.57 0.57 0.57 0.52 0.56 0.53 0.52 0.52 0.46 0.60 0.67 0.60 0.33 0.34 0.34 0.34
0.53 0.55 0.55 0.56 0.34 0.52 0.55 0.54 0.51 0.51 0.50 0.49 0.51 0.48 0.48 0.47 0.26 0.45 0.40 0.45 0.48 0.48 0.48 0.45 0.23 0.32 0.45 0.22 0.39 0.45 0.44 0.44 0.45 0.45 0.44 0.44 0.42 0.45 0.42 0.68 0.65 0.85 0.72 0.96 0.96 1.00 0.96 0.95 0.97 1.00 1.00 1.00 0.09 0.86 0.86 0.86 0.86 0.86 0.17 0.15 0.01 0.08 0.46 0.54 0.54 0.54 0.54 0.55 0.55 0.55 0.55 0.51 0.54 0.51 0.50 0.50 0.43 0.58 0.66 0.59 0.31 0.32 0.32 0.32
0.87 0.88 0.88 0.88 0.75 0.87 0.88 0.88 0.86 0.87 0.87 0.87 0.87 0.87 0.87 0.86 0.67 0.86 0.83 0.87 0.87 0.87 0.87 0.86 0.70 0.80 0.87 0.66 0.84 0.87 0.87 0.87 0.86 0.87 0.87 0.87 0.85 0.87 0.85 0.91 0.87 0.96 0.90 0.99 0.99 1.00 0.99 0.99 1.00 1.00 1.00 1.00 0.34 0.95 0.95 0.95 0.95 0.95 0.38 0.38 0.09 0.19 0.85 0.88 0.88 0.88 0.88 0.88 0.88 0.88 0.88 0.87 0.88 0.87 0.86 0.86 0.80 0.88 0.89 0.88 0.72 0.76 0.76 0.76
0.69 0.70 0.70 0.71 0.51 0.68 0.70 0.70 0.67 0.68 0.68 0.67 0.68 0.66 0.67 0.65 0.41 0.65 0.58 0.65 0.66 0.66 0.66 0.65 0.41 0.52 0.65 0.38 0.60 0.65 0.64 0.64 0.65 0.65 0.64 0.64 0.62 0.65 0.62 0.79 0.74 0.91 0.80 0.97 0.97 1.00 0.97 0.97 0.98 1.00 1.00 1.00 0.16 0.90 0.90 0.90 0.90 0.90 0.23 0.22 0.03 0.12 0.63 0.70 0.70 0.70 0.70 0.70 0.70 0.70 0.70 0.68 0.70 0.68 0.67 0.67 0.59 0.71 0.76 0.72 0.47 0.50 0.50 0.50
0.77 0.78 0.78 0.78 0.60 0.77 0.78 0.77 0.75 0.76 0.76 0.75 0.76 0.75 0.75 0.74 0.51 0.74 0.69 0.74 0.75 0.75 0.75 0.74 0.51 0.63 0.74 0.47 0.70 0.74 0.74 0.74 0.74 0.74 0.74 0.74 0.72 0.74 0.72 0.84 0.78 0.93 0.83 0.98 0.98 1.00 0.98 0.98 0.99 1.00 1.00 1.00 0.21 0.92 0.92 0.92 0.92 0.92 0.27 0.27 0.04 0.14 0.73 0.78 0.78 0.78 0.78 0.78 0.78 0.78 0.78 0.76 0.78 0.76 0.76 0.75 0.68 0.79 0.82 0.79 0.57 0.60 0.60 0.60
0.58 0.61 0.61 0.62 0.40 0.58 0.61 0.60 0.57 0.57 0.57 0.56 0.57 0.55 0.55 0.54 0.31 0.52 0.46 0.52 0.55 0.55 0.55 0.52 0.29 0.39 0.52 0.27 0.47 0.52 0.51 0.51 0.52 0.52 0.51 0.51 0.49 0.52 0.49 0.72 0.68 0.87 0.75 0.96 0.96 1.00 0.96 0.96 0.97 1.00 1.00 1.00 0.11 0.88 0.88 0.88 0.88 0.88 0.19 0.17 0.02 0.09 0.53 0.60 0.60 0.60 0.60 0.61 0.61 0.61 0.61 0.57 0.60 0.57 0.56 0.56 0.49 0.63 0.69 0.63 0.36 0.38 0.38 0.38
0.95 0.95 0.95 0.96 0.88 0.95 0.95 0.96 0.95 0.95 0.95 0.95 0.95 0.95 0.95 0.95 0.81 0.95 0.93 0.95 0.95 0.95 0.95 0.95 0.86 0.92 0.95 0.81 0.94 0.95 0.95 0.95 0.95 0.95 0.95 0.95 0.95 0.95 0.95 0.96 0.93 0.98 0.95 1.00 1.00 1.00 1.00 1.00 1.00 1.00 1.00 1.00 0.51 0.98 0.98 0.98 0.98 0.98 0.50 0.51 0.17 0.28 0.94 0.95 0.95 0.95 0.95 0.96 0.95 0.96 0.96 0.95 0.95 0.95 0.95 0.95 0.91 0.95 0.96 0.95 0.87 0.90 0.90 0.90
0.46 0.48 0.48 0.49 0.27 0.44 0.48 0.47 0.44 0.43 0.42 0.41 0.43 0.39 0.39 0.38 0.20 0.37 0.31 0.36 0.39 0.39 0.39 0.37 0.17 0.23 0.36 0.16 0.30 0.36 0.35 0.35 0.37 0.36 0.35 0.35 0.33 0.36 0.33 0.63 0.59 0.82 0.67 0.94 0.94 1.00 0.94 0.93 0.96 1.00 1.00 1.00 0.07 0.83 0.83 0.83 0.83 0.83 0.14 0.11 0.01 0.07 0.37 0.47 0.47 0.47 0.47 0.48 0.48 0.48 0.48 0.43 0.47 0.44 0.42 0.42 0.37 0.52 0.61 0.52 0.24 0.25 0.25 0.25
0.78 0.78 0.78 0.79 0.61 0.77 0.78 0.78 0.76 0.77 0.77 0.76 0.77 0.76 0.76 0.75 0.51 0.75 0.70 0.75 0.76 0.76 0.76 0.75 0.53 0.65 0.75 0.49 0.71 0.75 0.75 0.75 0.75 0.75 0.75 0.75 0.73 0.75 0.73 0.85 0.79 0.94 0.84 0.98 0.98 1.00 0.98 0.98 0.99 1.00 1.00 1.00 0.22 0.93 0.93 0.93 0.93 0.93 0.29 0.29 0.04 0.14 0.74 0.78 0.78 0.78 0.78 0.79 0.78 0.79 0.79 0.77 0.78 0.77 0.76 0.76 0.69 0.79 0.82 0.79 0.58 0.61 0.61 0.61
0.98 0.98 0.98 0.98 0.93 0.98 0.98 0.98 0.97 0.98 0.98 0.98 0.98 0.98 0.98 0.98 0.87 0.98 0.97 0.98 0.98 0.98 0.98 0.98 0.92 0.96 0.98 0.88 0.97 0.98 0.98 0.98 0.98 0.98 0.98 0.98 0.97 0.98 0.97 0.98 0.96 0.99 0.97 1.00 1.00 1.00 1.00 1.00 1.00 1.00 1.00 1.00 0.61 0.98 0.98 0.98 0.98 0.98 0.60 0.60 0.25 0.37 0.97 0.98 0.98 0.98 0.98 0.98 0.98 0.98 0.98 0.98 0.98 0.98 0.98 0.98 0.95 0.98 0.98 0.98 0.93 0.95 0.95 0.95
0.96 0.97 0.97 0.97 0.91 0.97 0.97 0.97 0.96 0.97 0.97 0.96 0.97 0.97 0.97 0.96 0.84 0.97 0.95 0.97 0.97 0.97 0.97 0.97 0.89 0.95 0.97 0.85 0.96 0.97 0.97 0.97 0.97 0.97 0.97 0.97 0.96 0.97 0.96 0.97 0.95 0.99 0.96 1.00 1.00 1.00 1.00 1.00 1.00 1.00 1.00 1.00 0.56 0.98 0.98 0.98 0.98 0.98 0.56 0.55 0.20 0.32 0.96 0.97 0.97 0.97 0.97 0.97 0.97 0.97 0.97 0.96 0.97 0.96 0.96 0.96 0.93 0.96 0.96 0.96 0.89 0.92 0.92 0.92
0.63 0.65 0.65 0.66 0.45 0.63 0.65 0.65 0.62 0.62 0.62 0.61 0.62 0.60 0.60 0.60 0.37 0.59 0.53 0.59 0.60 0.60 0.60 0.59 0.35 0.45 0.59 0.33 0.53 0.59 0.58 0.58 0.59 0.59 0.58 0.58 0.55 0.59 0.55 0.75 0.71 0.88 0.77 0.97 0.97 1.00 0.97 0.96 0.98 1.00 1.00 1.00 0.13 0.89 0.89 0.89 0.89 0.89 0.22 0.20 0.02 0.10 0.58 0.65 0.65 0.65 0.65 0.65 0.65 0.65 0.65 0.62 0.65 0.62 0.62 0.62 0.55 0.67 0.73 0.68 0.42 0.45 0.45 0.45
0.76 0.77 0.77 0.78 0.60 0.76 0.77 0.77 0.75 0.76 0.75 0.75 0.76 0.75 0.75 0.74 0.51 0.74 0.69 0.74 0.75 0.75 0.75 0.74 0.52 0.64 0.74 0.48 0.70 0.74 0.73 0.73 0.74 0.74 0.73 0.73 0.71 0.74 0.71 0.84 0.79 0.93 0.83 0.98 0.98 1.00 0.98 0.98 0.99 1.00 1.00 1.00 0.22 0.93 0.93 0.93 0.93 0.93 0.29 0.28 0.04 0.14 0.72 0.77 0.77 0.77 0.77 0.77 0.77 0.77 0.77 0.76 0.77 0.76 0.75 0.75 0.66 0.77 0.80 0.78 0.56 0.60 0.60 0.60
0.41 0.44 0.44 0.46 0.24 0.39 0.44 0.43 0.40 0.38 0.39 0.37 0.38 0.34 0.35 0.34 0.17 0.32 0.27 0.31 0.34 0.34 0.34 0.32 0.15 0.20 0.31 0.13 0.25 0.31 0.30 0.30 0.32 0.31 0.30 0.30 0.28 0.31 0.28 0.59 0.57 0.80 0.65 0.93 0.93 1.00 0.93 0.92 0.95 1.00 1.00 1.00 0.06 0.82 0.82 0.82 0.82 0.82 0.13 0.11 0.01 0.06 0.33 0.42 0.42 0.42 0.42 0.43 0.44 0.43 0.43 0.38 0.42 0.39 0.37 0.37 0.34 0.48 0.58 0.48 0.21 0.21 0.21 0.21
0.69 0.70 0.70 0.71 0.51 0.68 0.70 0.69 0.66 0.68 0.67 0.67 0.68 0.66 0.66 0.65 0.42 0.64 0.59 0.65 0.66 0.66 0.66 0.64 0.42 0.52 0.65 0.39 0.60 0.65 0.64 0.64 0.64 0.65 0.64 0.64 0.62 0.65 0.62 0.79 0.75 0.90 0.80 0.97 0.97 1.00 0.97 0.97 0.98 1.00 1.00 1.00 0.16 0.91 0.91 0.91 0.91 0.91 0.24 0.23 0.03 0.12 0.63 0.69 0.69 0.69 0.69 0.70 0.70 0.70 0.70 0.67 0.69 0.67 0.67 0.67 0.59 0.71 0.76 0.72 0.48 0.50 0.50 0.50
0.43 0.46 0.46 0.47 0.27 0.42 0.46 0.45 0.42 0.40 0.41 0.39 0.40 0.36 0.37 0.36 0.18 0.34 0.28 0.33 0.36 0.36 0.37 0.34 0.16 0.21 0.33 0.15 0.27 0.33 0.32 0.32 0.34 0.33 0.32 0.32 0.30 0.33 0.30 0.62 0.59 0.82 0.67 0.94 0.94 1.00 0.94 0.93 0.95 1.00 1.00 1.00 0.07 0.83 0.83 0.83 0.83 0.83 0.13 0.11 0.01 0.06 0.35 0.44 0.44 0.44 0.44 0.45 0.46 0.45 0.45 0.40 0.44 0.41 0.39 0.39 0.35 0.50 0.60 0.50 0.22 0.23 0.23 0.23
0.66 0.68 0.68 0.69 0.48 0.66 0.68 0.68 0.65 0.65 0.65 0.65 0.65 0.64 0.64 0.63 0.39 0.62 0.57 0.62 0.64 0.64 0.64 0.62 0.38 0.50 0.62 0.36 0.57 0.62 0.61 0.61 0.62 0.62 0.61 0.61 0.59 0.62 0.59 0.77 0.73 0.90 0.79 0.97 0.97 1.00 0.97 0.97 0.98 1.00 1.00 1.00 0.15 0.90 0.90 0.90 0.90 0.90 0.22 0.21 0.02 0.11 0.61 0.67 0.67 0.67 0.67 0.68 0.68 0.68 0.68 0.65 0.67 0.65 0.64 0.64 0.57 0.69 0.74 0.70 0.45 0.47 0.47 0.47
0.81 0.82 0.82 0.82 0.65 0.81 0.82 0.81 0.79 0.80 0.80 0.80 0.80 0.80 0.80 0.79 0.57 0.79 0.74 0.79 0.80 0.80 0.80 0.79 0.59 0.70 0.79 0.55 0.76 0.79 0.79 0.79 0.79 0.79 0.79 0.79 0.77 0.79 0.77 0.86 0.82 0.94 0.86 0.99 0.99 1.00 0.99 0.98 0.99 1.00 1.00 1.00 0.26 0.94 0.94 0.94 0.94 0.94 0.32 0.32 0.05 0.16 0.77 0.81 0.81 0.81 0.81 0.82 0.82 0.82 0.82 0.80 0.81 0.80 0.80 0.80 0.72 0.82 0.84 0.82 0.63 0.67 0.67 0.67
0.64 0.66 0.66 0.67 0.46 0.64 0.66 0.66 0.62 0.62 0.63 0.62 0.62 0.61 0.61 0.60 0.37 0.59 0.53 0.59 0.61 0.61 0.61 0.59 0.36 0.46 0.59 0.33 0.53 0.59 0.58 0.58 0.59 0.59 0.58 0.58 0.55 0.59 0.55 0.76 0.71 0.89 0.77 0.97 0.97 1.00 0.97 0.97 0.98 1.00 1.00 1.00 0.14 0.89 0.89 0.89 0.89 0.89 0.21 0.19 0.02 0.10 0.58 0.65 0.65 0.65 0.65 0.66 0.65 0.66 0.66 0.63 0.65 0.63 0.62 0.62 0.54 0.67 0.73 0.67 0.41 0.44 0.44 0.44
0.51 0.53 0.53 0.54 0.33 0.50 0.53 0.52 0.49 0.49 0.49 0.48 0.49 0.46 0.47 0.45 0.25 0.44 0.38 0.44 0.46 0.46 0.46 0.44 0.22 0.31 0.44 0.21 0.38 0.44 0.43 0.43 0.44 0.44 0.43 0.43 0.40 0.44 0.40 0.67 0.64 0.84 0.71 0.95 0.95 1.00 0.95 0.94 0.96 1.00 1.00 1.00 0.09 0.85 0.85 0.85 0.85 0.85 0.16 0.13 0.01 0.08 0.44 0.52 0.52 0.52 0.52 0.53 0.54 0.53 0.53 0.49 0.52 0.50 0.48 0.48 0.43 0.57 0.64 0.57 0.29 0.30 0.30 0.30
0.75 0.76 0.76 0.77 0.58 0.75 0.76 0.76 0.73 0.74 0.74 0.73 0.74 0.73 0.73 0.72 0.49 0.72 0.66 0.72 0.73 0.73 0.73 0.72 0.49 0.61 0.72 0.46 0.68 0.72 0.71 0.71 0.72 0.72 0.71 0.71 0.69 0.72 0.69 0.82 0.78 0.92 0.83 0.98 0.98 1.00 0.98 0.98 0.99 1.00 1.00 1.00 0.20 0.91 0.91 0.91 0.91 0.91 0.27 0.25 0.04 0.13 0.70 0.75 0.75 0.75 0.75 0.76 0.75 0.76 0.76 0.74 0.75 0.74 0.73 0.73 0.65 0.77 0.79 0.77 0.55 0.58 0.58 0.58
0.71 0.73 0.73 0.73 0.54 0.71 0.73 0.73 0.70 0.71 0.71 0.70 0.71 0.70 0.70 0.68 0.45 0.68 0.62 0.68 0.70 0.70 0.70 0.68 0.45 0.56 0.68 0.42 0.63 0.68 0.68 0.68 0.68 0.68 0.68 0.68 0.65 0.68 0.65 0.80 0.75 0.91 0.81 0.98 0.98 1.00 0.98 0.97 0.99 1.00 1.00 1.00 0.18 0.91 0.91 0.91 0.91 0.91 0.26 0.24 0.03 0.12 0.66 0.72 0.72 0.72 0.72 0.73 0.73 0.73 0.73 0.70 0.72 0.71 0.70 0.70 0.62 0.74 0.78 0.75 0.51 0.54 0.54 0.54
0.70 0.72 0.72 0.72 0.53 0.70 0.72 0.71 0.69 0.69 0.69 0.69 0.69 0.68 0.68 0.67 0.44 0.67 0.61 0.67 0.68 0.68 0.68 0.67 0.44 0.55 0.67 0.40 0.62 0.67 0.66 0.66 0.67 0.67 0.66 0.66 0.64 0.67 0.64 0.79 0.75 0.91 0.81 0.98 0.98 1.00 0.98 0.97 0.99 1.00 1.00 1.00 0.18 0.91 0.91 0.91 0.91 0.91 0.25 0.24 0.03 0.12 0.65 0.71 0.71 0.71 0.71 0.71 0.71 0.71 0.71 0.69 0.71 0.69 0.68 0.68 0.61 0.73 0.77 0.73 0.50 0.52 0.52 0.52
0.72 0.74 0.74 0.74 0.55 0.72 0.74 0.73 0.71 0.71 0.72 0.71 0.71 0.71 0.71 0.69 0.47 0.69 0.62 0.69 0.71 0.71 0.71 0.69 0.45 0.57 0.69 0.43 0.64 0.69 0.68 0.68 0.69 0.69 0.68 0.68 0.66 0.69 0.66 0.81 0.76 0.92 0.81 0.98 0.98 1.00 0.98 0.98 0.99 1.00 1.00 1.00 0.18 0.91 0.91 0.91 0.91 0.91 0.25 0.24 0.03 0.12 0.67 0.73 0.73 0.73 0.73 0.74 0.73 0.74 0.74 0.71 0.73 0.71 0.70 0.70 0.63 0.74 0.78 0.75 0.52 0.54 0.54 0.54
0.71 0.72 0.72 0.73 0.54 0.71 0.72 0.72 0.69 0.70 0.70 0.69 0.70 0.69 0.69 0.68 0.45 0.67 0.62 0.68 0.69 0.69 0.69 0.67 0.44 0.56 0.68 0.41 0.63 0.68 0.67 0.67 0.67 0.68 0.67 0.67 0.65 0.68 0.65 0.81 0.76 0.92 0.81 0.97 0.97 1.00 0.97 0.97 0.99 1.00 1.00 1.00 0.18 0.91 0.91 0.91 0.91 0.91 0.26 0.23 0.03 0.12 0.66 0.72 0.72 0.72 0.72 0.72 0.72 0.72 0.72 0.70 0.72 0.70 0.69 0.69 0.61 0.74 0.78 0.74 0.50 0.52 0.52 0.52
0.78 0.80 0.80 0.80 0.62 0.78 0.80 0.79 0.77 0.78 0.78 0.77 0.78 0.78 0.78 0.76 0.53 0.76 0.71 0.77 0.78 0.78 0.78 0.76 0.55 0.66 0.77 0.51 0.73 0.77 0.76 0.76 0.76 0.77 0.76 0.76 0.74 0.77 0.74 0.85 0.80 0.94 0.85 0.98 0.98 1.00 0.98 0.98 0.99 1.00 1.00 1.00 0.23 0.92 0.92 0.92 0.92 0.92 0.30 0.30 0.05 0.14 0.74 0.79 0.79 0.79 0.79 0.79 0.79 0.79 0.79 0.77 0.79 0.77 0.77 0.77 0.69 0.80 0.83 0.80 0.60 0.63 0.63 0.63
0.43 0.45 0.45 0.47 0.26 0.41 0.45 0.44 0.41 0.40 0.40 0.38 0.40 0.36 0.36 0.35 0.18 0.34 0.28 0.33 0.36 0.36 0.36 0.34 0.15 0.21 0.33 0.14 0.27 0.33 0.32 0.31 0.34 0.33 0.32 0.32 0.29 0.33 0.29 0.61 0.57 0.81 0.66 0.94 0.94 1.00 0.94 0.92 0.95 1.00 1.00 1.00 0.06 0.82 0.82 0.82 0.82 0.82 0.13 0.11 0.01 0.06 0.35 0.44 0.44 0.44 0.44 0.45 0.46 0.45 0.45 0.40 0.44 0.41 0.39 0.39 0.35 0.50 0.59 0.50 0.22 0.23 0.23 0.23
0.45 0.46 0.46 0.48 0.27 0.43 0.46 0.46 0.43 0.42 0.41 0.40 0.42 0.37 0.38 0.37 0.18 0.35 0.29 0.34 0.37 0.37 0.38 0.35 0.16 0.22 0.34 0.14 0.29 0.34 0.33 0.33 0.35 0.34 0.33 0.33 0.31 0.34 0.31 0.62 0.59 0.81 0.67 0.94 0.94 1.00 0.94 0.94 0.95 1.00 1.00 1.00 0.06 0.82 0.82 0.82 0.82 0.82 0.13 0.11 0.01 0.06 0.36 0.45 0.45 0.45 0.45 0.47 0.47 0.47 0.47 0.42 0.45 0.42 0.41 0.41 0.36 0.52 0.61 0.52 0.23 0.23 0.23 0.23
0.78 0.79 0.79 0.80 0.63 0.79 0.79 0.79 0.77 0.78 0.78 0.77 0.78 0.78 0.78 0.77 0.54 0.76 0.71 0.77 0.78 0.78 0.78 0.76 0.56 0.66 0.77 0.52 0.73 0.77 0.76 0.76 0.76 0.77 0.76 0.76 0.74 0.77 0.74 0.85 0.80 0.93 0.84 0.98 0.98 1.00 0.98 0.98 0.99 1.00 1.00 1.00 0.24 0.93 0.93 0.93 0.93 0.93 0.30 0.29 0.04 0.14 0.75 0.79 0.79 0.79 0.79 0.79 0.79 0.79 0.79 0.78 0.79 0.78 0.77 0.77 0.70 0.80 0.83 0.80 0.60 0.63 0.63 0.63
0.55 0.57 0.57 0.58 0.36 0.54 0.57 0.57 0.53 0.53 0.53 0.52 0.53 0.51 0.51 0.50 0.28 0.49 0.43 0.48 0.51 0.51 0.51 0.49 0.26 0.35 0.48 0.24 0.43 0.48 0.47 0.47 0.49 0.48 0.47 0.47 0.45 0.48 0.45 0.69 0.66 0.85 0.73 0.96 0.96 1.00 0.96 0.95 0.97 1.00 1.00 1.00 0.10 0.86 0.86 0.86 0.86 0.86 0.18 0.15 0.01 0.09 0.48 0.56 0.56 0.56 0.56 0.57 0.57 0.57 0.57 0.53 0.56 0.53 0.52 0.52 0.45 0.59 0.66 0.60 0.32 0.34 0.34 0.34
0.63 0.65 0.65 0.66 0.45 0.63 0.65 0.65 0.62 0.62 0.62 0.61 0.62 0.61 0.61 0.60 0.37 0.59 0.52 0.59 0.61 0.61 0.61 0.59 0.35 0.46 0.59 0.33 0.54 0.59 0.58 0.58 0.59 0.59 0.58 0.58 0.56 0.59 0.56 0.76 0.71 0.89 0.77 0.97 0.97 1.00 0.97 0.97 0.98 1.00 1.00 1.00 0.13 0.89 0.89 0.89 0.89 0.89 0.22 0.20 0.02 0.10 0.57 0.64 0.64 0.64 0.64 0.65 0.65 0.65 0.65 0.62 0.64 0.62 0.61 0.61 0.54 0.67 0.72 0.67 0.42 0.44 0.44 0.44
0.96 0.97 0.97 0.97 0.91 0.97 0.97 0.97 0.96 0.97 0.96 0.96 0.97 0.97 0.97 0.96 0.85 0.96 0.95 0.97 0.97 0.97 0.97 0.96 0.89 0.95 0.97 0.85 0.96 0.97 0.97 0.97 0.96 0.97 0.97 0.97 0.96 0.97 0.96 0.97 0.95 0.99 0.96 1.00 1.00 1.00 1.00 1.00 1.00 1.00 1.00 1.00 0.56 0.98 0.98 0.98 0.98 0.98 0.56 0.56 0.21 0.33 0.96 0.97 0.97 0.97 0.97 0.97 0.97 0.97 0.97 0.97 0.97 0.96 0.96 0.96 0.93 0.97 0.97 0.97 0.90 0.93 0.93 0.93
0.42 0.44 0.44 0.46 0.24 0.40 0.44 0.44 0.40 0.38 0.39 0.37 0.38 0.35 0.35 0.34 0.17 0.33 0.27 0.32 0.35 0.35 0.35 0.33 0.14 0.21 0.32 0.13 0.26 0.32 0.31 0.31 0.33 0.32 0.31 0.31 0.29 0.32 0.29 0.60 0.57 0.80 0.66 0.94 0.94 1.00 0.94 0.93 0.95 1.00 1.00 1.00 0.07 0.83 0.83 0.83 0.83 0.83 0.12 0.11 0.01 0.06 0.34 0.43 0.43 0.43 0.43 0.44 0.45 0.44 0.44 0.39 0.43 0.40 0.38 0.38 0.34 0.49 0.58 0.49 0.22 0.22 0.22 0.22
0.97 0.97 0.97 0.97 0.91 0.97 0.97 0.97 0.96 0.97 0.97 0.96 0.97 0.97 0.97 0.97 0.84 0.97 0.95 0.97 0.97 0.97 0.97 0.97 0.89 0.94 0.97 0.85 0.96 0.97 0.97 0.97 0.97 0.97 0.97 0.97 0.96 0.97 0.96 0.97 0.95 0.99 0.96 1.00 1.00 1.00 1.00 1.00 1.00 1.00 1.00 1.00 0.55 0.98 0.98 0.98 0.98 0.98 0.55 0.56 0.20 0.31 0.96 0.97 0.97 0.97 0.97 0.97 0.97 0.97 0.97 0.97 0.97 0.97 0.97 0.97 0.93 0.96 0.97 0.97 0.90 0.93 0.93 0.93
0.53 0.56 0.56 0.57 0.35 0.52 0.56 0.55 0.52 0.51 0.52 0.50 0.51 0.48 0.48 0.48 0.27 0.46 0.39 0.46 0.48 0.48 0.49 0.46 0.24 0.33 0.46 0.22 0.40 0.46 0.45 0.45 0.46 0.46 0.45 0.45 0.42 0.46 0.42 0.69 0.64 0.85 0.71 0.95 0.95 1.00 0.95 0.95 0.97 1.00 1.00 1.00 0.09 0.86 0.86 0.86 0.86 0.86 0.16 0.15 0.01 0.08 0.45 0.54 0.54 0.54 0.54 0.55 0.55 0.55 0.55 0.51 0.54 0.51 0.50 0.50 0.44 0.58 0.66 0.59 0.31 0.33 0.33 0.33
0.57 0.59 0.59 0.60 0.38 0.56 0.59 0.59 0.55 0.55 0.55 0.54 0.55 0.53 0.53 0.52 0.30 0.50 0.44 0.50 0.53 0.53 0.53 0.50 0.27 0.37 0.50 0.25 0.44 0.50 0.49 0.49 0.50 0.50 0.49 0.49 0.46 0.50 0.46 0.71 0.67 0.87 0.74 0.96 0.96 1.00 0.96 0.95 0.97 1.00 1.00 1.00 0.11 0.87 0.87 0.87 0.87 0.87 0.18 0.17 0.02 0.09 0.50 0.58 0.58 0.58 0.58 0.59 0.59 0.59 0.59 0.55 0.58 0.56 0.54 0.54 0.48 0.62 0.68 0.62 0.35 0.36 0.36 0.36
0.55 0.57 0.57 0.58 0.36 0.54 0.57 0.56 0.53 0.53 0.53 0.51 0.53 0.50 0.50 0.49 0.28 0.47 0.42 0.47 0.50 0.50 0.50 0.47 0.25 0.34 0.47 0.23 0.41 0.47 0.46 0.46 0.47 0.47 0.46 0.46 0.44 0.47 0.44 0.69 0.65 0.85 0.72 0.96 0.96 1.00 0.96 0.95 0.97 1.00 1.00 1.00 0.10 0.87 0.87 0.87 0.87 0.87 0.17 0.16 0.01 0.08 0.48 0.56 0.56 0.56 0.56 0.57 0.57 0.57 0.57 0.53 0.56 0.54 0.52 0.52 0.46 0.60 0.67 0.60 0.33 0.35 0.35 0.35
0.42 0.44 0.44 0.46 0.25 0.41 0.44 0.44 0.41 0.39 0.40 0.38 0.39 0.36 0.36 0.35 0.18 0.33 0.28 0.33 0.36 0.36 0.36 0.33 0.15 0.21 0.33 0.13 0.27 0.32 0.32 0.32 0.33 0.32 0.32 0.32 0.30 0.32 0.30 0.60 0.58 0.80 0.66 0.94 0.94 1.00 0.94 0.93 0.95 1.00 1.00 1.00 0.06 0.83 0.83 0.83 0.83 0.83 0.13 0.11 0.01 0.06 0.35 0.44 0.44 0.44 0.44 0.45 0.45 0.45 0.45 0.40 0.44 0.41 0.39 0.39 0.35 0.50 0.59 0.49 0.22 0.23 0.23 0.23
0.66 0.68 0.68 0.68 0.47 0.66 0.68 0.67 0.64 0.65 0.65 0.64 0.65 0.63 0.63 0.62 0.39 0.61 0.55 0.62 0.63 0.63 0.63 0.61 0.38 0.49 0.62 0.36 0.56 0.61 0.61 0.60 0.61 0.61 0.61 0.60 0.58 0.61 0.58 0.77 0.72 0.90 0.78 0.97 0.97 1.00 0.97 0.97 0.98 1.00 1.00 1.00 0.15 0.89 0.89 0.89 0.89 0.89 0.21 0.21 0.02 0.11 0.60 0.67 0.67 0.67 0.67 0.67 0.67 0.67 0.67 0.64 0.67 0.65 0.64 0.64 0.56 0.69 0.74 0.70 0.44 0.46 0.46 0.46
0.43 0.45 0.45 0.46 0.25 0.41 0.45 0.44 0.41 0.40 0.40 0.38 0.40 0.36 0.36 0.35 0.17 0.33 0.27 0.33 0.36 0.36 0.36 0.33 0.15 0.21 0.33 0.14 0.27 0.32 0.32 0.31 0.33 0.32 0.32 0.32 0.29 0.32 0.29 0.60 0.57 0.80 0.66 0.93 0.93 1.00 0.93 0.92 0.95 1.00 1.00 1.00 0.07 0.82 0.82 0.82 0.82 0.82 0.12 0.11 0.01 0.06 0.35 0.43 0.43 0.43 0.43 0.44 0.45 0.44 0.44 0.39 0.43 0.40 0.38 0.39 0.34 0.49 0.58 0.49 0.22 0.23 0.23 0.23
0.80 0.82 0.82 0.82 0.64 0.81 0.82 0.81 0.79 0.80 0.80 0.80 0.80 0.80 0.80 0.79 0.56 0.79 0.74 0.79 0.80 0.80 0.80 0.79 0.57 0.69 0.79 0.53 0.75 0.79 0.79 0.79 0.79 0.79 0.79 0.79 0.77 0.79 0.77 0.86 0.81 0.94 0.85 0.98 0.98 1.00 0.98 0.98 0.99 1.00 1.00 1.00 0.25 0.94 0.94 0.94 0.94 0.94 0.30 0.30 0.05 0.16 0.77 0.81 0.81 0.81 0.81 0.81 0.81 0.81 0.81 0.80 0.81 0.80 0.79 0.79 0.71 0.81 0.84 0.81 0.61 0.65 0.65 0.65
0.60 0.62 0.62 0.63 0.42 0.59 0.62 0.62 0.59 0.58 0.59 0.57 0.58 0.56 0.56 0.55 0.33 0.54 0.47 0.54 0.56 0.56 0.56 0.54 0.31 0.41 0.54 0.29 0.48 0.54 0.53 0.53 0.54 0.54 0.53 0.53 0.50 0.54 0.50 0.74 0.69 0.88 0.76 0.97 0.97 1.00 0.97 0.96 0.97 1.00 1.00 1.00 0.11 0.88 0.88 0.88 0.88 0.88 0.19 0.18 0.02 0.10 0.54 0.61 0.61 0.61 0.61 0.62 0.62 0.62 0.62 0.58 0.61 0.58 0.57 0.57 0.51 0.64 0.70 0.65 0.37 0.40 0.40 0.40
0.75 0.77 0.77 0.77 0.58 0.75 0.77 0.76 0.74 0.75 0.75 0.74 0.75 0.74 0.74 0.73 0.50 0.73 0.67 0.73 0.74 0.74 0.74 0.73 0.50 0.61 0.73 0.47 0.68 0.73 0.72 0.72 0.73 0.73 0.72 0.72 0.70 0.73 0.70 0.83 0.78 0.93 0.83 0.98 0.98 1.00 0.98 0.98 0.99 1.00 1.00 1.00 0.21 0.92 0.92 0.92 0.92 0.92 0.28 0.27 0.04 0.14 0.71 0.76 0.76 0.76 0.76 0.76 0.76 0.76 0.76 0.74 0.76 0.74 0.73 0.73 0.66 0.77 0.80 0.77 0.55 0.58 0.58 0.58
0.67 0.69 0.69 0.69 0.49 0.67 0.69 0.68 0.65 0.66 0.66 0.65 0.66 0.65 0.65 0.64 0.41 0.63 0.57 0.63 0.65 0.65 0.65 0.63 0.40 0.50 0.63 0.37 0.58 0.63 0.62 0.62 0.63 0.63 0.62 0.62 0.60 0.63 0.60 0.77 0.73 0.89 0.79 0.97 0.97 1.00 0.97 0.97 0.98 1.00 1.00 1.00 0.16 0.90 0.90 0.90 0.90 0.90 0.24 0.22 0.02 0.11 0.63 0.68 0.68 0.68 0.68 0.69 0.69 0.69 0.69 0.66 0.68 0.66 0.65 0.65 0.58 0.70 0.74 0.71 0.45 0.48 0.48 0.48
0.96 0.96 0.96 0.96 0.90 0.96 0.96 0.96 0.95 0.96 0.96 0.96 0.96 0.96 0.96 0.96 0.83 0.96 0.94 0.96 0.96 0.96 0.96 0.96 0.89 0.94 0.96 0.85 0.95 0.96 0.96 0.96 0.96 0.96 0.96 0.96 0.95 0.96 0.95 0.97 0.95 0.99 0.96 1.00 1.00 1.00 1.00 1.00 1.00 1.00 1.00 1.00 0.55 0.98 0.98 0.98 0.98 0.98 0.56 0.56 0.21 0.32 0.95 0.96 0.96 0.96 0.96 0.96 0.96 0.96 0.96 0.96 0.96 0.96 0.96 0.96 0.93 0.96 0.96 0.96 0.89 0.92 0.92 0.92
0.69 0.71 0.71 0.72 0.52 0.69 0.71 0.71 0.68 0.69 0.68 0.68 0.69 0.67 0.68 0.66 0.43 0.66 0.60 0.66 0.67 0.67 0.68 0.66 0.42 0.53 0.66 0.39 0.60 0.66 0.65 0.65 0.66 0.66 0.65 0.65 0.63 0.66 0.63 0.80 0.75 0.91 0.80 0.97 0.97 1.00 0.97 0.97 0.98 1.00 1.00 1.00 0.16 0.91 0.91 0.91 0.91 0.91 0.25 0.24 0.03 0.12 0.64 0.70 0.70 0.70 0.70 0.71 0.71 0.71 0.71 0.68 0.70 0.68 0.67 0.67 0.60 0.72 0.76 0.72 0.48 0.51 0.51 0.51
0.48 0.50 0.50 0.51 0.30 0.46 0.50 0.49 0.45 0.45 0.45 0.43 0.45 0.41 0.42 0.41 0.21 0.39 0.33 0.39 0.41 0.41 0.41 0.39 0.18 0.26 0.39 0.17 0.33 0.39 0.38 0.38 0.39 0.39 0.38 0.38 0.35 0.39 0.35 0.64 0.61 0.82 0.69 0.94 0.94 1.00 0.94 0.94 0.96 1.00 1.00 1.00 0.07 0.84 0.84 0.84 0.84 0.84 0.14 0.12 0.01 0.07 0.40 0.49 0.49 0.49 0.49 0.50 0.50 0.50 0.50 0.45 0.49 0.46 0.44 0.44 0.39 0.54 0.62 0.54 0.26 0.27 0.27 0.27
0.79 0.80 0.80 0.80 0.63 0.79 0.80 0.79 0.77 0.78 0.78 0.78 0.78 0.78 0.78 0.76 0.53 0.76 0.71 0.76 0.78 0.78 0.78 0.76 0.55 0.66 0.76 0.52 0.73 0.77 0.76 0.76 0.76 0.77 0.76 0.76 0.74 0.77 0.74 0.85 0.80 0.93 0.85 0.98 0.98 1.00 0.98 0.98 0.99 1.00 1.00 1.00 0.23 0.93 0.93 0.93 0.93 0.93 0.30 0.29 0.05 0.14 0.75 0.79 0.79 0.79 0.79 0.80 0.79 0.80 0.80 0.78 0.79 0.78 0.78 0.77 0.69 0.80 0.83 0.80 0.59 0.63 0.63 0.63
0.98 0.98 0.98 0.98 0.94 0.98 0.98 0.98 0.98 0.98 0.98 0.98 0.98 0.98 0.98 0.98 0.89 0.98 0.97 0.98 0.98 0.98 0.98 0.98 0.93 0.97 0.98 0.90 0.98 0.98 0.98 0.98 0.98 0.98 0.98 0.98 0.98 0.98 0.98 0.98 0.96 0.99 0.97 1.00 1.00 1.00 1.00 1.00 1.00 1.00 1.00 1.00 0.63 0.99 0.99 0.99 0.99 0.99 0.61 0.62 0.27 0.38 0.97 0.98 0.98 0.98 0.98 0.98 0.98 0.98 0.98 0.98 0.98 0.98 0.98 0.98 0.95 0.98 0.98 0.98 0.93 0.96 0.96 0.96
0.67 0.69 0.69 0.69 0.48 0.67 0.69 0.68 0.65 0.66 0.66 0.65 0.66 0.65 0.65 0.63 0.40 0.63 0.57 0.63 0.65 0.65 0.65 0.63 0.40 0.50 0.63 0.37 0.57 0.63 0.62 0.62 0.63 0.63 0.62 0.62 0.60 0.63 0.60 0.77 0.72 0.90 0.78 0.97 0.97 1.00 0.97 0.97 0.98 1.00 1.00 1.00 0.16 0.90 0.90 0.90 0.90 0.90 0.23 0.22 0.02 0.11 0.61 0.68 0.68 0.68 0.68 0.69 0.68 0.69 0.69 0.66 0.68 0.66 0.65 0.65 0.57 0.70 0.75 0.70 0.45 0.48 0.48 0.48
0.74 0.76 0.76 0.76 0.57 0.74 0.76 0.75 0.72 0.73 0.73 0.73 0.73 0.73 0.73 0.71 0.48 0.71 0.66 0.72 0.73 0.73 0.73 0.71 0.49 0.60 0.72 0.46 0.67 0.72 0.71 0.71 0.71 0.72 0.71 0.71 0.69 0.72 0.69 0.82 0.78 0.92 0.83 0.98 0.98 1.00 0.98 0.98 0.99 1.00 1.00 1.00 0.19 0.92 0.92 0.92 0.92 0.92 0.28 0.26 0.04 0.13 0.70 0.75 0.75 0.75 0.75 0.76 0.75 0.76 0.76 0.73 0.75 0.73 0.72 0.72 0.65 0.76 0.80 0.77 0.54 0.57 0.57 0.57
0.52 0.53 0.53 0.54 0.33 0.51 0.53 0.53 0.49 0.49 0.49 0.48 0.49 0.46 0.46 0.45 0.25 0.43 0.38 0.43 0.46 0.46 0.46 0.43 0.22 0.30 0.43 0.20 0.37 0.43 0.42 0.42 0.43 0.43 0.42 0.42 0.40 0.43 0.40 0.67 0.63 0.85 0.71 0.95 0.95 1.00 0.95 0.95 0.96 1.00 1.00 1.00 0.08 0.85 0.85 0.85 0.85 0.85 0.15 0.13 0.01 0.08 0.45 0.53 0.53 0.53 0.53 0.54 0.54 0.54 0.54 0.49 0.53 0.50 0.48 0.48 0.42 0.58 0.65 0.58 0.29 0.30 0.30 0.30
0.80 0.81 0.81 0.81 0.65 0.80 0.81 0.81 0.78 0.80 0.80 0.79 0.80 0.79 0.79 0.78 0.57 0.78 0.73 0.79 0.79 0.79 0.79 0.78 0.58 0.69 0.79 0.55 0.75 0.79 0.78 0.78 0.78 0.79 0.78 0.78 0.76 0.79 0.76 0.86 0.82 0.94 0.86 0.98 0.98 1.00 0.98 0.99 0.99 1.00 1.00 1.00 0.25 0.93 0.93 0.93 0.93 0.93 0.32 0.31 0.05 0.16 0.77 0.81 0.81 0.81 0.81 0.81 0.81 0.81 0.81 0.79 0.81 0.79 0.79 0.79 0.71 0.81 0.84 0.82 0.62 0.65 0.65 0.65
0.74 0.76 0.76 0.76 0.57 0.74 0.76 0.76 0.73 0.74 0.74 0.73 0.74 0.73 0.73 0.72 0.48 0.71 0.66 0.72 0.73 0.73 0.73 0.71 0.49 0.61 0.72 0.46 0.67 0.72 0.71 0.71 0.71 0.72 0.71 0.71 0.69 0.72 0.69 0.82 0.78 0.92 0.83 0.98 0.98 1.00 0.98 0.98 0.99 1.00 1.00 1.00 0.20 0.92 0.92 0.92 0.92 0.92 0.28 0.26 0.03 0.13 0.70 0.75 0.75 0.75 0.75 0.76 0.75 0.76 0.76 0.74 0.75 0.74 0.73 0.73 0.65 0.76 0.80 0.77 0.55 0.58 0.58 0.58
0.97 0.97 0.97 0.97 0.92 0.97 0.97 0.97 0.96 0.97 0.97 0.97 0.97 0.97 0.97 0.97 0.85 0.97 0.96 0.97 0.97 0.97 0.97 0.97 0.91 0.95 0.97 0.86 0.96 0.97 0.97 0.97 0.97 0.97 0.97 0.97 0.96 0.97 0.96 0.97 0.95 0.99 0.96 1.00 1.00 1.00 1.00 1.00 1.00 1.00 1.00 1.00 0.58 0.98 0.98 0.98 0.98 0.98 0.56 0.57 0.22 0.33 0.96 0.97 0.97 0.97 0.97 0.97 0.97 0.97 0.97 0.97 0.97 0.97 0.97 0.97 0.94 0.97 0.97 0.97 0.91 0.93 0.93 0.93
0.59 0.61 0.61 0.62 0.40 0.58 0.61 0.60 0.57 0.57 0.57 0.56 0.57 0.55 0.55 0.53 0.31 0.52 0.46 0.52 0.55 0.55 0.55 0.52 0.29 0.39 0.52 0.27 0.47 0.52 0.52 0.51 0.52 0.52 0.52 0.52 0.49 0.52 0.49 0.71 0.67 0.87 0.74 0.96 0.96 1.00 0.96 0.95 0.97 1.00 1.00 1.00 0.11 0.88 0.88 0.88 0.88 0.88 0.19 0.17 0.02 0.09 0.52 0.60 0.60 0.60 0.60 0.61 0.60 0.61 0.61 0.57 0.60 0.57 0.56 0.56 0.49 0.63 0.69 0.63 0.37 0.38 0.38 0.38
0.44 0.47 0.47 0.48 0.27 0.42 0.47 0.46 0.43 0.41 0.42 0.41 0.41 0.38 0.38 0.38 0.19 0.36 0.30 0.35 0.38 0.38 0.38 0.36 0.16 0.23 0.35 0.15 0.29 0.35 0.34 0.34 0.36 0.35 0.34 0.34 0.31 0.35 0.31 0.62 0.60 0.81 0.68 0.94 0.94 1.00 0.94 0.93 0.95 1.00 1.00 1.00 0.07 0.83 0.83 0.83 0.83 0.83 0.14 0.12 0.01 0.07 0.36 0.45 0.45 0.45 0.45 0.46 0.47 0.46 0.46 0.41 0.45 0.42 0.41 0.41 0.36 0.51 0.60 0.51 0.23 0.24 0.24 0.24
0.72 0.73 0.73 0.74 0.55 0.72 0.73 0.73 0.70 0.71 0.71 0.71 0.71 0.70 0.70 0.69 0.46 0.69 0.64 0.69 0.70 0.70 0.71 0.69 0.46 0.58 0.69 0.43 0.64 0.69 0.68 0.68 0.69 0.69 0.68 0.68 0.66 0.69 0.66 0.81 0.76 0.92 0.81 0.98 0.98 1.00 0.98 0.98 0.99 1.00 1.00 1.00 0.18 0.91 0.91 0.91 0.91 0.91 0.26 0.25 0.04 0.13 0.67 0.73 0.73 0.73 0.73 0.74 0.73 0.74 0.74 0.71 0.73 0.71 0.71 0.70 0.63 0.74 0.78 0.75 0.51 0.55 0.55 0.55
0.64 0.65 0.65 0.66 0.45 0.63 0.65 0.65 0.62 0.62 0.63 0.62 0.62 0.61 0.61 0.60 0.38 0.60 0.53 0.59 0.61 0.61 0.61 0.60 0.36 0.47 0.59 0.34 0.54 0.59 0.59 0.59 0.60 0.59 0.59 0.59 0.56 0.59 0.56 0.75 0.71 0.88 0.77 0.97 0.97 1.00 0.97 0.96 0.98 1.00 1.00 1.00 0.14 0.89 0.89 0.89 0.89 0.89 0.21 0.20 0.02 0.10 0.58 0.65 0.65 0.65 0.65 0.66 0.66 0.66 0.66 0.62 0.65 0.63 0.62 0.61 0.55 0.68 0.73 0.68 0.43 0.44 0.44 0.44
0.67 0.68 0.68 0.69 0.48 0.66 0.68 0.68 0.65 0.65 0.66 0.65 0.65 0.64 0.64 0.63 0.40 0.62 0.56 0.63 0.64 0.64 0.64 0.62 0.39 0.50 0.63 0.36 0.58 0.63 0.62 0.62 0.62 0.63 0.62 0.62 0.59 0.63 0.59 0.77 0.73 0.90 0.79 0.97 0.97 1.00 0.97 0.97 0.98 1.00 1.00 1.00 0.15 0.90 0.90 0.90 0.90 0.90 0.23 0.21 0.03 0.11 0.61 0.68 0.68 0.68 0.68 0.68 0.68 0.68 0.68 0.65 0.68 0.66 0.65 0.65 0.56 0.70 0.75 0.71 0.44 0.47 0.47 0.47
0.76 0.77 0.77 0.78 0.60 0.76 0.77 0.77 0.74 0.76 0.75 0.75 0.76 0.75 0.75 0.74 0.50 0.74 0.68 0.74 0.75 0.75 0.75 0.74 0.52 0.63 0.74 0.48 0.70 0.74 0.73 0.73 0.74 0.74 0.73 0.73 0.71 0.74 0.71 0.83 0.78 0.93 0.83 0.98 0.98 1.00 0.98 0.98 0.99 1.00 1.00 1.00 0.21 0.92 0.92 0.92 0.92 0.92 0.28 0.28 0.04 0.14 0.72 0.77 0.77 0.77 0.77 0.77 0.77 0.77 0.77 0.75 0.77 0.75 0.74 0.74 0.67 0.78 0.81 0.78 0.57 0.60 0.60 0.60
0.51 0.52 0.52 0.54 0.32 0.49 0.52 0.52 0.48 0.48 0.48 0.47 0.48 0.45 0.45 0.44 0.24 0.43 0.37 0.43 0.45 0.45 0.45 0.43 0.22 0.29 0.43 0.20 0.37 0.43 0.41 0.41 0.43 0.43 0.41 0.41 0.39 0.43 0.39 0.66 0.63 0.84 0.70 0.95 0.95 1.00 0.95 0.94 0.96 1.00 1.00 1.00 0.09 0.86 0.86 0.86 0.86 0.86 0.16 0.14 0.01 0.07 0.44 0.52 0.52 0.52 0.52 0.53 0.53 0.53 0.53 0.49 0.52 0.49 0.48 0.48 0.42 0.57 0.64 0.57 0.30 0.31 0.31 0.31
0.41 0.44 0.44 0.46 0.24 0.40 0.44 0.43 0.40 0.38 0.38 0.37 0.38 0.34 0.35 0.34 0.17 0.32 0.27 0.31 0.34 0.34 0.34 0.32 0.14 0.20 0.31 0.13 0.26 0.31 0.30 0.30 0.32 0.31 0.30 0.30 0.28 0.31 0.28 0.60 0.57 0.80 0.65 0.93 0.93 1.00 0.93 0.92 0.95 1.00 1.00 1.00 0.06 0.82 0.82 0.82 0.82 0.82 0.13 0.10 0.01 0.06 0.33 0.42 0.42 0.42 0.42 0.43 0.44 0.43 0.43 0.38 0.42 0.39 0.37 0.37 0.33 0.48 0.57 0.48 0.20 0.21 0.21 0.21
0.92 0.92 0.92 0.92 0.82 0.92 0.92 0.92 0.91 0.92 0.92 0.92 0.92 0.92 0.92 0.91 0.74 0.92 0.89 0.92 0.92 0.92 0.92 0.92 0.78 0.87 0.92 0.73 0.90 0.92 0.92 0.92 0.92 0.92 0.92 0.92 0.91 0.92 0.91 0.94 0.90 0.97 0.92 0.99 0.99 1.00 0.99 0.99 1.00 1.00 1.00 1.00 0.41 0.97 0.97 0.97 0.97 0.97 0.45 0.45 0.12 0.24 0.90 0.92 0.92 0.92 0.92 0.92 0.92 0.92 0.92 0.92 0.92 0.92 0.92 0.92 0.86 0.92 0.93 0.92 0.80 0.84 0.84 0.84
0.63 0.65 0.65 0.65 0.45 0.63 0.65 0.64 0.61 0.62 0.62 0.61 0.62 0.60 0.60 0.59 0.36 0.58 0.51 0.58 0.60 0.60 0.60 0.58 0.34 0.45 0.58 0.31 0.52 0.58 0.57 0.57 0.58 0.58 0.57 0.57 0.55 0.58 0.55 0.75 0.71 0.88 0.77 0.97 0.97 1.00 0.97 0.96 0.98 1.00 1.00 1.00 0.13 0.88 0.88 0.88 0.88 0.88 0.21 0.19 0.02 0.10 0.57 0.64 0.64 0.64 0.64 0.65 0.65 0.65 0.65 0.61 0.64 0.62 0.61 0.61 0.53 0.66 0.71 0.67 0.41 0.43 0.43 0.43
0.77 0.78 0.78 0.79 0.60 0.77 0.78 0.78 0.75 0.76 0.76 0.76 0.76 0.76 0.76 0.75 0.52 0.75 0.69 0.75 0.76 0.76 0.76 0.75 0.52 0.65 0.75 0.49 0.71 0.75 0.74 0.74 0.75 0.75 0.74 0.74 0.72 0.75 0.72 0.84 0.79 0.93 0.84 0.98 0.98 1.00 0.98 0.98 0.99 1.00 1.00 1.00 0.22 0.93 0.93 0.93 0.93 0.93 0.28 0.28 0.04 0.14 0.73 0.78 0.78 0.78 0.78 0.78 0.78 0.78 0.78 0.76 0.78 0.76 0.76 0.76 0.68 0.79 0.82 0.79 0.57 0.61 0.61 0.61
0.82 0.83 0.83 0.83 0.67 0.82 0.83 0.83 0.80 0.81 0.82 0.81 0.81 0.81 0.81 0.80 0.58 0.80 0.76 0.81 0.81 0.81 0.81 0.80 0.61 0.71 0.81 0.57 0.77 0.81 0.80 0.80 0.80 0.81 0.80 0.80 0.78 0.81 0.78 0.87 0.82 0.94 0.86 0.99 0.99 1.00 0.99 0.98 0.99 1.00 1.00 1.00 0.26 0.93 0.93 0.93 0.93 0.93 0.33 0.32 0.06 0.16 0.79 0.82 0.82 0.82 0.82 0.83 0.82 0.83 0.83 0.81 0.82 0.81 0.81 0.81 0.73 0.82 0.85 0.83 0.64 0.68 0.68 0.68
0.79 0.80 0.80 0.80 0.63 0.79 0.80 0.80 0.77 0.79 0.79 0.78 0.79 0.78 0.78 0.77 0.55 0.77 0.73 0.78 0.78 0.78 0.78 0.77 0.57 0.67 0.78 0.53 0.73 0.77 0.77 0.77 0.77 0.77 0.77 0.77 0.75 0.77 0.75 0.85 0.81 0.94 0.85 0.98 0.98 1.00 0.98 0.98 0.99 1.00 1.00 1.00 0.23 0.93 0.93 0.93 0.93 0.93 0.31 0.30 0.05 0.16 0.76 0.80 0.80 0.80 0.80 0.80 0.80 0.80 0.80 0.78 0.80 0.78 0.78 0.78 0.70 0.81 0.83 0.81 0.61 0.65 0.65 0.65
0.75 0.76 0.76 0.77 0.58 0.75 0.76 0.76 0.73 0.74 0.74 0.73 0.74 0.74 0.74 0.73 0.50 0.73 0.67 0.73 0.74 0.74 0.74 0.73 0.50 0.62 0.73 0.47 0.68 0.73 0.72 0.72 0.73 0.73 0.72 0.72 0.70 0.73 0.70 0.83 0.78 0.93 0.83 0.98 0.98 1.00 0.98 0.98 0.99 1.00 1.00 1.00 0.21 0.92 0.92 0.92 0.92 0.92 0.27 0.27 0.04 0.14 0.70 0.76 0.76 0.76 0.76 0.76 0.76 0.76 0.76 0.74 0.76 0.74 0.74 0.73 0.66 0.77 0.81 0.77 0.55 0.58 0.58 0.58
0.94 0.94 0.94 0.94 0.84 0.94 0.94 0.94 0.93 0.94 0.94 0.94 0.94 0.94 0.94 0.93 0.78 0.94 0.91 0.94 0.94 0.94 0.94 0.94 0.83 0.90 0.94 0.79 0.93 0.94 0.94 0.94 0.94 0.94 0.94 0.94 0.93 0.94 0.93 0.95 0.92 0.98 0.94 1.00 1.00 1.00 1.00 1.00 1.00 1.00 1.00 1.00 0.46 0.97 0.97 0.97 0.97 0.97 0.48 0.49 0.14 0.26 0.93 0.94 0.94 0.94 0.94 0.94 0.94 0.94 0.94 0.94 0.94 0.94 0.94 0.94 0.89 0.94 0.94 0.94 0.84 0.87 0.87 0.87
0.88 0.89 0.89 0.89 0.76 0.88 0.89 0.88 0.86 0.88 0.88 0.88 0.88 0.88 0.88 0.87 0.67 0.87 0.84 0.88 0.88 0.88 0.88 0.87 0.72 0.82 0.88 0.68 0.85 0.88 0.87 0.87 0.87 0.88 0.87 0.87 0.86 0.88 0.86 0.92 0.87 0.97 0.90 0.99 0.99 1.00 0.99 0.99 1.00 1.00 1.00 1.00 0.36 0.96 0.96 0.96 0.96 0.96 0.40 0.40 0.09 0.21 0.86 0.88 0.88 0.88 0.88 0.88 0.88 0.88 0.88 0.88 0.88 0.88 0.87 0.87 0.81 0.88 0.90 0.88 0.74 0.78 0.78 0.78
0.71 0.72 0.72 0.72 0.52 0.70 0.72 0.71 0.68 0.70 0.69 0.69 0.70 0.68 0.68 0.67 0.44 0.67 0.61 0.67 0.68 0.68 0.68 0.67 0.44 0.55 0.67 0.40 0.62 0.67 0.66 0.66 0.67 0.67 0.66 0.66 0.64 0.67 0.64 0.80 0.76 0.91 0.81 0.98 0.98 1.00 0.98 0.97 0.99 1.00 1.00 1.00 0.17 0.91 0.91 0.91 0.91 0.91 0.24 0.24 0.03 0.12 0.66 0.71 0.71 0.71 0.71 0.72 0.72 0.72 0.72 0.69 0.71 0.70 0.69 0.69 0.61 0.73 0.77 0.73 0.49 0.52 0.52 0.52
0.94 0.95 0.95 0.95 0.87 0.95 0.95 0.95 0.94 0.94 0.94 0.94 0.94 0.95 0.95 0.94 0.79 0.94 0.92 0.94 0.95 0.95 0.95 0.94 0.84 0.91 0.94 0.80 0.93 0.94 0.94 0.94 0.94 0.94 0.94 0.94 0.94 0.94 0.94 0.95 0.93 0.98 0.94 1.00 1.00 1.00 1.00 1.00 1.00 1.00 1.00 1.00 0.49 0.97 0.97 0.97 0.97 0.97 0.49 0.50 0.16 0.28 0.93 0.95 0.95 0.95 0.95 0.95 0.94 0.95 0.95 0.94 0.95 0.94 0.94 0.94 0.90 0.94 0.95 0.94 0.85 0.89 0.89 0.89
0.76 0.78 0.78 0.78 0.60 0.77 0.78 0.77 0.75 0.76 0.76 0.75 0.76 0.75 0.75 0.74 0.51 0.74 0.68 0.74 0.75 0.75 0.75 0.74 0.52 0.64 0.74 0.48 0.70 0.74 0.74 0.74 0.74 0.74 0.74 0.74 0.71 0.74 0.71 0.84 0.79 0.93 0.84 0.98 0.98 1.00 0.98 0.98 0.99 1.00 1.00 1.00 0.21 0.92 0.92 0.92 0.92 0.92 0.28 0.27 0.04 0.14 0.72 0.77 0.77 0.77 0.77 0.78 0.77 0.78 0.78 0.76 0.77 0.76 0.75 0.75 0.67 0.78 0.81 0.78 0.57 0.60 0.60 0.60
0.79 0.80 0.80 0.81 0.65 0.79 0.80 0.80 0.78 0.79 0.79 0.78 0.79 0.78 0.78 0.77 0.55 0.77 0.73 0.77 0.78 0.78 0.78 0.77 0.57 0.68 0.77 0.53 0.73 0.77 0.77 0.77 0.77 0.77 0.77 0.77 0.75 0.77 0.75 0.86 0.82 0.94 0.86 0.98 0.98 1.00 0.98 0.98 0.99 1.00 1.00 1.00 0.24 0.93 0.93 0.93 0.93 0.93 0.31 0.30 0.05 0.15 0.76 0.80 0.80 0.80 0.80 0.80 0.80 0.80 0.80 0.79 0.80 0.79 0.79 0.78 0.70 0.81 0.83 0.81 0.61 0.65 0.65 0.65
0.56 0.59 0.59 0.59 0.38 0.56 0.59 0.58 0.55 0.55 0.54 0.53 0.55 0.52 0.52 0.51 0.29 0.50 0.44 0.50 0.52 0.52 0.52 0.50 0.27 0.36 0.50 0.25 0.44 0.50 0.49 0.49 0.50 0.50 0.49 0.49 0.46 0.50 0.46 0.70 0.67 0.86 0.74 0.96 0.96 1.00 0.96 0.95 0.97 1.00 1.00 1.00 0.10 0.87 0.87 0.87 0.87 0.87 0.18 0.16 0.02 0.08 0.50 0.57 0.57 0.57 0.57 0.58 0.59 0.58 0.58 0.54 0.57 0.55 0.54 0.54 0.47 0.61 0.67 0.62 0.34 0.35 0.35 0.35
0.44 0.46 0.46 0.48 0.27 0.43 0.46 0.46 0.43 0.41 0.42 0.40 0.41 0.38 0.38 0.37 0.19 0.35 0.30 0.35 0.38 0.38 0.38 0.35 0.16 0.23 0.35 0.15 0.29 0.35 0.33 0.33 0.35 0.35 0.33 0.34 0.31 0.35 0.31 0.62 0.59 0.81 0.68 0.94 0.94 1.00 0.94 0.93 0.95 1.00 1.00 1.00 0.07 0.83 0.83 0.83 0.83 0.83 0.14 0.11 0.01 0.06 0.36 0.45 0.45 0.45 0.45 0.46 0.47 0.46 0.46 0.41 0.45 0.42 0.40 0.40 0.36 0.51 0.60 0.51 0.23 0.23 0.23 0.23
0.71 0.73 0.73 0.74 0.54 0.71 0.73 0.73 0.70 0.71 0.71 0.70 0.71 0.70 0.70 0.69 0.45 0.68 0.62 0.69 0.70 0.70 0.70 0.68 0.45 0.57 0.69 0.42 0.64 0.68 0.68 0.68 0.68 0.68 0.68 0.68 0.66 0.68 0.66 0.81 0.76 0.92 0.81 0.98 0.98 1.00 0.98 0.97 0.98 1.00 1.00 1.00 0.18 0.91 0.91 0.91 0.91 0.91 0.26 0.25 0.03 0.12 0.67 0.72 0.72 0.72 0.72 0.73 0.72 0.73 0.73 0.71 0.72 0.71 0.70 0.70 0.62 0.74 0.78 0.74 0.50 0.54 0.54 0.54
0.96 0.96 0.96 0.97 0.90 0.96 0.96 0.96 0.96 0.96 0.96 0.96 0.96 0.96 0.96 0.96 0.84 0.96 0.95 0.96 0.96 0.96 0.96 0.96 0.89 0.94 0.96 0.85 0.96 0.96 0.96 0.96 0.96 0.96 0.96 0.96 0.96 0.96 0.96 0.97 0.95 0.99 0.96 1.00 1.00 1.00 1.00 1.00 1.00 1.00 1.00 1.00 0.55 0.98 0.98 0.98 0.98 0.98 0.54 0.56 0.20 0.32 0.96 0.96 0.96 0.96 0.96 0.96 0.96 0.96 0.96 0.96 0.96 0.96 0.96 0.96 0.93 0.96 0.96 0.96 0.89 0.92 0.92 0.92
0.98 0.98 0.98 0.98 0.94 0.98 0.98 0.98 0.97 0.98 0.98 0.98 0.98 0.98 0.98 0.98 0.88 0.98 0.97 0.98 0.98 0.98 0.98 0.98 0.93 0.97 0.98 0.90 0.98 0.98 0.98 0.98 0.98 0.98 0.98 0.98 0.98 0.98 0.98 0.98 0.97 0.99 0.98 1.00 1.00 1.00 1.00 1.00 1.00 1.00 1.00 1.00 0.63 0.99 0.99 0.99 0.99 0.99 0.61 0.62 0.27 0.38 0.97 0.98 0.98 0.98 0.98 0.98 0.98 0.98 0.98 0.98 0.98 0.98 0.98 0.98 0.96 0.98 0.98 0.98 0.93 0.96 0.96 0.96
0.97 0.98 0.98 0.98 0.93 0.98 0.98 0.98 0.97 0.98 0.97 0.97 0.98 0.98 0.98 0.97 0.87 0.98 0.96 0.98 0.98 0.98 0.98 0.98 0.92 0.96 0.98 0.88 0.97 0.98 0.97 0.97 0.98 0.98 0.97 0.97 0.97 0.98 0.97 0.98 0.96 0.99 0.96 1.00 1.00 1.00 1.00 1.00 1.00 1.00 1.00 1.00 0.61 0.99 0.99 0.99 0.99 0.99 0.59 0.61 0.24 0.35 0.97 0.98 0.98 0.98 0.98 0.98 0.98 0.98 0.98 0.98 0.98 0.97 0.98 0.98 0.95 0.97 0.97 0.98 0.92 0.94 0.94 0.94
0.65 0.66 0.66 0.67 0.47 0.65 0.66 0.66 0.63 0.64 0.64 0.62 0.64 0.62 0.62 0.61 0.38 0.60 0.54 0.60 0.62 0.62 0.62 0.60 0.37 0.47 0.60 0.34 0.54 0.60 0.59 0.59 0.60 0.60 0.59 0.59 0.57 0.60 0.57 0.76 0.72 0.89 0.78 0.97 0.97 1.00 0.97 0.97 0.98 1.00 1.00 1.00 0.14 0.89 0.89 0.89 0.89 0.89 0.22 0.20 0.02 0.10 0.59 0.66 0.66 0.66 0.66 0.67 0.66 0.67 0.67 0.63 0.66 0.64 0.63 0.63 0.56 0.68 0.73 0.69 0.43 0.45 0.45 0.45
0.88 0.89 0.89 0.89 0.77 0.89 0.89 0.89 0.87 0.88 0.88 0.88 0.88 0.88 0.88 0.88 0.68 0.88 0.84 0.88 0.88 0.88 0.88 0.88 0.73 0.82 0.88 0.68 0.86 0.88 0.88 0.88 0.88 0.88 0.88 0.88 0.87 0.88 0.87 0.92 0.88 0.97 0.91 0.99 0.99 1.00 0.99 0.99 1.00 1.00 1.00 1.00 0.35 0.96 0.96 0.96 0.96 0.96 0.41 0.40 0.09 0.21 0.87 0.89 0.89 0.89 0.89 0.89 0.89 0.89 0.89 0.88 0.89 0.88 0.88 0.88 0.81 0.89 0.90 0.89 0.75 0.79 0.79 0.79
0.79 0.80 0.80 0.81 0.63 0.79 0.80 0.80 0.78 0.79 0.79 0.78 0.79 0.78 0.78 0.77 0.55 0.77 0.72 0.78 0.78 0.78 0.78 0.77 0.56 0.68 0.78 0.52 0.74 0.78 0.77 0.77 0.77 0.78 0.77 0.77 0.75 0.78 0.75 0.85 0.80 0.94 0.85 0.98 0.98 1.00 0.98 0.98 0.99 1.00 1.00 1.00 0.23 0.93 0.93 0.93 0.93 0.93 0.31 0.30 0.05 0.15 0.76 0.80 0.80 0.80 0.80 0.80 0.80 0.80 0.80 0.79 0.80 0.79 0.78 0.78 0.70 0.81 0.83 0.81 0.60 0.63 0.63 0.63
0.97 0.97 0.97 0.97 0.91 0.97 0.97 0.97 0.96 0.97 0.97 0.97 0.97 0.97 0.97 0.97 0.85 0.97 0.96 0.97 0.97 0.97 0.97 0.97 0.90 0.95 0.97 0.86 0.96 0.97 0.97 0.97 0.97 0.97 0.97 0.97 0.96 0.97 0.96 0.97 0.95 0.99 0.97 1.00 1.00 1.00 1.00 1.00 1.00 1.00 1.00 1.00 0.57 0.98 0.98 0.98 0.98 0.98 0.56 0.57 0.21 0.33 0.96 0.97 0.97 0.97 0.97 0.97 0.97 0.97 0.97 0.97 0.97 0.97 0.97 0.97 0.94 0.97 0.97 0.97 0.91 0.94 0.94 0.94
0.96 0.96 0.96 0.96 0.90 0.96 0.96 0.96 0.95 0.96 0.96 0.96 0.96 0.96 0.96 0.96 0.83 0.96 0.94 0.96 0.96 0.96 0.96 0.96 0.88 0.94 0.96 0.84 0.95 0.96 0.96 0.96 0.96 0.96 0.96 0.96 0.95 0.96 0.95 0.97 0.94 0.99 0.96 1.00 1.00 1.00 1.00 1.00 1.00 1.00 1.00 1.00 0.54 0.98 0.98 0.98 0.98 0.98 0.54 0.55 0.19 0.31 0.95 0.96 0.96 0.96 0.96 0.96 0.96 0.96 0.96 0.96 0.96 0.96 0.96 0.96 0.93 0.96 0.96 0.96 0.88 0.92 0.92 0.92
0.55 0.57 0.57 0.58 0.36 0.54 0.57 0.56 0.53 0.53 0.53 0.52 0.53 0.51 0.51 0.50 0.28 0.49 0.43 0.48 0.51 0.51 0.51 0.49 0.26 0.35 0.48 0.25 0.42 0.48 0.47 0.47 0.49 0.48 0.47 0.47 0.45 0.48 0.45 0.69 0.65 0.85 0.72 0.96 0.96 1.00 0.96 0.95 0.97 1.00 1.00 1.00 0.10 0.87 0.87 0.87 0.87 0.87 0.18 0.16 0.01 0.08 0.49 0.56 0.56 0.56 0.56 0.57 0.57 0.57 0.57 0.53 0.56 0.53 0.52 0.52 0.46 0.60 0.67 0.60 0.33 0.35 0.35 0.35
0.87 0.88 0.88 0.88 0.73 0.87 0.88 0.88 0.86 0.87 0.87 0.87 0.87 0.87 0.87 0.86 0.65 0.86 0.82 0.86 0.87 0.87 0.87 0.86 0.69 0.79 0.86 0.65 0.84 0.86 0.86 0.86 0.86 0.86 0.86 0.86 0.85 0.86 0.85 0.91 0.87 0.96 0.90 0.99 0.99 1.00 0.99 0.99 0.99 1.00 1.00 1.00 0.34 0.95 0.95 0.95 0.95 0.95 0.37 0.37 0.08 0.20 0.85 0.87 0.87 0.87 0.87 0.88 0.87 0.88 0.88 0.87 0.87 0.87 0.86 0.86 0.80 0.88 0.89 0.88 0.73 0.76 0.76 0.76
0.44 0.46 0.46 0.48 0.27 0.43 0.46 0.46 0.42 0.41 0.41 0.40 0.41 0.38 0.38 0.37 0.19 0.35 0.30 0.35 0.38 0.38 0.38 0.35 0.16 0.22 0.35 0.15 0.29 0.34 0.33 0.33 0.35 0.34 0.33 0.33 0.31 0.34 0.31 0.62 0.59 0.81 0.67 0.94 0.94 1.00 0.94 0.93 0.95 1.00 1.00 1.00 0.07 0.83 0.83 0.83 0.83 0.83 0.13 0.11 0.01 0.07 0.36 0.45 0.45 0.45 0.45 0.46 0.47 0.46 0.46 0.41 0.45 0.42 0.40 0.40 0.37 0.52 0.61 0.52 0.23 0.24 0.24 0.24
0.96 0.97 0.97 0.97 0.91 0.97 0.97 0.97 0.96 0.97 0.96 0.96 0.97 0.97 0.97 0.96 0.85 0.97 0.95 0.97 0.97 0.97 0.97 0.97 0.89 0.95 0.97 0.85 0.96 0.97 0.97 0.97 0.97 0.97 0.97 0.97 0.96 0.97 0.96 0.97 0.95 0.99 0.96 1.00 1.00 1.00 1.00 1.00 1.00 1.00 1.00 1.00 0.56 0.98 0.98 0.98 0.98 0.98 0.56 0.56 0.20 0.33 0.96 0.97 0.97 0.97 0.97 0.97 0.97 0.97 0.97 0.97 0.97 0.96 0.96 0.96 0.93 0.97 0.97 0.97 0.90 0.93 0.93 0.93
0.95 0.95 0.95 0.95 0.88 0.95 0.95 0.95 0.94 0.95 0.95 0.95 0.95 0.95 0.95 0.95 0.81 0.95 0.93 0.95 0.95 0.95 0.95 0.95 0.86 0.92 0.95 0.81 0.94 0.95 0.95 0.95 0.95 0.95 0.95 0.95 0.94 0.95 0.94 0.96 0.93 0.98 0.95 1.00 1.00 1.00 1.00 1.00 1.00 1.00 1.00 1.00 0.50 0.97 0.97 0.97 0.97 0.97 0.51 0.51 0.17 0.29 0.94 0.95 0.95 0.95 0.95 0.95 0.95 0.95 0.95 0.95 0.95 0.95 0.95 0.95 0.91 0.95 0.95 0.95 0.87 0.90 0.90 0.90
0.95 0.96 0.96 0.96 0.89 0.96 0.96 0.96 0.95 0.96 0.96 0.96 0.96 0.96 0.96 0.95 0.82 0.96 0.94 0.96 0.96 0.96 0.96 0.96 0.87 0.93 0.96 0.83 0.95 0.96 0.96 0.96 0.96 0.96 0.96 0.96 0.95 0.96 0.95 0.97 0.94 0.99 0.96 1.00 1.00 1.00 1.00 1.00 1.00 1.00 1.00 1.00 0.53 0.98 0.98 0.98 0.98 0.98 0.53 0.54 0.19 0.30 0.95 0.96 0.96 0.96 0.96 0.96 0.96 0.96 0.96 0.96 0.96 0.96 0.95 0.96 0.92 0.95 0.96 0.96 0.88 0.91 0.91 0.91
0.91 0.92 0.92 0.92 0.81 0.92 0.92 0.92 0.91 0.92 0.91 0.91 0.92 0.92 0.92 0.91 0.73 0.91 0.88 0.91 0.92 0.92 0.92 0.91 0.77 0.87 0.91 0.73 0.90 0.91 0.91 0.91 0.91 0.91 0.91 0.91 0.90 0.91 0.90 0.94 0.90 0.97 0.92 0.99 0.99 1.00 0.99 0.99 1.00 1.00 1.00 1.00 0.39 0.96 0.96 0.96 0.96 0.96 0.43 0.43 0.11 0.23 0.90 0.92 0.92 0.92 0.92 0.92 0.92 0.92 0.92 0.91 0.92 0.91 0.91 0.91 0.85 0.91 0.92 0.92 0.79 0.83 0.83 0.83
0.66 0.67 0.67 0.68 0.47 0.66 0.67 0.67 0.64 0.65 0.64 0.64 0.65 0.63 0.63 0.62 0.39 0.61 0.56 0.61 0.63 0.63 0.63 0.61 0.37 0.48 0.61 0.35 0.56 0.61 0.60 0.60 0.61 0.61 0.60 0.60 0.58 0.61 0.58 0.76 0.72 0.89 0.78 0.97 0.97 1.00 0.97 0.97 0.98 1.00 1.00 1.00 0.15 0.89 0.89 0.89 0.89 0.89 0.22 0.20 0.02 0.11 0.61 0.67 0.67 0.67 0.67 0.68 0.68 0.68 0.68 0.65 0.67 0.65 0.64 0.64 0.56 0.70 0.74 0.70 0.44 0.46 0.46 0.46
0.73 0.75 0.75 0.75 0.56 0.73 0.75 0.74 0.72 0.73 0.72 0.72 0.73 0.71 0.72 0.71 0.47 0.70 0.65 0.70 0.71 0.71 0.72 0.70 0.47 0.58 0.70 0.44 0.66 0.70 0.70 0.70 0.70 0.70 0.70 0.70 0.67 0.70 0.67 0.81 0.77 0.92 0.82 0.98 0.98 1.00 0.98 0.98 0.99 1.00 1.00 1.00 0.19 0.91 0.91 0.91 0.91 0.91 0.26 0.26 0.04 0.13 0.69 0.74 0.74 0.74 0.74 0.74 0.75 0.74 0.74 0.72 0.74 0.72 0.72 0.72 0.64 0.76 0.79 0.76 0.53 0.55 0.55 0.55
0.94 0.95 0.95 0.95 0.87 0.95 0.95 0.95 0.94 0.95 0.94 0.94 0.95 0.95 0.95 0.94 0.80 0.94 0.93 0.95 0.95 0.95 0.95 0.94 0.85 0.92 0.95 0.80 0.94 0.95 0.95 0.95 0.94 0.95 0.95 0.95 0.94 0.95 0.94 0.96 0.93 0.98 0.95 1.00 1.00 1.00 1.00 1.00 1.00 1.00 1.00 1.00 0.49 0.98 0.98 0.98 0.98 0.98 0.50 0.51 0.16 0.29 0.94 0.95 0.95 0.95 0.95 0.95 0.95 0.95 0.95 0.95 0.95 0.94 0.94 0.94 0.90 0.94 0.95 0.94 0.86 0.89 0.89 0.89
0.78 0.79 0.79 0.79 0.62 0.78 0.79 0.79 0.76 0.78 0.78 0.77 0.78 0.77 0.77 0.76 0.54 0.76 0.71 0.76 0.77 0.77 0.77 0.76 0.55 0.66 0.76 0.52 0.73 0.76 0.76 0.76 0.76 0.76 0.76 0.76 0.74 0.76 0.74 0.85 0.81 0.94 0.85 0.98 0.98 1.00 0.98 0.98 0.99 1.00 1.00 1.00 0.23 0.93 0.93 0.93 0.93 0.93 0.31 0.30 0.04 0.15 0.75 0.79 0.79 0.79 0.79 0.79 0.79 0.79 0.79 0.78 0.79 0.78 0.77 0.77 0.69 0.80 0.83 0.80 0.60 0.63 0.63 0.63
0.54 0.56 0.56 0.58 0.35 0.53 0.56 0.56 0.53 0.52 0.52 0.51 0.52 0.49 0.50 0.48 0.27 0.47 0.41 0.47 0.49 0.49 0.49 0.47 0.24 0.33 0.47 0.23 0.41 0.47 0.45 0.45 0.47 0.47 0.45 0.45 0.43 0.47 0.43 0.69 0.65 0.85 0.72 0.96 0.96 1.00 0.96 0.95 0.97 1.00 1.00 1.00 0.10 0.86 0.86 0.86 0.86 0.86 0.18 0.15 0.01 0.08 0.47 0.55 0.55 0.55 0.55 0.56 0.56 0.56 0.56 0.52 0.55 0.52 0.51 0.51 0.44 0.58 0.65 0.59 0.30 0.32 0.32 0.32
0.77 0.78 0.78 0.78 0.60 0.76 0.78 0.78 0.75 0.76 0.76 0.76 0.76 0.76 0.76 0.75 0.52 0.74 0.69 0.75 0.76 0.76 0.76 0.74 0.52 0.64 0.75 0.49 0.70 0.75 0.74 0.74 0.74 0.75 0.74 0.74 0.72 0.75 0.72 0.84 0.79 0.93 0.84 0.98 0.98 1.00 0.98 0.98 0.99 1.00 1.00 1.00 0.22 0.92 0.92 0.92 0.92 0.92 0.28 0.29 0.04 0.14 0.73 0.77 0.77 0.77 0.77 0.78 0.78 0.78 0.78 0.76 0.77 0.76 0.76 0.75 0.67 0.78 0.81 0.78 0.57 0.60 0.60 0.60
0.83 0.84 0.84 0.84 0.69 0.83 0.84 0.84 0.82 0.83 0.83 0.82 0.83 0.83 0.83 0.82 0.60 0.82 0.77 0.82 0.83 0.83 0.83 0.82 0.63 0.74 0.82 0.59 0.79 0.82 0.82 0.82 0.82 0.82 0.82 0.82 0.80 0.82 0.80 0.88 0.84 0.95 0.88 0.99 0.99 1.00 0.99 0.99 0.99 1.00 1.00 1.00 0.29 0.94 0.94 0.94 0.94 0.94 0.34 0.34 0.06 0.17 0.80 0.84 0.84 0.84 0.84 0.84 0.84 0.84 0.84 0.83 0.84 0.83 0.82 0.82 0.75 0.84 0.86 0.84 0.67 0.70 0.70 0.70
0.86 0.87 0.87 0.87 0.73 0.86 0.87 0.86 0.84 0.86 0.86 0.85 0.86 0.86 0.86 0.84 0.64 0.85 0.81 0.85 0.86 0.86 0.86 0.85 0.67 0.78 0.85 0.62 0.82 0.85 0.85 0.85 0.85 0.85 0.85 0.85 0.83 0.85 0.83 0.89 0.85 0.95 0.89 0.99 0.99 1.00 0.99 0.99 0.99 1.00 1.00 1.00 0.31 0.95 0.95 0.95 0.95 0.95 0.36 0.35 0.07 0.19 0.83 0.86 0.86 0.86 0.86 0.87 0.86 0.87 0.87 0.85 0.86 0.85 0.85 0.85 0.78 0.86 0.88 0.87 0.70 0.74 0.74 0.74
0.66 0.67 0.67 0.68 0.47 0.65 0.67 0.67 0.64 0.65 0.65 0.64 0.65 0.63 0.63 0.62 0.39 0.61 0.55 0.61 0.63 0.63 0.63 0.61 0.37 0.49 0.61 0.35 0.56 0.61 0.60 0.60 0.61 0.61 0.60 0.60 0.58 0.61 0.58 0.77 0.72 0.89 0.77 0.97 0.97 1.00 0.97 0.97 0.98 1.00 1.00 1.00 0.15 0.89 0.89 0.89 0.89 0.89 0.22 0.21 0.02 0.10 0.60 0.66 0.66 0.66 0.66 0.67 0.67 0.67 0.67 0.64 0.66 0.64 0.63 0.63 0.56 0.68 0.73 0.69 0.44 0.46 0.46 0.46
0.75 0.77 0.77 0.77 0.58 0.76 0.77 0.77 0.74 0.75 0.75 0.75 0.75 0.75 0.75 0.73 0.50 0.73 0.68 0.73 0.75 0.75 0.75 0.73 0.51 0.63 0.73 0.48 0.69 0.73 0.73 0.73 0.73 0.73 0.73 0.73 0.71 0.73 0.71 0.83 0.78 0.93 0.83 0.98 0.98 1.00 0.98 0.98 0.99 1.00 1.00 1.00 0.22 0.92 0.92 0.92 0.92 0.92 0.27 0.27 0.04 0.14 0.72 0.77 0.77 0.77 0.77 0.77 0.76 0.77 0.77 0.75 0.77 0.75 0.74 0.74 0.66 0.77 0.80 0.78 0.56 0.59 0.59 0.59
0.83 0.84 0.84 0.84 0.68 0.83 0.84 0.83 0.82 0.83 0.83 0.82 0.83 0.83 0.82 0.82 0.60 0.82 0.77 0.82 0.83 0.83 0.83 0.82 0.62 0.74 0.82 0.58 0.79 0.82 0.82 0.82 0.82 0.82 0.82 0.82 0.80 0.82 0.80 0.88 0.84 0.95 0.87 0.99 0.99 1.00 0.99 0.99 0.99 1.00 1.00 1.00 0.28 0.94 0.94 0.94 0.94 0.94 0.34 0.33 0.06 0.17 0.80 0.84 0.84 0.84 0.84 0.84 0.84 0.84 0.84 0.83 0.84 0.83 0.82 0.82 0.75 0.84 0.86 0.84 0.66 0.70 0.70 0.70
0.93 0.93 0.93 0.93 0.83 0.93 0.93 0.93 0.92 0.93 0.93 0.93 0.93 0.93 0.93 0.92 0.76 0.93 0.90 0.93 0.93 0.93 0.93 0.93 0.81 0.89 0.93 0.76 0.91 0.93 0.93 0.93 0.93 0.93 0.93 0.93 0.92 0.93 0.92 0.95 0.91 0.98 0.93 0.99 0.99 1.00 0.99 0.99 1.00 1.00 1.00 1.00 0.43 0.97 0.97 0.97 0.97 0.97 0.46 0.46 0.13 0.25 0.91 0.93 0.93 0.93 0.93 0.93 0.93 0.93 0.93 0.93 0.93 0.92 0.92 0.92 0.87 0.93 0.93 0.93 0.82 0.86 0.86 0.86
0.84 0.85 0.85 0.86 0.70 0.85 0.85 0.85 0.83 0.85 0.84 0.84 0.85 0.84 0.84 0.83 0.62 0.84 0.79 0.84 0.84 0.84 0.84 0.84 0.64 0.76 0.84 0.60 0.81 0.84 0.84 0.84 0.84 0.84 0.84 0.84 0.82 0.84 0.82 0.89 0.85 0.95 0.88 0.99 0.99 1.00 0.99 0.99 0.99 1.00 1.00 1.00 0.29 0.94 0.94 0.94 0.94 0.94 0.35 0.34 0.07 0.17 0.82 0.85 0.85 0.85 0.85 0.85 0.85 0.85 0.85 0.84 0.85 0.84 0.84 0.84 0.77 0.85 0.87 0.85 0.69 0.72 0.72 0.72
0.98 0.98 0.98 0.98 0.94 0.98 0.98 0.98 0.98 0.98 0.98 0.98 0.98 0.98 0.98 0.98 0.89 0.98 0.97 0.98 0.98 0.98 0.98 0.98 0.93 0.97 0.98 0.89 0.97 0.98 0.98 0.98 0.98 0.98 0.98 0.98 0.98 0.98 0.98 0.98 0.97 0.99 0.97 1.00 1.00 1.00 1.00 1.00 1.00 1.00 1.00 1.00 0.64 0.99 0.99 0.99 0.99 0.99 0.61 0.62 0.27 0.38 0.98 0.98 0.98 0.98 0.98 0.98 0.98 0.98 0.98 0.98 0.98 0.98 0.98 0.98 0.95 0.98 0.98 0.98 0.93 0.96 0.96 0.96
0.48 0.51 0.51 0.52 0.29 0.47 0.51 0.50 0.47 0.46 0.46 0.44 0.46 0.43 0.43 0.42 0.22 0.40 0.34 0.40 0.43 0.43 0.43 0.40 0.19 0.27 0.40 0.18 0.34 0.39 0.39 0.39 0.40 0.39 0.39 0.39 0.36 0.39 0.36 0.65 0.61 0.83 0.69 0.94 0.94 1.00 0.94 0.94 0.95 1.00 1.00 1.00 0.07 0.84 0.84 0.84 0.84 0.84 0.14 0.12 0.01 0.07 0.41 0.49 0.49 0.49 0.49 0.51 0.51 0.51 0.51 0.45 0.49 0.46 0.44 0.45 0.39 0.55 0.63 0.55 0.26 0.28 0.28 0.28
0.64 0.66 0.66 0.66 0.44 0.63 0.66 0.65 0.62 0.63 0.63 0.62 0.63 0.61 0.61 0.60 0.36 0.59 0.53 0.59 0.61 0.61 0.61 0.59 0.35 0.46 0.59 0.33 0.53 0.59 0.58 0.58 0.59 0.59 0.58 0.58 0.56 0.59 0.56 0.76 0.71 0.89 0.77 0.97 0.97 1.00 0.97 0.96 0.98 1.00 1.00 1.00 0.14 0.89 0.89 0.89 0.89 0.89 0.22 0.20 0.02 0.10 0.58 0.65 0.65 0.65 0.65 0.65 0.65 0.65 0.65 0.62 0.65 0.62 0.62 0.62 0.54 0.67 0.73 0.68 0.42 0.44 0.44 0.44
0.75 0.76 0.76 0.77 0.58 0.75 0.76 0.76 0.73 0.74 0.74 0.74 0.74 0.74 0.74 0.72 0.49 0.73 0.67 0.73 0.74 0.74 0.74 0.73 0.51 0.61 0.73 0.47 0.68 0.73 0.72 0.72 0.73 0.73 0.72 0.72 0.70 0.73 0.70 0.83 0.78 0.93 0.83 0.98 0.98 1.00 0.98 0.98 0.99 1.00 1.00 1.00 0.20 0.92 0.92 0.92 0.92 0.92 0.28 0.27 0.04 0.14 0.70 0.76 0.76 0.76 0.76 0.76 0.76 0.76 0.76 0.74 0.76 0.74 0.73 0.73 0.65 0.77 0.80 0.77 0.55 0.58 0.58 0.58
0.47 0.49 0.49 0.50 0.29 0.45 0.49 0.48 0.45 0.44 0.44 0.43 0.44 0.41 0.41 0.40 0.20 0.38 0.32 0.37 0.41 0.41 0.40 0.38 0.18 0.25 0.37 0.16 0.31 0.37 0.36 0.36 0.38 0.37 0.36 0.36 0.34 0.37 0.34 0.64 0.61 0.82 0.69 0.94 0.94 1.00 0.94 0.94 0.96 1.00 1.00 1.00 0.08 0.84 0.84 0.84 0.84 0.84 0.14 0.12 0.01 0.07 0.39 0.48 0.48 0.48 0.48 0.49 0.49 0.49 0.49 0.44 0.48 0.44 0.43 0.43 0.38 0.53 0.61 0.53 0.25 0.26 0.26 0.26
0.56 0.58 0.58 0.59 0.38 0.55 0.58 0.57 0.54 0.54 0.54 0.53 0.54 0.51 0.52 0.50 0.29 0.49 0.43 0.49 0.51 0.51 0.52 0.49 0.27 0.36 0.49 0.25 0.43 0.49 0.48 0.48 0.49 0.49 0.48 0.48 0.46 0.49 0.46 0.70 0.67 0.86 0.74 0.96 0.96 1.00 0.96 0.95 0.97 1.00 1.00 1.00 0.11 0.86 0.86 0.86 0.86 0.86 0.18 0.16 0.01 0.08 0.49 0.57 0.57 0.57 0.57 0.58 0.58 0.58 0.58 0.54 0.57 0.54 0.53 0.53 0.46 0.61 0.68 0.61 0.34 0.35 0.35 0.35
0.63 0.65 0.65 0.66 0.45 0.63 0.65 0.64 0.62 0.63 0.62 0.61 0.63 0.61 0.61 0.59 0.37 0.58 0.53 0.59 0.61 0.61 0.61 0.58 0.35 0.45 0.59 0.33 0.53 0.59 0.58 0.58 0.58 0.59 0.58 0.58 0.55 0.59 0.55 0.75 0.72 0.89 0.78 0.97 0.97 1.00 0.97 0.97 0.98 1.00 1.00 1.00 0.13 0.88 0.88 0.88 0.88 0.88 0.22 0.19 0.02 0.10 0.58 0.65 0.65 0.65 0.65 0.65 0.65 0.65 0.65 0.62 0.65 0.62 0.61 0.61 0.53 0.67 0.73 0.68 0.41 0.43 0.43 0.43
0.49 0.51 0.51 0.53 0.31 0.48 0.51 0.51 0.47 0.47 0.47 0.45 0.47 0.44 0.44 0.43 0.23 0.41 0.36 0.41 0.44 0.44 0.44 0.41 0.21 0.29 0.41 0.20 0.35 0.41 0.40 0.40 0.41 0.41 0.40 0.40 0.38 0.41 0.38 0.65 0.63 0.83 0.70 0.95 0.95 1.00 0.95 0.94 0.96 1.00 1.00 1.00 0.08 0.85 0.85 0.85 0.85 0.85 0.15 0.13 0.01 0.07 0.42 0.50 0.50 0.50 0.50 0.51 0.51 0.51 0.51 0.47 0.50 0.47 0.46 0.46 0.40 0.55 0.63 0.55 0.27 0.28 0.28 0.28
