0.91 0.93 0.93 0.92 0.72 0.92 0.93 0.92 0.89 0.93 0.93 0.93 0.93 0.94 0.94 0.93 0.68 0.95 0.87 0.95 0.94 0.94 0.94 0.95 0.69 0.85 0.95 0.65 0.92 0.95 0.97 0.97 0.95 0.95 0.97 0.97 1.00 0.95 1.00 0.81 0.68 0.78 0.70 0.78 0.78 0.77 0.78 0.77 0.76 0.77 0.77 0.77 0.21 0.72 0.72 0.72 0.72 0.72 0.24 0.24 0.04 0.12 0.87 0.91 0.91 0.91 0.91 0.92 0.90 0.92 0.92 0.90 0.91 0.90 0.89 0.89 0.76 0.85 0.82 0.85 0.68 0.72 0.72 0.72
0.59 0.65 0.65 0.63 0.36 0.62 0.65 0.62 0.58 0.64 0.65 0.67 0.64 0.71 0.71 0.71 0.44 0.80 0.59 0.79 0.71 0.71 0.72 0.80 0.36 0.58 0.79 0.35 0.76 0.81 0.87 0.88 0.80 0.81 0.87 0.88 1.00 0.81 1.00 0.45 0.28 0.40 0.31 0.38 0.38 0.37 0.38 0.38 0.36 0.37 0.37 0.37 0.04 0.31 0.31 0.31 0.31 0.31 0.06 0.05 0.00 0.03 0.53 0.59 0.59 0.59 0.59 0.60 0.56 0.60 0.60 0.54 0.59 0.55 0.53 0.53 0.36 0.46 0.43 0.48 0.27 0.30 0.30 0.30
0.88 0.91 0.91 0.90 0.68 0.89 0.91 0.89 0.86 0.90 0.90 0.91 0.90 0.92 0.92 0.91 0.66 0.94 0.84 0.94 0.92 0.92 0.93 0.94 0.64 0.81 0.94 0.61 0.91 0.94 0.96 0.96 0.94 0.94 0.96 0.96 1.00 0.94 1.00 0.77 0.62 0.74 0.66 0.73 0.73 0.72 0.73 0.73 0.72 0.72 0.72 0.72 0.18 0.67 0.67 0.67 0.67 0.67 0.21 0.21 0.03 0.11 0.84 0.88 0.88 0.88 0.88 0.89 0.86 0.89 0.89 0.86 0.88 0.87 0.86 0.86 0.72 0.80 0.78 0.81 0.62 0.67 0.67 0.67
0.91 0.93 0.93 0.92 0.72 0.92 0.93 0.92 0.89 0.93 0.93 0.93 0.93 0.95 0.95 0.94 0.69 0.96 0.87 0.95 0.95 0.95 0.95 0.96 0.69 0.84 0.95 0.65 0.93 0.95 0.97 0.97 0.96 0.95 0.97 0.97 1.00 0.95 1.00 0.81 0.67 0.78 0.70 0.77 0.77 0.77 0.77 0.77 0.76 0.77 0.77 0.77 0.22 0.72 0.72 0.72 0.72 0.72 0.24 0.24 0.04 0.13 0.87 0.91 0.91 0.91 0.91 0.92 0.90 0.92 0.92 0.90 0.91 0.90 0.89 0.89 0.76 0.85 0.82 0.86 0.68 0.73 0.73 0.73
0.88 0.92 0.92 0.90 0.69 0.90 0.92 0.90 0.87 0.91 0.91 0.91 0.91 0.93 0.93 0.92 0.66 0.95 0.85 0.94 0.93 0.93 0.93 0.95 0.67 0.82 0.94 0.62 0.92 0.94 0.96 0.96 0.95 0.94 0.96 0.96 1.00 0.94 1.00 0.78 0.63 0.75 0.67 0.75 0.75 0.73 0.75 0.74 0.73 0.73 0.73 0.73 0.19 0.68 0.68 0.68 0.68 0.68 0.22 0.20 0.03 0.11 0.84 0.89 0.89 0.89 0.89 0.89 0.87 0.89 0.89 0.87 0.89 0.87 0.86 0.86 0.73 0.82 0.78 0.83 0.64 0.69 0.69 0.69
0.51 0.57 0.57 0.55 0.29 0.55 0.57 0.54 0.49 0.57 0.57 0.59 0.57 0.64 0.64 0.65 0.39 0.75 0.52 0.73 0.64 0.64 0.64 0.75 0.29 0.52 0.73 0.30 0.71 0.75 0.84 0.85 0.75 0.75 0.84 0.86 1.00 0.75 1.00 0.37 0.21 0.31 0.24 0.31 0.31 0.29 0.31 0.30 0.28 0.29 0.29 0.29 0.02 0.24 0.24 0.24 0.24 0.24 0.04 0.03 0.00 0.02 0.45 0.51 0.51 0.51 0.51 0.52 0.48 0.52 0.52 0.45 0.51 0.46 0.44 0.44 0.29 0.38 0.34 0.40 0.20 0.23 0.23 0.23
0.50 0.56 0.56 0.54 0.28 0.53 0.56 0.53 0.49 0.56 0.57 0.58 0.56 0.63 0.63 0.64 0.38 0.74 0.51 0.73 0.63 0.63 0.64 0.74 0.28 0.51 0.73 0.29 0.71 0.75 0.84 0.85 0.74 0.75 0.84 0.86 1.00 0.75 1.00 0.36 0.21 0.31 0.23 0.30 0.30 0.28 0.30 0.30 0.28 0.28 0.28 0.28 0.02 0.24 0.24 0.24 0.24 0.24 0.04 0.03 0.00 0.02 0.43 0.49 0.49 0.49 0.49 0.51 0.47 0.51 0.51 0.44 0.49 0.45 0.43 0.43 0.28 0.37 0.33 0.39 0.19 0.22 0.22 0.22
0.99 1.00 1.00 1.00 0.96 1.00 1.00 1.00 0.99 1.00 1.00 1.00 1.00 1.00 1.00 1.00 0.91 1.00 0.99 1.00 1.00 1.00 1.00 1.00 0.96 0.99 1.00 0.92 0.99 1.00 1.00 1.00 1.00 1.00 1.00 1.00 1.00 1.00 1.00 0.98 0.96 0.98 0.97 0.98 0.98 0.98 0.98 0.98 0.98 0.98 0.98 0.98 0.67 0.97 0.97 0.97 0.97 0.97 0.64 0.65 0.30 0.42 0.99 1.00 1.00 1.00 1.00 1.00 0.99 1.00 1.00 1.00 1.00 0.99 1.00 1.00 0.97 0.99 0.99 0.99 0.95 0.98 0.98 0.98
0.90 0.92 0.92 0.91 0.70 0.91 0.92 0.91 0.88 0.92 0.92 0.92 0.92 0.94 0.94 0.93 0.66 0.95 0.86 0.95 0.94 0.94 0.94 0.95 0.68 0.83 0.95 0.64 0.92 0.95 0.97 0.97 0.95 0.95 0.97 0.97 1.00 0.95 1.00 0.80 0.65 0.77 0.69 0.77 0.77 0.76 0.77 0.77 0.75 0.76 0.76 0.76 0.21 0.70 0.70 0.70 0.70 0.70 0.23 0.22 0.03 0.12 0.86 0.90 0.90 0.90 0.90 0.91 0.89 0.91 0.91 0.88 0.90 0.88 0.88 0.88 0.75 0.84 0.81 0.85 0.66 0.71 0.71 0.71
0.80 0.84 0.84 0.82 0.56 0.82 0.84 0.81 0.77 0.83 0.84 0.84 0.83 0.87 0.87 0.86 0.58 0.90 0.76 0.89 0.87 0.87 0.87 0.90 0.55 0.75 0.89 0.53 0.87 0.90 0.94 0.94 0.90 0.90 0.94 0.94 1.00 0.90 1.00 0.67 0.50 0.63 0.54 0.63 0.63 0.61 0.63 0.63 0.60 0.61 0.61 0.61 0.11 0.55 0.55 0.55 0.55 0.55 0.14 0.13 0.02 0.07 0.75 0.80 0.80 0.80 0.80 0.81 0.78 0.81 0.81 0.77 0.80 0.78 0.77 0.76 0.60 0.71 0.67 0.72 0.49 0.55 0.55 0.55
0.72 0.77 0.77 0.75 0.48 0.75 0.77 0.74 0.71 0.76 0.77 0.77 0.76 0.81 0.81 0.81 0.53 0.86 0.70 0.86 0.81 0.81 0.81 0.86 0.47 0.68 0.86 0.45 0.83 0.87 0.92 0.92 0.86 0.87 0.92 0.92 1.00 0.87 1.00 0.58 0.40 0.52 0.43 0.51 0.51 0.49 0.51 0.51 0.49 0.49 0.49 0.49 0.07 0.43 0.43 0.43 0.43 0.43 0.09 0.09 0.01 0.05 0.66 0.72 0.72 0.72 0.72 0.73 0.70 0.73 0.73 0.69 0.72 0.69 0.67 0.67 0.50 0.61 0.57 0.63 0.39 0.44 0.44 0.44
0.98 0.98 0.98 0.98 0.88 0.98 0.98 0.98 0.97 0.98 0.98 0.98 0.98 0.99 0.99 0.98 0.81 0.99 0.95 0.99 0.99 0.99 0.99 0.99 0.86 0.95 0.99 0.82 0.98 0.99 0.99 0.99 0.99 0.99 0.99 0.99 1.00 0.99 1.00 0.93 0.86 0.92 0.88 0.92 0.92 0.92 0.92 0.92 0.92 0.92 0.92 0.92 0.42 0.89 0.89 0.89 0.89 0.89 0.43 0.44 0.12 0.23 0.97 0.98 0.98 0.98 0.98 0.98 0.97 0.98 0.98 0.98 0.98 0.97 0.97 0.97 0.91 0.96 0.94 0.96 0.86 0.90 0.90 0.90
0.70 0.76 0.76 0.74 0.46 0.73 0.76 0.73 0.69 0.75 0.76 0.77 0.75 0.80 0.80 0.80 0.52 0.86 0.68 0.85 0.80 0.80 0.80 0.86 0.44 0.66 0.85 0.43 0.82 0.86 0.91 0.92 0.86 0.86 0.91 0.92 1.00 0.86 1.00 0.57 0.39 0.52 0.42 0.50 0.50 0.49 0.50 0.51 0.48 0.49 0.49 0.49 0.07 0.43 0.43 0.43 0.43 0.43 0.09 0.08 0.01 0.05 0.64 0.70 0.70 0.70 0.70 0.71 0.67 0.71 0.71 0.66 0.70 0.67 0.65 0.65 0.48 0.59 0.55 0.61 0.37 0.42 0.42 0.42
0.98 0.99 0.99 0.99 0.89 0.98 0.99 0.98 0.97 0.98 0.99 0.99 0.98 0.99 0.99 0.98 0.82 0.99 0.96 0.99 0.99 0.99 0.99 0.99 0.88 0.96 0.99 0.83 0.98 0.99 0.99 0.99 0.99 0.99 0.99 0.99 1.00 0.99 1.00 0.94 0.88 0.94 0.89 0.93 0.93 0.93 0.93 0.93 0.93 0.93 0.93 0.93 0.46 0.91 0.91 0.91 0.91 0.91 0.45 0.47 0.14 0.25 0.97 0.98 0.98 0.98 0.98 0.98 0.98 0.98 0.98 0.98 0.98 0.98 0.98 0.98 0.92 0.96 0.95 0.96 0.87 0.92 0.92 0.92
0.65 0.71 0.71 0.69 0.41 0.68 0.71 0.68 0.63 0.70 0.71 0.72 0.70 0.75 0.75 0.76 0.47 0.83 0.64 0.81 0.75 0.75 0.76 0.83 0.40 0.63 0.81 0.39 0.79 0.83 0.89 0.90 0.83 0.83 0.89 0.90 1.00 0.83 1.00 0.51 0.33 0.45 0.36 0.44 0.44 0.43 0.44 0.44 0.42 0.43 0.43 0.43 0.05 0.37 0.37 0.37 0.37 0.37 0.07 0.06 0.01 0.04 0.59 0.65 0.65 0.65 0.65 0.66 0.62 0.66 0.66 0.60 0.65 0.61 0.59 0.59 0.43 0.53 0.49 0.55 0.32 0.36 0.36 0.36
0.94 0.96 0.96 0.95 0.78 0.95 0.96 0.95 0.93 0.95 0.96 0.96 0.95 0.96 0.96 0.96 0.73 0.97 0.91 0.97 0.96 0.96 0.97 0.97 0.77 0.89 0.97 0.73 0.94 0.97 0.98 0.98 0.97 0.97 0.98 0.98 1.00 0.97 1.00 0.86 0.76 0.85 0.78 0.85 0.85 0.84 0.85 0.85 0.84 0.84 0.84 0.84 0.29 0.80 0.80 0.80 0.80 0.80 0.31 0.32 0.07 0.16 0.92 0.95 0.95 0.95 0.95 0.95 0.94 0.95 0.95 0.94 0.95 0.94 0.93 0.93 0.83 0.90 0.88 0.91 0.76 0.81 0.81 0.81
0.98 0.99 0.99 0.99 0.89 0.98 0.99 0.98 0.97 0.99 0.99 0.99 0.99 0.99 0.99 0.99 0.83 0.99 0.96 0.99 0.99 0.99 0.99 0.99 0.88 0.96 0.99 0.83 0.98 0.99 0.99 0.99 0.99 0.99 0.99 0.99 1.00 0.99 1.00 0.94 0.88 0.93 0.89 0.93 0.93 0.93 0.93 0.93 0.93 0.93 0.93 0.93 0.45 0.90 0.90 0.90 0.90 0.90 0.44 0.46 0.13 0.25 0.97 0.98 0.98 0.98 0.98 0.98 0.98 0.98 0.98 0.98 0.98 0.98 0.98 0.98 0.92 0.97 0.95 0.97 0.88 0.91 0.91 0.91
0.93 0.95 0.95 0.94 0.76 0.94 0.95 0.94 0.92 0.95 0.95 0.95 0.95 0.96 0.96 0.95 0.72 0.97 0.89 0.96 0.96 0.96 0.96 0.97 0.75 0.88 0.96 0.70 0.94 0.96 0.97 0.98 0.97 0.96 0.97 0.98 1.00 0.96 1.00 0.85 0.73 0.83 0.75 0.82 0.82 0.81 0.82 0.82 0.81 0.81 0.81 0.81 0.27 0.77 0.77 0.77 0.77 0.77 0.29 0.28 0.05 0.15 0.91 0.94 0.94 0.94 0.94 0.94 0.93 0.94 0.94 0.93 0.94 0.93 0.92 0.92 0.82 0.89 0.86 0.89 0.73 0.77 0.77 0.77
0.59 0.65 0.65 0.63 0.36 0.62 0.65 0.62 0.58 0.64 0.65 0.66 0.64 0.71 0.71 0.71 0.45 0.80 0.59 0.78 0.71 0.71 0.72 0.80 0.36 0.58 0.78 0.36 0.76 0.80 0.88 0.88 0.80 0.80 0.88 0.88 1.00 0.80 1.00 0.45 0.27 0.39 0.31 0.38 0.38 0.37 0.38 0.38 0.36 0.37 0.37 0.37 0.04 0.32 0.32 0.32 0.32 0.32 0.06 0.05 0.00 0.03 0.52 0.59 0.59 0.59 0.59 0.60 0.56 0.60 0.60 0.54 0.59 0.55 0.53 0.53 0.36 0.46 0.42 0.48 0.27 0.31 0.31 0.31
0.75 0.80 0.80 0.78 0.51 0.77 0.80 0.78 0.74 0.79 0.80 0.81 0.79 0.84 0.83 0.83 0.55 0.88 0.73 0.87 0.84 0.84 0.84 0.88 0.50 0.71 0.87 0.47 0.84 0.88 0.93 0.93 0.88 0.88 0.93 0.93 1.00 0.88 1.00 0.62 0.44 0.57 0.48 0.56 0.56 0.55 0.56 0.56 0.54 0.55 0.55 0.55 0.09 0.49 0.49 0.49 0.49 0.49 0.12 0.10 0.01 0.06 0.70 0.76 0.76 0.76 0.76 0.76 0.73 0.76 0.76 0.72 0.76 0.73 0.71 0.71 0.54 0.65 0.61 0.66 0.44 0.48 0.48 0.48
0.72 0.77 0.77 0.75 0.47 0.74 0.77 0.73 0.70 0.76 0.77 0.77 0.76 0.81 0.81 0.80 0.51 0.86 0.69 0.85 0.81 0.81 0.81 0.86 0.47 0.67 0.85 0.44 0.82 0.86 0.91 0.92 0.86 0.86 0.91 0.92 1.00 0.86 1.00 0.57 0.39 0.52 0.42 0.51 0.51 0.50 0.51 0.51 0.49 0.50 0.50 0.50 0.07 0.43 0.43 0.43 0.43 0.43 0.10 0.09 0.01 0.05 0.65 0.72 0.72 0.72 0.72 0.73 0.69 0.73 0.73 0.68 0.72 0.68 0.67 0.67 0.50 0.60 0.56 0.62 0.39 0.43 0.43 0.43
0.98 0.98 0.98 0.98 0.88 0.98 0.98 0.98 0.97 0.98 0.98 0.98 0.98 0.99 0.99 0.98 0.82 0.99 0.96 0.99 0.99 0.99 0.99 0.99 0.87 0.95 0.99 0.83 0.98 0.99 0.99 0.99 0.99 0.99 0.99 0.99 1.00 0.99 1.00 0.93 0.87 0.93 0.89 0.93 0.93 0.92 0.93 0.93 0.92 0.92 0.92 0.92 0.45 0.90 0.90 0.90 0.90 0.90 0.44 0.44 0.13 0.24 0.97 0.98 0.98 0.98 0.98 0.98 0.98 0.98 0.98 0.98 0.98 0.98 0.98 0.98 0.91 0.96 0.95 0.96 0.87 0.91 0.91 0.91
0.94 0.96 0.96 0.95 0.79 0.95 0.96 0.95 0.93 0.96 0.96 0.96 0.96 0.97 0.97 0.96 0.75 0.97 0.92 0.97 0.97 0.97 0.97 0.97 0.77 0.90 0.97 0.73 0.95 0.97 0.98 0.98 0.97 0.97 0.98 0.98 1.00 0.97 1.00 0.87 0.76 0.85 0.78 0.85 0.85 0.84 0.85 0.85 0.84 0.84 0.84 0.84 0.31 0.81 0.81 0.81 0.81 0.81 0.32 0.31 0.06 0.16 0.92 0.95 0.95 0.95 0.95 0.95 0.94 0.95 0.95 0.94 0.95 0.94 0.94 0.94 0.83 0.90 0.89 0.91 0.76 0.81 0.81 0.81
0.90 0.92 0.92 0.91 0.69 0.91 0.92 0.90 0.88 0.92 0.92 0.92 0.92 0.94 0.93 0.93 0.66 0.95 0.86 0.94 0.94 0.94 0.94 0.95 0.68 0.84 0.94 0.64 0.92 0.95 0.96 0.97 0.95 0.95 0.96 0.97 1.00 0.95 1.00 0.79 0.66 0.77 0.68 0.76 0.76 0.75 0.76 0.76 0.75 0.75 0.75 0.75 0.20 0.71 0.71 0.71 0.71 0.71 0.23 0.23 0.04 0.12 0.86 0.90 0.90 0.90 0.90 0.90 0.89 0.90 0.90 0.89 0.90 0.89 0.88 0.88 0.75 0.83 0.80 0.84 0.65 0.71 0.71 0.71
0.92 0.94 0.94 0.93 0.74 0.93 0.94 0.93 0.91 0.94 0.94 0.94 0.94 0.95 0.95 0.94 0.70 0.96 0.88 0.96 0.95 0.95 0.95 0.96 0.72 0.86 0.96 0.68 0.93 0.96 0.97 0.97 0.96 0.96 0.97 0.97 1.00 0.96 1.00 0.82 0.70 0.80 0.73 0.80 0.80 0.79 0.80 0.80 0.78 0.79 0.79 0.79 0.24 0.74 0.74 0.74 0.74 0.74 0.27 0.27 0.05 0.14 0.89 0.93 0.93 0.93 0.93 0.93 0.91 0.93 0.93 0.91 0.93 0.91 0.91 0.91 0.79 0.87 0.84 0.88 0.71 0.76 0.76 0.76
0.63 0.69 0.69 0.67 0.40 0.66 0.69 0.66 0.61 0.68 0.69 0.70 0.68 0.74 0.74 0.74 0.46 0.82 0.63 0.80 0.74 0.74 0.74 0.82 0.39 0.60 0.80 0.38 0.78 0.82 0.88 0.89 0.82 0.82 0.88 0.89 1.00 0.82 1.00 0.49 0.31 0.43 0.34 0.42 0.42 0.40 0.42 0.42 0.39 0.40 0.40 0.40 0.05 0.35 0.35 0.35 0.35 0.35 0.07 0.06 0.00 0.04 0.56 0.62 0.62 0.62 0.62 0.63 0.60 0.63 0.63 0.58 0.62 0.59 0.57 0.57 0.41 0.51 0.47 0.53 0.31 0.34 0.34 0.34
0.87 0.90 0.90 0.89 0.67 0.88 0.90 0.89 0.86 0.90 0.90 0.90 0.90 0.92 0.92 0.92 0.66 0.94 0.84 0.93 0.92 0.92 0.92 0.94 0.65 0.82 0.93 0.61 0.91 0.93 0.96 0.96 0.94 0.93 0.96 0.96 1.00 0.93 1.00 0.77 0.63 0.74 0.66 0.74 0.74 0.72 0.74 0.74 0.72 0.72 0.72 0.72 0.19 0.67 0.67 0.67 0.67 0.67 0.21 0.20 0.03 0.11 0.83 0.87 0.87 0.87 0.87 0.88 0.86 0.88 0.88 0.85 0.87 0.86 0.85 0.85 0.71 0.80 0.77 0.82 0.62 0.67 0.67 0.67
0.73 0.78 0.78 0.77 0.49 0.76 0.78 0.76 0.72 0.78 0.78 0.79 0.78 0.82 0.82 0.81 0.51 0.87 0.70 0.86 0.82 0.82 0.82 0.87 0.48 0.69 0.86 0.45 0.84 0.87 0.92 0.92 0.87 0.87 0.92 0.92 1.00 0.87 1.00 0.59 0.41 0.54 0.45 0.53 0.53 0.52 0.53 0.53 0.51 0.52 0.52 0.52 0.08 0.46 0.46 0.46 0.46 0.46 0.10 0.09 0.01 0.05 0.68 0.74 0.74 0.74 0.74 0.75 0.71 0.75 0.75 0.70 0.74 0.71 0.69 0.69 0.51 0.63 0.58 0.64 0.41 0.45 0.45 0.45
0.92 0.94 0.94 0.93 0.73 0.92 0.94 0.92 0.90 0.93 0.93 0.93 0.93 0.95 0.95 0.94 0.70 0.96 0.88 0.95 0.95 0.95 0.95 0.96 0.71 0.86 0.95 0.66 0.93 0.95 0.97 0.97 0.96 0.95 0.97 0.97 1.00 0.95 1.00 0.82 0.70 0.80 0.72 0.80 0.80 0.78 0.80 0.79 0.78 0.78 0.78 0.78 0.23 0.74 0.74 0.74 0.74 0.74 0.26 0.26 0.04 0.13 0.88 0.92 0.92 0.92 0.92 0.92 0.90 0.92 0.92 0.90 0.92 0.90 0.90 0.90 0.77 0.86 0.83 0.86 0.68 0.74 0.74 0.74
0.98 0.99 0.99 0.99 0.89 0.99 0.99 0.98 0.98 0.99 0.99 0.99 0.99 0.99 0.99 0.98 0.84 0.99 0.97 0.99 0.99 0.99 0.99 0.99 0.88 0.96 0.99 0.84 0.98 0.99 0.99 0.99 0.99 0.99 0.99 0.99 1.00 0.99 1.00 0.95 0.89 0.94 0.90 0.94 0.94 0.93 0.94 0.94 0.93 0.93 0.93 0.93 0.47 0.91 0.91 0.91 0.91 0.91 0.47 0.48 0.15 0.26 0.97 0.98 0.98 0.98 0.98 0.99 0.98 0.99 0.99 0.98 0.98 0.98 0.98 0.98 0.93 0.97 0.96 0.97 0.89 0.93 0.93 0.93
0.84 0.87 0.87 0.86 0.60 0.86 0.87 0.85 0.82 0.87 0.87 0.88 0.87 0.90 0.90 0.89 0.60 0.92 0.80 0.91 0.90 0.90 0.90 0.92 0.59 0.78 0.91 0.56 0.89 0.92 0.95 0.95 0.92 0.92 0.95 0.95 1.00 0.92 1.00 0.71 0.55 0.67 0.58 0.67 0.67 0.66 0.67 0.67 0.65 0.66 0.66 0.66 0.14 0.60 0.60 0.60 0.60 0.60 0.16 0.16 0.02 0.08 0.79 0.84 0.84 0.84 0.84 0.85 0.82 0.85 0.85 0.82 0.84 0.81 0.80 0.80 0.65 0.75 0.71 0.76 0.55 0.59 0.59 0.59
0.96 0.97 0.97 0.97 0.82 0.96 0.97 0.96 0.95 0.96 0.97 0.97 0.96 0.97 0.97 0.97 0.76 0.98 0.93 0.98 0.97 0.97 0.97 0.98 0.80 0.92 0.98 0.75 0.96 0.98 0.98 0.99 0.98 0.98 0.98 0.99 1.00 0.98 1.00 0.89 0.79 0.87 0.81 0.87 0.87 0.87 0.87 0.87 0.86 0.87 0.87 0.87 0.33 0.83 0.83 0.83 0.83 0.83 0.34 0.35 0.08 0.18 0.94 0.96 0.96 0.96 0.96 0.96 0.95 0.96 0.96 0.95 0.96 0.95 0.95 0.95 0.86 0.92 0.90 0.93 0.79 0.84 0.84 0.84
0.78 0.82 0.82 0.80 0.54 0.80 0.82 0.80 0.76 0.82 0.83 0.83 0.82 0.86 0.86 0.85 0.56 0.89 0.75 0.89 0.86 0.86 0.86 0.89 0.53 0.73 0.89 0.51 0.86 0.90 0.93 0.94 0.89 0.90 0.93 0.94 1.00 0.90 1.00 0.64 0.48 0.60 0.51 0.60 0.60 0.58 0.60 0.60 0.58 0.58 0.58 0.58 0.11 0.53 0.53 0.53 0.53 0.53 0.13 0.13 0.01 0.07 0.73 0.78 0.78 0.78 0.78 0.79 0.76 0.79 0.79 0.75 0.78 0.76 0.74 0.74 0.57 0.68 0.64 0.69 0.47 0.52 0.52 0.52
0.84 0.88 0.88 0.86 0.61 0.86 0.88 0.85 0.82 0.87 0.87 0.88 0.87 0.90 0.90 0.89 0.61 0.93 0.81 0.91 0.90 0.90 0.90 0.93 0.60 0.78 0.91 0.56 0.89 0.92 0.95 0.95 0.93 0.92 0.95 0.95 1.00 0.92 1.00 0.72 0.56 0.68 0.60 0.68 0.68 0.66 0.68 0.68 0.66 0.66 0.66 0.66 0.14 0.61 0.61 0.61 0.61 0.61 0.18 0.16 0.02 0.09 0.80 0.84 0.84 0.84 0.84 0.85 0.83 0.85 0.85 0.82 0.84 0.82 0.81 0.81 0.65 0.76 0.72 0.77 0.55 0.60 0.60 0.60
0.89 0.91 0.91 0.90 0.68 0.90 0.91 0.90 0.87 0.90 0.91 0.91 0.90 0.92 0.93 0.92 0.66 0.94 0.85 0.94 0.92 0.92 0.93 0.94 0.66 0.83 0.94 0.63 0.91 0.94 0.96 0.96 0.94 0.94 0.96 0.96 1.00 0.94 1.00 0.78 0.64 0.75 0.67 0.75 0.75 0.74 0.75 0.75 0.73 0.74 0.74 0.74 0.20 0.68 0.68 0.68 0.68 0.68 0.22 0.22 0.03 0.11 0.85 0.89 0.89 0.89 0.89 0.89 0.87 0.89 0.89 0.87 0.89 0.87 0.87 0.87 0.73 0.82 0.79 0.83 0.63 0.68 0.68 0.68
0.62 0.68 0.68 0.66 0.39 0.65 0.68 0.65 0.61 0.67 0.68 0.69 0.67 0.73 0.73 0.74 0.46 0.81 0.62 0.80 0.73 0.73 0.74 0.81 0.40 0.61 0.80 0.39 0.78 0.82 0.89 0.89 0.81 0.82 0.89 0.90 1.00 0.82 1.00 0.48 0.31 0.43 0.34 0.42 0.42 0.40 0.42 0.42 0.39 0.40 0.40 0.40 0.04 0.34 0.34 0.34 0.34 0.34 0.06 0.06 0.00 0.03 0.56 0.62 0.62 0.62 0.62 0.63 0.60 0.63 0.63 0.58 0.62 0.59 0.57 0.57 0.40 0.50 0.47 0.52 0.29 0.34 0.34 0.34
0.99 0.99 0.99 0.99 0.93 0.99 0.99 0.99 0.99 0.99 0.99 0.99 0.99 0.99 0.99 0.99 0.87 0.99 0.98 0.99 0.99 0.99 0.99 0.99 0.92 0.97 0.99 0.88 0.99 0.99 1.00 1.00 0.99 0.99 1.00 1.00 1.00 0.99 1.00 0.96 0.92 0.96 0.93 0.96 0.96 0.96 0.96 0.96 0.96 0.96 0.96 0.96 0.55 0.94 0.94 0.94 0.94 0.94 0.53 0.54 0.20 0.31 0.99 0.99 0.99 0.99 0.99 0.99 0.99 0.99 0.99 0.99 0.99 0.99 0.99 0.99 0.95 0.98 0.97 0.98 0.92 0.96 0.96 0.96
0.98 0.99 0.99 0.98 0.88 0.98 0.99 0.98 0.97 0.98 0.98 0.98 0.98 0.99 0.99 0.98 0.83 0.99 0.96 0.99 0.99 0.99 0.99 0.99 0.87 0.95 0.99 0.82 0.98 0.99 0.99 0.99 0.99 0.99 0.99 0.99 1.00 0.99 1.00 0.93 0.87 0.93 0.88 0.93 0.93 0.93 0.93 0.93 0.92 0.93 0.93 0.93 0.44 0.90 0.90 0.90 0.90 0.90 0.44 0.44 0.13 0.24 0.97 0.98 0.98 0.98 0.98 0.98 0.98 0.98 0.98 0.98 0.98 0.98 0.98 0.98 0.91 0.96 0.95 0.96 0.87 0.91 0.91 0.91
0.73 0.78 0.78 0.76 0.50 0.76 0.78 0.76 0.72 0.78 0.78 0.79 0.78 0.82 0.82 0.82 0.54 0.87 0.72 0.86 0.82 0.82 0.83 0.87 0.48 0.69 0.86 0.46 0.84 0.87 0.92 0.92 0.87 0.87 0.92 0.92 1.00 0.87 1.00 0.60 0.42 0.55 0.46 0.54 0.54 0.53 0.54 0.54 0.52 0.53 0.53 0.53 0.08 0.47 0.47 0.47 0.47 0.47 0.11 0.10 0.01 0.05 0.68 0.74 0.74 0.74 0.74 0.74 0.71 0.74 0.74 0.71 0.74 0.71 0.70 0.70 0.52 0.63 0.59 0.65 0.42 0.47 0.47 0.47
0.91 0.93 0.93 0.92 0.72 0.92 0.93 0.92 0.89 0.93 0.93 0.93 0.93 0.95 0.95 0.94 0.69 0.96 0.87 0.95 0.95 0.95 0.95 0.96 0.70 0.85 0.95 0.66 0.93 0.95 0.97 0.97 0.96 0.95 0.97 0.97 1.00 0.95 1.00 0.81 0.68 0.78 0.71 0.78 0.78 0.77 0.78 0.78 0.77 0.77 0.77 0.77 0.23 0.72 0.72 0.72 0.72 0.72 0.24 0.25 0.04 0.12 0.88 0.92 0.92 0.92 0.92 0.92 0.90 0.92 0.92 0.90 0.92 0.90 0.90 0.89 0.77 0.85 0.83 0.86 0.69 0.73 0.73 0.73
0.64 0.70 0.70 0.68 0.40 0.67 0.70 0.67 0.63 0.69 0.70 0.72 0.69 0.75 0.75 0.75 0.47 0.83 0.63 0.81 0.75 0.75 0.75 0.83 0.39 0.62 0.81 0.38 0.79 0.83 0.89 0.90 0.83 0.83 0.89 0.90 1.00 0.83 1.00 0.50 0.32 0.44 0.35 0.43 0.43 0.41 0.43 0.43 0.40 0.41 0.41 0.41 0.05 0.35 0.35 0.35 0.35 0.35 0.07 0.06 0.01 0.04 0.57 0.64 0.64 0.64 0.64 0.65 0.61 0.65 0.65 0.60 0.64 0.60 0.59 0.59 0.42 0.51 0.47 0.53 0.32 0.36 0.36 0.36
0.93 0.95 0.95 0.94 0.76 0.94 0.95 0.94 0.91 0.94 0.94 0.95 0.94 0.96 0.96 0.95 0.72 0.97 0.90 0.96 0.96 0.96 0.96 0.97 0.74 0.88 0.96 0.69 0.94 0.96 0.98 0.98 0.97 0.96 0.98 0.98 1.00 0.96 1.00 0.85 0.73 0.83 0.75 0.82 0.82 0.82 0.82 0.82 0.81 0.82 0.82 0.82 0.27 0.77 0.77 0.77 0.77 0.77 0.30 0.28 0.06 0.15 0.90 0.93 0.93 0.93 0.93 0.94 0.92 0.94 0.94 0.92 0.93 0.92 0.92 0.92 0.81 0.88 0.86 0.89 0.73 0.78 0.78 0.78
0.89 0.92 0.92 0.91 0.69 0.90 0.92 0.90 0.87 0.91 0.91 0.92 0.91 0.93 0.93 0.92 0.66 0.95 0.85 0.94 0.93 0.93 0.93 0.95 0.67 0.83 0.94 0.63 0.92 0.94 0.96 0.96 0.95 0.94 0.96 0.96 1.00 0.94 1.00 0.78 0.65 0.76 0.67 0.75 0.75 0.74 0.75 0.75 0.74 0.74 0.74 0.74 0.20 0.69 0.69 0.69 0.69 0.69 0.23 0.22 0.04 0.11 0.85 0.89 0.89 0.89 0.89 0.90 0.88 0.90 0.90 0.87 0.89 0.88 0.87 0.87 0.72 0.82 0.79 0.83 0.63 0.69 0.69 0.69
0.52 0.59 0.59 0.57 0.30 0.55 0.59 0.56 0.52 0.58 0.59 0.60 0.58 0.65 0.65 0.66 0.40 0.76 0.53 0.74 0.65 0.65 0.65 0.76 0.29 0.51 0.74 0.30 0.72 0.76 0.84 0.85 0.76 0.76 0.84 0.86 1.00 0.76 1.00 0.38 0.22 0.33 0.25 0.32 0.32 0.30 0.32 0.32 0.29 0.30 0.30 0.30 0.02 0.25 0.25 0.25 0.25 0.25 0.04 0.03 0.00 0.02 0.45 0.51 0.51 0.51 0.51 0.52 0.48 0.52 0.52 0.46 0.51 0.47 0.45 0.45 0.30 0.40 0.36 0.42 0.20 0.24 0.24 0.24
0.97 0.98 0.98 0.98 0.85 0.97 0.98 0.97 0.96 0.97 0.98 0.98 0.97 0.98 0.98 0.98 0.79 0.98 0.94 0.98 0.98 0.98 0.98 0.98 0.84 0.93 0.98 0.79 0.97 0.98 0.99 0.99 0.98 0.98 0.99 0.99 1.00 0.98 1.00 0.91 0.83 0.90 0.85 0.90 0.90 0.89 0.90 0.90 0.89 0.89 0.89 0.89 0.39 0.86 0.86 0.86 0.86 0.86 0.39 0.39 0.10 0.21 0.95 0.97 0.97 0.97 0.97 0.97 0.97 0.97 0.97 0.97 0.97 0.97 0.96 0.96 0.89 0.94 0.93 0.94 0.83 0.87 0.87 0.87
0.78 0.82 0.82 0.80 0.54 0.79 0.82 0.80 0.76 0.81 0.82 0.82 0.81 0.85 0.85 0.85 0.56 0.90 0.74 0.88 0.85 0.85 0.85 0.90 0.52 0.72 0.88 0.49 0.85 0.89 0.93 0.94 0.90 0.89 0.93 0.94 1.00 0.89 1.00 0.64 0.46 0.59 0.50 0.58 0.58 0.56 0.58 0.58 0.56 0.56 0.56 0.56 0.10 0.50 0.50 0.50 0.50 0.50 0.12 0.12 0.01 0.06 0.72 0.78 0.78 0.78 0.78 0.78 0.75 0.78 0.78 0.74 0.78 0.75 0.74 0.73 0.56 0.67 0.64 0.69 0.46 0.52 0.52 0.52
0.98 0.99 0.99 0.99 0.90 0.99 0.99 0.99 0.98 0.99 0.99 0.99 0.99 0.99 0.99 0.99 0.84 0.99 0.97 0.99 0.99 0.99 0.99 0.99 0.89 0.96 0.99 0.84 0.98 0.99 0.99 0.99 0.99 0.99 0.99 0.99 1.00 0.99 1.00 0.95 0.89 0.94 0.90 0.94 0.94 0.94 0.94 0.94 0.94 0.94 0.94 0.94 0.48 0.92 0.92 0.92 0.92 0.92 0.48 0.48 0.15 0.26 0.98 0.99 0.99 0.99 0.99 0.99 0.98 0.99 0.99 0.98 0.99 0.98 0.98 0.98 0.93 0.97 0.96 0.97 0.89 0.93 0.93 0.93
0.87 0.90 0.90 0.89 0.66 0.89 0.90 0.88 0.85 0.89 0.90 0.90 0.89 0.92 0.92 0.91 0.64 0.94 0.83 0.93 0.92 0.92 0.92 0.94 0.63 0.81 0.93 0.59 0.90 0.93 0.96 0.96 0.94 0.93 0.96 0.96 1.00 0.93 1.00 0.76 0.60 0.72 0.64 0.72 0.72 0.70 0.72 0.72 0.70 0.70 0.70 0.70 0.17 0.65 0.65 0.65 0.65 0.65 0.19 0.19 0.03 0.10 0.82 0.87 0.87 0.87 0.87 0.88 0.85 0.88 0.88 0.85 0.87 0.85 0.84 0.84 0.70 0.79 0.76 0.80 0.61 0.66 0.66 0.66
0.86 0.89 0.89 0.87 0.63 0.87 0.89 0.87 0.83 0.88 0.88 0.89 0.88 0.91 0.91 0.90 0.62 0.93 0.82 0.92 0.91 0.91 0.91 0.93 0.61 0.80 0.92 0.57 0.90 0.93 0.96 0.96 0.93 0.93 0.96 0.96 1.00 0.93 1.00 0.74 0.58 0.70 0.62 0.70 0.70 0.69 0.70 0.70 0.68 0.69 0.69 0.69 0.16 0.63 0.63 0.63 0.63 0.63 0.18 0.17 0.02 0.09 0.81 0.86 0.86 0.86 0.86 0.86 0.84 0.86 0.86 0.84 0.86 0.84 0.83 0.82 0.68 0.78 0.74 0.79 0.58 0.63 0.63 0.63
0.49 0.56 0.56 0.54 0.28 0.53 0.56 0.53 0.49 0.55 0.56 0.58 0.55 0.62 0.63 0.64 0.38 0.74 0.51 0.72 0.62 0.62 0.63 0.74 0.28 0.50 0.72 0.29 0.71 0.75 0.84 0.85 0.74 0.75 0.84 0.86 1.00 0.75 1.00 0.35 0.20 0.30 0.23 0.29 0.29 0.27 0.29 0.29 0.26 0.27 0.27 0.27 0.02 0.22 0.22 0.22 0.22 0.22 0.03 0.03 0.00 0.02 0.43 0.49 0.49 0.49 0.49 0.50 0.46 0.50 0.50 0.43 0.49 0.45 0.42 0.42 0.27 0.36 0.33 0.38 0.19 0.22 0.22 0.22
0.64 0.70 0.70 0.68 0.40 0.66 0.70 0.67 0.63 0.68 0.70 0.70 0.68 0.74 0.74 0.74 0.46 0.82 0.63 0.81 0.74 0.74 0.75 0.82 0.39 0.61 0.81 0.38 0.78 0.83 0.89 0.90 0.82 0.83 0.89 0.90 1.00 0.83 1.00 0.49 0.31 0.44 0.35 0.43 0.43 0.41 0.43 0.43 0.40 0.41 0.41 0.41 0.05 0.35 0.35 0.35 0.35 0.35 0.07 0.06 0.01 0.03 0.57 0.63 0.63 0.63 0.63 0.64 0.61 0.64 0.64 0.59 0.63 0.59 0.58 0.58 0.41 0.51 0.47 0.53 0.31 0.35 0.35 0.35
0.81 0.85 0.85 0.83 0.57 0.82 0.85 0.82 0.79 0.83 0.85 0.85 0.83 0.87 0.88 0.87 0.59 0.91 0.77 0.90 0.87 0.87 0.88 0.91 0.56 0.75 0.90 0.52 0.87 0.90 0.94 0.94 0.91 0.90 0.94 0.94 1.00 0.90 1.00 0.67 0.50 0.63 0.54 0.62 0.62 0.61 0.62 0.62 0.60 0.61 0.61 0.61 0.12 0.55 0.55 0.55 0.55 0.55 0.14 0.14 0.02 0.07 0.75 0.81 0.81 0.81 0.81 0.81 0.78 0.81 0.81 0.78 0.81 0.78 0.77 0.77 0.60 0.71 0.67 0.72 0.50 0.55 0.55 0.55
0.57 0.64 0.64 0.62 0.35 0.60 0.64 0.61 0.57 0.63 0.64 0.65 0.63 0.69 0.69 0.71 0.43 0.79 0.57 0.78 0.69 0.69 0.70 0.79 0.34 0.57 0.78 0.34 0.75 0.79 0.87 0.88 0.79 0.79 0.87 0.88 1.00 0.79 1.00 0.44 0.26 0.38 0.30 0.37 0.37 0.35 0.37 0.37 0.34 0.35 0.35 0.35 0.04 0.30 0.30 0.30 0.30 0.30 0.05 0.04 0.00 0.02 0.51 0.57 0.57 0.57 0.57 0.58 0.54 0.58 0.58 0.52 0.57 0.53 0.51 0.51 0.36 0.45 0.41 0.47 0.25 0.29 0.29 0.29
0.99 0.99 0.99 0.99 0.92 0.99 0.99 0.99 0.98 0.99 0.99 0.99 0.99 0.99 0.99 0.99 0.86 0.99 0.98 0.99 0.99 0.99 0.99 0.99 0.92 0.97 0.99 0.88 0.99 0.99 0.99 0.99 0.99 0.99 0.99 0.99 1.00 0.99 1.00 0.96 0.92 0.96 0.93 0.96 0.96 0.96 0.96 0.96 0.96 0.96 0.96 0.96 0.55 0.94 0.94 0.94 0.94 0.94 0.53 0.54 0.20 0.31 0.98 0.99 0.99 0.99 0.99 0.99 0.99 0.99 0.99 0.99 0.99 0.99 0.99 0.99 0.94 0.98 0.97 0.98 0.92 0.95 0.95 0.95
0.81 0.85 0.85 0.83 0.58 0.83 0.85 0.82 0.79 0.84 0.85 0.85 0.84 0.88 0.88 0.87 0.58 0.91 0.77 0.90 0.88 0.88 0.88 0.91 0.57 0.75 0.90 0.54 0.87 0.91 0.94 0.94 0.91 0.91 0.94 0.94 1.00 0.91 1.00 0.68 0.51 0.64 0.55 0.63 0.63 0.62 0.63 0.63 0.61 0.62 0.62 0.62 0.13 0.56 0.56 0.56 0.56 0.56 0.15 0.14 0.02 0.07 0.75 0.81 0.81 0.81 0.81 0.82 0.79 0.82 0.82 0.78 0.81 0.78 0.77 0.77 0.61 0.71 0.68 0.73 0.51 0.56 0.56 0.56
0.85 0.88 0.88 0.87 0.63 0.86 0.88 0.86 0.83 0.87 0.88 0.88 0.87 0.90 0.90 0.89 0.61 0.92 0.82 0.92 0.90 0.90 0.90 0.92 0.61 0.79 0.92 0.58 0.90 0.92 0.95 0.95 0.92 0.92 0.95 0.95 1.00 0.92 1.00 0.73 0.58 0.69 0.61 0.69 0.69 0.68 0.69 0.69 0.67 0.68 0.68 0.68 0.16 0.62 0.62 0.62 0.62 0.62 0.18 0.17 0.02 0.09 0.80 0.85 0.85 0.85 0.85 0.86 0.83 0.86 0.86 0.83 0.85 0.83 0.82 0.82 0.67 0.77 0.73 0.78 0.57 0.62 0.62 0.62
0.93 0.94 0.94 0.94 0.75 0.93 0.94 0.93 0.91 0.94 0.94 0.94 0.94 0.95 0.95 0.95 0.71 0.96 0.89 0.96 0.95 0.95 0.96 0.96 0.73 0.88 0.96 0.68 0.94 0.96 0.97 0.97 0.96 0.96 0.97 0.97 1.00 0.96 1.00 0.83 0.71 0.81 0.74 0.81 0.81 0.80 0.81 0.81 0.80 0.80 0.80 0.80 0.25 0.75 0.75 0.75 0.75 0.75 0.27 0.28 0.05 0.14 0.90 0.93 0.93 0.93 0.93 0.93 0.92 0.93 0.93 0.92 0.93 0.92 0.91 0.91 0.79 0.88 0.85 0.88 0.71 0.77 0.77 0.77
0.70 0.75 0.75 0.73 0.46 0.72 0.75 0.72 0.68 0.74 0.75 0.76 0.74 0.79 0.80 0.79 0.51 0.86 0.67 0.84 0.79 0.79 0.80 0.86 0.44 0.66 0.84 0.42 0.81 0.85 0.90 0.91 0.86 0.85 0.90 0.91 1.00 0.85 1.00 0.56 0.38 0.51 0.41 0.50 0.50 0.48 0.50 0.50 0.48 0.48 0.48 0.48 0.07 0.43 0.43 0.43 0.43 0.43 0.09 0.08 0.01 0.05 0.64 0.69 0.69 0.69 0.69 0.70 0.67 0.70 0.70 0.65 0.69 0.66 0.65 0.64 0.48 0.58 0.55 0.60 0.38 0.42 0.42 0.42
0.68 0.73 0.73 0.71 0.43 0.71 0.73 0.71 0.67 0.73 0.73 0.74 0.73 0.78 0.78 0.78 0.49 0.84 0.66 0.83 0.78 0.78 0.78 0.84 0.43 0.65 0.83 0.42 0.81 0.84 0.90 0.91 0.84 0.84 0.90 0.91 1.00 0.84 1.00 0.54 0.36 0.48 0.40 0.47 0.47 0.46 0.47 0.47 0.45 0.46 0.46 0.46 0.06 0.40 0.40 0.40 0.40 0.40 0.08 0.07 0.01 0.04 0.61 0.67 0.67 0.67 0.67 0.68 0.65 0.68 0.68 0.63 0.67 0.64 0.62 0.62 0.45 0.55 0.51 0.57 0.35 0.39 0.39 0.39
0.57 0.64 0.64 0.62 0.35 0.60 0.64 0.61 0.56 0.63 0.64 0.65 0.63 0.69 0.70 0.70 0.43 0.79 0.58 0.78 0.69 0.69 0.70 0.79 0.34 0.57 0.78 0.34 0.76 0.79 0.87 0.88 0.79 0.79 0.87 0.88 1.00 0.79 1.00 0.45 0.27 0.39 0.30 0.37 0.37 0.36 0.37 0.37 0.35 0.36 0.36 0.36 0.03 0.30 0.30 0.30 0.30 0.30 0.06 0.05 0.00 0.03 0.51 0.57 0.57 0.57 0.57 0.58 0.55 0.58 0.58 0.53 0.57 0.53 0.51 0.51 0.35 0.45 0.41 0.47 0.26 0.29 0.29 0.29
0.99 0.99 0.99 0.99 0.92 0.99 0.99 0.99 0.99 0.99 0.99 0.99 0.99 0.99 0.99 0.99 0.87 0.99 0.98 0.99 0.99 0.99 0.99 0.99 0.92 0.97 0.99 0.88 0.99 0.99 0.99 0.99 0.99 0.99 0.99 0.99 1.00 0.99 1.00 0.96 0.92 0.96 0.93 0.96 0.96 0.96 0.96 0.96 0.96 0.96 0.96 0.96 0.55 0.94 0.94 0.94 0.94 0.94 0.53 0.53 0.20 0.31 0.98 0.99 0.99 0.99 0.99 0.99 0.99 0.99 0.99 0.99 0.99 0.99 0.99 0.99 0.95 0.98 0.97 0.98 0.92 0.95 0.95 0.95
0.99 0.99 0.99 0.99 0.93 0.99 0.99 0.99 0.99 0.99 0.99 0.99 0.99 1.00 1.00 0.99 0.88 1.00 0.98 0.99 1.00 1.00 1.00 1.00 0.93 0.98 0.99 0.89 0.99 0.99 1.00 1.00 1.00 0.99 1.00 1.00 1.00 0.99 1.00 0.97 0.94 0.97 0.95 0.97 0.97 0.97 0.97 0.97 0.97 0.97 0.97 0.97 0.57 0.95 0.95 0.95 0.95 0.95 0.56 0.55 0.21 0.32 0.99 0.99 0.99 0.99 0.99 0.99 0.99 0.99 0.99 0.99 0.99 0.99 0.99 0.99 0.96 0.99 0.98 0.99 0.92 0.96 0.96 0.96
0.99 1.00 1.00 1.00 0.95 0.99 1.00 1.00 0.99 1.00 1.00 0.99 1.00 1.00 1.00 1.00 0.89 1.00 0.99 1.00 1.00 1.00 1.00 1.00 0.94 0.98 1.00 0.90 0.99 1.00 1.00 1.00 1.00 1.00 1.00 1.00 1.00 1.00 1.00 0.97 0.95 0.97 0.95 0.98 0.98 0.97 0.98 0.98 0.97 0.97 0.97 0.97 0.61 0.96 0.96 0.96 0.96 0.96 0.58 0.59 0.25 0.35 0.99 0.99 0.99 0.99 0.99 0.99 0.99 0.99 0.99 0.99 0.99 0.99 0.99 0.99 0.96 0.99 0.98 0.99 0.94 0.97 0.97 0.97
0.89 0.92 0.92 0.90 0.69 0.90 0.92 0.90 0.87 0.91 0.91 0.91 0.91 0.93 0.93 0.92 0.67 0.95 0.85 0.94 0.93 0.93 0.93 0.95 0.66 0.83 0.94 0.63 0.92 0.94 0.96 0.97 0.95 0.94 0.96 0.97 1.00 0.94 1.00 0.79 0.64 0.76 0.67 0.75 0.75 0.74 0.75 0.75 0.74 0.74 0.74 0.74 0.19 0.69 0.69 0.69 0.69 0.69 0.23 0.22 0.03 0.11 0.85 0.89 0.89 0.89 0.89 0.90 0.88 0.90 0.90 0.87 0.89 0.88 0.87 0.87 0.73 0.82 0.80 0.83 0.64 0.68 0.68 0.68
0.88 0.91 0.91 0.90 0.68 0.89 0.91 0.89 0.86 0.90 0.91 0.91 0.90 0.92 0.92 0.91 0.66 0.94 0.84 0.93 0.92 0.92 0.93 0.94 0.65 0.82 0.93 0.61 0.91 0.94 0.96 0.96 0.94 0.94 0.96 0.96 1.00 0.94 1.00 0.77 0.63 0.74 0.66 0.74 0.74 0.73 0.74 0.74 0.72 0.73 0.73 0.73 0.19 0.68 0.68 0.68 0.68 0.68 0.22 0.21 0.03 0.10 0.84 0.88 0.88 0.88 0.88 0.89 0.87 0.89 0.89 0.86 0.88 0.86 0.86 0.86 0.72 0.81 0.78 0.82 0.63 0.68 0.68 0.68
0.99 1.00 1.00 1.00 0.94 0.99 1.00 0.99 0.99 1.00 1.00 0.99 1.00 1.00 1.00 0.99 0.89 1.00 0.98 1.00 1.00 1.00 1.00 1.00 0.94 0.98 1.00 0.91 0.99 1.00 1.00 1.00 1.00 1.00 1.00 1.00 1.00 1.00 1.00 0.97 0.94 0.97 0.95 0.97 0.97 0.97 0.97 0.97 0.97 0.97 0.97 0.97 0.61 0.96 0.96 0.96 0.96 0.96 0.58 0.60 0.25 0.35 0.99 0.99 0.99 0.99 0.99 0.99 0.99 0.99 0.99 0.99 0.99 0.99 0.99 0.99 0.96 0.99 0.98 0.99 0.94 0.97 0.97 0.97
0.60 0.66 0.66 0.64 0.37 0.63 0.66 0.63 0.59 0.65 0.66 0.67 0.65 0.72 0.72 0.71 0.44 0.80 0.59 0.79 0.72 0.72 0.72 0.80 0.35 0.58 0.79 0.34 0.76 0.80 0.88 0.88 0.80 0.80 0.88 0.88 1.00 0.80 1.00 0.46 0.28 0.40 0.32 0.39 0.39 0.37 0.39 0.39 0.36 0.37 0.37 0.37 0.04 0.31 0.31 0.31 0.31 0.31 0.05 0.05 0.00 0.03 0.53 0.59 0.59 0.59 0.59 0.61 0.57 0.61 0.61 0.55 0.59 0.55 0.53 0.53 0.37 0.47 0.43 0.50 0.28 0.32 0.32 0.32
0.86 0.89 0.89 0.87 0.64 0.87 0.89 0.87 0.84 0.88 0.89 0.89 0.88 0.91 0.91 0.90 0.63 0.93 0.82 0.92 0.91 0.91 0.91 0.93 0.62 0.80 0.92 0.58 0.90 0.93 0.95 0.96 0.93 0.93 0.95 0.96 1.00 0.93 1.00 0.74 0.59 0.71 0.62 0.70 0.70 0.69 0.70 0.70 0.68 0.69 0.69 0.69 0.16 0.64 0.64 0.64 0.64 0.64 0.20 0.18 0.03 0.09 0.81 0.86 0.86 0.86 0.86 0.86 0.84 0.86 0.86 0.84 0.86 0.84 0.83 0.83 0.68 0.78 0.74 0.79 0.58 0.63 0.63 0.63
0.50 0.57 0.57 0.54 0.29 0.53 0.57 0.53 0.49 0.56 0.57 0.59 0.56 0.63 0.63 0.65 0.39 0.75 0.52 0.73 0.63 0.63 0.64 0.75 0.29 0.53 0.73 0.30 0.72 0.75 0.84 0.85 0.75 0.75 0.84 0.86 1.00 0.75 1.00 0.37 0.21 0.31 0.24 0.30 0.30 0.29 0.30 0.30 0.28 0.29 0.29 0.29 0.02 0.24 0.24 0.24 0.24 0.24 0.04 0.03 0.00 0.02 0.44 0.50 0.50 0.50 0.50 0.51 0.47 0.51 0.51 0.45 0.50 0.45 0.43 0.43 0.28 0.37 0.33 0.39 0.20 0.23 0.23 0.23
0.89 0.92 0.92 0.90 0.68 0.90 0.92 0.90 0.87 0.90 0.91 0.91 0.90 0.93 0.93 0.92 0.66 0.95 0.85 0.94 0.93 0.93 0.93 0.95 0.66 0.83 0.94 0.61 0.92 0.94 0.96 0.96 0.95 0.94 0.96 0.97 1.00 0.94 1.00 0.78 0.63 0.75 0.66 0.75 0.75 0.73 0.75 0.74 0.73 0.73 0.73 0.73 0.19 0.68 0.68 0.68 0.68 0.68 0.21 0.20 0.04 0.11 0.85 0.89 0.89 0.89 0.89 0.89 0.87 0.89 0.89 0.87 0.89 0.87 0.87 0.86 0.73 0.82 0.79 0.83 0.62 0.68 0.68 0.68
0.91 0.94 0.94 0.93 0.73 0.92 0.94 0.92 0.90 0.93 0.93 0.93 0.93 0.95 0.95 0.94 0.69 0.96 0.87 0.95 0.95 0.95 0.95 0.96 0.70 0.85 0.95 0.66 0.93 0.96 0.97 0.97 0.96 0.96 0.97 0.97 1.00 0.96 1.00 0.81 0.69 0.79 0.71 0.79 0.79 0.77 0.79 0.79 0.77 0.77 0.77 0.77 0.23 0.73 0.73 0.73 0.73 0.73 0.25 0.24 0.04 0.13 0.88 0.91 0.91 0.91 0.91 0.92 0.90 0.92 0.92 0.90 0.91 0.90 0.89 0.89 0.78 0.85 0.83 0.86 0.69 0.74 0.74 0.74
0.87 0.90 0.90 0.89 0.65 0.88 0.90 0.88 0.85 0.89 0.90 0.90 0.89 0.92 0.92 0.91 0.63 0.94 0.83 0.93 0.92 0.92 0.92 0.94 0.63 0.81 0.93 0.60 0.91 0.94 0.96 0.96 0.94 0.94 0.96 0.96 1.00 0.94 1.00 0.75 0.60 0.72 0.63 0.71 0.71 0.70 0.71 0.71 0.69 0.70 0.70 0.70 0.17 0.64 0.64 0.64 0.64 0.64 0.19 0.19 0.03 0.10 0.82 0.87 0.87 0.87 0.87 0.87 0.85 0.87 0.87 0.85 0.87 0.85 0.84 0.84 0.69 0.79 0.76 0.80 0.59 0.65 0.65 0.65
0.96 0.97 0.97 0.97 0.81 0.96 0.97 0.96 0.94 0.97 0.97 0.97 0.97 0.97 0.97 0.97 0.76 0.98 0.93 0.97 0.97 0.97 0.98 0.98 0.80 0.91 0.97 0.75 0.95 0.98 0.98 0.98 0.98 0.98 0.98 0.98 1.00 0.98 1.00 0.89 0.79 0.88 0.81 0.87 0.87 0.87 0.87 0.87 0.87 0.87 0.87 0.87 0.33 0.83 0.83 0.83 0.83 0.83 0.34 0.35 0.08 0.19 0.94 0.96 0.96 0.96 0.96 0.96 0.95 0.96 0.96 0.95 0.96 0.95 0.95 0.95 0.85 0.92 0.90 0.93 0.79 0.84 0.84 0.84
0.73 0.77 0.77 0.75 0.49 0.74 0.77 0.74 0.71 0.76 0.77 0.78 0.76 0.81 0.81 0.81 0.53 0.87 0.70 0.85 0.81 0.81 0.82 0.87 0.46 0.68 0.85 0.44 0.83 0.86 0.92 0.92 0.87 0.86 0.92 0.92 1.00 0.86 1.00 0.59 0.41 0.53 0.44 0.52 0.52 0.51 0.52 0.52 0.50 0.51 0.51 0.51 0.07 0.45 0.45 0.45 0.45 0.45 0.10 0.09 0.01 0.05 0.67 0.72 0.72 0.72 0.72 0.73 0.70 0.73 0.73 0.68 0.72 0.69 0.67 0.67 0.50 0.61 0.57 0.63 0.39 0.44 0.44 0.44
0.72 0.78 0.78 0.76 0.49 0.75 0.78 0.75 0.71 0.77 0.78 0.79 0.77 0.82 0.81 0.81 0.52 0.86 0.69 0.85 0.82 0.82 0.82 0.86 0.47 0.68 0.85 0.45 0.83 0.87 0.92 0.92 0.86 0.87 0.92 0.92 1.00 0.87 1.00 0.58 0.41 0.53 0.44 0.52 0.52 0.51 0.52 0.52 0.50 0.51 0.51 0.51 0.08 0.45 0.45 0.45 0.45 0.45 0.10 0.09 0.01 0.05 0.67 0.73 0.73 0.73 0.73 0.73 0.70 0.73 0.73 0.69 0.73 0.69 0.68 0.67 0.50 0.61 0.57 0.63 0.40 0.45 0.45 0.45
0.67 0.73 0.73 0.71 0.43 0.70 0.73 0.70 0.66 0.72 0.73 0.74 0.72 0.78 0.78 0.77 0.49 0.84 0.66 0.83 0.78 0.78 0.78 0.84 0.43 0.65 0.83 0.41 0.81 0.84 0.90 0.91 0.84 0.84 0.90 0.91 1.00 0.84 1.00 0.54 0.36 0.48 0.39 0.47 0.47 0.46 0.47 0.47 0.45 0.46 0.46 0.46 0.06 0.40 0.40 0.40 0.40 0.40 0.09 0.08 0.01 0.05 0.61 0.67 0.67 0.67 0.67 0.68 0.65 0.68 0.68 0.63 0.67 0.64 0.62 0.62 0.45 0.55 0.52 0.58 0.35 0.40 0.40 0.40
0.56 0.62 0.62 0.60 0.33 0.59 0.62 0.59 0.55 0.61 0.63 0.64 0.61 0.68 0.69 0.70 0.42 0.79 0.55 0.76 0.68 0.68 0.69 0.79 0.34 0.55 0.76 0.33 0.75 0.78 0.86 0.87 0.79 0.78 0.86 0.87 1.00 0.78 1.00 0.42 0.25 0.36 0.28 0.34 0.34 0.33 0.34 0.34 0.32 0.33 0.33 0.33 0.03 0.28 0.28 0.28 0.28 0.28 0.05 0.04 0.00 0.02 0.49 0.55 0.55 0.55 0.55 0.57 0.53 0.57 0.57 0.51 0.55 0.52 0.50 0.50 0.34 0.43 0.39 0.45 0.25 0.28 0.28 0.28
0.75 0.80 0.80 0.78 0.51 0.77 0.80 0.77 0.73 0.79 0.80 0.81 0.79 0.84 0.84 0.83 0.54 0.88 0.72 0.87 0.84 0.84 0.84 0.88 0.50 0.71 0.87 0.48 0.85 0.88 0.93 0.93 0.88 0.88 0.93 0.93 1.00 0.88 1.00 0.61 0.44 0.57 0.47 0.56 0.56 0.54 0.56 0.56 0.54 0.54 0.54 0.54 0.09 0.48 0.48 0.48 0.48 0.48 0.11 0.10 0.01 0.06 0.70 0.75 0.75 0.75 0.75 0.76 0.73 0.76 0.76 0.72 0.75 0.72 0.71 0.70 0.54 0.64 0.61 0.66 0.43 0.48 0.48 0.48
0.90 0.92 0.92 0.91 0.70 0.91 0.92 0.90 0.88 0.91 0.92 0.92 0.91 0.93 0.93 0.92 0.67 0.95 0.86 0.94 0.93 0.93 0.93 0.95 0.67 0.83 0.94 0.63 0.92 0.95 0.96 0.96 0.95 0.95 0.96 0.96 1.00 0.95 1.00 0.79 0.65 0.76 0.68 0.76 0.76 0.75 0.76 0.76 0.74 0.75 0.75 0.75 0.20 0.70 0.70 0.70 0.70 0.70 0.22 0.22 0.04 0.12 0.86 0.90 0.90 0.90 0.90 0.90 0.89 0.90 0.90 0.88 0.90 0.88 0.88 0.88 0.74 0.83 0.80 0.84 0.64 0.70 0.70 0.70
0.83 0.87 0.87 0.86 0.61 0.85 0.87 0.85 0.82 0.86 0.87 0.87 0.86 0.89 0.89 0.89 0.60 0.92 0.80 0.91 0.89 0.89 0.90 0.92 0.60 0.78 0.91 0.56 0.89 0.92 0.95 0.95 0.92 0.92 0.95 0.95 1.00 0.92 1.00 0.71 0.55 0.67 0.58 0.66 0.66 0.65 0.66 0.66 0.64 0.65 0.65 0.65 0.14 0.60 0.60 0.60 0.60 0.60 0.17 0.16 0.02 0.08 0.78 0.83 0.83 0.83 0.83 0.84 0.81 0.84 0.84 0.81 0.83 0.81 0.80 0.80 0.65 0.74 0.71 0.76 0.56 0.60 0.60 0.60
0.71 0.76 0.76 0.74 0.47 0.73 0.76 0.73 0.69 0.75 0.77 0.77 0.75 0.81 0.81 0.80 0.51 0.86 0.69 0.85 0.81 0.81 0.81 0.86 0.47 0.68 0.85 0.44 0.82 0.86 0.91 0.92 0.86 0.86 0.91 0.92 1.00 0.86 1.00 0.57 0.39 0.52 0.42 0.51 0.51 0.49 0.51 0.51 0.49 0.49 0.49 0.49 0.07 0.43 0.43 0.43 0.43 0.43 0.10 0.09 0.01 0.05 0.65 0.71 0.71 0.71 0.71 0.72 0.68 0.72 0.72 0.67 0.71 0.68 0.66 0.66 0.48 0.59 0.55 0.61 0.38 0.43 0.43 0.43
0.69 0.74 0.74 0.72 0.45 0.71 0.74 0.71 0.67 0.73 0.74 0.75 0.73 0.78 0.78 0.78 0.50 0.85 0.68 0.84 0.78 0.78 0.79 0.85 0.44 0.65 0.84 0.42 0.81 0.85 0.91 0.91 0.85 0.85 0.91 0.91 1.00 0.85 1.00 0.55 0.37 0.49 0.40 0.48 0.48 0.47 0.48 0.48 0.46 0.47 0.47 0.47 0.06 0.41 0.41 0.41 0.41 0.41 0.09 0.08 0.01 0.04 0.63 0.69 0.69 0.69 0.69 0.70 0.66 0.70 0.70 0.65 0.69 0.66 0.64 0.64 0.47 0.57 0.53 0.59 0.37 0.40 0.40 0.40
0.97 0.98 0.98 0.98 0.86 0.98 0.98 0.98 0.97 0.98 0.98 0.98 0.98 0.98 0.98 0.98 0.80 0.99 0.95 0.98 0.98 0.98 0.98 0.99 0.85 0.94 0.98 0.80 0.97 0.99 0.99 0.99 0.99 0.99 0.99 0.99 1.00 0.99 1.00 0.92 0.85 0.92 0.86 0.92 0.92 0.91 0.92 0.92 0.91 0.91 0.91 0.91 0.41 0.88 0.88 0.88 0.88 0.88 0.41 0.41 0.11 0.22 0.96 0.98 0.98 0.98 0.98 0.98 0.97 0.98 0.98 0.97 0.98 0.97 0.97 0.97 0.90 0.95 0.94 0.96 0.84 0.89 0.89 0.89
0.87 0.90 0.90 0.89 0.67 0.89 0.90 0.88 0.86 0.90 0.90 0.90 0.90 0.92 0.92 0.91 0.64 0.94 0.83 0.93 0.92 0.92 0.92 0.94 0.65 0.81 0.93 0.61 0.90 0.93 0.96 0.96 0.94 0.93 0.96 0.96 1.00 0.93 1.00 0.76 0.62 0.73 0.65 0.73 0.73 0.72 0.73 0.73 0.71 0.72 0.72 0.72 0.18 0.67 0.67 0.67 0.67 0.67 0.21 0.20 0.03 0.10 0.83 0.88 0.88 0.88 0.88 0.88 0.86 0.88 0.88 0.86 0.88 0.86 0.85 0.85 0.72 0.81 0.77 0.82 0.63 0.67 0.67 0.67
0.68 0.74 0.74 0.72 0.44 0.71 0.74 0.71 0.67 0.72 0.74 0.75 0.72 0.78 0.78 0.78 0.49 0.84 0.67 0.84 0.78 0.78 0.78 0.84 0.44 0.66 0.84 0.42 0.82 0.85 0.91 0.92 0.84 0.85 0.91 0.92 1.00 0.85 1.00 0.54 0.36 0.49 0.39 0.48 0.48 0.46 0.48 0.47 0.45 0.46 0.46 0.46 0.06 0.40 0.40 0.40 0.40 0.40 0.09 0.07 0.01 0.04 0.62 0.68 0.68 0.68 0.68 0.69 0.66 0.69 0.69 0.64 0.68 0.64 0.63 0.63 0.46 0.56 0.53 0.58 0.36 0.40 0.40 0.40
0.82 0.87 0.87 0.85 0.59 0.84 0.87 0.84 0.81 0.86 0.86 0.87 0.86 0.89 0.89 0.88 0.60 0.92 0.79 0.91 0.89 0.89 0.89 0.92 0.57 0.77 0.91 0.54 0.88 0.92 0.94 0.95 0.92 0.92 0.94 0.95 1.00 0.92 1.00 0.70 0.54 0.66 0.58 0.66 0.66 0.64 0.66 0.66 0.63 0.64 0.64 0.64 0.13 0.59 0.59 0.59 0.59 0.59 0.16 0.15 0.02 0.08 0.78 0.83 0.83 0.83 0.83 0.83 0.80 0.83 0.83 0.80 0.83 0.80 0.79 0.79 0.63 0.74 0.70 0.75 0.53 0.58 0.58 0.58
0.75 0.80 0.80 0.78 0.51 0.78 0.80 0.77 0.74 0.79 0.80 0.81 0.79 0.83 0.83 0.83 0.54 0.88 0.73 0.87 0.83 0.83 0.84 0.88 0.51 0.71 0.87 0.48 0.85 0.88 0.93 0.93 0.88 0.88 0.93 0.93 1.00 0.88 1.00 0.62 0.45 0.57 0.48 0.56 0.56 0.55 0.56 0.57 0.54 0.55 0.55 0.55 0.09 0.49 0.49 0.49 0.49 0.49 0.12 0.11 0.01 0.06 0.70 0.76 0.76 0.76 0.76 0.76 0.73 0.76 0.76 0.72 0.76 0.73 0.71 0.71 0.55 0.65 0.61 0.67 0.44 0.49 0.49 0.49
0.99 1.00 1.00 1.00 0.95 1.00 1.00 1.00 0.99 1.00 1.00 1.00 1.00 1.00 1.00 1.00 0.90 1.00 0.99 1.00 1.00 1.00 1.00 1.00 0.94 0.98 1.00 0.91 0.99 1.00 1.00 1.00 1.00 1.00 1.00 1.00 1.00 1.00 1.00 0.98 0.95 0.98 0.96 0.98 0.98 0.98 0.98 0.98 0.98 0.98 0.98 0.98 0.64 0.97 0.97 0.97 0.97 0.97 0.61 0.62 0.27 0.38 0.99 1.00 1.00 1.00 1.00 1.00 0.99 1.00 1.00 1.00 1.00 0.99 1.00 0.99 0.97 0.99 0.99 0.99 0.95 0.97 0.97 0.97
0.89 0.92 0.92 0.91 0.69 0.90 0.92 0.91 0.88 0.91 0.92 0.92 0.91 0.93 0.93 0.93 0.67 0.95 0.86 0.95 0.93 0.93 0.94 0.95 0.68 0.84 0.95 0.64 0.92 0.95 0.97 0.97 0.95 0.95 0.97 0.97 1.00 0.95 1.00 0.80 0.66 0.77 0.69 0.77 0.77 0.76 0.77 0.77 0.75 0.76 0.76 0.76 0.21 0.71 0.71 0.71 0.71 0.71 0.24 0.23 0.04 0.12 0.86 0.90 0.90 0.90 0.90 0.90 0.88 0.90 0.90 0.88 0.90 0.88 0.87 0.87 0.74 0.83 0.80 0.84 0.65 0.70 0.70 0.70
0.99 0.99 0.99 0.99 0.91 0.99 0.99 0.99 0.98 0.99 0.99 0.99 0.99 0.99 0.99 0.99 0.86 0.99 0.97 0.99 0.99 0.99 0.99 0.99 0.91 0.97 0.99 0.87 0.99 0.99 0.99 0.99 0.99 0.99 0.99 0.99 1.00 0.99 1.00 0.96 0.92 0.96 0.93 0.96 0.96 0.96 0.96 0.96 0.95 0.96 0.96 0.96 0.53 0.94 0.94 0.94 0.94 0.94 0.51 0.53 0.18 0.30 0.98 0.99 0.99 0.99 0.99 0.99 0.99 0.99 0.99 0.99 0.99 0.99 0.99 0.99 0.94 0.98 0.97 0.98 0.91 0.94 0.94 0.94
0.98 0.99 0.99 0.99 0.88 0.98 0.99 0.98 0.97 0.99 0.99 0.98 0.99 0.99 0.99 0.99 0.82 0.99 0.96 0.99 0.99 0.99 0.99 0.99 0.88 0.95 0.99 0.82 0.98 0.99 0.99 0.99 0.99 0.99 0.99 0.99 1.00 0.99 1.00 0.94 0.88 0.93 0.89 0.93 0.93 0.93 0.93 0.93 0.93 0.93 0.93 0.93 0.45 0.90 0.90 0.90 0.90 0.90 0.45 0.45 0.13 0.24 0.97 0.98 0.98 0.98 0.98 0.98 0.98 0.98 0.98 0.98 0.98 0.98 0.98 0.98 0.92 0.96 0.95 0.97 0.87 0.91 0.91 0.91
0.95 0.96 0.96 0.96 0.79 0.95 0.96 0.95 0.93 0.96 0.96 0.96 0.96 0.97 0.97 0.96 0.74 0.97 0.92 0.97 0.97 0.97 0.97 0.97 0.77 0.90 0.97 0.72 0.95 0.97 0.98 0.98 0.97 0.97 0.98 0.98 1.00 0.97 1.00 0.87 0.76 0.85 0.78 0.85 0.85 0.84 0.85 0.85 0.84 0.84 0.84 0.84 0.30 0.80 0.80 0.80 0.80 0.80 0.32 0.32 0.07 0.17 0.92 0.95 0.95 0.95 0.95 0.95 0.94 0.95 0.95 0.94 0.95 0.94 0.94 0.94 0.83 0.90 0.88 0.91 0.76 0.81 0.81 0.81
0.57 0.64 0.64 0.61 0.34 0.60 0.64 0.60 0.56 0.63 0.64 0.65 0.63 0.70 0.70 0.70 0.42 0.79 0.57 0.77 0.70 0.70 0.70 0.79 0.34 0.57 0.77 0.34 0.75 0.78 0.86 0.87 0.79 0.78 0.86 0.88 1.00 0.78 1.00 0.43 0.26 0.37 0.28 0.36 0.36 0.34 0.36 0.36 0.33 0.34 0.34 0.34 0.03 0.29 0.29 0.29 0.29 0.29 0.05 0.04 0.00 0.03 0.51 0.57 0.57 0.57 0.57 0.58 0.54 0.58 0.58 0.52 0.57 0.53 0.51 0.51 0.35 0.44 0.40 0.46 0.25 0.28 0.28 0.28
0.80 0.84 0.84 0.82 0.57 0.82 0.84 0.81 0.78 0.83 0.84 0.84 0.83 0.87 0.87 0.86 0.58 0.90 0.77 0.89 0.87 0.87 0.87 0.90 0.54 0.74 0.89 0.52 0.86 0.90 0.94 0.94 0.90 0.90 0.94 0.94 1.00 0.90 1.00 0.67 0.50 0.63 0.53 0.62 0.62 0.60 0.62 0.62 0.59 0.60 0.60 0.60 0.11 0.55 0.55 0.55 0.55 0.55 0.14 0.13 0.01 0.07 0.74 0.80 0.80 0.80 0.80 0.81 0.78 0.81 0.81 0.77 0.80 0.77 0.76 0.76 0.60 0.70 0.66 0.72 0.49 0.54 0.54 0.54
0.86 0.90 0.90 0.88 0.65 0.88 0.90 0.88 0.84 0.89 0.90 0.90 0.89 0.91 0.91 0.90 0.64 0.93 0.83 0.93 0.91 0.91 0.91 0.93 0.63 0.81 0.93 0.59 0.90 0.93 0.96 0.96 0.93 0.93 0.96 0.96 1.00 0.93 1.00 0.75 0.59 0.72 0.63 0.71 0.71 0.70 0.71 0.71 0.69 0.70 0.70 0.70 0.17 0.64 0.64 0.64 0.64 0.64 0.19 0.18 0.02 0.10 0.82 0.87 0.87 0.87 0.87 0.87 0.85 0.87 0.87 0.84 0.87 0.84 0.84 0.83 0.69 0.79 0.75 0.80 0.60 0.65 0.65 0.65
0.58 0.64 0.64 0.62 0.35 0.61 0.64 0.61 0.57 0.63 0.64 0.65 0.63 0.70 0.70 0.70 0.43 0.79 0.57 0.78 0.70 0.70 0.70 0.79 0.34 0.57 0.78 0.34 0.76 0.80 0.88 0.88 0.79 0.80 0.88 0.89 1.00 0.80 1.00 0.45 0.27 0.39 0.30 0.37 0.37 0.36 0.37 0.37 0.35 0.36 0.36 0.36 0.03 0.30 0.30 0.30 0.30 0.30 0.05 0.05 0.00 0.02 0.51 0.58 0.58 0.58 0.58 0.59 0.55 0.59 0.59 0.53 0.58 0.54 0.52 0.52 0.36 0.45 0.42 0.47 0.26 0.30 0.30 0.30
0.94 0.95 0.95 0.95 0.77 0.95 0.95 0.94 0.92 0.95 0.95 0.95 0.95 0.96 0.96 0.96 0.72 0.97 0.91 0.96 0.96 0.96 0.96 0.97 0.75 0.89 0.96 0.71 0.94 0.96 0.98 0.98 0.97 0.96 0.98 0.98 1.00 0.96 1.00 0.86 0.74 0.84 0.76 0.83 0.83 0.83 0.83 0.83 0.82 0.83 0.83 0.83 0.28 0.79 0.79 0.79 0.79 0.79 0.31 0.29 0.06 0.15 0.91 0.94 0.94 0.94 0.94 0.94 0.93 0.94 0.94 0.93 0.94 0.93 0.93 0.93 0.82 0.89 0.87 0.90 0.74 0.80 0.80 0.80
0.69 0.75 0.75 0.73 0.46 0.72 0.75 0.72 0.68 0.74 0.75 0.76 0.74 0.79 0.79 0.79 0.51 0.85 0.67 0.84 0.79 0.79 0.79 0.85 0.45 0.66 0.84 0.44 0.81 0.85 0.91 0.91 0.85 0.85 0.91 0.91 1.00 0.85 1.00 0.55 0.37 0.50 0.41 0.49 0.49 0.47 0.49 0.49 0.46 0.47 0.47 0.47 0.07 0.42 0.42 0.42 0.42 0.42 0.09 0.08 0.01 0.04 0.64 0.70 0.70 0.70 0.70 0.71 0.67 0.71 0.71 0.66 0.70 0.66 0.65 0.64 0.48 0.58 0.54 0.60 0.37 0.41 0.41 0.41
0.57 0.63 0.63 0.61 0.34 0.60 0.63 0.60 0.56 0.62 0.64 0.65 0.62 0.69 0.69 0.70 0.43 0.79 0.57 0.77 0.69 0.69 0.70 0.79 0.34 0.56 0.77 0.34 0.76 0.79 0.87 0.88 0.79 0.79 0.87 0.88 1.00 0.79 1.00 0.43 0.26 0.37 0.29 0.36 0.36 0.34 0.36 0.36 0.33 0.34 0.34 0.34 0.03 0.29 0.29 0.29 0.29 0.29 0.05 0.04 0.00 0.03 0.50 0.57 0.57 0.57 0.57 0.58 0.54 0.58 0.58 0.52 0.57 0.52 0.50 0.50 0.34 0.43 0.40 0.46 0.25 0.28 0.28 0.28
0.85 0.89 0.89 0.87 0.63 0.86 0.89 0.87 0.83 0.87 0.88 0.88 0.87 0.90 0.90 0.90 0.63 0.93 0.81 0.92 0.90 0.90 0.90 0.93 0.60 0.79 0.92 0.56 0.89 0.93 0.95 0.95 0.93 0.93 0.95 0.95 1.00 0.93 1.00 0.73 0.58 0.70 0.61 0.69 0.69 0.68 0.69 0.69 0.67 0.68 0.68 0.68 0.14 0.62 0.62 0.62 0.62 0.62 0.17 0.17 0.02 0.09 0.81 0.85 0.85 0.85 0.85 0.86 0.83 0.86 0.86 0.83 0.85 0.83 0.82 0.82 0.67 0.77 0.73 0.78 0.57 0.62 0.62 0.62
0.53 0.60 0.60 0.57 0.31 0.57 0.60 0.57 0.52 0.59 0.60 0.62 0.59 0.66 0.66 0.67 0.40 0.77 0.55 0.76 0.66 0.66 0.67 0.77 0.31 0.54 0.76 0.31 0.74 0.78 0.86 0.87 0.77 0.78 0.86 0.87 1.00 0.78 1.00 0.40 0.22 0.34 0.25 0.32 0.32 0.30 0.32 0.32 0.29 0.30 0.30 0.30 0.03 0.25 0.25 0.25 0.25 0.25 0.04 0.03 0.00 0.02 0.48 0.53 0.53 0.53 0.53 0.54 0.50 0.54 0.54 0.48 0.53 0.49 0.47 0.47 0.31 0.40 0.36 0.42 0.22 0.25 0.25 0.25
0.49 0.56 0.56 0.53 0.29 0.53 0.56 0.52 0.49 0.55 0.56 0.58 0.55 0.63 0.63 0.64 0.39 0.74 0.52 0.73 0.63 0.63 0.63 0.74 0.28 0.50 0.73 0.29 0.71 0.75 0.84 0.85 0.74 0.75 0.84 0.85 1.00 0.75 1.00 0.36 0.21 0.31 0.24 0.30 0.30 0.29 0.30 0.30 0.28 0.29 0.29 0.29 0.02 0.24 0.24 0.24 0.24 0.24 0.04 0.03 0.00 0.02 0.43 0.49 0.49 0.49 0.49 0.50 0.46 0.50 0.50 0.44 0.49 0.45 0.43 0.43 0.28 0.37 0.33 0.39 0.20 0.23 0.23 0.23
0.98 0.99 0.99 0.99 0.89 0.98 0.99 0.98 0.98 0.99 0.99 0.99 0.99 0.99 0.99 0.99 0.83 0.99 0.97 0.99 0.99 0.99 0.99 0.99 0.89 0.96 0.99 0.84 0.98 0.99 0.99 0.99 0.99 0.99 0.99 0.99 1.00 0.99 1.00 0.94 0.89 0.94 0.90 0.94 0.94 0.93 0.94 0.94 0.93 0.93 0.93 0.93 0.48 0.91 0.91 0.91 0.91 0.91 0.46 0.47 0.15 0.26 0.97 0.99 0.99 0.99 0.99 0.99 0.98 0.99 0.99 0.98 0.99 0.98 0.98 0.98 0.93 0.97 0.96 0.97 0.89 0.93 0.93 0.93
0.71 0.76 0.76 0.74 0.47 0.74 0.76 0.73 0.69 0.75 0.76 0.77 0.75 0.80 0.80 0.80 0.51 0.86 0.68 0.84 0.80 0.80 0.81 0.86 0.46 0.67 0.84 0.45 0.82 0.86 0.91 0.91 0.86 0.86 0.91 0.91 1.00 0.86 1.00 0.57 0.39 0.52 0.43 0.51 0.51 0.50 0.51 0.51 0.49 0.50 0.50 0.50 0.07 0.44 0.44 0.44 0.44 0.44 0.10 0.08 0.01 0.05 0.65 0.71 0.71 0.71 0.71 0.72 0.69 0.72 0.72 0.67 0.71 0.68 0.67 0.66 0.48 0.59 0.55 0.61 0.38 0.42 0.42 0.42
0.77 0.81 0.81 0.79 0.53 0.79 0.81 0.79 0.75 0.81 0.81 0.82 0.81 0.85 0.85 0.84 0.55 0.89 0.74 0.88 0.85 0.85 0.85 0.89 0.52 0.72 0.88 0.50 0.85 0.89 0.93 0.93 0.89 0.89 0.93 0.93 1.00 0.89 1.00 0.64 0.46 0.59 0.49 0.58 0.58 0.57 0.58 0.58 0.56 0.57 0.57 0.57 0.09 0.51 0.51 0.51 0.51 0.51 0.12 0.12 0.01 0.06 0.71 0.77 0.77 0.77 0.77 0.78 0.75 0.78 0.78 0.74 0.77 0.74 0.73 0.73 0.56 0.67 0.63 0.69 0.46 0.50 0.50 0.50
0.59 0.65 0.65 0.63 0.35 0.62 0.65 0.62 0.57 0.64 0.65 0.66 0.64 0.70 0.71 0.71 0.43 0.80 0.58 0.78 0.70 0.70 0.71 0.80 0.35 0.58 0.78 0.35 0.76 0.80 0.88 0.88 0.80 0.80 0.88 0.89 1.00 0.80 1.00 0.45 0.28 0.40 0.31 0.38 0.38 0.36 0.38 0.38 0.35 0.36 0.36 0.36 0.03 0.31 0.31 0.31 0.31 0.31 0.05 0.05 0.00 0.03 0.52 0.58 0.58 0.58 0.58 0.60 0.56 0.60 0.60 0.53 0.58 0.55 0.52 0.52 0.36 0.46 0.42 0.48 0.27 0.30 0.30 0.30
0.99 1.00 1.00 1.00 0.96 1.00 1.00 1.00 0.99 0.99 0.99 0.99 0.99 1.00 1.00 0.99 0.91 1.00 0.99 1.00 1.00 1.00 1.00 1.00 0.94 0.99 1.00 0.91 0.99 1.00 1.00 1.00 1.00 1.00 1.00 1.00 1.00 1.00 1.00 0.98 0.95 0.98 0.96 0.98 0.98 0.98 0.98 0.98 0.98 0.98 0.98 0.98 0.64 0.97 0.97 0.97 0.97 0.97 0.61 0.63 0.28 0.38 0.99 0.99 0.99 0.99 0.99 1.00 0.99 1.00 1.00 0.99 0.99 0.99 0.99 0.99 0.97 0.99 0.99 0.99 0.95 0.97 0.97 0.97
0.73 0.77 0.77 0.75 0.47 0.75 0.77 0.74 0.71 0.77 0.77 0.78 0.77 0.81 0.81 0.81 0.52 0.87 0.69 0.86 0.81 0.81 0.82 0.87 0.46 0.67 0.86 0.44 0.82 0.87 0.92 0.92 0.87 0.87 0.92 0.92 1.00 0.87 1.00 0.58 0.39 0.53 0.43 0.52 0.52 0.50 0.52 0.52 0.49 0.50 0.50 0.50 0.07 0.45 0.45 0.45 0.45 0.45 0.10 0.09 0.01 0.05 0.67 0.73 0.73 0.73 0.73 0.73 0.70 0.73 0.73 0.68 0.73 0.69 0.67 0.67 0.50 0.61 0.57 0.63 0.39 0.44 0.44 0.44
0.85 0.88 0.88 0.87 0.63 0.87 0.88 0.86 0.83 0.88 0.88 0.88 0.88 0.91 0.91 0.90 0.63 0.93 0.81 0.92 0.91 0.91 0.91 0.93 0.61 0.80 0.92 0.57 0.90 0.93 0.95 0.96 0.93 0.93 0.95 0.96 1.00 0.93 1.00 0.74 0.59 0.70 0.62 0.70 0.70 0.68 0.70 0.70 0.68 0.68 0.68 0.68 0.16 0.63 0.63 0.63 0.63 0.63 0.19 0.18 0.02 0.09 0.81 0.85 0.85 0.85 0.85 0.86 0.83 0.86 0.86 0.83 0.85 0.83 0.82 0.82 0.68 0.77 0.74 0.79 0.58 0.63 0.63 0.63
0.57 0.63 0.63 0.61 0.33 0.61 0.63 0.60 0.56 0.63 0.64 0.65 0.63 0.69 0.70 0.69 0.41 0.78 0.57 0.77 0.69 0.69 0.70 0.78 0.35 0.56 0.77 0.34 0.75 0.79 0.86 0.87 0.78 0.79 0.86 0.87 1.00 0.79 1.00 0.43 0.25 0.38 0.29 0.37 0.37 0.35 0.37 0.36 0.34 0.35 0.35 0.35 0.04 0.29 0.29 0.29 0.29 0.29 0.05 0.04 0.00 0.03 0.50 0.57 0.57 0.57 0.57 0.58 0.54 0.58 0.58 0.52 0.57 0.52 0.50 0.50 0.35 0.44 0.40 0.46 0.25 0.28 0.28 0.28
0.80 0.84 0.84 0.82 0.56 0.82 0.84 0.81 0.77 0.83 0.83 0.84 0.83 0.87 0.87 0.86 0.57 0.91 0.76 0.89 0.87 0.87 0.87 0.91 0.55 0.75 0.89 0.52 0.87 0.90 0.94 0.94 0.91 0.90 0.94 0.94 1.00 0.90 1.00 0.66 0.49 0.62 0.53 0.61 0.61 0.60 0.61 0.61 0.59 0.60 0.60 0.60 0.11 0.54 0.54 0.54 0.54 0.54 0.13 0.13 0.02 0.07 0.75 0.80 0.80 0.80 0.80 0.81 0.78 0.81 0.81 0.77 0.80 0.78 0.76 0.76 0.60 0.70 0.67 0.72 0.49 0.55 0.55 0.55
0.65 0.71 0.71 0.69 0.42 0.68 0.71 0.68 0.64 0.70 0.71 0.72 0.70 0.76 0.76 0.76 0.48 0.84 0.64 0.82 0.76 0.76 0.77 0.84 0.40 0.63 0.82 0.39 0.80 0.84 0.90 0.91 0.84 0.84 0.90 0.91 1.00 0.84 1.00 0.51 0.33 0.46 0.36 0.44 0.44 0.43 0.44 0.44 0.42 0.43 0.43 0.43 0.05 0.37 0.37 0.37 0.37 0.37 0.08 0.07 0.01 0.04 0.59 0.65 0.65 0.65 0.65 0.66 0.63 0.66 0.66 0.61 0.65 0.62 0.60 0.59 0.42 0.52 0.49 0.54 0.32 0.36 0.36 0.36
0.86 0.90 0.90 0.89 0.66 0.88 0.90 0.88 0.85 0.89 0.89 0.89 0.89 0.92 0.92 0.91 0.64 0.93 0.83 0.93 0.92 0.92 0.92 0.93 0.63 0.80 0.93 0.59 0.90 0.94 0.96 0.96 0.93 0.94 0.96 0.96 1.00 0.94 1.00 0.75 0.59 0.71 0.63 0.71 0.71 0.70 0.71 0.71 0.69 0.70 0.70 0.70 0.17 0.65 0.65 0.65 0.65 0.65 0.19 0.19 0.03 0.10 0.82 0.87 0.87 0.87 0.87 0.87 0.85 0.87 0.87 0.85 0.87 0.85 0.84 0.84 0.70 0.79 0.75 0.80 0.60 0.65 0.65 0.65
0.52 0.58 0.58 0.56 0.30 0.55 0.58 0.55 0.51 0.58 0.60 0.61 0.58 0.65 0.65 0.66 0.40 0.76 0.53 0.75 0.65 0.65 0.66 0.76 0.31 0.53 0.75 0.31 0.72 0.77 0.85 0.86 0.76 0.77 0.85 0.86 1.00 0.77 1.00 0.38 0.22 0.32 0.25 0.31 0.31 0.30 0.31 0.31 0.29 0.30 0.30 0.30 0.02 0.25 0.25 0.25 0.25 0.25 0.04 0.03 0.00 0.02 0.46 0.51 0.51 0.51 0.51 0.52 0.49 0.52 0.52 0.47 0.51 0.47 0.45 0.45 0.29 0.39 0.35 0.41 0.21 0.25 0.25 0.25
0.95 0.96 0.96 0.95 0.78 0.95 0.96 0.95 0.93 0.96 0.96 0.96 0.96 0.96 0.96 0.96 0.73 0.97 0.92 0.97 0.96 0.96 0.96 0.97 0.77 0.90 0.97 0.72 0.95 0.97 0.98 0.98 0.97 0.97 0.98 0.98 1.00 0.97 1.00 0.87 0.76 0.85 0.79 0.85 0.85 0.85 0.85 0.85 0.84 0.85 0.85 0.85 0.30 0.81 0.81 0.81 0.81 0.81 0.32 0.32 0.07 0.17 0.92 0.95 0.95 0.95 0.95 0.95 0.94 0.95 0.95 0.94 0.95 0.94 0.94 0.94 0.84 0.91 0.89 0.91 0.77 0.82 0.82 0.82
0.77 0.82 0.82 0.80 0.53 0.79 0.82 0.79 0.75 0.81 0.82 0.82 0.81 0.85 0.85 0.84 0.56 0.89 0.74 0.88 0.85 0.85 0.85 0.89 0.51 0.72 0.88 0.49 0.86 0.89 0.93 0.93 0.89 0.89 0.93 0.93 1.00 0.89 1.00 0.63 0.46 0.59 0.49 0.59 0.59 0.57 0.59 0.58 0.56 0.57 0.57 0.57 0.09 0.51 0.51 0.51 0.51 0.51 0.12 0.11 0.01 0.07 0.71 0.77 0.77 0.77 0.77 0.78 0.75 0.78 0.78 0.74 0.77 0.74 0.73 0.72 0.56 0.67 0.63 0.69 0.46 0.50 0.50 0.50
0.74 0.79 0.79 0.77 0.50 0.76 0.79 0.76 0.72 0.78 0.79 0.80 0.78 0.82 0.83 0.82 0.53 0.87 0.71 0.86 0.82 0.82 0.83 0.87 0.49 0.70 0.86 0.47 0.84 0.87 0.92 0.92 0.87 0.87 0.92 0.92 1.00 0.87 1.00 0.60 0.43 0.55 0.46 0.54 0.54 0.53 0.54 0.54 0.52 0.53 0.53 0.53 0.08 0.47 0.47 0.47 0.47 0.47 0.11 0.10 0.01 0.06 0.68 0.74 0.74 0.74 0.74 0.75 0.71 0.75 0.75 0.70 0.74 0.71 0.69 0.69 0.52 0.62 0.58 0.64 0.41 0.46 0.46 0.46
0.92 0.94 0.94 0.93 0.74 0.93 0.94 0.93 0.90 0.93 0.93 0.93 0.93 0.95 0.95 0.94 0.69 0.96 0.88 0.96 0.95 0.95 0.95 0.96 0.72 0.87 0.96 0.68 0.93 0.96 0.97 0.97 0.96 0.96 0.97 0.97 1.00 0.96 1.00 0.83 0.71 0.80 0.74 0.80 0.80 0.79 0.80 0.80 0.79 0.79 0.79 0.79 0.24 0.75 0.75 0.75 0.75 0.75 0.27 0.26 0.05 0.14 0.89 0.92 0.92 0.92 0.92 0.92 0.91 0.92 0.92 0.91 0.92 0.91 0.90 0.90 0.79 0.86 0.84 0.87 0.71 0.75 0.75 0.75
0.91 0.94 0.94 0.93 0.73 0.92 0.94 0.92 0.90 0.93 0.93 0.93 0.93 0.95 0.95 0.94 0.70 0.96 0.88 0.95 0.95 0.95 0.95 0.96 0.71 0.86 0.95 0.66 0.93 0.96 0.97 0.97 0.96 0.96 0.97 0.97 1.00 0.96 1.00 0.82 0.69 0.80 0.72 0.79 0.79 0.78 0.79 0.79 0.78 0.78 0.78 0.78 0.23 0.74 0.74 0.74 0.74 0.74 0.26 0.26 0.04 0.13 0.88 0.92 0.92 0.92 0.92 0.92 0.90 0.92 0.92 0.90 0.92 0.90 0.90 0.90 0.77 0.86 0.83 0.87 0.69 0.74 0.74 0.74
0.82 0.86 0.86 0.84 0.60 0.84 0.86 0.84 0.80 0.86 0.86 0.86 0.86 0.89 0.88 0.88 0.60 0.91 0.79 0.91 0.89 0.89 0.89 0.91 0.58 0.77 0.91 0.54 0.88 0.91 0.94 0.95 0.91 0.91 0.94 0.95 1.00 0.91 1.00 0.70 0.53 0.66 0.57 0.65 0.65 0.64 0.65 0.65 0.64 0.64 0.64 0.64 0.14 0.58 0.58 0.58 0.58 0.58 0.16 0.15 0.02 0.08 0.78 0.83 0.83 0.83 0.83 0.83 0.81 0.83 0.83 0.80 0.83 0.80 0.79 0.79 0.63 0.73 0.70 0.75 0.53 0.59 0.59 0.59
0.99 0.99 0.99 0.99 0.95 0.99 0.99 0.99 0.99 0.99 0.99 0.99 0.99 1.00 1.00 0.99 0.90 1.00 0.99 0.99 1.00 1.00 1.00 1.00 0.95 0.98 0.99 0.91 0.99 1.00 1.00 1.00 1.00 1.00 1.00 1.00 1.00 1.00 1.00 0.98 0.95 0.98 0.96 0.98 0.98 0.98 0.98 0.98 0.98 0.98 0.98 0.98 0.63 0.96 0.96 0.96 0.96 0.96 0.60 0.61 0.26 0.37 0.99 0.99 0.99 0.99 0.99 0.99 0.99 0.99 0.99 0.99 0.99 0.99 0.99 0.99 0.97 0.99 0.99 0.99 0.94 0.97 0.97 0.97
0.49 0.57 0.57 0.54 0.29 0.53 0.57 0.54 0.50 0.56 0.57 0.58 0.56 0.63 0.63 0.65 0.39 0.75 0.51 0.73 0.63 0.63 0.64 0.75 0.29 0.50 0.73 0.30 0.71 0.75 0.84 0.85 0.75 0.75 0.84 0.85 1.00 0.75 1.00 0.37 0.20 0.31 0.23 0.30 0.30 0.28 0.30 0.30 0.27 0.28 0.28 0.28 0.03 0.24 0.24 0.24 0.24 0.24 0.04 0.03 0.00 0.02 0.43 0.49 0.49 0.49 0.49 0.50 0.46 0.50 0.50 0.44 0.49 0.44 0.43 0.42 0.28 0.36 0.33 0.39 0.19 0.23 0.23 0.23
0.92 0.94 0.94 0.93 0.74 0.93 0.94 0.93 0.91 0.94 0.94 0.94 0.94 0.95 0.95 0.94 0.70 0.96 0.89 0.96 0.95 0.95 0.95 0.96 0.72 0.87 0.96 0.67 0.94 0.96 0.97 0.97 0.96 0.96 0.97 0.97 1.00 0.96 1.00 0.83 0.71 0.81 0.74 0.81 0.81 0.80 0.81 0.81 0.80 0.80 0.80 0.80 0.25 0.75 0.75 0.75 0.75 0.75 0.26 0.26 0.04 0.13 0.89 0.93 0.93 0.93 0.93 0.93 0.91 0.93 0.93 0.91 0.93 0.91 0.91 0.91 0.79 0.87 0.84 0.88 0.71 0.75 0.75 0.75
0.88 0.91 0.91 0.90 0.68 0.90 0.91 0.90 0.87 0.90 0.91 0.91 0.90 0.93 0.93 0.92 0.66 0.94 0.85 0.93 0.93 0.93 0.93 0.94 0.67 0.83 0.93 0.62 0.91 0.94 0.96 0.96 0.94 0.94 0.96 0.96 1.00 0.94 1.00 0.77 0.64 0.75 0.67 0.75 0.75 0.74 0.75 0.75 0.73 0.74 0.74 0.74 0.20 0.68 0.68 0.68 0.68 0.68 0.22 0.21 0.03 0.11 0.85 0.89 0.89 0.89 0.89 0.89 0.87 0.89 0.89 0.87 0.89 0.87 0.87 0.86 0.73 0.82 0.79 0.83 0.64 0.69 0.69 0.69
0.54 0.60 0.60 0.58 0.31 0.57 0.60 0.57 0.53 0.60 0.60 0.62 0.60 0.66 0.66 0.67 0.41 0.77 0.54 0.76 0.66 0.66 0.67 0.77 0.32 0.53 0.76 0.32 0.74 0.78 0.86 0.87 0.77 0.78 0.86 0.87 1.00 0.78 1.00 0.40 0.24 0.35 0.27 0.34 0.34 0.32 0.34 0.34 0.31 0.32 0.32 0.32 0.03 0.27 0.27 0.27 0.27 0.27 0.05 0.04 0.00 0.03 0.47 0.53 0.53 0.53 0.53 0.55 0.51 0.55 0.55 0.48 0.53 0.49 0.47 0.47 0.32 0.42 0.38 0.43 0.23 0.26 0.26 0.26
0.66 0.72 0.72 0.70 0.43 0.69 0.72 0.69 0.65 0.71 0.72 0.73 0.71 0.76 0.76 0.77 0.48 0.84 0.65 0.82 0.76 0.76 0.77 0.84 0.42 0.64 0.82 0.41 0.80 0.84 0.90 0.90 0.84 0.84 0.90 0.90 1.00 0.84 1.00 0.53 0.35 0.47 0.38 0.46 0.46 0.45 0.46 0.46 0.44 0.45 0.45 0.45 0.05 0.39 0.39 0.39 0.39 0.39 0.08 0.07 0.01 0.04 0.60 0.66 0.66 0.66 0.66 0.67 0.64 0.67 0.67 0.62 0.66 0.63 0.61 0.61 0.44 0.55 0.50 0.57 0.34 0.38 0.38 0.38
0.86 0.89 0.89 0.88 0.65 0.88 0.89 0.87 0.84 0.89 0.89 0.89 0.89 0.91 0.91 0.90 0.64 0.93 0.83 0.92 0.91 0.91 0.91 0.93 0.63 0.81 0.92 0.60 0.90 0.93 0.95 0.95 0.93 0.93 0.95 0.96 1.00 0.93 1.00 0.74 0.60 0.71 0.63 0.71 0.71 0.70 0.71 0.71 0.69 0.70 0.70 0.70 0.17 0.64 0.64 0.64 0.64 0.64 0.19 0.19 0.03 0.10 0.82 0.87 0.87 0.87 0.87 0.87 0.85 0.87 0.87 0.85 0.87 0.85 0.84 0.84 0.69 0.79 0.75 0.80 0.60 0.65 0.65 0.65
0.99 0.99 0.99 0.99 0.92 0.99 0.99 0.99 0.98 0.99 0.99 0.99 0.99 0.99 0.99 0.99 0.86 0.99 0.97 0.99 0.99 0.99 0.99 0.99 0.92 0.97 0.99 0.87 0.99 0.99 0.99 0.99 0.99 0.99 0.99 0.99 1.00 0.99 1.00 0.96 0.92 0.96 0.93 0.96 0.96 0.95 0.96 0.96 0.95 0.95 0.95 0.95 0.54 0.94 0.94 0.94 0.94 0.94 0.51 0.53 0.19 0.30 0.98 0.99 0.99 0.99 0.99 0.99 0.99 0.99 0.99 0.99 0.99 0.99 0.99 0.99 0.95 0.98 0.97 0.98 0.92 0.95 0.95 0.95
0.55 0.62 0.62 0.60 0.33 0.59 0.62 0.59 0.55 0.61 0.63 0.64 0.61 0.68 0.68 0.69 0.41 0.78 0.55 0.76 0.68 0.68 0.69 0.78 0.33 0.54 0.76 0.33 0.74 0.78 0.86 0.87 0.78 0.78 0.86 0.87 1.00 0.78 1.00 0.42 0.24 0.36 0.27 0.35 0.35 0.33 0.35 0.35 0.32 0.33 0.33 0.33 0.03 0.28 0.28 0.28 0.28 0.28 0.05 0.04 0.00 0.02 0.49 0.55 0.55 0.55 0.55 0.56 0.53 0.56 0.56 0.51 0.55 0.51 0.50 0.49 0.33 0.42 0.39 0.45 0.24 0.27 0.27 0.27
0.80 0.85 0.85 0.83 0.58 0.83 0.85 0.82 0.79 0.84 0.84 0.85 0.84 0.87 0.87 0.86 0.58 0.90 0.77 0.90 0.87 0.87 0.87 0.90 0.55 0.75 0.90 0.52 0.88 0.90 0.94 0.94 0.90 0.90 0.94 0.94 1.00 0.90 1.00 0.67 0.50 0.63 0.54 0.62 0.62 0.61 0.62 0.62 0.60 0.61 0.61 0.61 0.12 0.55 0.55 0.55 0.55 0.55 0.14 0.13 0.02 0.08 0.75 0.81 0.81 0.81 0.81 0.81 0.78 0.81 0.81 0.78 0.81 0.78 0.77 0.76 0.61 0.71 0.68 0.73 0.50 0.55 0.55 0.55
0.94 0.96 0.96 0.95 0.77 0.95 0.96 0.94 0.92 0.95 0.95 0.95 0.95 0.96 0.96 0.96 0.73 0.97 0.91 0.97 0.96 0.96 0.96 0.97 0.75 0.89 0.97 0.70 0.95 0.97 0.98 0.98 0.97 0.97 0.98 0.98 1.00 0.97 1.00 0.85 0.74 0.84 0.77 0.83 0.83 0.83 0.83 0.83 0.82 0.83 0.83 0.83 0.28 0.78 0.78 0.78 0.78 0.78 0.29 0.30 0.06 0.16 0.91 0.94 0.94 0.94 0.94 0.94 0.93 0.94 0.94 0.93 0.94 0.93 0.93 0.92 0.82 0.89 0.87 0.90 0.75 0.79 0.79 0.79
0.63 0.69 0.69 0.67 0.39 0.66 0.69 0.66 0.62 0.68 0.69 0.70 0.68 0.74 0.74 0.75 0.47 0.82 0.62 0.80 0.74 0.74 0.75 0.82 0.39 0.61 0.80 0.39 0.79 0.82 0.89 0.90 0.82 0.82 0.89 0.90 1.00 0.82 1.00 0.49 0.32 0.44 0.35 0.42 0.42 0.41 0.42 0.42 0.40 0.41 0.41 0.41 0.04 0.35 0.35 0.35 0.35 0.35 0.07 0.06 0.01 0.03 0.57 0.63 0.63 0.63 0.63 0.64 0.60 0.64 0.64 0.59 0.63 0.60 0.58 0.58 0.41 0.51 0.47 0.53 0.31 0.35 0.35 0.35
0.66 0.72 0.72 0.70 0.43 0.69 0.72 0.69 0.65 0.72 0.72 0.73 0.72 0.77 0.77 0.77 0.49 0.84 0.65 0.82 0.77 0.77 0.77 0.84 0.42 0.63 0.82 0.41 0.80 0.84 0.90 0.90 0.84 0.84 0.90 0.90 1.00 0.84 1.00 0.53 0.36 0.47 0.39 0.46 0.46 0.44 0.46 0.46 0.43 0.44 0.44 0.44 0.05 0.39 0.39 0.39 0.39 0.39 0.08 0.07 0.01 0.04 0.60 0.66 0.66 0.66 0.66 0.67 0.64 0.67 0.67 0.62 0.66 0.63 0.61 0.61 0.44 0.54 0.50 0.56 0.34 0.38 0.38 0.38
0.84 0.87 0.87 0.85 0.61 0.85 0.87 0.85 0.82 0.86 0.87 0.87 0.86 0.90 0.90 0.89 0.61 0.92 0.80 0.92 0.90 0.90 0.90 0.92 0.59 0.78 0.92 0.56 0.89 0.92 0.95 0.95 0.92 0.92 0.95 0.95 1.00 0.92 1.00 0.72 0.56 0.68 0.59 0.68 0.68 0.66 0.68 0.68 0.66 0.66 0.66 0.66 0.15 0.61 0.61 0.61 0.61 0.61 0.18 0.17 0.02 0.09 0.79 0.84 0.84 0.84 0.84 0.84 0.82 0.84 0.84 0.82 0.84 0.82 0.81 0.81 0.66 0.75 0.72 0.77 0.56 0.60 0.60 0.60
0.88 0.91 0.91 0.90 0.68 0.90 0.91 0.89 0.87 0.91 0.91 0.91 0.91 0.93 0.93 0.92 0.65 0.94 0.84 0.94 0.93 0.93 0.93 0.94 0.65 0.83 0.94 0.61 0.91 0.94 0.96 0.96 0.94 0.94 0.96 0.96 1.00 0.94 1.00 0.78 0.63 0.75 0.66 0.75 0.75 0.74 0.75 0.75 0.73 0.74 0.74 0.74 0.18 0.68 0.68 0.68 0.68 0.68 0.22 0.21 0.03 0.11 0.84 0.89 0.89 0.89 0.89 0.89 0.87 0.89 0.89 0.87 0.89 0.87 0.87 0.86 0.73 0.82 0.79 0.83 0.64 0.69 0.69 0.69
0.85 0.89 0.89 0.87 0.64 0.87 0.89 0.87 0.84 0.88 0.88 0.89 0.88 0.90 0.91 0.90 0.63 0.93 0.82 0.92 0.90 0.90 0.91 0.93 0.61 0.79 0.92 0.57 0.89 0.93 0.95 0.95 0.93 0.93 0.95 0.95 1.00 0.93 1.00 0.73 0.58 0.70 0.62 0.70 0.70 0.68 0.70 0.70 0.68 0.68 0.68 0.68 0.16 0.63 0.63 0.63 0.63 0.63 0.19 0.18 0.03 0.10 0.81 0.85 0.85 0.85 0.85 0.86 0.84 0.86 0.86 0.83 0.85 0.83 0.83 0.82 0.67 0.77 0.74 0.79 0.58 0.63 0.63 0.63
0.94 0.96 0.96 0.95 0.78 0.95 0.96 0.95 0.93 0.95 0.96 0.95 0.95 0.96 0.96 0.96 0.74 0.97 0.91 0.97 0.96 0.96 0.97 0.97 0.76 0.89 0.97 0.71 0.95 0.97 0.98 0.98 0.97 0.97 0.98 0.98 1.00 0.97 1.00 0.86 0.75 0.84 0.78 0.84 0.84 0.83 0.84 0.84 0.83 0.83 0.83 0.83 0.29 0.79 0.79 0.79 0.79 0.79 0.31 0.31 0.07 0.16 0.92 0.94 0.94 0.94 0.94 0.94 0.93 0.94 0.94 0.93 0.94 0.93 0.93 0.93 0.82 0.90 0.88 0.91 0.75 0.80 0.80 0.80
0.76 0.81 0.81 0.79 0.53 0.79 0.81 0.79 0.75 0.80 0.81 0.82 0.80 0.85 0.84 0.84 0.55 0.89 0.73 0.88 0.85 0.85 0.85 0.89 0.51 0.71 0.88 0.49 0.85 0.89 0.93 0.93 0.89 0.89 0.93 0.93 1.00 0.89 1.00 0.63 0.46 0.58 0.49 0.57 0.57 0.56 0.57 0.57 0.55 0.56 0.56 0.56 0.09 0.50 0.50 0.50 0.50 0.50 0.13 0.11 0.01 0.07 0.72 0.77 0.77 0.77 0.77 0.78 0.74 0.78 0.78 0.74 0.77 0.74 0.73 0.72 0.56 0.66 0.62 0.68 0.45 0.50 0.50 0.50
0.94 0.96 0.96 0.95 0.78 0.95 0.96 0.94 0.93 0.95 0.95 0.95 0.95 0.96 0.96 0.96 0.73 0.97 0.90 0.97 0.96 0.96 0.96 0.97 0.77 0.89 0.97 0.72 0.94 0.97 0.98 0.98 0.97 0.97 0.98 0.98 1.00 0.97 1.00 0.86 0.75 0.84 0.78 0.84 0.84 0.83 0.84 0.84 0.82 0.83 0.83 0.83 0.28 0.79 0.79 0.79 0.79 0.79 0.31 0.30 0.06 0.15 0.91 0.94 0.94 0.94 0.94 0.94 0.93 0.94 0.94 0.93 0.94 0.93 0.93 0.93 0.82 0.90 0.88 0.91 0.75 0.80 0.80 0.80
0.99 1.00 1.00 0.99 0.94 0.99 1.00 0.99 0.99 0.99 0.99 0.99 0.99 1.00 1.00 0.99 0.89 1.00 0.98 1.00 1.00 1.00 1.00 1.00 0.94 0.98 1.00 0.90 0.99 1.00 1.00 1.00 1.00 1.00 1.00 1.00 1.00 1.00 1.00 0.98 0.94 0.98 0.95 0.97 0.97 0.97 0.97 0.97 0.97 0.97 0.97 0.97 0.60 0.96 0.96 0.96 0.96 0.96 0.58 0.59 0.25 0.35 0.99 0.99 0.99 0.99 0.99 0.99 0.99 0.99 0.99 0.99 0.99 0.99 0.99 0.99 0.97 0.99 0.98 0.99 0.94 0.97 0.97 0.97
0.90 0.92 0.92 0.91 0.69 0.90 0.92 0.91 0.88 0.91 0.92 0.92 0.91 0.94 0.94 0.93 0.66 0.95 0.86 0.94 0.94 0.94 0.94 0.95 0.68 0.83 0.94 0.63 0.92 0.95 0.97 0.97 0.95 0.95 0.97 0.97 1.00 0.95 1.00 0.79 0.65 0.76 0.68 0.76 0.76 0.75 0.76 0.76 0.74 0.75 0.75 0.75 0.20 0.70 0.70 0.70 0.70 0.70 0.23 0.22 0.03 0.12 0.85 0.90 0.90 0.90 0.90 0.90 0.88 0.90 0.90 0.88 0.90 0.88 0.88 0.87 0.74 0.83 0.80 0.84 0.65 0.70 0.70 0.70
0.99 1.00 1.00 0.99 0.94 0.99 1.00 0.99 0.99 0.99 0.99 0.99 0.99 1.00 1.00 0.99 0.88 1.00 0.98 1.00 1.00 1.00 1.00 1.00 0.94 0.98 1.00 0.90 0.99 1.00 1.00 1.00 1.00 1.00 1.00 1.00 1.00 1.00 1.00 0.97 0.94 0.97 0.95 0.97 0.97 0.97 0.97 0.97 0.97 0.97 0.97 0.97 0.60 0.95 0.95 0.95 0.95 0.95 0.57 0.58 0.23 0.34 0.99 0.99 0.99 0.99 0.99 0.99 0.99 0.99 0.99 0.99 0.99 0.99 0.99 0.99 0.96 0.99 0.98 0.99 0.93 0.96 0.96 0.96
0.89 0.92 0.92 0.90 0.69 0.90 0.92 0.90 0.87 0.91 0.91 0.91 0.91 0.93 0.93 0.92 0.66 0.95 0.85 0.94 0.93 0.93 0.93 0.95 0.68 0.83 0.94 0.64 0.92 0.94 0.96 0.96 0.95 0.94 0.96 0.96 1.00 0.94 1.00 0.78 0.65 0.76 0.68 0.76 0.76 0.75 0.76 0.76 0.74 0.75 0.75 0.75 0.20 0.70 0.70 0.70 0.70 0.70 0.22 0.22 0.03 0.10 0.85 0.89 0.89 0.89 0.89 0.90 0.88 0.90 0.90 0.88 0.89 0.87 0.87 0.87 0.73 0.83 0.80 0.84 0.64 0.69 0.69 0.69
0.99 0.99 0.99 0.99 0.94 0.99 0.99 0.99 0.99 0.99 0.99 0.99 0.99 0.99 0.99 0.99 0.87 0.99 0.98 0.99 0.99 0.99 0.99 0.99 0.93 0.97 0.99 0.88 0.99 0.99 0.99 0.99 0.99 0.99 0.99 0.99 1.00 0.99 1.00 0.97 0.93 0.97 0.94 0.97 0.97 0.96 0.97 0.97 0.96 0.96 0.96 0.96 0.58 0.95 0.95 0.95 0.95 0.95 0.55 0.57 0.22 0.32 0.98 0.99 0.99 0.99 0.99 0.99 0.99 0.99 0.99 0.99 0.99 0.99 0.99 0.99 0.95 0.98 0.97 0.98 0.92 0.96 0.96 0.96
0.97 0.98 0.98 0.98 0.88 0.98 0.98 0.98 0.97 0.98 0.98 0.98 0.98 0.98 0.98 0.98 0.81 0.99 0.95 0.99 0.98 0.98 0.98 0.99 0.85 0.94 0.99 0.81 0.97 0.99 0.99 0.99 0.99 0.99 0.99 0.99 1.00 0.99 1.00 0.93 0.86 0.92 0.88 0.92 0.92 0.92 0.92 0.92 0.91 0.92 0.92 0.92 0.41 0.89 0.89 0.89 0.89 0.89 0.42 0.42 0.12 0.23 0.96 0.98 0.98 0.98 0.98 0.98 0.97 0.98 0.98 0.97 0.98 0.97 0.97 0.97 0.90 0.96 0.94 0.96 0.85 0.89 0.89 0.89
0.96 0.98 0.98 0.97 0.83 0.97 0.98 0.97 0.95 0.97 0.97 0.97 0.97 0.98 0.98 0.97 0.78 0.98 0.94 0.98 0.98 0.98 0.98 0.98 0.82 0.93 0.98 0.77 0.97 0.98 0.99 0.99 0.98 0.98 0.99 0.99 1.00 0.98 1.00 0.90 0.81 0.89 0.83 0.89 0.89 0.88 0.89 0.89 0.88 0.88 0.88 0.88 0.36 0.85 0.85 0.85 0.85 0.85 0.38 0.37 0.09 0.19 0.95 0.97 0.97 0.97 0.97 0.97 0.96 0.97 0.97 0.96 0.97 0.96 0.96 0.96 0.88 0.93 0.91 0.94 0.82 0.86 0.86 0.86
0.56 0.62 0.62 0.60 0.33 0.59 0.62 0.59 0.54 0.62 0.62 0.63 0.62 0.68 0.68 0.69 0.41 0.78 0.55 0.76 0.68 0.68 0.69 0.78 0.33 0.55 0.76 0.33 0.74 0.78 0.86 0.87 0.78 0.78 0.86 0.87 1.00 0.78 1.00 0.42 0.24 0.36 0.27 0.35 0.35 0.33 0.35 0.35 0.32 0.33 0.33 0.33 0.03 0.28 0.28 0.28 0.28 0.28 0.04 0.04 0.00 0.02 0.49 0.56 0.56 0.56 0.56 0.57 0.53 0.57 0.57 0.51 0.56 0.51 0.50 0.49 0.33 0.43 0.39 0.45 0.24 0.28 0.28 0.28
0.86 0.90 0.90 0.88 0.65 0.88 0.90 0.88 0.84 0.88 0.89 0.90 0.88 0.91 0.91 0.90 0.64 0.93 0.83 0.93 0.91 0.91 0.91 0.93 0.63 0.80 0.93 0.59 0.90 0.93 0.95 0.96 0.93 0.93 0.95 0.96 1.00 0.93 1.00 0.76 0.60 0.72 0.63 0.71 0.71 0.70 0.71 0.71 0.70 0.70 0.70 0.70 0.17 0.65 0.65 0.65 0.65 0.65 0.19 0.19 0.03 0.10 0.82 0.87 0.87 0.87 0.87 0.87 0.85 0.87 0.87 0.85 0.87 0.85 0.84 0.84 0.70 0.79 0.76 0.80 0.60 0.65 0.65 0.65
0.88 0.91 0.91 0.90 0.68 0.90 0.91 0.90 0.87 0.90 0.91 0.91 0.90 0.93 0.93 0.92 0.66 0.94 0.84 0.94 0.93 0.93 0.93 0.94 0.66 0.83 0.94 0.63 0.91 0.94 0.96 0.96 0.94 0.94 0.96 0.96 1.00 0.94 1.00 0.78 0.63 0.75 0.66 0.74 0.74 0.73 0.74 0.74 0.73 0.73 0.73 0.73 0.19 0.68 0.68 0.68 0.68 0.68 0.22 0.21 0.03 0.11 0.84 0.89 0.89 0.89 0.89 0.89 0.87 0.89 0.89 0.87 0.89 0.87 0.86 0.86 0.72 0.81 0.79 0.83 0.63 0.68 0.68 0.68
0.75 0.80 0.80 0.77 0.50 0.77 0.80 0.77 0.73 0.78 0.79 0.80 0.78 0.83 0.83 0.83 0.54 0.88 0.72 0.87 0.83 0.83 0.83 0.88 0.50 0.70 0.87 0.48 0.85 0.88 0.93 0.93 0.88 0.88 0.93 0.93 1.00 0.88 1.00 0.60 0.44 0.56 0.47 0.55 0.55 0.53 0.55 0.55 0.53 0.53 0.53 0.53 0.08 0.47 0.47 0.47 0.47 0.47 0.11 0.10 0.01 0.06 0.69 0.75 0.75 0.75 0.75 0.75 0.72 0.75 0.75 0.71 0.75 0.72 0.70 0.70 0.53 0.64 0.60 0.65 0.43 0.48 0.48 0.48
0.69 0.74 0.74 0.72 0.45 0.71 0.74 0.71 0.67 0.73 0.73 0.74 0.73 0.78 0.78 0.78 0.50 0.85 0.66 0.83 0.78 0.78 0.78 0.85 0.44 0.65 0.83 0.42 0.81 0.84 0.90 0.91 0.85 0.84 0.90 0.91 1.00 0.84 1.00 0.54 0.37 0.50 0.40 0.48 0.48 0.47 0.48 0.48 0.46 0.47 0.47 0.47 0.06 0.41 0.41 0.41 0.41 0.41 0.09 0.08 0.01 0.04 0.63 0.69 0.69 0.69 0.69 0.70 0.66 0.70 0.70 0.65 0.69 0.65 0.63 0.63 0.46 0.56 0.52 0.58 0.36 0.40 0.40 0.40
0.73 0.78 0.78 0.76 0.50 0.75 0.78 0.76 0.71 0.77 0.78 0.79 0.77 0.82 0.82 0.81 0.53 0.87 0.71 0.86 0.82 0.82 0.82 0.87 0.48 0.69 0.86 0.46 0.83 0.87 0.92 0.92 0.87 0.87 0.92 0.92 1.00 0.87 1.00 0.59 0.41 0.53 0.44 0.53 0.53 0.51 0.53 0.53 0.51 0.51 0.51 0.51 0.08 0.45 0.45 0.45 0.45 0.45 0.10 0.10 0.01 0.05 0.67 0.73 0.73 0.73 0.73 0.74 0.71 0.74 0.74 0.69 0.73 0.70 0.68 0.68 0.52 0.62 0.58 0.64 0.41 0.45 0.45 0.45
0.69 0.74 0.74 0.72 0.45 0.72 0.74 0.71 0.68 0.74 0.75 0.75 0.74 0.79 0.79 0.79 0.50 0.85 0.67 0.84 0.79 0.79 0.79 0.85 0.45 0.66 0.84 0.42 0.82 0.85 0.91 0.91 0.85 0.85 0.91 0.91 1.00 0.85 1.00 0.55 0.38 0.50 0.41 0.49 0.49 0.47 0.49 0.49 0.47 0.47 0.47 0.47 0.07 0.42 0.42 0.42 0.42 0.42 0.09 0.08 0.01 0.05 0.63 0.69 0.69 0.69 0.69 0.70 0.66 0.70 0.70 0.65 0.69 0.66 0.64 0.63 0.46 0.57 0.54 0.59 0.36 0.40 0.40 0.40
0.81 0.85 0.85 0.84 0.58 0.83 0.85 0.83 0.79 0.84 0.85 0.85 0.84 0.88 0.88 0.87 0.58 0.91 0.78 0.90 0.88 0.88 0.88 0.91 0.56 0.76 0.90 0.53 0.88 0.91 0.94 0.94 0.91 0.91 0.94 0.94 1.00 0.91 1.00 0.68 0.52 0.64 0.55 0.63 0.63 0.62 0.63 0.63 0.61 0.62 0.62 0.62 0.13 0.57 0.57 0.57 0.57 0.57 0.15 0.14 0.02 0.07 0.76 0.81 0.81 0.81 0.81 0.82 0.79 0.82 0.82 0.78 0.81 0.78 0.77 0.77 0.61 0.72 0.68 0.73 0.51 0.56 0.56 0.56
0.64 0.70 0.70 0.68 0.41 0.67 0.70 0.67 0.63 0.70 0.70 0.71 0.70 0.76 0.75 0.75 0.48 0.83 0.64 0.81 0.76 0.76 0.76 0.83 0.40 0.63 0.81 0.39 0.80 0.83 0.89 0.90 0.83 0.83 0.89 0.90 1.00 0.83 1.00 0.51 0.33 0.45 0.36 0.44 0.44 0.42 0.44 0.44 0.42 0.42 0.42 0.42 0.05 0.37 0.37 0.37 0.37 0.37 0.07 0.07 0.00 0.04 0.59 0.64 0.64 0.64 0.64 0.65 0.61 0.65 0.65 0.60 0.64 0.60 0.58 0.59 0.41 0.52 0.48 0.54 0.32 0.36 0.36 0.36
0.68 0.73 0.73 0.71 0.43 0.71 0.73 0.70 0.66 0.73 0.73 0.74 0.73 0.78 0.78 0.78 0.49 0.85 0.66 0.83 0.78 0.78 0.78 0.85 0.43 0.65 0.83 0.42 0.81 0.85 0.90 0.91 0.85 0.85 0.90 0.91 1.00 0.85 1.00 0.53 0.36 0.48 0.39 0.47 0.47 0.45 0.47 0.47 0.44 0.45 0.45 0.45 0.06 0.40 0.40 0.40 0.40 0.40 0.08 0.07 0.01 0.04 0.62 0.68 0.68 0.68 0.68 0.69 0.65 0.69 0.69 0.64 0.68 0.65 0.64 0.63 0.46 0.56 0.51 0.58 0.35 0.40 0.40 0.40
0.90 0.92 0.92 0.91 0.70 0.91 0.92 0.91 0.88 0.92 0.92 0.92 0.92 0.94 0.94 0.93 0.68 0.95 0.87 0.95 0.94 0.94 0.94 0.95 0.68 0.84 0.95 0.64 0.92 0.95 0.97 0.97 0.95 0.95 0.97 0.97 1.00 0.95 1.00 0.80 0.66 0.77 0.69 0.77 0.77 0.76 0.77 0.77 0.75 0.76 0.76 0.76 0.21 0.71 0.71 0.71 0.71 0.71 0.24 0.24 0.04 0.12 0.86 0.90 0.90 0.90 0.90 0.90 0.89 0.90 0.90 0.89 0.90 0.89 0.88 0.88 0.75 0.83 0.81 0.84 0.66 0.71 0.71 0.71
0.60 0.66 0.66 0.63 0.36 0.63 0.66 0.62 0.58 0.65 0.66 0.67 0.65 0.71 0.71 0.71 0.44 0.80 0.59 0.79 0.71 0.71 0.71 0.80 0.35 0.58 0.79 0.36 0.77 0.80 0.88 0.88 0.80 0.80 0.88 0.89 1.00 0.80 1.00 0.45 0.28 0.40 0.31 0.39 0.39 0.37 0.39 0.39 0.36 0.37 0.37 0.37 0.04 0.32 0.32 0.32 0.32 0.32 0.06 0.05 0.00 0.03 0.53 0.59 0.59 0.59 0.59 0.60 0.57 0.60 0.60 0.55 0.59 0.55 0.53 0.53 0.37 0.47 0.43 0.49 0.28 0.31 0.31 0.31
0.94 0.96 0.96 0.95 0.78 0.95 0.96 0.94 0.92 0.95 0.95 0.95 0.95 0.96 0.96 0.96 0.73 0.97 0.91 0.97 0.96 0.96 0.96 0.97 0.76 0.89 0.97 0.71 0.95 0.97 0.98 0.98 0.97 0.97 0.98 0.98 1.00 0.97 1.00 0.86 0.75 0.84 0.78 0.84 0.84 0.83 0.84 0.84 0.83 0.83 0.83 0.83 0.29 0.79 0.79 0.79 0.79 0.79 0.30 0.30 0.06 0.16 0.91 0.94 0.94 0.94 0.94 0.94 0.93 0.94 0.94 0.93 0.94 0.93 0.93 0.93 0.82 0.89 0.87 0.90 0.75 0.80 0.80 0.80
0.74 0.79 0.79 0.76 0.50 0.77 0.79 0.76 0.72 0.78 0.79 0.79 0.78 0.82 0.82 0.82 0.54 0.88 0.72 0.86 0.82 0.82 0.83 0.88 0.48 0.69 0.86 0.46 0.84 0.87 0.92 0.92 0.88 0.87 0.92 0.92 1.00 0.87 1.00 0.60 0.43 0.55 0.46 0.55 0.55 0.53 0.55 0.55 0.53 0.53 0.53 0.53 0.09 0.48 0.48 0.48 0.48 0.48 0.11 0.10 0.01 0.06 0.69 0.74 0.74 0.74 0.74 0.75 0.72 0.75 0.75 0.71 0.74 0.71 0.69 0.69 0.53 0.64 0.60 0.66 0.42 0.47 0.47 0.47
0.62 0.68 0.68 0.66 0.39 0.65 0.68 0.65 0.61 0.68 0.69 0.70 0.68 0.74 0.74 0.74 0.47 0.82 0.61 0.80 0.74 0.74 0.74 0.82 0.39 0.61 0.80 0.38 0.78 0.82 0.89 0.89 0.82 0.82 0.89 0.89 1.00 0.82 1.00 0.48 0.30 0.43 0.34 0.42 0.42 0.40 0.42 0.41 0.39 0.40 0.40 0.40 0.05 0.34 0.34 0.34 0.34 0.34 0.06 0.06 0.01 0.03 0.56 0.62 0.62 0.62 0.62 0.63 0.59 0.63 0.63 0.58 0.62 0.58 0.56 0.56 0.40 0.50 0.46 0.52 0.30 0.34 0.34 0.34
0.59 0.64 0.64 0.62 0.35 0.61 0.64 0.61 0.57 0.63 0.65 0.66 0.63 0.70 0.70 0.71 0.43 0.79 0.57 0.78 0.70 0.70 0.70 0.79 0.34 0.57 0.78 0.34 0.76 0.79 0.87 0.88 0.79 0.79 0.87 0.88 1.00 0.79 1.00 0.44 0.26 0.39 0.29 0.38 0.38 0.36 0.38 0.37 0.35 0.36 0.36 0.36 0.04 0.30 0.30 0.30 0.30 0.30 0.06 0.05 0.00 0.03 0.52 0.58 0.58 0.58 0.58 0.59 0.55 0.59 0.59 0.53 0.58 0.54 0.52 0.52 0.35 0.45 0.42 0.48 0.26 0.29 0.29 0.29
0.53 0.60 0.60 0.58 0.31 0.57 0.60 0.57 0.53 0.59 0.60 0.61 0.59 0.67 0.67 0.68 0.41 0.77 0.54 0.75 0.67 0.67 0.67 0.77 0.32 0.54 0.75 0.31 0.74 0.77 0.86 0.86 0.77 0.77 0.86 0.87 1.00 0.77 1.00 0.40 0.23 0.34 0.27 0.33 0.33 0.32 0.33 0.33 0.30 0.32 0.32 0.32 0.03 0.27 0.27 0.27 0.27 0.27 0.05 0.03 0.00 0.02 0.47 0.53 0.53 0.53 0.53 0.54 0.51 0.54 0.54 0.48 0.53 0.49 0.47 0.47 0.32 0.41 0.37 0.43 0.22 0.25 0.25 0.25
0.75 0.80 0.80 0.78 0.51 0.78 0.80 0.78 0.74 0.79 0.80 0.81 0.79 0.84 0.84 0.83 0.55 0.89 0.72 0.87 0.84 0.84 0.84 0.89 0.50 0.70 0.87 0.47 0.85 0.88 0.93 0.93 0.89 0.88 0.93 0.93 1.00 0.88 1.00 0.62 0.45 0.57 0.48 0.57 0.57 0.55 0.57 0.56 0.54 0.55 0.55 0.55 0.09 0.49 0.49 0.49 0.49 0.49 0.11 0.11 0.01 0.06 0.69 0.75 0.75 0.75 0.75 0.76 0.73 0.76 0.76 0.72 0.75 0.72 0.70 0.70 0.54 0.64 0.60 0.66 0.43 0.48 0.48 0.48
0.98 0.98 0.98 0.98 0.87 0.98 0.98 0.98 0.96 0.98 0.98 0.98 0.98 0.98 0.98 0.98 0.81 0.99 0.95 0.98 0.98 0.98 0.98 0.99 0.85 0.94 0.98 0.80 0.97 0.98 0.99 0.99 0.99 0.98 0.99 0.99 1.00 0.98 1.00 0.92 0.86 0.92 0.88 0.92 0.92 0.92 0.92 0.92 0.92 0.92 0.92 0.92 0.42 0.89 0.89 0.89 0.89 0.89 0.42 0.42 0.12 0.23 0.96 0.98 0.98 0.98 0.98 0.98 0.97 0.98 0.98 0.97 0.98 0.97 0.97 0.97 0.90 0.95 0.94 0.96 0.85 0.89 0.89 0.89
0.62 0.68 0.68 0.66 0.38 0.64 0.68 0.65 0.60 0.67 0.68 0.69 0.67 0.73 0.73 0.74 0.45 0.81 0.61 0.80 0.73 0.73 0.74 0.81 0.37 0.60 0.80 0.37 0.78 0.82 0.89 0.89 0.81 0.82 0.89 0.89 1.00 0.82 1.00 0.47 0.30 0.42 0.33 0.41 0.41 0.39 0.41 0.40 0.38 0.39 0.39 0.39 0.04 0.33 0.33 0.33 0.33 0.33 0.06 0.05 0.00 0.03 0.55 0.61 0.61 0.61 0.61 0.62 0.59 0.62 0.62 0.57 0.61 0.58 0.55 0.55 0.39 0.49 0.45 0.51 0.29 0.33 0.33 0.33
0.99 0.99 0.99 0.99 0.94 0.99 0.99 0.99 0.99 0.99 0.99 0.99 0.99 0.99 0.99 0.99 0.88 0.99 0.98 0.99 0.99 0.99 0.99 0.99 0.93 0.98 0.99 0.89 0.99 0.99 1.00 1.00 0.99 0.99 1.00 1.00 1.00 0.99 1.00 0.96 0.93 0.96 0.94 0.97 0.97 0.96 0.97 0.97 0.96 0.96 0.96 0.96 0.56 0.95 0.95 0.95 0.95 0.95 0.54 0.57 0.22 0.33 0.99 0.99 0.99 0.99 0.99 0.99 0.99 0.99 0.99 0.99 0.99 0.99 0.99 0.99 0.96 0.98 0.98 0.98 0.93 0.96 0.96 0.96
0.58 0.65 0.65 0.62 0.36 0.61 0.65 0.62 0.58 0.64 0.65 0.66 0.64 0.70 0.70 0.71 0.43 0.79 0.59 0.78 0.70 0.70 0.70 0.79 0.34 0.57 0.78 0.34 0.75 0.80 0.87 0.88 0.79 0.80 0.87 0.88 1.00 0.80 1.00 0.44 0.27 0.38 0.30 0.38 0.38 0.36 0.38 0.37 0.35 0.36 0.36 0.36 0.04 0.31 0.31 0.31 0.31 0.31 0.06 0.05 0.00 0.03 0.52 0.58 0.58 0.58 0.58 0.59 0.55 0.59 0.59 0.53 0.58 0.54 0.52 0.51 0.36 0.46 0.42 0.48 0.27 0.30 0.30 0.30
0.96 0.97 0.97 0.97 0.82 0.96 0.97 0.96 0.95 0.97 0.97 0.97 0.97 0.97 0.97 0.97 0.76 0.98 0.93 0.98 0.97 0.97 0.98 0.98 0.81 0.91 0.98 0.76 0.96 0.98 0.98 0.98 0.98 0.98 0.98 0.98 1.00 0.98 1.00 0.90 0.80 0.88 0.83 0.88 0.88 0.88 0.88 0.88 0.87 0.88 0.88 0.88 0.33 0.84 0.84 0.84 0.84 0.84 0.36 0.35 0.09 0.18 0.94 0.96 0.96 0.96 0.96 0.96 0.95 0.96 0.96 0.96 0.96 0.95 0.95 0.95 0.86 0.93 0.91 0.93 0.80 0.84 0.84 0.84
0.50 0.57 0.57 0.55 0.29 0.53 0.57 0.54 0.50 0.56 0.58 0.59 0.56 0.64 0.64 0.65 0.39 0.75 0.52 0.73 0.64 0.64 0.65 0.75 0.29 0.52 0.73 0.29 0.72 0.75 0.84 0.85 0.75 0.75 0.84 0.86 1.00 0.75 1.00 0.37 0.21 0.32 0.24 0.30 0.30 0.29 0.30 0.30 0.28 0.29 0.29 0.29 0.03 0.24 0.24 0.24 0.24 0.24 0.04 0.03 0.00 0.02 0.44 0.50 0.50 0.50 0.50 0.51 0.47 0.51 0.51 0.45 0.50 0.46 0.44 0.44 0.28 0.37 0.33 0.39 0.20 0.23 0.23 0.23
0.91 0.93 0.93 0.92 0.72 0.92 0.93 0.92 0.89 0.93 0.93 0.93 0.93 0.94 0.94 0.93 0.69 0.95 0.88 0.95 0.94 0.94 0.94 0.95 0.71 0.86 0.95 0.67 0.93 0.95 0.97 0.97 0.95 0.95 0.97 0.97 1.00 0.95 1.00 0.81 0.68 0.79 0.71 0.79 0.79 0.78 0.79 0.79 0.77 0.78 0.78 0.78 0.24 0.73 0.73 0.73 0.73 0.73 0.25 0.24 0.05 0.14 0.88 0.91 0.91 0.91 0.91 0.92 0.90 0.92 0.92 0.90 0.91 0.90 0.89 0.89 0.76 0.85 0.82 0.86 0.68 0.73 0.73 0.73
0.55 0.60 0.60 0.58 0.32 0.58 0.60 0.58 0.53 0.60 0.61 0.62 0.60 0.67 0.66 0.67 0.42 0.77 0.55 0.75 0.67 0.67 0.67 0.77 0.32 0.54 0.75 0.32 0.74 0.78 0.86 0.86 0.77 0.78 0.86 0.87 1.00 0.78 1.00 0.40 0.24 0.35 0.27 0.34 0.34 0.33 0.34 0.34 0.32 0.33 0.33 0.33 0.03 0.28 0.28 0.28 0.28 0.28 0.05 0.04 0.00 0.03 0.48 0.54 0.54 0.54 0.54 0.55 0.52 0.55 0.55 0.49 0.54 0.50 0.48 0.48 0.33 0.42 0.38 0.44 0.24 0.27 0.27 0.27
0.82 0.85 0.85 0.84 0.59 0.83 0.85 0.83 0.80 0.84 0.85 0.86 0.84 0.88 0.88 0.87 0.59 0.91 0.78 0.90 0.88 0.88 0.88 0.91 0.57 0.76 0.90 0.54 0.88 0.91 0.94 0.94 0.91 0.91 0.94 0.94 1.00 0.91 1.00 0.68 0.51 0.64 0.55 0.63 0.63 0.62 0.63 0.63 0.61 0.62 0.62 0.62 0.12 0.56 0.56 0.56 0.56 0.56 0.15 0.14 0.02 0.07 0.76 0.82 0.82 0.82 0.82 0.82 0.80 0.82 0.82 0.79 0.82 0.79 0.78 0.78 0.62 0.72 0.68 0.74 0.52 0.57 0.57 0.57
0.99 1.00 1.00 0.99 0.94 0.99 1.00 0.99 0.99 0.99 0.99 0.99 0.99 1.00 1.00 0.99 0.88 1.00 0.98 1.00 1.00 1.00 1.00 1.00 0.93 0.98 1.00 0.89 0.99 1.00 1.00 1.00 1.00 1.00 1.00 1.00 1.00 1.00 1.00 0.97 0.94 0.97 0.95 0.97 0.97 0.97 0.97 0.97 0.97 0.97 0.97 0.97 0.60 0.96 0.96 0.96 0.96 0.96 0.56 0.58 0.23 0.34 0.99 0.99 0.99 0.99 0.99 0.99 0.99 0.99 0.99 0.99 0.99 0.99 0.99 0.99 0.96 0.99 0.98 0.99 0.93 0.96 0.96 0.96
0.99 0.99 0.99 0.99 0.94 0.99 0.99 0.99 0.99 0.99 0.99 0.99 0.99 1.00 0.99 0.99 0.89 1.00 0.98 1.00 1.00 1.00 0.99 1.00 0.94 0.98 1.00 0.90 0.99 1.00 1.00 1.00 1.00 1.00 1.00 1.00 1.00 1.00 1.00 0.97 0.94 0.97 0.95 0.97 0.97 0.97 0.97 0.97 0.97 0.97 0.97 0.97 0.61 0.96 0.96 0.96 0.96 0.96 0.59 0.60 0.25 0.36 0.99 0.99 0.99 0.99 0.99 0.99 0.99 0.99 0.99 0.99 0.99 0.99 0.99 0.99 0.96 0.99 0.98 0.99 0.94 0.97 0.97 0.97
0.74 0.79 0.79 0.77 0.51 0.77 0.79 0.77 0.73 0.78 0.80 0.80 0.78 0.83 0.83 0.83 0.54 0.88 0.72 0.87 0.83 0.83 0.83 0.88 0.51 0.71 0.87 0.48 0.85 0.88 0.92 0.93 0.88 0.88 0.92 0.93 1.00 0.88 1.00 0.61 0.44 0.56 0.47 0.55 0.55 0.54 0.55 0.55 0.53 0.54 0.54 0.54 0.08 0.48 0.48 0.48 0.48 0.48 0.11 0.10 0.01 0.06 0.69 0.74 0.74 0.74 0.74 0.75 0.72 0.75 0.75 0.71 0.74 0.72 0.70 0.70 0.54 0.64 0.60 0.66 0.43 0.47 0.47 0.47
0.99 0.99 0.99 0.99 0.93 0.99 0.99 0.99 0.99 0.99 0.99 0.99 0.99 0.99 0.99 0.99 0.87 0.99 0.98 0.99 0.99 0.99 0.99 0.99 0.93 0.97 0.99 0.89 0.99 0.99 1.00 1.00 0.99 0.99 1.00 1.00 1.00 0.99 1.00 0.97 0.92 0.96 0.94 0.97 0.97 0.96 0.97 0.97 0.96 0.96 0.96 0.96 0.57 0.95 0.95 0.95 0.95 0.95 0.55 0.55 0.21 0.32 0.99 0.99 0.99 0.99 0.99 0.99 0.99 0.99 0.99 0.99 0.99 0.99 0.99 0.99 0.95 0.98 0.98 0.98 0.92 0.95 0.95 0.95
0.87 0.90 0.90 0.89 0.68 0.88 0.90 0.88 0.85 0.89 0.90 0.90 0.89 0.92 0.91 0.91 0.64 0.94 0.83 0.93 0.92 0.92 0.92 0.94 0.65 0.81 0.93 0.60 0.91 0.93 0.96 0.96 0.94 0.93 0.96 0.96 1.00 0.93 1.00 0.76 0.61 0.72 0.64 0.72 0.72 0.71 0.72 0.72 0.71 0.71 0.71 0.71 0.18 0.66 0.66 0.66 0.66 0.66 0.20 0.19 0.03 0.10 0.83 0.87 0.87 0.87 0.87 0.88 0.86 0.88 0.88 0.86 0.87 0.85 0.85 0.84 0.70 0.80 0.77 0.81 0.61 0.67 0.67 0.67
0.91 0.94 0.94 0.93 0.73 0.93 0.94 0.92 0.90 0.93 0.94 0.94 0.93 0.95 0.95 0.94 0.69 0.96 0.88 0.96 0.95 0.95 0.95 0.96 0.71 0.86 0.96 0.66 0.93 0.96 0.97 0.97 0.96 0.96 0.97 0.97 1.00 0.96 1.00 0.82 0.69 0.80 0.72 0.79 0.79 0.79 0.79 0.79 0.78 0.79 0.79 0.79 0.23 0.74 0.74 0.74 0.74 0.74 0.26 0.25 0.04 0.13 0.88 0.92 0.92 0.92 0.92 0.92 0.90 0.92 0.92 0.90 0.92 0.90 0.90 0.90 0.77 0.86 0.84 0.87 0.69 0.74 0.74 0.74
0.81 0.84 0.84 0.83 0.57 0.82 0.84 0.82 0.78 0.83 0.84 0.84 0.83 0.87 0.87 0.86 0.58 0.90 0.77 0.89 0.87 0.87 0.87 0.90 0.55 0.75 0.89 0.52 0.87 0.90 0.94 0.94 0.90 0.90 0.94 0.94 1.00 0.90 1.00 0.67 0.50 0.63 0.54 0.62 0.62 0.61 0.62 0.62 0.60 0.61 0.61 0.61 0.12 0.55 0.55 0.55 0.55 0.55 0.15 0.14 0.02 0.07 0.75 0.80 0.80 0.80 0.80 0.81 0.78 0.81 0.81 0.77 0.80 0.78 0.77 0.76 0.60 0.70 0.67 0.72 0.50 0.55 0.55 0.55
0.92 0.94 0.94 0.93 0.74 0.93 0.94 0.92 0.90 0.93 0.93 0.93 0.93 0.95 0.95 0.94 0.70 0.96 0.88 0.96 0.95 0.95 0.95 0.96 0.71 0.85 0.96 0.66 0.93 0.96 0.97 0.97 0.96 0.96 0.97 0.97 1.00 0.96 1.00 0.83 0.70 0.80 0.73 0.80 0.80 0.79 0.80 0.80 0.79 0.79 0.79 0.79 0.24 0.74 0.74 0.74 0.74 0.74 0.27 0.26 0.05 0.14 0.89 0.92 0.92 0.92 0.92 0.93 0.91 0.93 0.93 0.91 0.92 0.91 0.90 0.90 0.79 0.87 0.84 0.88 0.70 0.75 0.75 0.75
0.86 0.89 0.89 0.88 0.64 0.88 0.89 0.87 0.84 0.89 0.89 0.89 0.89 0.91 0.91 0.90 0.64 0.93 0.82 0.92 0.91 0.91 0.91 0.93 0.62 0.81 0.92 0.58 0.90 0.93 0.96 0.96 0.93 0.93 0.96 0.96 1.00 0.93 1.00 0.74 0.59 0.71 0.62 0.71 0.71 0.69 0.71 0.70 0.69 0.69 0.69 0.69 0.17 0.64 0.64 0.64 0.64 0.64 0.19 0.19 0.03 0.10 0.82 0.87 0.87 0.87 0.87 0.87 0.85 0.87 0.87 0.85 0.87 0.85 0.84 0.84 0.68 0.78 0.75 0.80 0.59 0.65 0.65 0.65
0.84 0.87 0.87 0.86 0.62 0.86 0.87 0.85 0.82 0.87 0.87 0.87 0.87 0.90 0.90 0.89 0.62 0.92 0.80 0.91 0.90 0.90 0.90 0.92 0.60 0.78 0.91 0.57 0.89 0.92 0.95 0.95 0.92 0.92 0.95 0.95 1.00 0.92 1.00 0.72 0.56 0.68 0.60 0.68 0.68 0.67 0.68 0.68 0.66 0.67 0.67 0.67 0.15 0.61 0.61 0.61 0.61 0.61 0.18 0.16 0.02 0.08 0.79 0.85 0.85 0.85 0.85 0.85 0.82 0.85 0.85 0.82 0.85 0.82 0.82 0.81 0.67 0.76 0.72 0.77 0.57 0.61 0.61 0.61
0.51 0.58 0.58 0.56 0.30 0.54 0.58 0.55 0.51 0.57 0.58 0.60 0.57 0.64 0.64 0.66 0.40 0.75 0.53 0.74 0.64 0.64 0.65 0.75 0.30 0.52 0.74 0.31 0.72 0.77 0.85 0.86 0.75 0.77 0.85 0.86 1.00 0.77 1.00 0.38 0.21 0.32 0.24 0.31 0.31 0.30 0.31 0.31 0.28 0.30 0.30 0.30 0.02 0.24 0.24 0.24 0.24 0.24 0.04 0.03 0.00 0.02 0.46 0.51 0.51 0.51 0.51 0.52 0.48 0.52 0.52 0.47 0.51 0.47 0.45 0.45 0.30 0.39 0.35 0.41 0.21 0.24 0.24 0.24
0.87 0.90 0.90 0.89 0.66 0.89 0.90 0.89 0.86 0.89 0.90 0.90 0.89 0.92 0.92 0.91 0.65 0.94 0.84 0.94 0.92 0.92 0.92 0.94 0.66 0.82 0.94 0.61 0.91 0.94 0.96 0.96 0.94 0.94 0.96 0.96 1.00 0.94 1.00 0.76 0.61 0.72 0.64 0.72 0.72 0.70 0.72 0.72 0.70 0.70 0.70 0.70 0.18 0.65 0.65 0.65 0.65 0.65 0.21 0.19 0.03 0.10 0.84 0.88 0.88 0.88 0.88 0.88 0.86 0.88 0.88 0.85 0.88 0.86 0.85 0.85 0.70 0.80 0.77 0.81 0.61 0.67 0.67 0.67
0.90 0.92 0.92 0.91 0.70 0.91 0.92 0.91 0.88 0.92 0.92 0.92 0.92 0.93 0.93 0.93 0.68 0.95 0.86 0.95 0.93 0.93 0.94 0.95 0.68 0.83 0.95 0.64 0.92 0.95 0.97 0.97 0.95 0.95 0.97 0.97 1.00 0.95 1.00 0.79 0.66 0.76 0.69 0.76 0.76 0.75 0.76 0.76 0.75 0.75 0.75 0.75 0.20 0.70 0.70 0.70 0.70 0.70 0.22 0.22 0.04 0.12 0.86 0.90 0.90 0.90 0.90 0.90 0.88 0.90 0.90 0.88 0.90 0.88 0.88 0.87 0.74 0.83 0.80 0.84 0.64 0.70 0.70 0.70
0.97 0.98 0.98 0.98 0.86 0.98 0.98 0.98 0.96 0.98 0.98 0.98 0.98 0.99 0.98 0.98 0.80 0.99 0.95 0.99 0.99 0.99 0.99 0.99 0.85 0.94 0.99 0.80 0.98 0.99 0.99 0.99 0.99 0.99 0.99 0.99 1.00 0.99 1.00 0.92 0.85 0.91 0.86 0.91 0.91 0.91 0.91 0.91 0.91 0.91 0.91 0.91 0.40 0.88 0.88 0.88 0.88 0.88 0.40 0.41 0.11 0.22 0.96 0.98 0.98 0.98 0.98 0.98 0.97 0.98 0.98 0.97 0.98 0.97 0.97 0.97 0.90 0.95 0.93 0.96 0.84 0.89 0.89 0.89
0.97 0.98 0.98 0.97 0.84 0.97 0.98 0.97 0.96 0.97 0.97 0.97 0.97 0.98 0.98 0.97 0.78 0.98 0.94 0.98 0.98 0.98 0.98 0.98 0.83 0.93 0.98 0.78 0.97 0.98 0.99 0.99 0.98 0.98 0.99 0.99 1.00 0.98 1.00 0.91 0.82 0.90 0.84 0.90 0.90 0.89 0.90 0.90 0.89 0.89 0.89 0.89 0.37 0.86 0.86 0.86 0.86 0.86 0.37 0.39 0.10 0.20 0.95 0.97 0.97 0.97 0.97 0.97 0.96 0.97 0.97 0.96 0.97 0.96 0.96 0.96 0.88 0.94 0.92 0.94 0.82 0.87 0.87 0.87
0.90 0.92 0.92 0.91 0.70 0.91 0.92 0.91 0.88 0.92 0.92 0.92 0.92 0.93 0.93 0.93 0.66 0.95 0.86 0.94 0.93 0.93 0.94 0.95 0.68 0.84 0.94 0.64 0.92 0.95 0.97 0.97 0.95 0.95 0.97 0.97 1.00 0.95 1.00 0.78 0.66 0.76 0.69 0.76 0.76 0.75 0.76 0.76 0.74 0.75 0.75 0.75 0.20 0.70 0.70 0.70 0.70 0.70 0.22 0.22 0.04 0.12 0.86 0.90 0.90 0.90 0.90 0.90 0.89 0.90 0.90 0.89 0.90 0.88 0.88 0.88 0.74 0.83 0.80 0.85 0.65 0.70 0.70 0.70
0.92 0.93 0.93 0.93 0.73 0.93 0.93 0.92 0.90 0.93 0.93 0.93 0.93 0.95 0.95 0.94 0.69 0.96 0.88 0.95 0.95 0.95 0.95 0.96 0.70 0.86 0.95 0.66 0.93 0.96 0.97 0.97 0.96 0.96 0.97 0.97 1.00 0.96 1.00 0.82 0.69 0.80 0.72 0.80 0.80 0.79 0.80 0.80 0.78 0.79 0.79 0.79 0.23 0.74 0.74 0.74 0.74 0.74 0.26 0.25 0.04 0.13 0.88 0.92 0.92 0.92 0.92 0.92 0.91 0.92 0.92 0.91 0.92 0.91 0.90 0.90 0.78 0.86 0.84 0.87 0.69 0.74 0.74 0.74
0.93 0.95 0.95 0.94 0.76 0.94 0.95 0.94 0.92 0.95 0.94 0.95 0.95 0.96 0.96 0.95 0.72 0.97 0.90 0.96 0.96 0.96 0.96 0.97 0.75 0.89 0.96 0.70 0.94 0.97 0.97 0.98 0.97 0.97 0.97 0.98 1.00 0.97 1.00 0.84 0.73 0.83 0.76 0.83 0.83 0.82 0.83 0.82 0.81 0.82 0.82 0.82 0.26 0.77 0.77 0.77 0.77 0.77 0.29 0.29 0.06 0.15 0.91 0.94 0.94 0.94 0.94 0.94 0.93 0.94 0.94 0.93 0.94 0.93 0.92 0.92 0.81 0.89 0.86 0.90 0.74 0.78 0.78 0.78
0.70 0.76 0.76 0.74 0.47 0.73 0.76 0.73 0.69 0.75 0.76 0.77 0.75 0.80 0.80 0.80 0.51 0.86 0.68 0.84 0.80 0.80 0.81 0.86 0.45 0.67 0.84 0.43 0.82 0.85 0.91 0.92 0.86 0.85 0.91 0.92 1.00 0.85 1.00 0.56 0.39 0.51 0.42 0.50 0.50 0.48 0.50 0.50 0.47 0.48 0.48 0.48 0.07 0.43 0.43 0.43 0.43 0.43 0.09 0.08 0.01 0.05 0.64 0.70 0.70 0.70 0.70 0.71 0.67 0.71 0.71 0.66 0.70 0.67 0.65 0.64 0.48 0.58 0.54 0.60 0.37 0.42 0.42 0.42
0.76 0.81 0.81 0.79 0.52 0.79 0.81 0.78 0.75 0.80 0.81 0.81 0.80 0.84 0.85 0.84 0.56 0.89 0.74 0.88 0.84 0.84 0.85 0.89 0.52 0.72 0.88 0.49 0.85 0.89 0.93 0.93 0.89 0.89 0.93 0.93 1.00 0.89 1.00 0.63 0.46 0.59 0.49 0.58 0.58 0.57 0.58 0.58 0.56 0.57 0.57 0.57 0.10 0.51 0.51 0.51 0.51 0.51 0.12 0.12 0.01 0.06 0.71 0.77 0.77 0.77 0.77 0.77 0.74 0.77 0.77 0.73 0.77 0.74 0.72 0.72 0.56 0.66 0.62 0.68 0.46 0.50 0.50 0.50
0.88 0.91 0.91 0.89 0.66 0.89 0.91 0.89 0.86 0.90 0.90 0.91 0.90 0.92 0.92 0.91 0.65 0.94 0.83 0.93 0.92 0.92 0.92 0.94 0.64 0.82 0.93 0.60 0.91 0.94 0.96 0.96 0.94 0.94 0.96 0.96 1.00 0.94 1.00 0.76 0.61 0.73 0.65 0.72 0.72 0.71 0.72 0.72 0.70 0.71 0.71 0.71 0.17 0.66 0.66 0.66 0.66 0.66 0.21 0.20 0.03 0.10 0.83 0.88 0.88 0.88 0.88 0.88 0.86 0.88 0.88 0.86 0.88 0.86 0.85 0.85 0.71 0.80 0.77 0.81 0.61 0.66 0.66 0.66
0.85 0.89 0.89 0.87 0.63 0.87 0.89 0.86 0.83 0.88 0.88 0.89 0.88 0.91 0.91 0.90 0.64 0.93 0.82 0.92 0.91 0.91 0.91 0.93 0.62 0.79 0.92 0.58 0.90 0.93 0.95 0.95 0.93 0.93 0.95 0.95 1.00 0.93 1.00 0.73 0.57 0.69 0.61 0.69 0.69 0.67 0.69 0.69 0.67 0.67 0.67 0.67 0.16 0.62 0.62 0.62 0.62 0.62 0.19 0.18 0.02 0.10 0.81 0.85 0.85 0.85 0.85 0.86 0.84 0.86 0.86 0.83 0.85 0.83 0.82 0.82 0.68 0.77 0.74 0.79 0.58 0.63 0.63 0.63
0.99 0.99 0.99 0.99 0.94 0.99 0.99 0.99 0.99 0.99 0.99 0.99 0.99 0.99 0.99 0.99 0.88 0.99 0.98 0.99 0.99 0.99 0.99 0.99 0.94 0.98 0.99 0.90 0.99 0.99 0.99 0.99 0.99 0.99 0.99 0.99 1.00 0.99 1.00 0.97 0.95 0.97 0.95 0.97 0.97 0.97 0.97 0.97 0.97 0.97 0.97 0.97 0.60 0.96 0.96 0.96 0.96 0.96 0.57 0.58 0.23 0.35 0.99 0.99 0.99 0.99 0.99 0.99 0.99 0.99 0.99 0.99 0.99 0.99 0.99 0.99 0.96 0.99 0.98 0.99 0.93 0.96 0.96 0.96
0.97 0.98 0.98 0.97 0.84 0.97 0.98 0.97 0.95 0.97 0.97 0.97 0.97 0.98 0.98 0.97 0.78 0.98 0.94 0.98 0.98 0.98 0.98 0.98 0.83 0.93 0.98 0.78 0.97 0.98 0.99 0.99 0.98 0.98 0.99 0.99 1.00 0.98 1.00 0.91 0.82 0.90 0.84 0.90 0.90 0.89 0.90 0.90 0.89 0.89 0.89 0.89 0.36 0.86 0.86 0.86 0.86 0.86 0.38 0.37 0.09 0.21 0.95 0.97 0.97 0.97 0.97 0.97 0.96 0.97 0.97 0.96 0.97 0.96 0.96 0.96 0.88 0.94 0.92 0.94 0.81 0.86 0.86 0.86
0.92 0.94 0.94 0.94 0.74 0.93 0.94 0.93 0.91 0.94 0.94 0.94 0.94 0.95 0.95 0.94 0.70 0.96 0.89 0.96 0.95 0.95 0.95 0.96 0.73 0.87 0.96 0.69 0.94 0.96 0.97 0.97 0.96 0.96 0.97 0.97 1.00 0.96 1.00 0.83 0.71 0.81 0.74 0.81 0.81 0.80 0.81 0.81 0.80 0.80 0.80 0.80 0.24 0.76 0.76 0.76 0.76 0.76 0.28 0.27 0.05 0.15 0.89 0.93 0.93 0.93 0.93 0.93 0.91 0.93 0.93 0.91 0.93 0.92 0.91 0.91 0.79 0.87 0.84 0.88 0.72 0.76 0.76 0.76
0.96 0.98 0.98 0.97 0.84 0.97 0.98 0.97 0.95 0.97 0.97 0.97 0.97 0.98 0.98 0.97 0.78 0.98 0.94 0.98 0.98 0.98 0.98 0.98 0.82 0.92 0.98 0.77 0.96 0.98 0.99 0.99 0.98 0.98 0.99 0.99 1.00 0.98 1.00 0.90 0.82 0.89 0.84 0.89 0.89 0.89 0.89 0.89 0.88 0.89 0.89 0.89 0.35 0.85 0.85 0.85 0.85 0.85 0.36 0.37 0.09 0.19 0.95 0.97 0.97 0.97 0.97 0.97 0.96 0.97 0.97 0.96 0.97 0.96 0.96 0.96 0.87 0.93 0.92 0.94 0.81 0.86 0.86 0.86
0.81 0.85 0.85 0.83 0.57 0.82 0.85 0.82 0.79 0.84 0.84 0.85 0.84 0.87 0.87 0.87 0.57 0.91 0.77 0.90 0.87 0.87 0.88 0.91 0.56 0.75 0.90 0.53 0.87 0.90 0.94 0.94 0.91 0.90 0.94 0.94 1.00 0.90 1.00 0.67 0.51 0.63 0.54 0.62 0.62 0.61 0.62 0.62 0.60 0.61 0.61 0.61 0.12 0.56 0.56 0.56 0.56 0.56 0.15 0.14 0.02 0.07 0.75 0.81 0.81 0.81 0.81 0.82 0.79 0.82 0.82 0.78 0.81 0.78 0.77 0.77 0.61 0.71 0.68 0.73 0.50 0.55 0.55 0.55
