0.84 0.97 0.97 0.96 0.75 0.92 0.97 0.95 0.93 0.95 0.97 0.98 0.95 0.99 1.00 0.98 0.75 0.98 0.82 0.97 0.99 0.99 1.00 0.98 0.77 0.90 0.97 0.72 0.95 0.97 0.97 0.97 0.98 0.97 0.97 0.97 0.96 0.97 0.96
0.60 0.81 0.81 0.79 0.47 0.72 0.81 0.77 0.73 0.77 0.85 0.87 0.77 0.95 1.00 0.84 0.49 0.84 0.56 0.79 0.95 0.95 0.98 0.84 0.48 0.62 0.79 0.43 0.72 0.80 0.80 0.80 0.84 0.80 0.80 0.80 0.76 0.80 0.76
0.77 0.93 0.93 0.91 0.65 0.86 0.93 0.90 0.87 0.89 0.94 0.95 0.89 0.98 1.00 0.94 0.65 0.94 0.74 0.92 0.98 0.98 0.99 0.94 0.66 0.80 0.92 0.60 0.88 0.93 0.93 0.93 0.94 0.93 0.93 0.93 0.91 0.93 0.91
0.84 0.97 0.97 0.96 0.75 0.93 0.97 0.95 0.93 0.96 0.97 0.98 0.96 0.99 1.00 0.97 0.74 0.98 0.83 0.97 0.99 0.99 1.00 0.98 0.79 0.90 0.97 0.74 0.95 0.97 0.98 0.98 0.98 0.97 0.98 0.98 0.96 0.97 0.96
0.61 0.83 0.83 0.80 0.49 0.74 0.83 0.80 0.75 0.79 0.86 0.88 0.79 0.96 1.00 0.85 0.52 0.86 0.58 0.81 0.96 0.96 0.98 0.86 0.49 0.64 0.81 0.44 0.74 0.82 0.82 0.82 0.86 0.82 0.82 0.82 0.78 0.82 0.78
0.74 0.92 0.92 0.90 0.62 0.84 0.92 0.89 0.86 0.89 0.93 0.94 0.89 0.98 1.00 0.93 0.63 0.93 0.72 0.91 0.98 0.98 0.99 0.93 0.65 0.78 0.91 0.60 0.86 0.92 0.92 0.92 0.93 0.92 0.92 0.92 0.89 0.92 0.89
0.61 0.82 0.82 0.79 0.47 0.72 0.82 0.78 0.73 0.77 0.86 0.88 0.77 0.95 1.00 0.84 0.50 0.85 0.57 0.80 0.95 0.95 0.98 0.85 0.48 0.63 0.80 0.43 0.73 0.80 0.80 0.80 0.85 0.80 0.80 0.80 0.78 0.80 0.78
0.59 0.81 0.81 0.78 0.46 0.71 0.81 0.77 0.72 0.76 0.85 0.87 0.76 0.96 1.00 0.84 0.49 0.83 0.55 0.79 0.96 0.96 0.98 0.83 0.46 0.60 0.79 0.42 0.71 0.79 0.79 0.79 0.83 0.79 0.79 0.79 0.75 0.79 0.75
0.65 0.85 0.85 0.82 0.53 0.76 0.85 0.81 0.77 0.81 0.88 0.90 0.81 0.96 1.00 0.87 0.54 0.88 0.61 0.83 0.96 0.96 0.98 0.88 0.52 0.68 0.83 0.48 0.78 0.84 0.84 0.84 0.88 0.84 0.84 0.84 0.81 0.84 0.81
0.95 1.00 1.00 0.99 0.90 0.99 1.00 0.99 0.99 0.99 1.00 1.00 0.99 1.00 1.00 1.00 0.89 1.00 0.94 1.00 1.00 1.00 1.00 1.00 0.93 0.98 1.00 0.90 0.99 1.00 1.00 1.00 1.00 1.00 1.00 1.00 0.99 1.00 0.99
0.53 0.76 0.76 0.73 0.41 0.65 0.76 0.71 0.67 0.71 0.81 0.84 0.71 0.94 1.00 0.80 0.45 0.79 0.49 0.72 0.94 0.94 0.97 0.79 0.41 0.54 0.72 0.36 0.64 0.72 0.73 0.73 0.79 0.72 0.73 0.73 0.69 0.72 0.69
0.64 0.85 0.85 0.82 0.51 0.76 0.85 0.81 0.77 0.81 0.88 0.90 0.81 0.96 1.00 0.87 0.53 0.87 0.61 0.83 0.96 0.96 0.98 0.87 0.53 0.67 0.83 0.47 0.77 0.84 0.84 0.84 0.87 0.84 0.84 0.84 0.81 0.84 0.81
0.50 0.74 0.74 0.70 0.39 0.62 0.74 0.69 0.64 0.68 0.79 0.82 0.68 0.93 1.00 0.78 0.42 0.77 0.47 0.70 0.93 0.93 0.97 0.77 0.38 0.51 0.70 0.34 0.63 0.70 0.71 0.71 0.77 0.70 0.71 0.71 0.67 0.70 0.67
0.49 0.73 0.73 0.69 0.36 0.60 0.73 0.67 0.62 0.66 0.78 0.81 0.66 0.92 1.00 0.76 0.40 0.76 0.44 0.67 0.92 0.92 0.97 0.76 0.37 0.48 0.67 0.33 0.59 0.68 0.68 0.68 0.76 0.68 0.68 0.68 0.64 0.68 0.64
0.77 0.94 0.94 0.92 0.68 0.87 0.94 0.92 0.89 0.91 0.95 0.96 0.91 0.99 1.00 0.95 0.68 0.95 0.76 0.94 0.99 0.99 0.99 0.95 0.69 0.83 0.94 0.65 0.90 0.94 0.94 0.94 0.95 0.94 0.94 0.94 0.92 0.94 0.92
0.75 0.92 0.92 0.90 0.64 0.85 0.92 0.90 0.86 0.89 0.93 0.95 0.89 0.98 1.00 0.94 0.63 0.94 0.73 0.92 0.98 0.98 0.99 0.94 0.65 0.80 0.92 0.60 0.88 0.92 0.93 0.93 0.94 0.92 0.93 0.93 0.90 0.92 0.90
0.96 1.00 1.00 1.00 0.92 0.99 1.00 1.00 0.99 1.00 1.00 1.00 1.00 1.00 1.00 1.00 0.91 1.00 0.95 1.00 1.00 1.00 1.00 1.00 0.95 0.99 1.00 0.92 1.00 1.00 1.00 1.00 1.00 1.00 1.00 1.00 1.00 1.00 1.00
0.49 0.72 0.72 0.68 0.35 0.59 0.72 0.67 0.61 0.65 0.77 0.81 0.65 0.92 1.00 0.75 0.39 0.75 0.43 0.67 0.92 0.92 0.97 0.75 0.36 0.47 0.67 0.32 0.59 0.68 0.67 0.67 0.75 0.68 0.67 0.67 0.64 0.68 0.64
0.95 1.00 1.00 1.00 0.91 0.99 1.00 1.00 0.99 1.00 1.00 1.00 1.00 1.00 1.00 1.00 0.90 1.00 0.95 1.00 1.00 1.00 1.00 1.00 0.95 0.99 1.00 0.90 1.00 1.00 1.00 1.00 1.00 1.00 1.00 1.00 1.00 1.00 1.00
0.96 1.00 1.00 1.00 0.91 0.99 1.00 0.99 0.99 1.00 1.00 1.00 1.00 1.00 1.00 1.00 0.90 1.00 0.95 1.00 1.00 1.00 1.00 1.00 0.95 0.98 1.00 0.91 0.99 1.00 1.00 1.00 1.00 1.00 1.00 1.00 1.00 1.00 1.00
0.67 0.87 0.87 0.84 0.54 0.78 0.87 0.83 0.79 0.83 0.90 0.91 0.83 0.97 1.00 0.89 0.56 0.89 0.65 0.86 0.97 0.97 0.99 0.89 0.56 0.71 0.86 0.51 0.81 0.86 0.87 0.87 0.89 0.86 0.87 0.87 0.83 0.86 0.83
0.93 1.00 1.00 0.99 0.88 0.98 1.00 0.99 0.98 0.99 1.00 1.00 0.99 1.00 1.00 1.00 0.86 1.00 0.93 1.00 1.00 1.00 1.00 1.00 0.91 0.98 1.00 0.87 0.99 1.00 1.00 1.00 1.00 1.00 1.00 1.00 0.99 1.00 0.99
0.95 1.00 1.00 0.99 0.89 0.99 1.00 0.99 0.99 1.00 1.00 1.00 1.00 1.00 1.00 1.00 0.89 1.00 0.95 1.00 1.00 1.00 1.00 1.00 0.94 0.98 1.00 0.90 0.99 1.00 1.00 1.00 1.00 1.00 1.00 1.00 0.99 1.00 0.99
0.75 0.93 0.93 0.91 0.64 0.86 0.93 0.90 0.87 0.90 0.94 0.95 0.90 0.98 1.00 0.94 0.64 0.94 0.73 0.92 0.98 0.98 0.99 0.94 0.65 0.79 0.92 0.60 0.88 0.93 0.93 0.93 0.94 0.93 0.93 0.93 0.90 0.93 0.90
0.79 0.95 0.95 0.93 0.68 0.89 0.95 0.93 0.90 0.93 0.96 0.96 0.93 0.99 1.00 0.95 0.67 0.96 0.77 0.94 0.99 0.99 0.99 0.96 0.70 0.83 0.94 0.65 0.91 0.95 0.95 0.95 0.96 0.95 0.95 0.95 0.93 0.95 0.93
0.87 0.98 0.98 0.97 0.79 0.95 0.98 0.97 0.95 0.97 0.98 0.99 0.97 1.00 1.00 0.98 0.77 0.99 0.86 0.98 1.00 1.00 1.00 0.99 0.82 0.93 0.98 0.76 0.96 0.98 0.99 0.99 0.99 0.98 0.99 0.99 0.97 0.98 0.97
0.87 0.98 0.98 0.97 0.79 0.95 0.98 0.97 0.95 0.97 0.98 0.99 0.97 1.00 1.00 0.98 0.78 0.99 0.87 0.98 1.00 1.00 1.00 0.99 0.82 0.92 0.98 0.78 0.96 0.98 0.98 0.98 0.99 0.98 0.98 0.98 0.97 0.98 0.97
0.76 0.93 0.93 0.91 0.64 0.86 0.93 0.91 0.87 0.90 0.94 0.95 0.90 0.98 1.00 0.94 0.65 0.94 0.75 0.92 0.98 0.98 0.99 0.94 0.66 0.81 0.92 0.61 0.88 0.92 0.93 0.93 0.94 0.92 0.93 0.93 0.91 0.92 0.91
0.66 0.87 0.87 0.84 0.54 0.78 0.87 0.83 0.79 0.83 0.89 0.91 0.83 0.97 1.00 0.89 0.56 0.89 0.64 0.86 0.97 0.97 0.99 0.89 0.55 0.70 0.86 0.51 0.80 0.86 0.87 0.87 0.89 0.86 0.87 0.87 0.83 0.86 0.83
0.64 0.85 0.85 0.82 0.53 0.75 0.85 0.81 0.77 0.80 0.87 0.90 0.80 0.96 1.00 0.88 0.54 0.88 0.62 0.84 0.96 0.96 0.98 0.88 0.53 0.68 0.84 0.48 0.78 0.84 0.84 0.85 0.88 0.84 0.84 0.85 0.82 0.84 0.82
0.55 0.78 0.78 0.75 0.43 0.66 0.78 0.74 0.69 0.72 0.82 0.85 0.72 0.94 1.00 0.82 0.45 0.81 0.51 0.75 0.94 0.94 0.98 0.81 0.44 0.57 0.75 0.39 0.68 0.75 0.75 0.75 0.81 0.75 0.75 0.75 0.72 0.75 0.72
0.95 1.00 1.00 1.00 0.90 0.99 1.00 0.99 0.99 0.99 1.00 1.00 0.99 1.00 1.00 1.00 0.88 1.00 0.94 1.00 1.00 1.00 1.00 1.00 0.94 0.98 1.00 0.89 1.00 1.00 1.00 1.00 1.00 1.00 1.00 1.00 0.99 1.00 0.99
0.78 0.94 0.94 0.92 0.67 0.88 0.94 0.91 0.88 0.91 0.95 0.96 0.91 0.99 1.00 0.95 0.67 0.95 0.76 0.94 0.99 0.99 0.99 0.95 0.69 0.83 0.94 0.64 0.90 0.94 0.94 0.94 0.95 0.94 0.94 0.94 0.92 0.94 0.92
0.63 0.83 0.83 0.80 0.49 0.73 0.83 0.79 0.74 0.79 0.86 0.89 0.79 0.96 1.00 0.86 0.50 0.85 0.58 0.81 0.96 0.96 0.98 0.85 0.50 0.64 0.81 0.45 0.74 0.81 0.81 0.81 0.85 0.81 0.81 0.82 0.78 0.81 0.78
0.64 0.84 0.84 0.81 0.51 0.75 0.84 0.81 0.76 0.80 0.87 0.90 0.80 0.96 1.00 0.86 0.53 0.87 0.60 0.83 0.96 0.96 0.98 0.87 0.52 0.67 0.83 0.47 0.77 0.83 0.83 0.83 0.87 0.83 0.83 0.83 0.80 0.83 0.80
0.75 0.92 0.92 0.90 0.63 0.85 0.92 0.90 0.86 0.89 0.93 0.94 0.89 0.98 1.00 0.93 0.63 0.94 0.74 0.92 0.98 0.98 0.99 0.94 0.65 0.79 0.92 0.59 0.88 0.93 0.93 0.93 0.94 0.93 0.93 0.93 0.90 0.93 0.90
0.57 0.79 0.79 0.76 0.45 0.68 0.79 0.75 0.70 0.74 0.83 0.86 0.74 0.95 1.00 0.82 0.46 0.82 0.54 0.76 0.95 0.95 0.98 0.82 0.45 0.59 0.76 0.40 0.70 0.77 0.77 0.77 0.82 0.77 0.77 0.77 0.74 0.77 0.74
0.79 0.95 0.95 0.93 0.69 0.89 0.95 0.93 0.90 0.92 0.96 0.96 0.92 0.99 1.00 0.96 0.70 0.96 0.78 0.95 0.99 0.99 1.00 0.96 0.71 0.85 0.95 0.66 0.92 0.95 0.95 0.95 0.96 0.95 0.95 0.95 0.93 0.95 0.93
0.80 0.95 0.95 0.93 0.69 0.89 0.95 0.93 0.90 0.92 0.96 0.96 0.92 0.99 1.00 0.96 0.69 0.96 0.78 0.95 0.99 0.99 0.99 0.96 0.72 0.85 0.95 0.67 0.91 0.95 0.95 0.95 0.96 0.95 0.95 0.95 0.93 0.95 0.93
0.58 0.79 0.79 0.76 0.45 0.69 0.79 0.75 0.71 0.75 0.83 0.86 0.75 0.94 1.00 0.83 0.47 0.82 0.53 0.76 0.94 0.94 0.98 0.82 0.45 0.59 0.76 0.40 0.70 0.77 0.77 0.77 0.82 0.77 0.77 0.77 0.73 0.77 0.73
0.91 0.99 0.99 0.98 0.83 0.96 0.99 0.98 0.97 0.98 0.99 0.99 0.98 1.00 1.00 0.99 0.82 0.99 0.90 0.99 1.00 1.00 1.00 0.99 0.87 0.95 0.99 0.82 0.98 0.99 0.99 0.99 0.99 0.99 0.99 0.99 0.98 0.99 0.98
0.80 0.95 0.95 0.93 0.69 0.90 0.95 0.93 0.90 0.93 0.95 0.96 0.93 0.99 1.00 0.96 0.69 0.96 0.79 0.95 0.99 0.99 0.99 0.96 0.72 0.86 0.95 0.67 0.92 0.95 0.96 0.96 0.96 0.95 0.96 0.96 0.93 0.95 0.93
0.70 0.89 0.89 0.87 0.58 0.81 0.89 0.86 0.83 0.85 0.91 0.93 0.85 0.97 1.00 0.91 0.59 0.91 0.68 0.89 0.97 0.97 0.99 0.91 0.60 0.74 0.89 0.54 0.84 0.89 0.89 0.89 0.91 0.89 0.89 0.89 0.87 0.89 0.87
0.76 0.93 0.93 0.92 0.65 0.87 0.93 0.91 0.88 0.91 0.94 0.95 0.91 0.99 1.00 0.94 0.65 0.95 0.75 0.93 0.99 0.99 0.99 0.95 0.68 0.82 0.93 0.62 0.89 0.93 0.93 0.93 0.95 0.93 0.93 0.93 0.91 0.93 0.91
0.79 0.95 0.95 0.93 0.68 0.89 0.95 0.92 0.89 0.92 0.95 0.96 0.92 0.99 1.00 0.95 0.68 0.96 0.77 0.95 0.99 0.99 0.99 0.96 0.70 0.84 0.95 0.65 0.91 0.95 0.95 0.95 0.96 0.95 0.95 0.95 0.93 0.95 0.93
0.89 0.98 0.98 0.98 0.82 0.96 0.98 0.98 0.96 0.98 0.99 0.99 0.98 1.00 1.00 0.99 0.80 0.99 0.89 0.99 1.00 1.00 1.00 0.99 0.85 0.94 0.99 0.80 0.97 0.99 0.99 0.99 0.99 0.99 0.99 0.99 0.98 0.99 0.98
0.73 0.91 0.91 0.88 0.60 0.83 0.91 0.87 0.84 0.87 0.93 0.94 0.87 0.98 1.00 0.93 0.62 0.93 0.70 0.90 0.98 0.98 0.99 0.93 0.62 0.77 0.90 0.57 0.86 0.90 0.91 0.91 0.93 0.90 0.91 0.91 0.88 0.90 0.88
0.68 0.88 0.88 0.85 0.55 0.79 0.88 0.84 0.80 0.84 0.90 0.92 0.84 0.97 1.00 0.89 0.57 0.90 0.64 0.86 0.97 0.97 0.99 0.90 0.56 0.71 0.86 0.51 0.81 0.87 0.87 0.87 0.90 0.87 0.87 0.87 0.84 0.87 0.84
0.80 0.95 0.95 0.93 0.70 0.90 0.95 0.93 0.90 0.93 0.96 0.97 0.93 0.99 1.00 0.95 0.69 0.96 0.78 0.95 0.99 0.99 1.00 0.96 0.72 0.85 0.95 0.67 0.92 0.95 0.95 0.95 0.96 0.95 0.95 0.95 0.93 0.95 0.93
0.64 0.84 0.84 0.82 0.51 0.75 0.84 0.81 0.77 0.80 0.88 0.90 0.80 0.96 1.00 0.87 0.54 0.87 0.61 0.83 0.96 0.96 0.98 0.87 0.52 0.66 0.83 0.47 0.77 0.84 0.84 0.84 0.87 0.84 0.84 0.84 0.81 0.84 0.81
0.87 0.97 0.97 0.96 0.77 0.94 0.97 0.96 0.94 0.96 0.98 0.98 0.96 1.00 1.00 0.98 0.77 0.98 0.86 0.98 1.00 1.00 1.00 0.98 0.82 0.92 0.98 0.76 0.96 0.98 0.98 0.98 0.98 0.98 0.98 0.98 0.97 0.98 0.97
0.91 0.99 0.99 0.99 0.84 0.97 0.99 0.98 0.97 0.98 0.99 0.99 0.98 1.00 1.00 0.99 0.82 0.99 0.90 0.99 1.00 1.00 1.00 0.99 0.88 0.95 0.99 0.83 0.98 0.99 0.99 0.99 0.99 0.99 0.99 0.99 0.99 0.99 0.99
0.87 0.98 0.98 0.97 0.79 0.94 0.98 0.97 0.95 0.96 0.98 0.99 0.96 1.00 1.00 0.98 0.77 0.99 0.86 0.98 1.00 1.00 1.00 0.99 0.81 0.92 0.98 0.76 0.96 0.98 0.98 0.98 0.99 0.98 0.98 0.98 0.97 0.98 0.97
0.94 1.00 1.00 0.99 0.90 0.98 1.00 0.99 0.99 0.99 1.00 1.00 0.99 1.00 1.00 1.00 0.88 1.00 0.94 1.00 1.00 1.00 1.00 1.00 0.94 0.98 1.00 0.89 0.99 1.00 1.00 1.00 1.00 1.00 1.00 1.00 0.99 1.00 0.99
0.76 0.93 0.93 0.91 0.64 0.85 0.93 0.91 0.87 0.89 0.94 0.95 0.89 0.98 1.00 0.94 0.64 0.94 0.73 0.92 0.98 0.98 0.99 0.94 0.66 0.80 0.92 0.61 0.88 0.92 0.93 0.93 0.94 0.92 0.93 0.93 0.90 0.92 0.90
0.68 0.88 0.88 0.85 0.56 0.79 0.88 0.84 0.80 0.84 0.90 0.91 0.84 0.97 1.00 0.89 0.56 0.90 0.66 0.86 0.97 0.97 0.99 0.90 0.56 0.71 0.86 0.52 0.81 0.87 0.87 0.87 0.90 0.87 0.87 0.87 0.84 0.87 0.84
0.80 0.95 0.95 0.93 0.70 0.90 0.95 0.93 0.90 0.93 0.96 0.96 0.93 0.99 1.00 0.96 0.69 0.96 0.78 0.95 0.99 0.99 1.00 0.96 0.72 0.85 0.95 0.67 0.92 0.95 0.95 0.95 0.96 0.95 0.95 0.96 0.93 0.95 0.93
0.77 0.93 0.93 0.91 0.65 0.87 0.93 0.90 0.87 0.91 0.95 0.95 0.91 0.99 1.00 0.94 0.65 0.95 0.75 0.93 0.99 0.99 0.99 0.95 0.67 0.81 0.93 0.62 0.89 0.93 0.94 0.94 0.95 0.93 0.94 0.94 0.91 0.93 0.91
0.80 0.95 0.95 0.93 0.69 0.89 0.95 0.93 0.90 0.92 0.96 0.96 0.92 0.99 1.00 0.96 0.69 0.96 0.78 0.94 0.99 0.99 0.99 0.96 0.70 0.84 0.94 0.65 0.91 0.95 0.95 0.95 0.96 0.95 0.95 0.95 0.93 0.95 0.93
0.66 0.86 0.86 0.84 0.53 0.78 0.86 0.83 0.79 0.83 0.89 0.91 0.83 0.97 1.00 0.89 0.56 0.89 0.64 0.85 0.97 0.97 0.99 0.89 0.55 0.70 0.85 0.51 0.80 0.85 0.86 0.86 0.89 0.85 0.86 0.86 0.83 0.85 0.83
0.66 0.86 0.86 0.83 0.53 0.77 0.86 0.82 0.78 0.82 0.88 0.90 0.82 0.97 1.00 0.88 0.55 0.88 0.63 0.85 0.97 0.97 0.99 0.88 0.54 0.69 0.85 0.49 0.79 0.85 0.86 0.86 0.88 0.85 0.86 0.86 0.82 0.85 0.82
0.71 0.89 0.89 0.87 0.59 0.81 0.89 0.87 0.83 0.86 0.91 0.93 0.86 0.98 1.00 0.91 0.60 0.91 0.68 0.88 0.98 0.98 0.99 0.91 0.60 0.75 0.88 0.54 0.83 0.89 0.89 0.89 0.91 0.89 0.89 0.89 0.86 0.89 0.86
0.58 0.80 0.80 0.77 0.45 0.70 0.80 0.76 0.72 0.75 0.84 0.87 0.75 0.95 1.00 0.83 0.48 0.83 0.54 0.78 0.95 0.95 0.98 0.83 0.47 0.60 0.78 0.42 0.70 0.79 0.78 0.78 0.83 0.79 0.78 0.78 0.75 0.79 0.75
0.86 0.98 0.98 0.97 0.77 0.94 0.98 0.96 0.94 0.96 0.98 0.98 0.96 0.99 1.00 0.98 0.76 0.98 0.85 0.98 0.99 0.99 1.00 0.98 0.80 0.91 0.98 0.75 0.95 0.98 0.98 0.98 0.98 0.98 0.98 0.98 0.97 0.98 0.97
0.71 0.89 0.89 0.87 0.59 0.82 0.89 0.86 0.83 0.86 0.91 0.93 0.86 0.98 1.00 0.91 0.60 0.92 0.69 0.89 0.98 0.98 0.99 0.92 0.60 0.75 0.89 0.56 0.84 0.89 0.90 0.90 0.92 0.89 0.90 0.90 0.87 0.89 0.87
0.52 0.75 0.75 0.71 0.39 0.63 0.75 0.70 0.65 0.69 0.80 0.83 0.69 0.94 1.00 0.78 0.42 0.78 0.48 0.71 0.94 0.94 0.97 0.78 0.41 0.53 0.71 0.36 0.64 0.72 0.72 0.72 0.78 0.72 0.72 0.72 0.68 0.72 0.68
0.65 0.85 0.85 0.83 0.53 0.76 0.85 0.81 0.77 0.81 0.88 0.90 0.81 0.96 1.00 0.88 0.54 0.87 0.61 0.83 0.96 0.96 0.98 0.87 0.53 0.68 0.83 0.48 0.78 0.83 0.84 0.84 0.87 0.83 0.84 0.84 0.81 0.83 0.81
0.78 0.94 0.94 0.92 0.68 0.88 0.94 0.92 0.88 0.91 0.95 0.96 0.91 0.98 1.00 0.95 0.67 0.96 0.76 0.94 0.98 0.98 0.99 0.96 0.69 0.83 0.94 0.65 0.90 0.94 0.94 0.94 0.96 0.94 0.94 0.94 0.92 0.94 0.92
0.71 0.90 0.90 0.88 0.60 0.82 0.90 0.87 0.83 0.87 0.92 0.93 0.87 0.97 1.00 0.91 0.59 0.92 0.69 0.89 0.97 0.97 0.99 0.92 0.60 0.76 0.89 0.56 0.85 0.90 0.90 0.90 0.92 0.90 0.90 0.90 0.87 0.90 0.87
0.68 0.88 0.88 0.85 0.55 0.79 0.88 0.84 0.80 0.83 0.90 0.92 0.83 0.97 1.00 0.89 0.57 0.90 0.64 0.86 0.97 0.97 0.99 0.90 0.55 0.71 0.86 0.50 0.80 0.86 0.86 0.86 0.90 0.86 0.86 0.87 0.83 0.86 0.83
0.65 0.86 0.86 0.83 0.52 0.76 0.86 0.82 0.78 0.81 0.89 0.91 0.81 0.97 1.00 0.88 0.54 0.88 0.62 0.84 0.97 0.97 0.98 0.88 0.53 0.68 0.84 0.48 0.78 0.84 0.84 0.84 0.88 0.84 0.84 0.85 0.81 0.84 0.81
0.96 1.00 1.00 1.00 0.92 0.99 1.00 1.00 0.99 1.00 1.00 1.00 1.00 1.00 1.00 1.00 0.91 1.00 0.96 1.00 1.00 1.00 1.00 1.00 0.95 0.99 1.00 0.92 1.00 1.00 1.00 1.00 1.00 1.00 1.00 1.00 1.00 1.00 1.00
0.72 0.90 0.90 0.88 0.60 0.82 0.90 0.87 0.83 0.87 0.92 0.94 0.87 0.98 1.00 0.92 0.60 0.92 0.70 0.90 0.98 0.98 0.99 0.92 0.62 0.77 0.90 0.56 0.85 0.90 0.90 0.90 0.92 0.90 0.90 0.90 0.87 0.90 0.87
0.50 0.73 0.73 0.70 0.37 0.61 0.73 0.68 0.63 0.67 0.78 0.82 0.67 0.93 1.00 0.77 0.41 0.76 0.45 0.69 0.93 0.93 0.97 0.76 0.38 0.49 0.69 0.34 0.61 0.69 0.70 0.69 0.76 0.69 0.70 0.70 0.66 0.69 0.66
0.74 0.91 0.91 0.89 0.61 0.84 0.91 0.88 0.85 0.88 0.92 0.94 0.88 0.98 1.00 0.92 0.61 0.92 0.70 0.90 0.98 0.98 0.99 0.92 0.63 0.76 0.90 0.57 0.86 0.91 0.91 0.91 0.92 0.91 0.91 0.91 0.88 0.91 0.88
0.71 0.89 0.89 0.87 0.59 0.81 0.89 0.86 0.82 0.86 0.92 0.93 0.86 0.98 1.00 0.92 0.59 0.92 0.69 0.89 0.98 0.98 0.99 0.92 0.59 0.76 0.89 0.54 0.85 0.90 0.90 0.90 0.92 0.90 0.90 0.90 0.87 0.90 0.87
0.69 0.89 0.89 0.87 0.59 0.81 0.89 0.86 0.82 0.85 0.91 0.93 0.85 0.97 1.00 0.91 0.59 0.91 0.68 0.88 0.97 0.97 0.99 0.91 0.59 0.74 0.88 0.54 0.83 0.88 0.88 0.88 0.91 0.88 0.88 0.89 0.86 0.88 0.86
0.45 0.69 0.69 0.64 0.34 0.57 0.69 0.63 0.58 0.63 0.74 0.78 0.63 0.91 1.00 0.72 0.37 0.72 0.41 0.64 0.91 0.91 0.97 0.72 0.34 0.46 0.64 0.30 0.56 0.65 0.65 0.65 0.72 0.65 0.65 0.65 0.61 0.65 0.61
0.56 0.79 0.79 0.75 0.44 0.68 0.79 0.74 0.69 0.74 0.83 0.86 0.74 0.95 1.00 0.82 0.47 0.83 0.53 0.77 0.95 0.95 0.98 0.83 0.46 0.59 0.77 0.40 0.70 0.77 0.77 0.77 0.83 0.77 0.77 0.77 0.74 0.77 0.74
0.74 0.91 0.91 0.89 0.62 0.84 0.91 0.89 0.85 0.88 0.93 0.94 0.88 0.98 1.00 0.92 0.62 0.93 0.72 0.91 0.98 0.98 0.99 0.93 0.64 0.78 0.91 0.59 0.86 0.91 0.91 0.91 0.93 0.91 0.91 0.91 0.89 0.91 0.89
0.75 0.92 0.92 0.90 0.64 0.86 0.92 0.90 0.86 0.89 0.93 0.94 0.89 0.98 1.00 0.93 0.64 0.94 0.73 0.92 0.98 0.98 0.99 0.94 0.65 0.79 0.92 0.61 0.87 0.92 0.92 0.92 0.94 0.92 0.92 0.92 0.90 0.92 0.90
0.73 0.91 0.91 0.89 0.61 0.83 0.91 0.88 0.85 0.88 0.93 0.94 0.88 0.98 1.00 0.93 0.62 0.93 0.71 0.91 0.98 0.98 0.99 0.93 0.63 0.76 0.91 0.58 0.85 0.91 0.91 0.91 0.93 0.91 0.91 0.91 0.88 0.91 0.88
0.57 0.80 0.80 0.76 0.45 0.69 0.80 0.76 0.71 0.74 0.84 0.87 0.74 0.95 1.00 0.82 0.47 0.82 0.53 0.77 0.95 0.95 0.98 0.82 0.45 0.59 0.77 0.41 0.70 0.78 0.77 0.77 0.82 0.78 0.77 0.77 0.74 0.78 0.74
0.47 0.70 0.70 0.66 0.35 0.58 0.70 0.65 0.60 0.63 0.77 0.80 0.63 0.91 1.00 0.74 0.39 0.74 0.43 0.66 0.91 0.91 0.96 0.74 0.35 0.47 0.66 0.31 0.58 0.67 0.66 0.66 0.74 0.67 0.66 0.66 0.62 0.67 0.62
0.89 0.99 0.99 0.98 0.81 0.96 0.99 0.98 0.96 0.98 0.99 0.99 0.98 1.00 1.00 0.99 0.80 0.99 0.88 0.99 1.00 1.00 1.00 0.99 0.84 0.94 0.99 0.79 0.97 0.99 0.99 0.99 0.99 0.99 0.99 0.99 0.98 0.99 0.98
0.81 0.95 0.95 0.94 0.70 0.90 0.95 0.93 0.91 0.93 0.96 0.97 0.93 0.99 1.00 0.96 0.70 0.96 0.80 0.96 0.99 0.99 1.00 0.96 0.73 0.86 0.96 0.68 0.92 0.96 0.96 0.96 0.96 0.96 0.96 0.96 0.94 0.96 0.94
0.94 1.00 1.00 0.99 0.88 0.98 1.00 0.99 0.98 0.99 1.00 1.00 0.99 1.00 1.00 1.00 0.87 1.00 0.93 1.00 1.00 1.00 1.00 1.00 0.92 0.97 1.00 0.88 0.99 1.00 1.00 1.00 1.00 1.00 1.00 1.00 0.99 1.00 0.99
0.73 0.91 0.91 0.89 0.63 0.84 0.91 0.89 0.86 0.88 0.93 0.94 0.88 0.98 1.00 0.93 0.63 0.94 0.72 0.91 0.98 0.98 0.99 0.94 0.64 0.79 0.91 0.58 0.87 0.92 0.92 0.92 0.94 0.92 0.92 0.92 0.89 0.92 0.89
0.59 0.80 0.80 0.77 0.46 0.71 0.80 0.76 0.72 0.76 0.84 0.87 0.76 0.95 1.00 0.83 0.48 0.84 0.55 0.78 0.95 0.95 0.98 0.84 0.47 0.61 0.78 0.42 0.71 0.78 0.79 0.79 0.84 0.78 0.79 0.79 0.75 0.78 0.75
0.75 0.92 0.92 0.90 0.63 0.86 0.92 0.90 0.86 0.89 0.93 0.94 0.89 0.98 1.00 0.94 0.63 0.94 0.73 0.91 0.98 0.98 0.99 0.94 0.65 0.79 0.91 0.60 0.87 0.92 0.92 0.92 0.94 0.92 0.92 0.92 0.90 0.92 0.90
0.68 0.87 0.87 0.85 0.56 0.79 0.87 0.84 0.80 0.84 0.90 0.92 0.84 0.97 1.00 0.89 0.57 0.90 0.65 0.87 0.97 0.97 0.99 0.90 0.57 0.72 0.87 0.52 0.81 0.87 0.88 0.88 0.90 0.87 0.88 0.88 0.85 0.87 0.85
0.57 0.79 0.79 0.77 0.45 0.69 0.79 0.76 0.71 0.74 0.83 0.86 0.74 0.95 1.00 0.83 0.48 0.83 0.54 0.77 0.95 0.95 0.98 0.83 0.46 0.60 0.77 0.41 0.70 0.77 0.78 0.78 0.83 0.77 0.78 0.78 0.74 0.77 0.74
0.73 0.91 0.91 0.90 0.62 0.84 0.91 0.89 0.86 0.88 0.93 0.94 0.88 0.98 1.00 0.93 0.63 0.94 0.72 0.91 0.98 0.98 0.99 0.94 0.63 0.78 0.91 0.58 0.87 0.91 0.92 0.92 0.94 0.91 0.92 0.92 0.89 0.91 0.89
0.46 0.71 0.71 0.67 0.35 0.58 0.71 0.66 0.61 0.64 0.77 0.80 0.64 0.92 1.00 0.74 0.39 0.74 0.43 0.66 0.92 0.92 0.97 0.74 0.36 0.47 0.66 0.31 0.59 0.67 0.67 0.67 0.74 0.67 0.67 0.67 0.63 0.67 0.63
0.51 0.75 0.75 0.71 0.39 0.62 0.75 0.69 0.64 0.68 0.80 0.83 0.68 0.93 1.00 0.78 0.42 0.77 0.46 0.69 0.93 0.93 0.97 0.77 0.38 0.51 0.69 0.33 0.62 0.70 0.70 0.70 0.77 0.70 0.70 0.71 0.67 0.70 0.67
0.53 0.76 0.76 0.73 0.41 0.64 0.76 0.72 0.67 0.70 0.81 0.83 0.70 0.93 1.00 0.79 0.44 0.79 0.49 0.72 0.93 0.93 0.97 0.79 0.41 0.54 0.72 0.37 0.65 0.73 0.73 0.73 0.79 0.73 0.73 0.73 0.69 0.73 0.69
0.88 0.98 0.98 0.98 0.80 0.95 0.98 0.97 0.96 0.97 0.99 0.99 0.97 1.00 1.00 0.99 0.79 0.99 0.87 0.98 1.00 1.00 1.00 0.99 0.84 0.93 0.98 0.78 0.97 0.99 0.99 0.99 0.99 0.99 0.99 0.99 0.98 0.99 0.98
0.64 0.86 0.86 0.83 0.53 0.76 0.86 0.82 0.78 0.81 0.89 0.90 0.81 0.96 1.00 0.87 0.55 0.88 0.62 0.84 0.96 0.96 0.98 0.88 0.53 0.67 0.84 0.48 0.78 0.84 0.85 0.85 0.88 0.84 0.85 0.85 0.81 0.84 0.81
0.83 0.96 0.96 0.95 0.73 0.91 0.96 0.95 0.92 0.95 0.97 0.97 0.95 0.99 1.00 0.97 0.72 0.97 0.81 0.97 0.99 0.99 1.00 0.97 0.75 0.88 0.97 0.70 0.94 0.97 0.97 0.97 0.97 0.97 0.97 0.97 0.95 0.97 0.95
0.70 0.89 0.89 0.87 0.59 0.82 0.89 0.86 0.82 0.86 0.91 0.93 0.86 0.98 1.00 0.91 0.60 0.91 0.70 0.89 0.98 0.98 0.99 0.91 0.60 0.75 0.89 0.55 0.84 0.90 0.90 0.90 0.91 0.90 0.90 0.90 0.87 0.90 0.87
0.70 0.89 0.89 0.87 0.59 0.81 0.89 0.86 0.82 0.86 0.91 0.93 0.86 0.97 1.00 0.91 0.58 0.91 0.68 0.88 0.97 0.97 0.99 0.91 0.60 0.74 0.88 0.55 0.83 0.88 0.89 0.89 0.91 0.88 0.89 0.89 0.86 0.88 0.86
0.94 1.00 1.00 1.00 0.89 0.98 1.00 1.00 0.99 0.99 1.00 1.00 0.99 1.00 1.00 1.00 0.88 1.00 0.94 1.00 1.00 1.00 1.00 1.00 0.92 0.98 1.00 0.88 0.99 1.00 1.00 1.00 1.00 1.00 1.00 1.00 0.99 1.00 0.99
0.88 0.98 0.98 0.97 0.80 0.95 0.98 0.97 0.96 0.97 0.98 0.99 0.97 1.00 1.00 0.98 0.78 0.99 0.87 0.98 1.00 1.00 1.00 0.99 0.83 0.93 0.98 0.78 0.97 0.99 0.99 0.99 0.99 0.99 0.99 0.99 0.98 0.99 0.98
0.65 0.86 0.86 0.83 0.52 0.76 0.86 0.82 0.78 0.82 0.88 0.90 0.82 0.96 1.00 0.88 0.55 0.88 0.63 0.84 0.96 0.96 0.99 0.88 0.55 0.68 0.84 0.49 0.79 0.85 0.85 0.85 0.88 0.85 0.85 0.85 0.82 0.85 0.82
0.47 0.71 0.71 0.67 0.35 0.59 0.71 0.66 0.61 0.65 0.77 0.81 0.65 0.92 1.00 0.75 0.38 0.74 0.43 0.65 0.92 0.92 0.97 0.74 0.35 0.47 0.65 0.30 0.58 0.66 0.66 0.66 0.74 0.66 0.66 0.66 0.63 0.66 0.63
0.80 0.95 0.95 0.93 0.69 0.89 0.95 0.93 0.90 0.92 0.96 0.96 0.92 0.99 1.00 0.95 0.69 0.96 0.78 0.94 0.99 0.99 1.00 0.96 0.71 0.85 0.94 0.66 0.91 0.95 0.95 0.95 0.96 0.95 0.95 0.95 0.93 0.95 0.93
0.75 0.92 0.92 0.90 0.63 0.85 0.92 0.90 0.86 0.89 0.94 0.95 0.89 0.98 1.00 0.93 0.63 0.94 0.72 0.91 0.98 0.98 0.99 0.94 0.64 0.79 0.91 0.59 0.87 0.91 0.92 0.92 0.94 0.91 0.92 0.92 0.89 0.91 0.89
0.88 0.98 0.98 0.97 0.81 0.95 0.98 0.97 0.95 0.97 0.98 0.99 0.97 1.00 1.00 0.98 0.79 0.99 0.88 0.99 1.00 1.00 1.00 0.99 0.84 0.93 0.99 0.79 0.97 0.99 0.99 0.99 0.99 0.99 0.99 0.99 0.97 0.99 0.97
0.80 0.95 0.95 0.93 0.70 0.90 0.95 0.93 0.90 0.93 0.96 0.97 0.93 0.99 1.00 0.96 0.69 0.96 0.78 0.95 0.99 0.99 1.00 0.96 0.72 0.86 0.95 0.67 0.92 0.95 0.96 0.96 0.96 0.95 0.96 0.96 0.93 0.95 0.93
0.74 0.92 0.92 0.90 0.63 0.85 0.92 0.89 0.85 0.89 0.93 0.94 0.89 0.98 1.00 0.93 0.63 0.93 0.72 0.91 0.98 0.98 0.99 0.93 0.63 0.79 0.91 0.59 0.87 0.91 0.91 0.91 0.93 0.91 0.91 0.92 0.89 0.91 0.89
0.62 0.83 0.83 0.81 0.49 0.73 0.83 0.80 0.75 0.78 0.86 0.89 0.78 0.96 1.00 0.86 0.52 0.86 0.58 0.81 0.96 0.96 0.98 0.86 0.50 0.65 0.81 0.46 0.75 0.82 0.82 0.82 0.86 0.82 0.82 0.82 0.79 0.82 0.79
0.57 0.79 0.79 0.75 0.44 0.67 0.79 0.74 0.70 0.73 0.83 0.86 0.73 0.95 1.00 0.82 0.46 0.82 0.51 0.75 0.95 0.95 0.98 0.82 0.43 0.57 0.75 0.39 0.68 0.76 0.76 0.76 0.82 0.76 0.76 0.76 0.72 0.76 0.72
0.62 0.83 0.83 0.80 0.49 0.73 0.83 0.79 0.74 0.79 0.87 0.89 0.79 0.96 1.00 0.86 0.51 0.86 0.58 0.81 0.96 0.96 0.98 0.86 0.50 0.64 0.81 0.46 0.75 0.82 0.82 0.82 0.86 0.82 0.82 0.82 0.79 0.82 0.79
0.73 0.91 0.91 0.89 0.61 0.83 0.91 0.88 0.85 0.88 0.93 0.94 0.88 0.98 1.00 0.92 0.61 0.93 0.71 0.90 0.98 0.98 0.99 0.93 0.62 0.77 0.90 0.57 0.85 0.91 0.91 0.91 0.93 0.91 0.91 0.91 0.88 0.91 0.88
0.68 0.88 0.88 0.85 0.55 0.79 0.88 0.84 0.80 0.84 0.90 0.91 0.84 0.97 1.00 0.90 0.56 0.90 0.64 0.86 0.97 0.97 0.99 0.90 0.56 0.71 0.86 0.51 0.81 0.87 0.87 0.87 0.90 0.87 0.87 0.87 0.84 0.87 0.84
0.88 0.98 0.98 0.97 0.80 0.95 0.98 0.97 0.95 0.97 0.98 0.99 0.97 1.00 1.00 0.98 0.79 0.99 0.87 0.98 1.00 1.00 1.00 0.99 0.84 0.93 0.98 0.78 0.97 0.99 0.99 0.99 0.99 0.99 0.99 0.99 0.98 0.99 0.98
0.95 1.00 1.00 1.00 0.91 0.99 1.00 1.00 0.99 1.00 1.00 1.00 1.00 1.00 1.00 1.00 0.89 1.00 0.95 1.00 1.00 1.00 1.00 1.00 0.94 0.99 1.00 0.90 1.00 1.00 1.00 1.00 1.00 1.00 1.00 1.00 1.00 1.00 1.00
0.78 0.94 0.94 0.92 0.68 0.89 0.94 0.92 0.89 0.92 0.95 0.96 0.92 0.99 1.00 0.95 0.67 0.95 0.77 0.95 0.99 0.99 1.00 0.95 0.71 0.83 0.95 0.65 0.90 0.95 0.95 0.95 0.95 0.95 0.95 0.95 0.93 0.95 0.93
0.48 0.71 0.71 0.67 0.35 0.59 0.71 0.66 0.60 0.65 0.77 0.80 0.65 0.92 1.00 0.74 0.39 0.74 0.44 0.66 0.92 0.92 0.97 0.74 0.36 0.47 0.66 0.31 0.58 0.67 0.67 0.67 0.74 0.67 0.67 0.67 0.63 0.67 0.63
0.74 0.92 0.92 0.89 0.62 0.84 0.92 0.89 0.85 0.89 0.93 0.94 0.89 0.98 1.00 0.93 0.63 0.93 0.72 0.91 0.98 0.98 0.99 0.93 0.63 0.79 0.91 0.59 0.87 0.91 0.92 0.92 0.93 0.91 0.92 0.92 0.89 0.91 0.89
0.70 0.89 0.89 0.86 0.57 0.80 0.89 0.86 0.82 0.85 0.91 0.93 0.85 0.97 1.00 0.91 0.59 0.91 0.69 0.88 0.97 0.97 0.99 0.91 0.59 0.74 0.88 0.54 0.83 0.89 0.89 0.89 0.91 0.89 0.89 0.89 0.86 0.89 0.86
0.63 0.84 0.84 0.82 0.51 0.75 0.84 0.81 0.77 0.80 0.87 0.90 0.80 0.96 1.00 0.88 0.54 0.88 0.62 0.83 0.96 0.96 0.99 0.88 0.52 0.67 0.83 0.47 0.78 0.84 0.84 0.85 0.88 0.84 0.84 0.85 0.81 0.84 0.81
0.94 1.00 1.00 0.99 0.89 0.98 1.00 0.99 0.99 0.99 1.00 1.00 0.99 1.00 1.00 1.00 0.87 1.00 0.94 1.00 1.00 1.00 1.00 1.00 0.92 0.98 1.00 0.88 0.99 1.00 1.00 1.00 1.00 1.00 1.00 1.00 0.99 1.00 0.99
0.82 0.96 0.96 0.95 0.73 0.91 0.96 0.95 0.92 0.94 0.97 0.97 0.94 0.99 1.00 0.97 0.71 0.97 0.82 0.97 0.99 0.99 1.00 0.97 0.75 0.88 0.97 0.71 0.93 0.97 0.97 0.97 0.97 0.97 0.97 0.97 0.95 0.97 0.95
0.94 1.00 1.00 0.99 0.88 0.98 1.00 0.99 0.98 0.99 1.00 1.00 0.99 1.00 1.00 1.00 0.87 1.00 0.93 1.00 1.00 1.00 1.00 1.00 0.92 0.98 1.00 0.88 0.99 1.00 1.00 1.00 1.00 1.00 1.00 1.00 0.99 1.00 0.99
0.59 0.81 0.81 0.78 0.46 0.69 0.81 0.77 0.72 0.75 0.85 0.88 0.75 0.95 1.00 0.84 0.48 0.84 0.55 0.78 0.95 0.95 0.98 0.84 0.46 0.60 0.78 0.42 0.71 0.79 0.79 0.79 0.84 0.79 0.79 0.79 0.75 0.79 0.75
0.59 0.81 0.81 0.78 0.47 0.70 0.81 0.77 0.73 0.76 0.84 0.87 0.76 0.95 1.00 0.83 0.49 0.83 0.55 0.78 0.95 0.95 0.98 0.83 0.47 0.62 0.78 0.42 0.72 0.79 0.79 0.79 0.83 0.79 0.79 0.79 0.75 0.79 0.75
0.93 0.99 0.99 0.99 0.86 0.97 0.99 0.99 0.98 0.99 0.99 1.00 0.99 1.00 1.00 0.99 0.85 1.00 0.91 0.99 1.00 1.00 1.00 1.00 0.90 0.97 0.99 0.85 0.99 0.99 1.00 1.00 1.00 0.99 1.00 1.00 0.99 0.99 0.99
0.58 0.80 0.80 0.77 0.45 0.68 0.80 0.76 0.71 0.74 0.84 0.86 0.74 0.95 1.00 0.83 0.47 0.82 0.54 0.76 0.95 0.95 0.98 0.82 0.44 0.58 0.76 0.40 0.69 0.77 0.77 0.77 0.82 0.77 0.77 0.77 0.73 0.77 0.73
0.69 0.89 0.89 0.86 0.57 0.80 0.89 0.86 0.82 0.85 0.91 0.92 0.85 0.97 1.00 0.90 0.58 0.91 0.67 0.88 0.97 0.97 0.99 0.91 0.58 0.73 0.88 0.53 0.82 0.88 0.88 0.88 0.91 0.88 0.88 0.88 0.85 0.88 0.85
0.69 0.88 0.88 0.86 0.57 0.80 0.88 0.85 0.81 0.85 0.91 0.92 0.85 0.97 1.00 0.90 0.58 0.91 0.68 0.88 0.97 0.97 0.99 0.91 0.58 0.73 0.88 0.53 0.83 0.88 0.88 0.88 0.91 0.88 0.88 0.88 0.85 0.88 0.85
0.95 1.00 1.00 0.99 0.89 0.99 1.00 0.99 0.99 0.99 1.00 1.00 0.99 1.00 1.00 1.00 0.88 1.00 0.94 1.00 1.00 1.00 1.00 1.00 0.93 0.98 1.00 0.89 0.99 1.00 1.00 1.00 1.00 1.00 1.00 1.00 0.99 1.00 0.99
0.50 0.73 0.73 0.69 0.37 0.61 0.73 0.68 0.63 0.67 0.78 0.82 0.67 0.92 1.00 0.76 0.40 0.76 0.45 0.68 0.92 0.92 0.97 0.76 0.37 0.50 0.68 0.33 0.60 0.69 0.69 0.69 0.76 0.69 0.69 0.69 0.65 0.69 0.65
0.89 0.99 0.99 0.98 0.81 0.96 0.99 0.98 0.96 0.98 0.99 0.99 0.98 1.00 1.00 0.99 0.80 0.99 0.88 0.99 1.00 1.00 1.00 0.99 0.84 0.94 0.99 0.79 0.97 0.99 0.99 0.99 0.99 0.99 0.99 0.99 0.98 0.99 0.98
0.93 0.99 0.99 0.99 0.88 0.98 0.99 0.99 0.98 0.99 1.00 1.00 0.99 1.00 1.00 1.00 0.86 1.00 0.93 1.00 1.00 1.00 1.00 1.00 0.92 0.98 1.00 0.87 0.99 1.00 1.00 1.00 1.00 1.00 1.00 1.00 0.99 1.00 0.99
0.96 1.00 1.00 1.00 0.92 0.99 1.00 1.00 0.99 1.00 1.00 1.00 1.00 1.00 1.00 1.00 0.91 1.00 0.96 1.00 1.00 1.00 1.00 1.00 0.96 0.99 1.00 0.92 1.00 1.00 1.00 1.00 1.00 1.00 1.00 1.00 1.00 1.00 1.00
0.64 0.84 0.84 0.81 0.51 0.75 0.84 0.80 0.76 0.80 0.87 0.89 0.80 0.96 1.00 0.86 0.53 0.87 0.61 0.83 0.96 0.96 0.98 0.87 0.52 0.67 0.83 0.47 0.77 0.83 0.84 0.84 0.87 0.83 0.84 0.84 0.80 0.83 0.80
0.54 0.76 0.76 0.73 0.40 0.64 0.76 0.72 0.67 0.70 0.81 0.84 0.70 0.94 1.00 0.79 0.44 0.80 0.50 0.73 0.94 0.94 0.97 0.80 0.41 0.54 0.73 0.36 0.65 0.74 0.74 0.74 0.80 0.74 0.74 0.74 0.71 0.74 0.71
0.64 0.85 0.85 0.82 0.52 0.76 0.85 0.81 0.77 0.81 0.88 0.90 0.81 0.96 1.00 0.87 0.54 0.88 0.61 0.83 0.96 0.96 0.98 0.88 0.53 0.67 0.83 0.48 0.77 0.84 0.84 0.84 0.88 0.84 0.84 0.84 0.81 0.84 0.81
0.48 0.72 0.72 0.68 0.36 0.59 0.72 0.67 0.62 0.65 0.77 0.81 0.65 0.92 1.00 0.76 0.39 0.74 0.43 0.66 0.92 0.92 0.97 0.74 0.36 0.47 0.66 0.32 0.58 0.67 0.67 0.67 0.74 0.67 0.67 0.67 0.63 0.67 0.63
0.51 0.75 0.75 0.72 0.39 0.63 0.75 0.70 0.66 0.69 0.80 0.83 0.69 0.93 1.00 0.78 0.43 0.77 0.46 0.69 0.93 0.93 0.97 0.77 0.39 0.52 0.69 0.34 0.63 0.70 0.71 0.70 0.77 0.70 0.71 0.70 0.67 0.70 0.67
0.77 0.94 0.94 0.92 0.66 0.87 0.94 0.92 0.88 0.91 0.95 0.96 0.91 0.99 1.00 0.95 0.66 0.95 0.77 0.94 0.99 0.99 0.99 0.95 0.69 0.83 0.94 0.64 0.90 0.94 0.94 0.94 0.95 0.94 0.94 0.94 0.92 0.94 0.92
0.95 1.00 1.00 1.00 0.91 0.99 1.00 0.99 0.99 1.00 1.00 1.00 1.00 1.00 1.00 1.00 0.90 1.00 0.95 1.00 1.00 1.00 1.00 1.00 0.94 0.99 1.00 0.90 1.00 1.00 1.00 1.00 1.00 1.00 1.00 1.00 1.00 1.00 1.00
0.78 0.95 0.95 0.93 0.68 0.89 0.95 0.92 0.89 0.92 0.95 0.96 0.92 0.99 1.00 0.95 0.68 0.96 0.78 0.94 0.99 0.99 0.99 0.96 0.70 0.83 0.94 0.65 0.90 0.95 0.95 0.95 0.96 0.95 0.95 0.95 0.92 0.95 0.92
0.72 0.91 0.91 0.89 0.61 0.83 0.91 0.88 0.84 0.87 0.93 0.94 0.87 0.98 1.00 0.92 0.62 0.93 0.71 0.90 0.98 0.98 0.99 0.93 0.61 0.77 0.90 0.57 0.85 0.91 0.91 0.91 0.93 0.91 0.91 0.91 0.89 0.91 0.89
0.95 1.00 1.00 0.99 0.90 0.99 1.00 0.99 0.99 1.00 1.00 1.00 1.00 1.00 1.00 1.00 0.89 1.00 0.95 1.00 1.00 1.00 1.00 1.00 0.94 0.98 1.00 0.90 0.99 1.00 1.00 1.00 1.00 1.00 1.00 1.00 1.00 1.00 1.00
0.71 0.90 0.90 0.87 0.58 0.82 0.90 0.87 0.83 0.86 0.92 0.93 0.86 0.97 1.00 0.91 0.59 0.91 0.68 0.88 0.97 0.97 0.99 0.91 0.59 0.74 0.88 0.55 0.83 0.89 0.89 0.89 0.91 0.89 0.89 0.89 0.87 0.89 0.87
0.90 0.99 0.99 0.98 0.83 0.96 0.99 0.98 0.97 0.98 0.99 0.99 0.98 1.00 1.00 0.99 0.81 0.99 0.90 0.99 1.00 1.00 1.00 0.99 0.87 0.95 0.99 0.81 0.98 0.99 0.99 0.99 0.99 0.99 0.99 0.99 0.98 0.99 0.98
0.70 0.89 0.89 0.87 0.59 0.82 0.89 0.86 0.83 0.86 0.91 0.93 0.86 0.97 1.00 0.92 0.60 0.92 0.69 0.89 0.97 0.97 0.99 0.92 0.60 0.75 0.89 0.55 0.84 0.90 0.90 0.90 0.92 0.90 0.90 0.90 0.87 0.90 0.87
0.48 0.72 0.72 0.68 0.37 0.59 0.72 0.67 0.62 0.65 0.77 0.81 0.65 0.92 1.00 0.76 0.40 0.75 0.44 0.67 0.92 0.92 0.97 0.75 0.36 0.48 0.67 0.32 0.59 0.68 0.68 0.68 0.75 0.68 0.68 0.68 0.64 0.68 0.64
0.73 0.91 0.91 0.89 0.61 0.83 0.91 0.88 0.84 0.88 0.92 0.94 0.88 0.98 1.00 0.92 0.61 0.93 0.71 0.90 0.98 0.98 0.99 0.93 0.62 0.77 0.90 0.58 0.86 0.91 0.91 0.91 0.93 0.91 0.91 0.91 0.88 0.91 0.88
0.75 0.92 0.92 0.90 0.63 0.85 0.92 0.89 0.85 0.89 0.94 0.95 0.89 0.98 1.00 0.93 0.63 0.94 0.73 0.91 0.98 0.98 0.99 0.94 0.64 0.79 0.91 0.59 0.87 0.92 0.92 0.92 0.94 0.92 0.92 0.92 0.89 0.92 0.89
0.78 0.94 0.94 0.92 0.66 0.87 0.94 0.91 0.88 0.91 0.95 0.96 0.91 0.99 1.00 0.94 0.65 0.95 0.75 0.93 0.99 0.99 0.99 0.95 0.68 0.82 0.93 0.62 0.89 0.93 0.93 0.93 0.95 0.93 0.93 0.93 0.91 0.93 0.91
0.89 0.98 0.98 0.98 0.82 0.96 0.98 0.98 0.96 0.98 0.99 0.99 0.98 1.00 1.00 0.99 0.80 0.99 0.89 0.99 1.00 1.00 1.00 0.99 0.86 0.94 0.99 0.81 0.98 0.99 0.99 0.99 0.99 0.99 0.99 0.99 0.98 0.99 0.98
0.69 0.89 0.89 0.86 0.57 0.80 0.89 0.85 0.81 0.85 0.91 0.92 0.85 0.97 1.00 0.90 0.58 0.91 0.67 0.88 0.97 0.97 0.99 0.91 0.58 0.74 0.88 0.53 0.83 0.88 0.89 0.89 0.91 0.88 0.89 0.89 0.86 0.88 0.86
0.92 0.99 0.99 0.99 0.85 0.97 0.99 0.99 0.97 0.99 0.99 0.99 0.99 1.00 1.00 0.99 0.84 1.00 0.91 0.99 1.00 1.00 1.00 1.00 0.89 0.96 0.99 0.85 0.98 0.99 0.99 0.99 1.00 0.99 0.99 0.99 0.99 0.99 0.99
0.50 0.73 0.73 0.70 0.38 0.61 0.73 0.69 0.64 0.67 0.79 0.82 0.67 0.93 1.00 0.77 0.40 0.76 0.45 0.69 0.93 0.93 0.97 0.76 0.38 0.51 0.69 0.33 0.61 0.69 0.70 0.70 0.76 0.69 0.70 0.70 0.66 0.69 0.66
0.89 0.99 0.99 0.98 0.81 0.96 0.99 0.98 0.96 0.98 0.99 0.99 0.98 1.00 1.00 0.99 0.80 0.99 0.88 0.99 1.00 1.00 1.00 0.99 0.85 0.94 0.99 0.80 0.97 0.99 0.99 0.99 0.99 0.99 0.99 0.99 0.98 0.99 0.98
0.96 1.00 1.00 1.00 0.91 0.99 1.00 1.00 0.99 1.00 1.00 1.00 1.00 1.00 1.00 1.00 0.90 1.00 0.95 1.00 1.00 1.00 1.00 1.00 0.95 0.98 1.00 0.91 1.00 1.00 1.00 1.00 1.00 1.00 1.00 1.00 1.00 1.00 1.00
0.75 0.92 0.92 0.90 0.63 0.85 0.92 0.90 0.86 0.88 0.93 0.95 0.88 0.98 1.00 0.93 0.63 0.94 0.72 0.91 0.98 0.98 0.99 0.94 0.64 0.79 0.91 0.59 0.87 0.91 0.91 0.92 0.94 0.91 0.91 0.92 0.89 0.91 0.89
0.73 0.91 0.91 0.90 0.62 0.84 0.91 0.89 0.85 0.88 0.93 0.94 0.88 0.98 1.00 0.93 0.62 0.93 0.72 0.91 0.98 0.98 0.99 0.93 0.63 0.78 0.91 0.58 0.86 0.91 0.92 0.92 0.93 0.91 0.92 0.92 0.89 0.91 0.89
0.46 0.70 0.70 0.66 0.34 0.58 0.70 0.65 0.60 0.64 0.76 0.80 0.64 0.91 1.00 0.74 0.38 0.73 0.42 0.65 0.91 0.91 0.96 0.73 0.34 0.46 0.65 0.30 0.57 0.65 0.66 0.66 0.73 0.65 0.66 0.66 0.62 0.65 0.62
0.47 0.71 0.71 0.66 0.34 0.58 0.71 0.65 0.60 0.64 0.76 0.80 0.64 0.92 1.00 0.74 0.38 0.74 0.42 0.66 0.92 0.92 0.96 0.74 0.34 0.46 0.66 0.31 0.57 0.66 0.66 0.66 0.74 0.66 0.66 0.66 0.63 0.66 0.63
0.73 0.91 0.91 0.89 0.61 0.82 0.91 0.88 0.84 0.87 0.92 0.94 0.87 0.98 1.00 0.92 0.60 0.92 0.70 0.90 0.98 0.98 0.99 0.92 0.61 0.76 0.90 0.56 0.85 0.90 0.90 0.90 0.92 0.90 0.90 0.90 0.88 0.90 0.88
0.50 0.74 0.74 0.70 0.38 0.62 0.74 0.69 0.64 0.68 0.79 0.83 0.68 0.93 1.00 0.79 0.43 0.78 0.48 0.70 0.93 0.93 0.97 0.78 0.40 0.53 0.70 0.35 0.63 0.71 0.71 0.71 0.78 0.71 0.71 0.71 0.68 0.71 0.68
0.76 0.93 0.93 0.91 0.66 0.87 0.93 0.91 0.88 0.91 0.95 0.95 0.91 0.98 1.00 0.94 0.65 0.95 0.75 0.93 0.98 0.98 0.99 0.95 0.67 0.81 0.93 0.63 0.89 0.93 0.93 0.93 0.95 0.93 0.93 0.93 0.91 0.93 0.91
0.93 1.00 1.00 0.99 0.88 0.98 1.00 0.99 0.98 0.99 1.00 1.00 0.99 1.00 1.00 1.00 0.86 1.00 0.93 1.00 1.00 1.00 1.00 1.00 0.92 0.97 1.00 0.88 0.99 1.00 1.00 1.00 1.00 1.00 1.00 1.00 0.99 1.00 0.99
0.79 0.95 0.95 0.93 0.68 0.89 0.95 0.93 0.89 0.92 0.95 0.96 0.92 0.99 1.00 0.96 0.67 0.96 0.78 0.95 0.99 0.99 1.00 0.96 0.71 0.84 0.95 0.65 0.91 0.95 0.95 0.95 0.96 0.95 0.95 0.95 0.93 0.95 0.93
0.83 0.96 0.96 0.95 0.73 0.91 0.96 0.95 0.92 0.94 0.97 0.98 0.94 0.99 1.00 0.97 0.72 0.97 0.81 0.96 0.99 0.99 1.00 0.97 0.76 0.87 0.96 0.71 0.93 0.97 0.97 0.97 0.97 0.97 0.97 0.97 0.95 0.97 0.95
0.61 0.83 0.83 0.80 0.49 0.73 0.83 0.80 0.75 0.78 0.87 0.89 0.78 0.96 1.00 0.86 0.51 0.86 0.59 0.81 0.96 0.96 0.98 0.86 0.49 0.64 0.81 0.45 0.74 0.82 0.82 0.82 0.86 0.82 0.82 0.82 0.79 0.82 0.79
0.95 1.00 1.00 1.00 0.91 0.99 1.00 1.00 0.99 1.00 1.00 1.00 1.00 1.00 1.00 1.00 0.89 1.00 0.94 1.00 1.00 1.00 1.00 1.00 0.94 0.98 1.00 0.90 0.99 1.00 1.00 1.00 1.00 1.00 1.00 1.00 1.00 1.00 1.00
0.74 0.92 0.92 0.90 0.62 0.84 0.92 0.89 0.86 0.88 0.93 0.94 0.88 0.98 1.00 0.93 0.63 0.93 0.71 0.91 0.98 0.98 0.99 0.93 0.63 0.78 0.91 0.59 0.86 0.92 0.92 0.92 0.93 0.92 0.92 0.92 0.89 0.92 0.89
0.96 1.00 1.00 1.00 0.92 0.99 1.00 0.99 0.99 1.00 1.00 1.00 1.00 1.00 1.00 1.00 0.90 1.00 0.95 1.00 1.00 1.00 1.00 1.00 0.95 0.99 1.00 0.91 1.00 1.00 1.00 1.00 1.00 1.00 1.00 1.00 1.00 1.00 1.00
0.65 0.85 0.85 0.83 0.52 0.77 0.85 0.82 0.78 0.81 0.88 0.90 0.81 0.97 1.00 0.87 0.54 0.88 0.62 0.84 0.97 0.97 0.98 0.88 0.53 0.68 0.84 0.48 0.78 0.84 0.85 0.85 0.88 0.84 0.85 0.85 0.81 0.84 0.81
0.63 0.84 0.84 0.82 0.51 0.74 0.84 0.81 0.77 0.79 0.87 0.90 0.79 0.96 1.00 0.86 0.53 0.87 0.60 0.82 0.96 0.96 0.98 0.87 0.52 0.66 0.82 0.47 0.77 0.83 0.83 0.83 0.87 0.83 0.83 0.83 0.80 0.83 0.80
0.66 0.86 0.86 0.83 0.53 0.77 0.86 0.83 0.78 0.82 0.89 0.91 0.82 0.97 1.00 0.88 0.54 0.89 0.63 0.85 0.97 0.97 0.98 0.89 0.53 0.68 0.85 0.49 0.78 0.85 0.85 0.85 0.89 0.85 0.85 0.85 0.82 0.85 0.82
0.51 0.74 0.74 0.70 0.39 0.61 0.74 0.69 0.64 0.68 0.79 0.83 0.68 0.93 1.00 0.77 0.41 0.77 0.46 0.69 0.93 0.93 0.97 0.77 0.38 0.51 0.69 0.34 0.62 0.70 0.71 0.71 0.77 0.70 0.71 0.71 0.67 0.70 0.67
0.68 0.88 0.88 0.85 0.56 0.79 0.88 0.85 0.81 0.84 0.91 0.92 0.84 0.97 1.00 0.90 0.58 0.90 0.66 0.87 0.97 0.97 0.99 0.90 0.56 0.72 0.87 0.52 0.81 0.87 0.88 0.87 0.90 0.87 0.88 0.88 0.85 0.87 0.85
0.67 0.86 0.86 0.84 0.55 0.77 0.86 0.83 0.79 0.82 0.89 0.91 0.82 0.97 1.00 0.89 0.56 0.89 0.64 0.85 0.97 0.97 0.98 0.89 0.55 0.70 0.85 0.51 0.80 0.86 0.86 0.86 0.89 0.86 0.86 0.86 0.83 0.86 0.83
0.64 0.85 0.85 0.82 0.52 0.76 0.85 0.81 0.77 0.81 0.88 0.90 0.81 0.96 1.00 0.87 0.54 0.88 0.61 0.83 0.96 0.96 0.99 0.88 0.53 0.68 0.83 0.48 0.78 0.84 0.84 0.84 0.88 0.84 0.84 0.84 0.81 0.84 0.81
0.70 0.90 0.90 0.88 0.59 0.82 0.90 0.87 0.83 0.87 0.92 0.93 0.87 0.98 1.00 0.92 0.60 0.92 0.70 0.89 0.98 0.98 0.99 0.92 0.61 0.75 0.89 0.55 0.84 0.90 0.90 0.90 0.92 0.90 0.90 0.90 0.87 0.90 0.87
0.89 0.98 0.98 0.98 0.80 0.96 0.98 0.97 0.96 0.98 0.99 0.99 0.98 1.00 1.00 0.99 0.80 0.99 0.87 0.99 1.00 1.00 1.00 0.99 0.85 0.93 0.99 0.79 0.97 0.99 0.99 0.99 0.99 0.99 0.99 0.99 0.98 0.99 0.98
0.81 0.95 0.95 0.93 0.70 0.90 0.95 0.93 0.90 0.94 0.96 0.97 0.94 0.99 1.00 0.96 0.69 0.96 0.79 0.95 0.99 0.99 1.00 0.96 0.73 0.85 0.95 0.68 0.92 0.96 0.96 0.96 0.96 0.96 0.96 0.96 0.94 0.96 0.94
0.90 0.99 0.99 0.98 0.83 0.96 0.99 0.98 0.97 0.98 0.99 0.99 0.98 1.00 1.00 0.99 0.80 0.99 0.89 0.99 1.00 1.00 1.00 0.99 0.86 0.94 0.99 0.81 0.97 0.99 0.99 0.99 0.99 0.99 0.99 0.99 0.98 0.99 0.98
0.75 0.92 0.92 0.91 0.65 0.85 0.92 0.90 0.87 0.89 0.94 0.95 0.89 0.98 1.00 0.94 0.65 0.94 0.74 0.92 0.98 0.98 0.99 0.94 0.67 0.81 0.92 0.62 0.88 0.93 0.93 0.93 0.94 0.93 0.93 0.93 0.91 0.93 0.91
0.74 0.91 0.91 0.89 0.61 0.84 0.91 0.88 0.85 0.88 0.92 0.94 0.88 0.98 1.00 0.92 0.62 0.93 0.71 0.90 0.98 0.98 0.99 0.93 0.62 0.76 0.90 0.57 0.86 0.91 0.91 0.91 0.93 0.91 0.91 0.91 0.88 0.91 0.88
0.75 0.92 0.92 0.90 0.64 0.85 0.92 0.90 0.86 0.89 0.94 0.95 0.89 0.98 1.00 0.93 0.64 0.94 0.73 0.92 0.98 0.98 0.99 0.94 0.64 0.79 0.92 0.59 0.87 0.92 0.92 0.92 0.94 0.92 0.92 0.92 0.90 0.92 0.90
0.74 0.92 0.92 0.90 0.63 0.84 0.92 0.89 0.86 0.88 0.93 0.94 0.88 0.98 1.00 0.93 0.64 0.94 0.73 0.91 0.98 0.98 0.99 0.94 0.66 0.79 0.91 0.60 0.87 0.92 0.92 0.92 0.94 0.92 0.92 0.92 0.89 0.92 0.89
0.75 0.92 0.92 0.90 0.62 0.84 0.92 0.89 0.85 0.89 0.94 0.95 0.89 0.98 1.00 0.93 0.62 0.93 0.72 0.91 0.98 0.98 0.99 0.93 0.64 0.78 0.91 0.59 0.86 0.91 0.91 0.91 0.93 0.91 0.91 0.91 0.89 0.91 0.89
0.76 0.93 0.93 0.91 0.65 0.86 0.93 0.91 0.87 0.90 0.94 0.95 0.90 0.99 1.00 0.94 0.65 0.95 0.74 0.93 0.99 0.99 0.99 0.95 0.68 0.81 0.93 0.63 0.89 0.94 0.94 0.94 0.95 0.94 0.94 0.94 0.91 0.94 0.91
0.68 0.87 0.87 0.85 0.55 0.79 0.87 0.84 0.80 0.83 0.90 0.91 0.83 0.97 1.00 0.89 0.57 0.90 0.66 0.86 0.97 0.97 0.99 0.90 0.57 0.71 0.86 0.53 0.81 0.87 0.87 0.87 0.90 0.87 0.87 0.87 0.84 0.87 0.84
0.50 0.73 0.73 0.70 0.37 0.62 0.73 0.69 0.64 0.68 0.78 0.82 0.68 0.93 1.00 0.77 0.42 0.76 0.46 0.69 0.93 0.93 0.97 0.76 0.39 0.51 0.69 0.34 0.61 0.70 0.70 0.70 0.76 0.70 0.70 0.70 0.66 0.70 0.66
0.65 0.85 0.85 0.82 0.53 0.76 0.85 0.81 0.78 0.80 0.88 0.91 0.80 0.96 1.00 0.88 0.54 0.88 0.63 0.83 0.96 0.96 0.99 0.88 0.53 0.68 0.83 0.48 0.77 0.84 0.84 0.84 0.88 0.84 0.84 0.84 0.81 0.84 0.81
0.71 0.90 0.90 0.88 0.59 0.82 0.90 0.87 0.83 0.86 0.92 0.93 0.86 0.97 1.00 0.91 0.60 0.91 0.69 0.89 0.97 0.97 0.99 0.91 0.60 0.75 0.89 0.55 0.84 0.89 0.89 0.89 0.91 0.89 0.89 0.89 0.86 0.89 0.86
0.67 0.86 0.86 0.84 0.54 0.78 0.86 0.83 0.79 0.82 0.89 0.91 0.82 0.97 1.00 0.89 0.55 0.89 0.63 0.85 0.97 0.97 0.99 0.89 0.55 0.69 0.85 0.50 0.79 0.85 0.86 0.86 0.89 0.85 0.86 0.86 0.83 0.85 0.83
0.83 0.96 0.96 0.95 0.72 0.91 0.96 0.95 0.92 0.94 0.97 0.97 0.94 0.99 1.00 0.97 0.71 0.97 0.81 0.96 0.99 0.99 1.00 0.97 0.75 0.88 0.96 0.70 0.94 0.97 0.97 0.97 0.97 0.97 0.97 0.97 0.95 0.97 0.95
0.77 0.94 0.94 0.92 0.66 0.86 0.94 0.91 0.88 0.90 0.95 0.96 0.90 0.99 1.00 0.95 0.65 0.95 0.75 0.93 0.99 0.99 0.99 0.95 0.68 0.82 0.93 0.63 0.89 0.94 0.94 0.94 0.95 0.94 0.94 0.94 0.92 0.94 0.92
0.68 0.88 0.88 0.85 0.56 0.79 0.88 0.84 0.80 0.83 0.90 0.92 0.83 0.97 1.00 0.89 0.56 0.90 0.65 0.86 0.97 0.97 0.99 0.90 0.57 0.72 0.86 0.52 0.81 0.87 0.87 0.87 0.90 0.87 0.87 0.87 0.84 0.87 0.84
0.74 0.91 0.91 0.89 0.62 0.83 0.91 0.88 0.85 0.88 0.93 0.94 0.88 0.98 1.00 0.92 0.62 0.93 0.72 0.90 0.98 0.98 0.99 0.93 0.63 0.77 0.90 0.58 0.86 0.91 0.91 0.91 0.93 0.91 0.91 0.91 0.88 0.91 0.88
0.48 0.71 0.71 0.67 0.35 0.58 0.71 0.66 0.61 0.64 0.77 0.82 0.64 0.92 1.00 0.75 0.39 0.75 0.42 0.66 0.92 0.92 0.97 0.75 0.35 0.48 0.66 0.31 0.58 0.67 0.67 0.67 0.75 0.67 0.67 0.67 0.64 0.67 0.64
