0.70 0.80 0.80 0.77 0.44 0.74 0.80 0.75 0.70 0.77 0.83 0.85 0.77 0.94 1.00 0.81 0.45 0.81 0.60 0.76 0.94 0.94 0.97 0.81 0.41 0.56 0.76 0.37 0.68 0.77 0.76 0.76 0.81 0.77 0.76 0.76 0.72 0.77 0.72 0.55 0.34 0.48 0.38 0.46 0.46 0.44 0.46 0.46 0.43 0.44 0.44 0.44 0.05 0.38 0.38 0.38 0.38 0.38 0.07 0.06 0.00 0.04 0.60 0.69 0.69 0.69 0.69 0.71 0.66 0.71 0.71 0.64 0.69 0.65 0.62 0.62 0.45 0.56 0.52 0.58 0.32 0.36 0.36 0.36
0.84 0.90 0.90 0.87 0.58 0.86 0.90 0.86 0.83 0.88 0.91 0.92 0.88 0.97 1.00 0.90 0.56 0.90 0.76 0.88 0.97 0.97 0.99 0.90 0.55 0.70 0.88 0.51 0.81 0.88 0.88 0.88 0.90 0.88 0.88 0.88 0.84 0.88 0.84 0.69 0.50 0.65 0.54 0.64 0.64 0.62 0.64 0.64 0.61 0.62 0.62 0.62 0.11 0.56 0.56 0.56 0.56 0.56 0.13 0.12 0.01 0.07 0.76 0.84 0.84 0.84 0.84 0.84 0.81 0.84 0.84 0.80 0.84 0.80 0.79 0.79 0.61 0.72 0.68 0.74 0.48 0.53 0.53 0.53
1.00 1.00 1.00 1.00 0.96 1.00 1.00 1.00 1.00 1.00 1.00 1.00 1.00 1.00 1.00 1.00 0.91 1.00 0.99 1.00 1.00 1.00 1.00 1.00 0.95 0.99 1.00 0.92 1.00 1.00 1.00 1.00 1.00 1.00 1.00 1.00 1.00 1.00 1.00 0.99 0.96 0.99 0.97 0.99 0.99 0.98 0.99 0.98 0.98 0.98 0.98 0.98 0.65 0.97 0.97 0.97 0.97 0.97 0.62 0.63 0.29 0.39 1.00 1.00 1.00 1.00 1.00 1.00 1.00 1.00 1.00 1.00 1.00 1.00 1.00 1.00 0.97 0.99 0.99 1.00 0.95 0.98 0.98 0.98
0.94 0.97 0.97 0.95 0.74 0.95 0.97 0.95 0.92 0.96 0.97 0.97 0.96 0.99 1.00 0.96 0.69 0.96 0.89 0.96 0.99 0.99 1.00 0.96 0.72 0.86 0.96 0.67 0.92 0.97 0.96 0.96 0.96 0.97 0.96 0.96 0.94 0.97 0.94 0.83 0.70 0.81 0.73 0.80 0.80 0.79 0.80 0.80 0.79 0.79 0.79 0.79 0.23 0.74 0.74 0.74 0.74 0.74 0.25 0.25 0.04 0.13 0.90 0.94 0.94 0.94 0.94 0.94 0.93 0.94 0.94 0.93 0.94 0.93 0.92 0.92 0.79 0.88 0.84 0.88 0.70 0.75 0.75 0.75
0.88 0.93 0.93 0.92 0.65 0.90 0.93 0.91 0.87 0.91 0.94 0.94 0.91 0.98 1.00 0.93 0.61 0.93 0.82 0.92 0.98 0.98 0.99 0.93 0.62 0.77 0.92 0.57 0.86 0.92 0.92 0.92 0.93 0.92 0.92 0.92 0.89 0.92 0.89 0.75 0.57 0.70 0.61 0.70 0.70 0.69 0.70 0.70 0.68 0.69 0.69 0.69 0.14 0.62 0.62 0.62 0.62 0.62 0.17 0.16 0.02 0.08 0.82 0.88 0.88 0.88 0.88 0.89 0.86 0.89 0.89 0.85 0.88 0.86 0.85 0.84 0.68 0.79 0.75 0.81 0.58 0.63 0.63 0.63
0.76 0.84 0.84 0.82 0.50 0.79 0.84 0.81 0.76 0.81 0.87 0.89 0.81 0.96 1.00 0.84 0.50 0.84 0.67 0.82 0.96 0.96 0.98 0.84 0.48 0.63 0.82 0.44 0.74 0.82 0.82 0.81 0.84 0.82 0.82 0.82 0.77 0.82 0.77 0.61 0.40 0.54 0.44 0.53 0.53 0.51 0.53 0.53 0.50 0.51 0.51 0.51 0.06 0.45 0.45 0.45 0.45 0.45 0.10 0.08 0.01 0.05 0.67 0.75 0.75 0.75 0.75 0.76 0.72 0.76 0.76 0.71 0.75 0.71 0.69 0.69 0.51 0.63 0.58 0.65 0.39 0.44 0.44 0.44
0.79 0.86 0.86 0.84 0.53 0.82 0.86 0.82 0.78 0.83 0.88 0.90 0.83 0.96 1.00 0.87 0.52 0.87 0.71 0.84 0.96 0.96 0.98 0.87 0.50 0.66 0.84 0.46 0.77 0.85 0.84 0.84 0.87 0.85 0.84 0.84 0.81 0.85 0.81 0.65 0.44 0.59 0.48 0.58 0.58 0.56 0.58 0.58 0.55 0.56 0.56 0.56 0.08 0.49 0.49 0.49 0.49 0.49 0.10 0.10 0.01 0.06 0.71 0.79 0.79 0.79 0.79 0.80 0.76 0.80 0.80 0.75 0.79 0.75 0.73 0.73 0.55 0.66 0.62 0.69 0.43 0.48 0.48 0.48
0.89 0.94 0.94 0.92 0.67 0.91 0.94 0.91 0.88 0.92 0.94 0.95 0.92 0.98 1.00 0.93 0.63 0.93 0.82 0.93 0.98 0.98 0.99 0.93 0.63 0.78 0.93 0.58 0.87 0.93 0.93 0.93 0.93 0.93 0.93 0.93 0.90 0.93 0.90 0.77 0.59 0.73 0.63 0.72 0.72 0.71 0.72 0.72 0.70 0.71 0.71 0.71 0.15 0.65 0.65 0.65 0.65 0.65 0.18 0.18 0.02 0.09 0.84 0.90 0.90 0.90 0.90 0.90 0.87 0.90 0.90 0.87 0.90 0.88 0.86 0.86 0.70 0.81 0.77 0.82 0.59 0.65 0.65 0.65
0.70 0.80 0.80 0.77 0.44 0.73 0.80 0.76 0.71 0.76 0.83 0.85 0.76 0.94 1.00 0.81 0.44 0.80 0.60 0.76 0.94 0.94 0.97 0.80 0.41 0.54 0.76 0.37 0.67 0.77 0.75 0.75 0.80 0.77 0.75 0.75 0.71 0.77 0.71 0.55 0.34 0.48 0.37 0.46 0.46 0.44 0.46 0.46 0.43 0.44 0.44 0.44 0.05 0.37 0.37 0.37 0.37 0.37 0.07 0.06 0.00 0.04 0.60 0.69 0.69 0.69 0.69 0.71 0.67 0.71 0.71 0.64 0.69 0.65 0.62 0.62 0.43 0.55 0.51 0.57 0.31 0.36 0.36 0.36
0.70 0.79 0.79 0.76 0.43 0.73 0.79 0.74 0.69 0.76 0.82 0.85 0.76 0.94 1.00 0.80 0.44 0.80 0.59 0.76 0.94 0.94 0.98 0.80 0.40 0.54 0.76 0.37 0.66 0.76 0.75 0.75 0.80 0.76 0.75 0.75 0.71 0.76 0.71 0.54 0.33 0.47 0.36 0.45 0.45 0.43 0.45 0.45 0.42 0.43 0.43 0.43 0.05 0.37 0.37 0.37 0.37 0.37 0.07 0.05 0.00 0.04 0.59 0.68 0.68 0.68 0.68 0.70 0.65 0.70 0.70 0.63 0.68 0.64 0.62 0.61 0.43 0.54 0.50 0.56 0.31 0.35 0.35 0.35
0.90 0.94 0.94 0.93 0.66 0.91 0.94 0.92 0.89 0.93 0.94 0.95 0.93 0.98 1.00 0.94 0.63 0.95 0.83 0.93 0.98 0.98 0.99 0.95 0.64 0.79 0.93 0.59 0.88 0.94 0.93 0.93 0.95 0.94 0.93 0.93 0.91 0.94 0.91 0.78 0.61 0.74 0.65 0.74 0.74 0.72 0.74 0.74 0.72 0.72 0.72 0.72 0.16 0.66 0.66 0.66 0.66 0.66 0.19 0.19 0.03 0.10 0.84 0.90 0.90 0.90 0.90 0.90 0.88 0.90 0.90 0.87 0.90 0.88 0.86 0.86 0.71 0.81 0.77 0.82 0.60 0.65 0.65 0.65
0.96 0.98 0.98 0.97 0.79 0.97 0.98 0.97 0.95 0.98 0.98 0.98 0.98 0.99 1.00 0.98 0.74 0.98 0.92 0.98 0.99 0.99 1.00 0.98 0.77 0.89 0.98 0.72 0.95 0.98 0.98 0.98 0.98 0.98 0.98 0.98 0.96 0.98 0.96 0.87 0.76 0.85 0.78 0.85 0.85 0.85 0.85 0.85 0.84 0.85 0.85 0.85 0.28 0.81 0.81 0.81 0.81 0.81 0.31 0.30 0.06 0.15 0.93 0.96 0.96 0.96 0.96 0.97 0.95 0.97 0.97 0.95 0.96 0.95 0.95 0.95 0.83 0.91 0.89 0.92 0.76 0.81 0.81 0.81
0.64 0.75 0.75 0.71 0.38 0.67 0.75 0.69 0.64 0.70 0.79 0.82 0.70 0.92 1.00 0.75 0.39 0.75 0.53 0.69 0.92 0.92 0.97 0.75 0.36 0.48 0.69 0.32 0.60 0.70 0.69 0.69 0.75 0.70 0.69 0.69 0.65 0.70 0.65 0.48 0.28 0.41 0.32 0.40 0.40 0.38 0.40 0.39 0.36 0.38 0.38 0.38 0.03 0.32 0.32 0.32 0.32 0.32 0.05 0.04 0.00 0.03 0.53 0.62 0.62 0.62 0.62 0.64 0.59 0.64 0.64 0.56 0.62 0.57 0.55 0.55 0.37 0.48 0.43 0.50 0.26 0.29 0.29 0.29
0.88 0.93 0.93 0.91 0.65 0.90 0.93 0.90 0.87 0.91 0.94 0.94 0.91 0.98 1.00 0.93 0.61 0.93 0.82 0.93 0.98 0.98 0.99 0.93 0.63 0.77 0.93 0.58 0.87 0.93 0.93 0.92 0.93 0.93 0.93 0.93 0.90 0.93 0.90 0.76 0.58 0.72 0.62 0.71 0.71 0.70 0.71 0.71 0.69 0.70 0.70 0.70 0.14 0.64 0.64 0.64 0.64 0.64 0.17 0.17 0.02 0.09 0.82 0.88 0.88 0.88 0.88 0.89 0.86 0.89 0.89 0.86 0.88 0.86 0.85 0.85 0.68 0.79 0.76 0.81 0.57 0.62 0.62 0.62
0.86 0.92 0.92 0.90 0.63 0.89 0.92 0.89 0.86 0.90 0.92 0.93 0.90 0.98 1.00 0.92 0.59 0.92 0.80 0.91 0.98 0.98 0.99 0.92 0.60 0.75 0.91 0.55 0.85 0.91 0.91 0.90 0.92 0.91 0.91 0.91 0.87 0.91 0.87 0.74 0.55 0.69 0.59 0.68 0.68 0.67 0.68 0.68 0.66 0.67 0.67 0.67 0.12 0.60 0.60 0.60 0.60 0.60 0.16 0.15 0.02 0.08 0.80 0.87 0.87 0.87 0.87 0.87 0.84 0.87 0.87 0.84 0.87 0.84 0.83 0.82 0.65 0.76 0.72 0.77 0.54 0.60 0.60 0.60
0.87 0.92 0.92 0.90 0.63 0.89 0.92 0.89 0.85 0.90 0.93 0.94 0.90 0.98 1.00 0.92 0.59 0.92 0.79 0.91 0.98 0.98 0.99 0.92 0.59 0.75 0.91 0.55 0.85 0.91 0.91 0.91 0.92 0.91 0.91 0.91 0.88 0.91 0.88 0.73 0.55 0.69 0.59 0.68 0.68 0.66 0.68 0.68 0.65 0.66 0.66 0.66 0.13 0.60 0.60 0.60 0.60 0.60 0.16 0.15 0.02 0.08 0.80 0.87 0.87 0.87 0.87 0.87 0.85 0.87 0.87 0.84 0.87 0.84 0.83 0.82 0.65 0.76 0.73 0.78 0.53 0.59 0.59 0.59
0.99 0.99 0.99 0.99 0.87 0.99 0.99 0.99 0.98 0.99 0.99 0.99 0.99 1.00 1.00 0.99 0.80 0.99 0.96 0.99 1.00 1.00 1.00 0.99 0.87 0.95 0.99 0.82 0.98 0.99 0.99 0.99 0.99 0.99 0.99 0.99 0.98 0.99 0.98 0.93 0.86 0.92 0.87 0.92 0.92 0.92 0.92 0.92 0.92 0.92 0.92 0.92 0.40 0.89 0.89 0.89 0.89 0.89 0.41 0.42 0.11 0.22 0.97 0.99 0.99 0.99 0.99 0.99 0.98 0.99 0.99 0.98 0.99 0.98 0.98 0.98 0.92 0.96 0.95 0.97 0.85 0.90 0.90 0.90
0.93 0.96 0.96 0.95 0.72 0.94 0.96 0.94 0.91 0.95 0.96 0.96 0.95 0.99 1.00 0.96 0.68 0.96 0.88 0.96 0.99 0.99 0.99 0.96 0.70 0.84 0.96 0.65 0.91 0.96 0.95 0.95 0.96 0.96 0.95 0.95 0.93 0.96 0.93 0.82 0.67 0.79 0.70 0.78 0.78 0.77 0.78 0.78 0.77 0.77 0.77 0.77 0.21 0.72 0.72 0.72 0.72 0.72 0.23 0.23 0.04 0.11 0.89 0.93 0.93 0.93 0.93 0.94 0.92 0.94 0.94 0.92 0.93 0.92 0.91 0.91 0.76 0.86 0.83 0.87 0.66 0.72 0.72 0.72
0.83 0.90 0.90 0.87 0.58 0.86 0.90 0.86 0.82 0.87 0.91 0.92 0.87 0.97 1.00 0.89 0.57 0.90 0.75 0.88 0.97 0.97 0.99 0.90 0.54 0.70 0.88 0.50 0.81 0.88 0.88 0.88 0.90 0.88 0.88 0.88 0.84 0.88 0.84 0.68 0.49 0.63 0.53 0.62 0.62 0.60 0.62 0.62 0.60 0.60 0.60 0.60 0.10 0.54 0.54 0.54 0.54 0.54 0.13 0.12 0.02 0.07 0.76 0.83 0.83 0.83 0.83 0.84 0.81 0.84 0.84 0.79 0.83 0.80 0.78 0.78 0.60 0.71 0.67 0.73 0.49 0.54 0.54 0.54
0.84 0.90 0.90 0.88 0.58 0.86 0.90 0.87 0.82 0.87 0.91 0.92 0.87 0.97 1.00 0.90 0.56 0.90 0.76 0.88 0.97 0.97 0.99 0.90 0.56 0.71 0.88 0.51 0.81 0.89 0.88 0.88 0.90 0.89 0.88 0.88 0.84 0.89 0.84 0.69 0.51 0.64 0.54 0.63 0.63 0.62 0.63 0.63 0.61 0.62 0.62 0.62 0.10 0.55 0.55 0.55 0.55 0.55 0.14 0.12 0.01 0.07 0.77 0.84 0.84 0.84 0.84 0.84 0.81 0.84 0.84 0.80 0.84 0.81 0.79 0.79 0.61 0.72 0.68 0.74 0.50 0.55 0.55 0.55
0.86 0.92 0.92 0.90 0.62 0.88 0.92 0.89 0.85 0.90 0.93 0.94 0.90 0.98 1.00 0.92 0.59 0.92 0.79 0.91 0.98 0.98 0.99 0.92 0.60 0.75 0.91 0.55 0.84 0.91 0.90 0.90 0.92 0.91 0.90 0.91 0.88 0.91 0.88 0.73 0.55 0.68 0.58 0.67 0.67 0.66 0.67 0.67 0.65 0.66 0.66 0.66 0.12 0.60 0.60 0.60 0.60 0.60 0.16 0.14 0.02 0.07 0.80 0.86 0.86 0.86 0.86 0.87 0.84 0.87 0.87 0.83 0.86 0.84 0.82 0.82 0.65 0.75 0.71 0.77 0.54 0.60 0.60 0.60
0.85 0.91 0.91 0.89 0.61 0.88 0.91 0.88 0.85 0.89 0.93 0.94 0.89 0.98 1.00 0.91 0.59 0.92 0.78 0.90 0.98 0.98 0.99 0.92 0.58 0.74 0.90 0.54 0.84 0.90 0.90 0.89 0.92 0.90 0.90 0.89 0.86 0.90 0.86 0.72 0.54 0.67 0.57 0.66 0.66 0.65 0.66 0.66 0.64 0.65 0.65 0.65 0.13 0.59 0.59 0.59 0.59 0.59 0.15 0.14 0.02 0.08 0.79 0.86 0.86 0.86 0.86 0.86 0.83 0.86 0.86 0.82 0.86 0.83 0.81 0.82 0.64 0.75 0.71 0.77 0.54 0.58 0.58 0.58
0.98 0.99 0.99 0.98 0.84 0.98 0.99 0.98 0.96 0.98 0.99 0.99 0.98 1.00 1.00 0.99 0.77 0.99 0.94 0.99 1.00 1.00 1.00 0.99 0.81 0.92 0.99 0.76 0.97 0.99 0.99 0.99 0.99 0.99 0.99 0.99 0.97 0.99 0.97 0.90 0.81 0.89 0.83 0.89 0.89 0.88 0.89 0.89 0.88 0.88 0.88 0.88 0.34 0.85 0.85 0.85 0.85 0.85 0.36 0.36 0.08 0.18 0.95 0.98 0.98 0.98 0.98 0.98 0.97 0.98 0.98 0.97 0.98 0.97 0.97 0.97 0.87 0.94 0.92 0.95 0.81 0.85 0.85 0.85
0.93 0.96 0.96 0.94 0.72 0.94 0.96 0.94 0.91 0.95 0.96 0.96 0.95 0.99 1.00 0.95 0.66 0.96 0.87 0.95 0.99 0.99 0.99 0.96 0.69 0.83 0.95 0.63 0.91 0.95 0.95 0.95 0.96 0.95 0.95 0.95 0.93 0.95 0.93 0.81 0.66 0.78 0.69 0.77 0.77 0.76 0.77 0.77 0.75 0.76 0.76 0.76 0.19 0.71 0.71 0.71 0.71 0.71 0.22 0.21 0.03 0.11 0.88 0.93 0.93 0.93 0.93 0.93 0.91 0.93 0.93 0.91 0.93 0.91 0.90 0.90 0.76 0.85 0.82 0.86 0.67 0.71 0.71 0.71
0.82 0.89 0.89 0.86 0.56 0.84 0.89 0.85 0.81 0.86 0.90 0.92 0.86 0.97 1.00 0.89 0.55 0.89 0.74 0.87 0.97 0.97 0.99 0.89 0.53 0.69 0.87 0.49 0.80 0.87 0.87 0.87 0.89 0.87 0.87 0.87 0.83 0.87 0.83 0.67 0.47 0.61 0.51 0.61 0.61 0.59 0.61 0.61 0.58 0.59 0.59 0.59 0.09 0.52 0.52 0.52 0.52 0.52 0.12 0.12 0.01 0.06 0.75 0.82 0.82 0.82 0.82 0.83 0.79 0.83 0.83 0.78 0.82 0.78 0.76 0.76 0.59 0.71 0.66 0.72 0.47 0.52 0.52 0.52
0.75 0.84 0.84 0.81 0.48 0.78 0.84 0.80 0.75 0.80 0.86 0.88 0.80 0.96 1.00 0.84 0.49 0.84 0.66 0.81 0.96 0.96 0.98 0.84 0.47 0.61 0.81 0.42 0.72 0.81 0.80 0.80 0.84 0.81 0.80 0.80 0.77 0.81 0.77 0.60 0.39 0.54 0.43 0.52 0.52 0.50 0.52 0.52 0.49 0.50 0.50 0.50 0.06 0.44 0.44 0.44 0.44 0.44 0.09 0.08 0.01 0.04 0.66 0.74 0.74 0.74 0.74 0.76 0.71 0.76 0.76 0.70 0.74 0.70 0.68 0.68 0.49 0.60 0.56 0.63 0.38 0.42 0.42 0.42
0.98 0.99 0.99 0.99 0.86 0.99 0.99 0.98 0.97 0.99 0.99 0.99 0.99 1.00 1.00 0.99 0.79 0.99 0.95 0.99 1.00 1.00 1.00 0.99 0.84 0.94 0.99 0.79 0.97 0.99 0.99 0.99 0.99 0.99 0.99 0.99 0.98 0.99 0.98 0.92 0.83 0.91 0.85 0.91 0.91 0.90 0.91 0.91 0.90 0.90 0.90 0.90 0.37 0.87 0.87 0.87 0.87 0.87 0.39 0.39 0.10 0.20 0.96 0.99 0.99 0.99 0.99 0.99 0.98 0.99 0.99 0.98 0.99 0.98 0.98 0.98 0.89 0.95 0.93 0.96 0.84 0.88 0.88 0.88
1.00 1.00 1.00 1.00 0.93 1.00 1.00 1.00 0.99 1.00 1.00 1.00 1.00 1.00 1.00 1.00 0.87 1.00 0.99 1.00 1.00 1.00 1.00 1.00 0.93 0.98 1.00 0.89 0.99 1.00 1.00 1.00 1.00 1.00 1.00 1.00 0.99 1.00 0.99 0.97 0.93 0.97 0.94 0.97 0.97 0.97 0.97 0.97 0.96 0.97 0.97 0.97 0.57 0.95 0.95 0.95 0.95 0.95 0.55 0.55 0.21 0.32 0.99 1.00 1.00 1.00 1.00 1.00 1.00 1.00 1.00 1.00 1.00 1.00 1.00 1.00 0.96 0.99 0.98 0.99 0.93 0.96 0.96 0.96
0.65 0.75 0.75 0.72 0.39 0.69 0.75 0.70 0.65 0.72 0.79 0.82 0.72 0.93 1.00 0.77 0.41 0.77 0.55 0.71 0.93 0.93 0.97 0.77 0.37 0.50 0.71 0.33 0.62 0.72 0.71 0.71 0.77 0.72 0.71 0.71 0.67 0.72 0.67 0.49 0.29 0.42 0.32 0.41 0.41 0.38 0.41 0.41 0.38 0.38 0.38 0.38 0.03 0.33 0.33 0.33 0.33 0.33 0.05 0.05 0.00 0.03 0.55 0.64 0.64 0.64 0.64 0.65 0.60 0.65 0.65 0.58 0.64 0.59 0.56 0.56 0.38 0.49 0.45 0.52 0.28 0.31 0.31 0.31
0.68 0.78 0.78 0.74 0.41 0.72 0.78 0.73 0.68 0.75 0.81 0.85 0.75 0.93 1.00 0.80 0.43 0.80 0.58 0.74 0.93 0.93 0.97 0.80 0.40 0.54 0.74 0.36 0.66 0.75 0.75 0.75 0.80 0.75 0.75 0.75 0.71 0.75 0.71 0.52 0.32 0.45 0.35 0.44 0.44 0.42 0.44 0.44 0.41 0.42 0.42 0.42 0.05 0.36 0.36 0.36 0.36 0.36 0.06 0.06 0.00 0.03 0.58 0.67 0.67 0.67 0.67 0.68 0.64 0.68 0.68 0.62 0.67 0.63 0.60 0.60 0.41 0.52 0.48 0.55 0.31 0.34 0.34 0.34
0.91 0.94 0.94 0.93 0.67 0.92 0.94 0.92 0.88 0.93 0.95 0.95 0.93 0.98 1.00 0.94 0.63 0.95 0.84 0.94 0.98 0.98 0.99 0.95 0.65 0.80 0.94 0.60 0.88 0.94 0.93 0.93 0.95 0.94 0.93 0.93 0.91 0.94 0.91 0.78 0.62 0.74 0.65 0.74 0.74 0.72 0.74 0.74 0.72 0.72 0.72 0.72 0.17 0.66 0.66 0.66 0.66 0.66 0.19 0.18 0.02 0.10 0.85 0.91 0.91 0.91 0.91 0.91 0.89 0.91 0.91 0.89 0.91 0.89 0.88 0.88 0.72 0.82 0.79 0.83 0.61 0.67 0.67 0.67
0.82 0.88 0.88 0.86 0.55 0.84 0.88 0.85 0.80 0.86 0.90 0.91 0.86 0.97 1.00 0.88 0.54 0.89 0.73 0.87 0.97 0.97 0.98 0.89 0.53 0.68 0.87 0.49 0.79 0.87 0.86 0.86 0.89 0.87 0.86 0.86 0.83 0.87 0.83 0.67 0.46 0.61 0.50 0.60 0.60 0.58 0.60 0.60 0.58 0.58 0.58 0.58 0.09 0.52 0.52 0.52 0.52 0.52 0.12 0.11 0.01 0.06 0.74 0.81 0.81 0.81 0.81 0.82 0.79 0.82 0.82 0.77 0.81 0.78 0.76 0.76 0.58 0.70 0.65 0.72 0.47 0.52 0.52 0.52
1.00 1.00 1.00 1.00 0.95 1.00 1.00 1.00 0.99 1.00 1.00 1.00 1.00 1.00 1.00 1.00 0.90 1.00 0.99 1.00 1.00 1.00 1.00 1.00 0.95 0.99 1.00 0.91 0.99 1.00 1.00 1.00 1.00 1.00 1.00 1.00 1.00 1.00 1.00 0.98 0.95 0.98 0.96 0.98 0.98 0.98 0.98 0.98 0.98 0.98 0.98 0.98 0.62 0.97 0.97 0.97 0.97 0.97 0.60 0.61 0.25 0.36 0.99 1.00 1.00 1.00 1.00 1.00 1.00 1.00 1.00 1.00 1.00 1.00 1.00 1.00 0.97 0.99 0.99 0.99 0.94 0.97 0.97 0.97
0.85 0.91 0.91 0.89 0.60 0.88 0.91 0.88 0.84 0.89 0.92 0.93 0.89 0.98 1.00 0.90 0.58 0.90 0.78 0.90 0.98 0.98 0.99 0.90 0.58 0.73 0.90 0.53 0.83 0.90 0.89 0.89 0.90 0.90 0.89 0.89 0.86 0.90 0.86 0.71 0.53 0.66 0.56 0.65 0.65 0.64 0.65 0.65 0.63 0.64 0.64 0.64 0.11 0.57 0.57 0.57 0.57 0.57 0.14 0.13 0.02 0.07 0.78 0.85 0.85 0.85 0.85 0.86 0.83 0.86 0.86 0.82 0.85 0.82 0.81 0.81 0.63 0.74 0.71 0.76 0.51 0.56 0.56 0.56
0.78 0.85 0.85 0.83 0.53 0.80 0.85 0.82 0.78 0.82 0.88 0.90 0.82 0.96 1.00 0.86 0.50 0.86 0.69 0.83 0.96 0.96 0.98 0.86 0.49 0.63 0.83 0.45 0.75 0.84 0.83 0.83 0.86 0.84 0.83 0.83 0.79 0.84 0.79 0.63 0.42 0.57 0.46 0.56 0.56 0.54 0.56 0.56 0.53 0.54 0.54 0.54 0.07 0.47 0.47 0.47 0.47 0.47 0.09 0.09 0.01 0.05 0.69 0.77 0.77 0.77 0.77 0.78 0.75 0.78 0.78 0.73 0.77 0.73 0.72 0.71 0.53 0.64 0.60 0.66 0.40 0.45 0.45 0.45
0.62 0.73 0.73 0.69 0.36 0.65 0.73 0.67 0.62 0.68 0.77 0.81 0.68 0.92 1.00 0.74 0.38 0.74 0.51 0.68 0.92 0.92 0.96 0.74 0.34 0.47 0.68 0.30 0.59 0.68 0.68 0.68 0.74 0.68 0.68 0.68 0.63 0.68 0.63 0.46 0.25 0.39 0.28 0.37 0.37 0.35 0.37 0.37 0.34 0.35 0.35 0.35 0.03 0.29 0.29 0.29 0.29 0.29 0.05 0.03 0.00 0.02 0.50 0.60 0.60 0.60 0.60 0.61 0.57 0.61 0.61 0.54 0.60 0.55 0.52 0.52 0.35 0.45 0.41 0.48 0.24 0.28 0.28 0.28
1.00 1.00 1.00 1.00 0.95 1.00 1.00 1.00 0.99 1.00 1.00 1.00 1.00 1.00 1.00 1.00 0.90 1.00 0.99 1.00 1.00 1.00 1.00 1.00 0.95 0.99 1.00 0.91 0.99 1.00 1.00 1.00 1.00 1.00 1.00 1.00 1.00 1.00 1.00 0.98 0.95 0.98 0.96 0.98 0.98 0.98 0.98 0.98 0.98 0.98 0.98 0.98 0.62 0.97 0.97 0.97 0.97 0.97 0.59 0.60 0.25 0.36 0.99 1.00 1.00 1.00 1.00 1.00 1.00 1.00 1.00 1.00 1.00 1.00 1.00 1.00 0.97 0.99 0.99 0.99 0.95 0.98 0.98 0.98
0.88 0.93 0.93 0.91 0.65 0.90 0.93 0.90 0.87 0.92 0.94 0.94 0.92 0.98 1.00 0.93 0.61 0.93 0.82 0.92 0.98 0.98 0.99 0.93 0.63 0.77 0.92 0.58 0.86 0.92 0.92 0.92 0.93 0.92 0.92 0.92 0.89 0.92 0.89 0.76 0.58 0.72 0.62 0.71 0.71 0.69 0.71 0.71 0.69 0.69 0.69 0.69 0.15 0.63 0.63 0.63 0.63 0.63 0.18 0.17 0.03 0.09 0.83 0.89 0.89 0.89 0.89 0.89 0.86 0.89 0.89 0.86 0.89 0.86 0.85 0.85 0.68 0.78 0.74 0.80 0.57 0.63 0.63 0.63
0.92 0.96 0.96 0.94 0.69 0.93 0.96 0.93 0.90 0.94 0.96 0.96 0.94 0.99 1.00 0.95 0.65 0.96 0.86 0.95 0.99 0.99 0.99 0.96 0.68 0.83 0.95 0.63 0.90 0.95 0.95 0.95 0.96 0.95 0.95 0.95 0.92 0.95 0.92 0.80 0.65 0.77 0.68 0.77 0.77 0.76 0.77 0.77 0.75 0.76 0.76 0.76 0.19 0.70 0.70 0.70 0.70 0.70 0.22 0.21 0.03 0.10 0.88 0.92 0.92 0.92 0.92 0.93 0.91 0.93 0.93 0.90 0.92 0.91 0.90 0.90 0.75 0.84 0.82 0.86 0.65 0.71 0.71 0.71
0.93 0.96 0.96 0.95 0.72 0.94 0.96 0.94 0.92 0.95 0.96 0.96 0.95 0.99 1.00 0.95 0.67 0.96 0.87 0.96 0.99 0.99 0.99 0.96 0.69 0.84 0.96 0.65 0.91 0.96 0.96 0.96 0.96 0.96 0.96 0.96 0.93 0.96 0.93 0.81 0.67 0.79 0.70 0.78 0.78 0.77 0.78 0.78 0.76 0.77 0.77 0.77 0.20 0.72 0.72 0.72 0.72 0.72 0.23 0.23 0.03 0.12 0.88 0.93 0.93 0.93 0.93 0.94 0.92 0.94 0.94 0.91 0.93 0.92 0.91 0.91 0.77 0.86 0.83 0.87 0.67 0.72 0.72 0.72
0.91 0.95 0.95 0.94 0.71 0.93 0.95 0.93 0.90 0.94 0.96 0.96 0.94 0.99 1.00 0.95 0.66 0.95 0.87 0.95 0.99 0.99 1.00 0.95 0.68 0.83 0.95 0.63 0.90 0.95 0.95 0.95 0.95 0.95 0.95 0.95 0.92 0.95 0.92 0.80 0.64 0.77 0.67 0.76 0.76 0.75 0.76 0.76 0.74 0.75 0.75 0.75 0.19 0.69 0.69 0.69 0.69 0.69 0.22 0.21 0.03 0.11 0.87 0.92 0.92 0.92 0.92 0.92 0.90 0.92 0.92 0.90 0.92 0.90 0.89 0.89 0.74 0.83 0.81 0.85 0.65 0.70 0.70 0.70
0.72 0.81 0.81 0.78 0.45 0.75 0.81 0.76 0.71 0.77 0.84 0.86 0.77 0.94 1.00 0.81 0.46 0.81 0.63 0.78 0.94 0.94 0.98 0.81 0.44 0.58 0.78 0.39 0.70 0.79 0.78 0.78 0.81 0.79 0.78 0.78 0.74 0.79 0.74 0.57 0.36 0.50 0.39 0.49 0.49 0.46 0.49 0.48 0.45 0.46 0.46 0.46 0.05 0.40 0.40 0.40 0.40 0.40 0.08 0.07 0.01 0.04 0.63 0.71 0.71 0.71 0.71 0.72 0.68 0.72 0.72 0.66 0.71 0.67 0.65 0.64 0.46 0.58 0.53 0.60 0.35 0.39 0.39 0.39
0.79 0.87 0.87 0.84 0.53 0.82 0.87 0.83 0.78 0.84 0.88 0.90 0.84 0.96 1.00 0.87 0.51 0.87 0.71 0.84 0.96 0.96 0.98 0.87 0.50 0.66 0.84 0.45 0.76 0.84 0.84 0.84 0.87 0.84 0.84 0.84 0.80 0.84 0.80 0.64 0.44 0.58 0.48 0.57 0.57 0.55 0.57 0.57 0.54 0.55 0.55 0.55 0.08 0.49 0.49 0.49 0.49 0.49 0.11 0.09 0.01 0.05 0.71 0.79 0.79 0.79 0.79 0.80 0.76 0.80 0.80 0.75 0.79 0.75 0.73 0.73 0.54 0.66 0.61 0.68 0.43 0.47 0.47 0.47
0.96 0.98 0.98 0.97 0.81 0.97 0.98 0.97 0.95 0.98 0.98 0.98 0.98 1.00 1.00 0.98 0.74 0.98 0.92 0.98 1.00 1.00 1.00 0.98 0.79 0.91 0.98 0.74 0.95 0.98 0.98 0.98 0.98 0.98 0.98 0.98 0.97 0.98 0.97 0.88 0.77 0.87 0.80 0.87 0.87 0.86 0.87 0.87 0.85 0.86 0.86 0.86 0.30 0.81 0.81 0.81 0.81 0.81 0.31 0.31 0.07 0.16 0.94 0.97 0.97 0.97 0.97 0.97 0.96 0.97 0.97 0.96 0.97 0.96 0.95 0.95 0.85 0.92 0.90 0.93 0.77 0.83 0.83 0.83
0.93 0.96 0.96 0.95 0.72 0.94 0.96 0.94 0.91 0.95 0.96 0.97 0.95 0.99 1.00 0.95 0.67 0.95 0.87 0.96 0.99 0.99 0.99 0.95 0.70 0.83 0.96 0.65 0.91 0.96 0.95 0.95 0.95 0.96 0.95 0.95 0.93 0.96 0.93 0.82 0.67 0.79 0.70 0.78 0.78 0.77 0.78 0.78 0.76 0.77 0.77 0.77 0.20 0.71 0.71 0.71 0.71 0.71 0.23 0.22 0.04 0.11 0.88 0.93 0.93 0.93 0.93 0.94 0.92 0.94 0.94 0.92 0.93 0.91 0.91 0.90 0.76 0.85 0.83 0.87 0.66 0.72 0.72 0.72
1.00 1.00 1.00 1.00 0.95 1.00 1.00 1.00 0.99 1.00 1.00 1.00 1.00 1.00 1.00 1.00 0.90 1.00 0.99 1.00 1.00 1.00 1.00 1.00 0.95 0.99 1.00 0.91 0.99 1.00 1.00 1.00 1.00 1.00 1.00 1.00 1.00 1.00 1.00 0.98 0.95 0.98 0.96 0.98 0.98 0.98 0.98 0.98 0.98 0.98 0.98 0.98 0.61 0.97 0.97 0.97 0.97 0.97 0.58 0.59 0.25 0.35 0.99 1.00 1.00 1.00 1.00 1.00 1.00 1.00 1.00 1.00 1.00 1.00 1.00 1.00 0.97 0.99 0.99 0.99 0.94 0.97 0.97 0.97
0.91 0.95 0.95 0.93 0.68 0.92 0.95 0.92 0.89 0.93 0.95 0.96 0.93 0.98 1.00 0.94 0.64 0.95 0.85 0.94 0.98 0.98 0.99 0.95 0.66 0.81 0.94 0.62 0.89 0.94 0.94 0.94 0.95 0.94 0.94 0.94 0.91 0.94 0.91 0.79 0.63 0.75 0.66 0.75 0.75 0.73 0.75 0.75 0.73 0.73 0.73 0.73 0.17 0.68 0.68 0.68 0.68 0.68 0.21 0.20 0.03 0.10 0.86 0.91 0.91 0.91 0.91 0.92 0.89 0.92 0.92 0.89 0.91 0.89 0.88 0.88 0.72 0.83 0.79 0.84 0.63 0.68 0.68 0.68
0.91 0.95 0.95 0.93 0.68 0.92 0.95 0.92 0.89 0.93 0.95 0.96 0.93 0.98 1.00 0.94 0.65 0.95 0.85 0.94 0.98 0.98 0.99 0.95 0.67 0.80 0.94 0.62 0.89 0.94 0.94 0.94 0.95 0.94 0.94 0.94 0.92 0.94 0.92 0.79 0.62 0.75 0.66 0.75 0.75 0.74 0.75 0.75 0.73 0.74 0.74 0.74 0.18 0.68 0.68 0.68 0.68 0.68 0.20 0.20 0.03 0.10 0.85 0.91 0.91 0.91 0.91 0.91 0.89 0.91 0.91 0.89 0.91 0.89 0.88 0.88 0.73 0.83 0.79 0.84 0.62 0.68 0.68 0.68
0.88 0.93 0.93 0.91 0.64 0.90 0.93 0.91 0.87 0.91 0.93 0.94 0.91 0.98 1.00 0.92 0.61 0.93 0.82 0.92 0.98 0.98 0.99 0.93 0.61 0.76 0.92 0.57 0.86 0.92 0.92 0.92 0.93 0.92 0.92 0.92 0.89 0.92 0.89 0.75 0.57 0.71 0.61 0.70 0.70 0.69 0.70 0.70 0.68 0.69 0.69 0.69 0.14 0.63 0.63 0.63 0.63 0.63 0.18 0.16 0.02 0.09 0.82 0.88 0.88 0.88 0.88 0.89 0.86 0.89 0.89 0.85 0.88 0.85 0.84 0.83 0.67 0.78 0.74 0.79 0.57 0.62 0.62 0.62
0.78 0.85 0.85 0.82 0.51 0.81 0.85 0.81 0.77 0.83 0.88 0.90 0.83 0.96 1.00 0.86 0.50 0.86 0.69 0.84 0.96 0.96 0.98 0.86 0.50 0.65 0.84 0.45 0.76 0.84 0.83 0.83 0.86 0.84 0.83 0.84 0.80 0.84 0.80 0.62 0.42 0.56 0.46 0.55 0.55 0.53 0.55 0.55 0.52 0.53 0.53 0.53 0.07 0.47 0.47 0.47 0.47 0.47 0.11 0.09 0.01 0.05 0.70 0.77 0.77 0.77 0.77 0.79 0.75 0.79 0.79 0.73 0.77 0.74 0.72 0.71 0.53 0.65 0.60 0.67 0.41 0.46 0.46 0.46
1.00 1.00 1.00 1.00 0.93 1.00 1.00 1.00 0.99 1.00 1.00 1.00 1.00 1.00 1.00 1.00 0.87 1.00 0.98 1.00 1.00 1.00 1.00 1.00 0.92 0.98 1.00 0.88 0.99 1.00 1.00 1.00 1.00 1.00 1.00 1.00 0.99 1.00 0.99 0.97 0.93 0.97 0.94 0.97 0.97 0.97 0.97 0.97 0.96 0.97 0.97 0.97 0.56 0.95 0.95 0.95 0.95 0.95 0.53 0.55 0.20 0.32 0.99 1.00 1.00 1.00 1.00 1.00 1.00 1.00 1.00 1.00 1.00 1.00 1.00 0.99 0.95 0.99 0.98 0.99 0.93 0.96 0.96 0.96
0.62 0.73 0.73 0.69 0.37 0.66 0.73 0.68 0.63 0.69 0.78 0.81 0.69 0.92 1.00 0.75 0.38 0.74 0.52 0.69 0.92 0.92 0.97 0.74 0.36 0.47 0.69 0.31 0.59 0.69 0.68 0.68 0.74 0.69 0.68 0.68 0.64 0.69 0.64 0.47 0.26 0.39 0.29 0.37 0.37 0.35 0.37 0.37 0.34 0.35 0.35 0.35 0.03 0.29 0.29 0.29 0.29 0.29 0.04 0.04 0.00 0.02 0.51 0.61 0.61 0.61 0.61 0.62 0.58 0.62 0.62 0.54 0.61 0.56 0.53 0.53 0.36 0.46 0.42 0.49 0.25 0.28 0.28 0.28
0.98 0.99 0.99 0.98 0.83 0.98 0.99 0.98 0.96 0.98 0.99 0.99 0.98 1.00 1.00 0.98 0.77 0.99 0.94 0.99 1.00 1.00 1.00 0.99 0.81 0.92 0.99 0.76 0.96 0.99 0.99 0.99 0.99 0.99 0.99 0.99 0.97 0.99 0.97 0.90 0.81 0.89 0.83 0.89 0.89 0.88 0.89 0.89 0.88 0.88 0.88 0.88 0.35 0.84 0.84 0.84 0.84 0.84 0.35 0.34 0.08 0.19 0.95 0.98 0.98 0.98 0.98 0.98 0.97 0.98 0.98 0.97 0.98 0.97 0.97 0.97 0.88 0.94 0.92 0.95 0.81 0.85 0.85 0.85
0.65 0.76 0.76 0.73 0.40 0.69 0.76 0.71 0.66 0.72 0.80 0.83 0.72 0.93 1.00 0.77 0.42 0.77 0.56 0.72 0.93 0.93 0.97 0.77 0.38 0.51 0.72 0.34 0.63 0.72 0.71 0.71 0.77 0.72 0.71 0.72 0.68 0.72 0.68 0.50 0.29 0.43 0.33 0.41 0.41 0.39 0.41 0.41 0.38 0.39 0.39 0.39 0.04 0.33 0.33 0.33 0.33 0.33 0.06 0.04 0.00 0.03 0.55 0.64 0.64 0.64 0.64 0.66 0.61 0.66 0.66 0.59 0.64 0.60 0.57 0.57 0.39 0.50 0.45 0.52 0.28 0.31 0.31 0.31
0.85 0.91 0.91 0.89 0.59 0.87 0.91 0.88 0.83 0.89 0.92 0.93 0.89 0.98 1.00 0.90 0.57 0.91 0.78 0.90 0.98 0.98 0.99 0.91 0.57 0.73 0.90 0.53 0.83 0.90 0.90 0.90 0.91 0.90 0.90 0.90 0.86 0.90 0.86 0.72 0.53 0.67 0.57 0.66 0.66 0.65 0.66 0.66 0.64 0.65 0.65 0.65 0.11 0.58 0.58 0.58 0.58 0.58 0.15 0.14 0.02 0.08 0.78 0.85 0.85 0.85 0.85 0.86 0.83 0.86 0.86 0.82 0.85 0.83 0.82 0.81 0.63 0.75 0.71 0.76 0.52 0.57 0.57 0.57
0.87 0.92 0.92 0.90 0.62 0.88 0.92 0.89 0.85 0.90 0.93 0.94 0.90 0.98 1.00 0.92 0.59 0.92 0.79 0.91 0.98 0.98 0.99 0.92 0.60 0.75 0.91 0.55 0.85 0.91 0.91 0.91 0.92 0.91 0.91 0.91 0.87 0.91 0.87 0.73 0.55 0.69 0.59 0.68 0.68 0.67 0.68 0.68 0.66 0.67 0.67 0.67 0.12 0.61 0.61 0.61 0.61 0.61 0.15 0.15 0.02 0.08 0.80 0.87 0.87 0.87 0.87 0.87 0.85 0.87 0.87 0.84 0.87 0.84 0.83 0.83 0.66 0.77 0.73 0.78 0.54 0.59 0.59 0.59
0.83 0.90 0.90 0.88 0.58 0.85 0.90 0.87 0.83 0.87 0.91 0.92 0.87 0.97 1.00 0.90 0.57 0.90 0.75 0.88 0.97 0.97 0.99 0.90 0.56 0.71 0.88 0.51 0.81 0.88 0.87 0.87 0.90 0.88 0.87 0.87 0.84 0.88 0.84 0.70 0.51 0.65 0.55 0.64 0.64 0.63 0.64 0.64 0.62 0.63 0.63 0.63 0.11 0.56 0.56 0.56 0.56 0.56 0.14 0.12 0.01 0.07 0.76 0.83 0.83 0.83 0.83 0.84 0.81 0.84 0.84 0.80 0.83 0.80 0.78 0.78 0.61 0.72 0.68 0.74 0.50 0.55 0.55 0.55
0.94 0.97 0.97 0.96 0.75 0.95 0.97 0.95 0.92 0.96 0.97 0.97 0.96 0.99 1.00 0.97 0.69 0.97 0.89 0.96 0.99 0.99 1.00 0.97 0.73 0.85 0.96 0.67 0.92 0.97 0.96 0.96 0.97 0.97 0.96 0.96 0.94 0.97 0.94 0.84 0.70 0.81 0.73 0.81 0.81 0.80 0.81 0.81 0.79 0.80 0.80 0.80 0.22 0.74 0.74 0.74 0.74 0.74 0.25 0.24 0.04 0.12 0.90 0.94 0.94 0.94 0.94 0.95 0.93 0.95 0.95 0.93 0.94 0.93 0.92 0.92 0.79 0.88 0.85 0.89 0.70 0.75 0.75 0.75
0.92 0.95 0.95 0.94 0.70 0.93 0.95 0.93 0.90 0.94 0.95 0.96 0.94 0.99 1.00 0.95 0.66 0.95 0.86 0.95 0.99 0.99 0.99 0.95 0.67 0.82 0.95 0.62 0.90 0.95 0.95 0.95 0.95 0.95 0.95 0.95 0.92 0.95 0.92 0.80 0.64 0.77 0.68 0.76 0.76 0.75 0.76 0.76 0.74 0.75 0.75 0.75 0.19 0.69 0.69 0.69 0.69 0.69 0.22 0.21 0.03 0.11 0.87 0.92 0.92 0.92 0.92 0.92 0.90 0.92 0.92 0.90 0.92 0.90 0.89 0.89 0.74 0.84 0.81 0.85 0.64 0.70 0.70 0.70
1.00 1.00 1.00 1.00 0.94 1.00 1.00 1.00 0.99 1.00 1.00 1.00 1.00 1.00 1.00 1.00 0.88 1.00 0.98 1.00 1.00 1.00 1.00 1.00 0.94 0.98 1.00 0.90 0.99 1.00 1.00 1.00 1.00 1.00 1.00 1.00 1.00 1.00 1.00 0.98 0.95 0.98 0.95 0.98 0.98 0.97 0.98 0.98 0.97 0.97 0.97 0.97 0.59 0.96 0.96 0.96 0.96 0.96 0.57 0.58 0.23 0.34 0.99 1.00 1.00 1.00 1.00 1.00 1.00 1.00 1.00 1.00 1.00 1.00 1.00 1.00 0.97 0.99 0.98 0.99 0.94 0.97 0.97 0.97
1.00 1.00 1.00 1.00 0.96 1.00 1.00 1.00 1.00 1.00 1.00 1.00 1.00 1.00 1.00 1.00 0.92 1.00 0.99 1.00 1.00 1.00 1.00 1.00 0.96 0.99 1.00 0.93 1.00 1.00 1.00 1.00 1.00 1.00 1.00 1.00 1.00 1.00 1.00 0.99 0.96 0.99 0.97 0.99 0.99 0.98 0.99 0.99 0.98 0.98 0.98 0.98 0.68 0.98 0.98 0.98 0.98 0.98 0.64 0.65 0.30 0.40 1.00 1.00 1.00 1.00 1.00 1.00 1.00 1.00 1.00 1.00 1.00 1.00 1.00 1.00 0.98 1.00 0.99 1.00 0.96 0.98 0.98 0.98
0.64 0.75 0.75 0.71 0.38 0.68 0.75 0.70 0.65 0.71 0.79 0.83 0.71 0.93 1.00 0.77 0.41 0.76 0.55 0.71 0.93 0.93 0.97 0.76 0.38 0.50 0.71 0.33 0.62 0.72 0.71 0.71 0.76 0.72 0.71 0.71 0.66 0.72 0.66 0.49 0.28 0.41 0.31 0.39 0.39 0.37 0.39 0.39 0.36 0.37 0.37 0.37 0.03 0.31 0.31 0.31 0.31 0.31 0.05 0.05 0.00 0.03 0.54 0.63 0.63 0.63 0.63 0.64 0.60 0.64 0.64 0.57 0.63 0.58 0.55 0.55 0.37 0.48 0.44 0.51 0.26 0.30 0.30 0.30
0.99 1.00 1.00 1.00 0.93 1.00 1.00 1.00 0.99 1.00 1.00 1.00 1.00 1.00 1.00 1.00 0.87 1.00 0.98 1.00 1.00 1.00 1.00 1.00 0.92 0.97 1.00 0.88 0.99 1.00 1.00 1.00 1.00 1.00 1.00 1.00 0.99 1.00 0.99 0.97 0.93 0.97 0.94 0.97 0.97 0.96 0.97 0.97 0.96 0.96 0.96 0.96 0.53 0.94 0.94 0.94 0.94 0.94 0.51 0.53 0.20 0.30 0.99 1.00 1.00 1.00 1.00 1.00 0.99 1.00 1.00 0.99 1.00 0.99 0.99 0.99 0.95 0.99 0.98 0.99 0.91 0.95 0.95 0.95
0.73 0.82 0.82 0.79 0.46 0.76 0.82 0.78 0.73 0.79 0.85 0.87 0.79 0.95 1.00 0.83 0.47 0.83 0.64 0.79 0.95 0.95 0.98 0.83 0.44 0.58 0.79 0.40 0.70 0.79 0.79 0.79 0.83 0.79 0.79 0.79 0.75 0.79 0.75 0.58 0.36 0.51 0.40 0.50 0.50 0.48 0.50 0.50 0.47 0.48 0.48 0.48 0.05 0.42 0.42 0.42 0.42 0.42 0.08 0.07 0.01 0.04 0.63 0.72 0.72 0.72 0.72 0.73 0.69 0.73 0.73 0.67 0.72 0.68 0.65 0.65 0.46 0.59 0.55 0.61 0.35 0.40 0.40 0.40
0.86 0.91 0.91 0.89 0.61 0.88 0.91 0.89 0.85 0.89 0.92 0.93 0.89 0.98 1.00 0.91 0.58 0.91 0.79 0.90 0.98 0.98 0.99 0.91 0.58 0.74 0.90 0.53 0.83 0.90 0.89 0.89 0.91 0.90 0.89 0.89 0.86 0.90 0.86 0.72 0.53 0.67 0.57 0.66 0.66 0.65 0.66 0.66 0.64 0.65 0.65 0.65 0.12 0.59 0.59 0.59 0.59 0.59 0.15 0.14 0.02 0.08 0.79 0.86 0.86 0.86 0.86 0.87 0.83 0.87 0.87 0.83 0.86 0.83 0.82 0.82 0.65 0.75 0.71 0.77 0.53 0.59 0.59 0.59
0.98 0.99 0.99 0.99 0.84 0.98 0.99 0.98 0.97 0.99 0.99 0.99 0.99 1.00 1.00 0.98 0.78 0.99 0.95 0.99 1.00 1.00 1.00 0.99 0.81 0.92 0.99 0.76 0.97 0.99 0.99 0.99 0.99 0.99 0.99 0.99 0.98 0.99 0.98 0.92 0.82 0.91 0.84 0.90 0.90 0.90 0.90 0.90 0.89 0.90 0.90 0.90 0.36 0.86 0.86 0.86 0.86 0.86 0.37 0.37 0.08 0.20 0.96 0.98 0.98 0.98 0.98 0.98 0.97 0.98 0.98 0.98 0.98 0.97 0.97 0.97 0.89 0.95 0.93 0.95 0.83 0.87 0.87 0.87
0.97 0.98 0.98 0.98 0.80 0.98 0.98 0.97 0.95 0.98 0.98 0.98 0.98 1.00 1.00 0.98 0.75 0.98 0.93 0.99 1.00 1.00 1.00 0.98 0.79 0.90 0.99 0.74 0.96 0.99 0.98 0.98 0.98 0.99 0.98 0.98 0.97 0.99 0.97 0.88 0.78 0.87 0.81 0.87 0.87 0.86 0.87 0.87 0.86 0.86 0.86 0.86 0.30 0.82 0.82 0.82 0.82 0.82 0.32 0.33 0.07 0.17 0.94 0.97 0.97 0.97 0.97 0.97 0.96 0.97 0.97 0.96 0.97 0.96 0.96 0.96 0.85 0.93 0.91 0.93 0.78 0.83 0.83 0.83
0.99 1.00 1.00 0.99 0.89 0.99 1.00 0.99 0.98 0.99 0.99 0.99 0.99 1.00 1.00 0.99 0.82 1.00 0.97 1.00 1.00 1.00 1.00 1.00 0.87 0.96 1.00 0.82 0.98 1.00 1.00 1.00 1.00 1.00 1.00 1.00 0.99 1.00 0.99 0.94 0.88 0.94 0.89 0.94 0.94 0.93 0.94 0.94 0.93 0.93 0.93 0.93 0.44 0.91 0.91 0.91 0.91 0.91 0.44 0.45 0.13 0.25 0.98 0.99 0.99 0.99 0.99 0.99 0.99 0.99 0.99 0.99 0.99 0.99 0.99 0.98 0.92 0.97 0.96 0.97 0.87 0.92 0.92 0.92
0.93 0.96 0.96 0.95 0.72 0.95 0.96 0.94 0.92 0.95 0.96 0.96 0.95 0.99 1.00 0.96 0.68 0.96 0.88 0.96 0.99 0.99 1.00 0.96 0.71 0.85 0.96 0.65 0.92 0.96 0.96 0.96 0.96 0.96 0.96 0.96 0.94 0.96 0.94 0.83 0.69 0.80 0.72 0.80 0.80 0.78 0.80 0.80 0.78 0.78 0.78 0.78 0.21 0.73 0.73 0.73 0.73 0.73 0.25 0.23 0.04 0.12 0.89 0.94 0.94 0.94 0.94 0.94 0.92 0.94 0.94 0.92 0.94 0.92 0.92 0.91 0.78 0.87 0.84 0.88 0.68 0.73 0.73 0.73
0.70 0.80 0.80 0.76 0.44 0.73 0.80 0.75 0.69 0.76 0.83 0.85 0.76 0.94 1.00 0.81 0.45 0.81 0.61 0.76 0.94 0.94 0.97 0.81 0.41 0.56 0.76 0.37 0.67 0.76 0.76 0.76 0.81 0.76 0.76 0.76 0.72 0.76 0.72 0.55 0.34 0.48 0.38 0.46 0.46 0.44 0.46 0.46 0.43 0.44 0.44 0.44 0.04 0.38 0.38 0.38 0.38 0.38 0.07 0.06 0.01 0.04 0.61 0.70 0.70 0.70 0.70 0.71 0.66 0.71 0.71 0.64 0.70 0.65 0.62 0.62 0.44 0.55 0.51 0.58 0.32 0.36 0.36 0.36
0.88 0.92 0.92 0.91 0.64 0.90 0.92 0.90 0.86 0.91 0.93 0.94 0.91 0.98 1.00 0.93 0.61 0.93 0.81 0.92 0.98 0.98 0.99 0.93 0.61 0.76 0.92 0.56 0.86 0.92 0.91 0.91 0.93 0.92 0.91 0.91 0.88 0.92 0.88 0.75 0.57 0.70 0.61 0.70 0.70 0.68 0.70 0.70 0.67 0.68 0.68 0.68 0.14 0.62 0.62 0.62 0.62 0.62 0.17 0.16 0.02 0.08 0.82 0.88 0.88 0.88 0.88 0.89 0.86 0.89 0.89 0.85 0.88 0.86 0.84 0.84 0.67 0.78 0.74 0.80 0.56 0.62 0.62 0.62
0.78 0.86 0.86 0.83 0.52 0.81 0.86 0.82 0.78 0.83 0.88 0.90 0.83 0.96 1.00 0.86 0.52 0.87 0.69 0.83 0.96 0.96 0.98 0.87 0.50 0.65 0.83 0.45 0.76 0.84 0.83 0.83 0.87 0.84 0.83 0.83 0.79 0.84 0.79 0.64 0.42 0.57 0.46 0.56 0.56 0.54 0.56 0.56 0.53 0.54 0.54 0.54 0.08 0.48 0.48 0.48 0.48 0.48 0.10 0.09 0.01 0.05 0.70 0.77 0.77 0.77 0.77 0.78 0.75 0.78 0.78 0.73 0.77 0.74 0.72 0.72 0.54 0.66 0.62 0.68 0.43 0.47 0.47 0.47
0.89 0.93 0.93 0.92 0.66 0.91 0.93 0.91 0.87 0.92 0.94 0.94 0.92 0.98 1.00 0.93 0.61 0.93 0.82 0.92 0.98 0.98 0.99 0.93 0.61 0.78 0.92 0.57 0.86 0.92 0.92 0.92 0.93 0.92 0.92 0.92 0.89 0.92 0.89 0.75 0.58 0.71 0.62 0.70 0.70 0.69 0.70 0.70 0.68 0.69 0.69 0.69 0.14 0.63 0.63 0.63 0.63 0.63 0.18 0.16 0.02 0.09 0.83 0.89 0.89 0.89 0.89 0.89 0.87 0.89 0.89 0.86 0.89 0.86 0.85 0.85 0.68 0.79 0.75 0.81 0.58 0.63 0.63 0.63
0.81 0.87 0.87 0.85 0.55 0.83 0.87 0.83 0.79 0.85 0.89 0.91 0.85 0.96 1.00 0.87 0.54 0.88 0.73 0.86 0.96 0.96 0.99 0.88 0.52 0.69 0.86 0.48 0.79 0.86 0.86 0.86 0.88 0.86 0.86 0.86 0.82 0.86 0.82 0.65 0.45 0.59 0.49 0.58 0.58 0.57 0.58 0.58 0.56 0.57 0.57 0.57 0.09 0.51 0.51 0.51 0.51 0.51 0.12 0.10 0.01 0.06 0.73 0.80 0.80 0.80 0.80 0.81 0.77 0.81 0.81 0.76 0.80 0.77 0.75 0.75 0.56 0.68 0.63 0.70 0.45 0.50 0.50 0.50
0.99 1.00 1.00 0.99 0.88 0.99 1.00 0.99 0.98 0.99 0.99 0.99 0.99 1.00 1.00 0.99 0.83 1.00 0.97 1.00 1.00 1.00 1.00 1.00 0.88 0.96 1.00 0.83 0.98 1.00 1.00 1.00 1.00 1.00 1.00 1.00 0.99 1.00 0.99 0.94 0.88 0.94 0.90 0.94 0.94 0.94 0.94 0.94 0.93 0.94 0.94 0.94 0.44 0.91 0.91 0.91 0.91 0.91 0.44 0.45 0.13 0.25 0.98 0.99 0.99 0.99 0.99 0.99 0.99 0.99 0.99 0.99 0.99 0.99 0.99 0.99 0.93 0.97 0.96 0.97 0.87 0.92 0.92 0.92
0.72 0.81 0.81 0.78 0.46 0.75 0.81 0.76 0.71 0.77 0.84 0.86 0.77 0.95 1.00 0.82 0.46 0.82 0.62 0.78 0.95 0.95 0.98 0.82 0.44 0.57 0.78 0.39 0.69 0.78 0.78 0.78 0.82 0.78 0.78 0.78 0.74 0.78 0.74 0.56 0.35 0.49 0.39 0.48 0.48 0.46 0.48 0.48 0.45 0.46 0.46 0.46 0.05 0.39 0.39 0.39 0.39 0.39 0.08 0.07 0.01 0.04 0.62 0.71 0.71 0.71 0.71 0.72 0.68 0.72 0.72 0.65 0.71 0.67 0.64 0.64 0.45 0.57 0.52 0.59 0.34 0.39 0.39 0.39
1.00 1.00 1.00 1.00 0.96 1.00 1.00 1.00 0.99 1.00 1.00 1.00 1.00 1.00 1.00 1.00 0.91 1.00 0.99 1.00 1.00 1.00 1.00 1.00 0.96 0.99 1.00 0.92 1.00 1.00 1.00 1.00 1.00 1.00 1.00 1.00 1.00 1.00 1.00 0.98 0.96 0.99 0.96 0.98 0.98 0.98 0.98 0.98 0.98 0.98 0.98 0.98 0.65 0.97 0.97 0.97 0.97 0.97 0.61 0.63 0.27 0.38 0.99 1.00 1.00 1.00 1.00 1.00 1.00 1.00 1.00 1.00 1.00 1.00 1.00 1.00 0.97 1.00 0.99 1.00 0.95 0.98 0.98 0.98
0.66 0.77 0.77 0.73 0.40 0.69 0.77 0.71 0.66 0.73 0.80 0.83 0.73 0.93 1.00 0.78 0.41 0.78 0.56 0.73 0.93 0.93 0.97 0.78 0.39 0.51 0.73 0.35 0.63 0.73 0.72 0.72 0.78 0.73 0.72 0.72 0.68 0.73 0.68 0.51 0.30 0.44 0.34 0.42 0.42 0.40 0.42 0.42 0.39 0.40 0.40 0.40 0.04 0.34 0.34 0.34 0.34 0.34 0.06 0.05 0.00 0.03 0.56 0.65 0.65 0.65 0.65 0.66 0.61 0.66 0.66 0.59 0.65 0.60 0.58 0.57 0.39 0.51 0.46 0.53 0.28 0.32 0.32 0.32
0.97 0.98 0.98 0.98 0.80 0.98 0.98 0.97 0.95 0.98 0.98 0.99 0.98 1.00 1.00 0.98 0.75 0.98 0.93 0.98 1.00 1.00 1.00 0.98 0.78 0.91 0.98 0.73 0.95 0.98 0.98 0.98 0.98 0.98 0.98 0.98 0.96 0.98 0.96 0.89 0.78 0.87 0.80 0.86 0.86 0.86 0.86 0.86 0.86 0.86 0.86 0.86 0.30 0.82 0.82 0.82 0.82 0.82 0.32 0.32 0.07 0.16 0.94 0.97 0.97 0.97 0.97 0.97 0.96 0.97 0.97 0.96 0.97 0.96 0.96 0.96 0.86 0.93 0.90 0.93 0.78 0.83 0.83 0.83
0.92 0.96 0.96 0.95 0.72 0.94 0.96 0.94 0.91 0.94 0.96 0.97 0.94 0.99 1.00 0.95 0.67 0.96 0.87 0.95 0.99 0.99 0.99 0.96 0.69 0.84 0.95 0.65 0.91 0.95 0.95 0.95 0.96 0.95 0.95 0.95 0.93 0.95 0.93 0.82 0.66 0.79 0.70 0.78 0.78 0.77 0.78 0.78 0.76 0.77 0.77 0.77 0.20 0.72 0.72 0.72 0.72 0.72 0.23 0.23 0.04 0.12 0.88 0.93 0.93 0.93 0.93 0.93 0.91 0.93 0.93 0.91 0.93 0.91 0.90 0.90 0.76 0.86 0.82 0.87 0.67 0.72 0.72 0.72
0.93 0.96 0.96 0.94 0.72 0.94 0.96 0.94 0.91 0.95 0.96 0.96 0.95 0.99 1.00 0.95 0.67 0.96 0.88 0.96 0.99 0.99 0.99 0.96 0.70 0.83 0.96 0.64 0.91 0.96 0.95 0.95 0.96 0.96 0.95 0.95 0.93 0.96 0.93 0.81 0.67 0.78 0.70 0.78 0.78 0.77 0.78 0.78 0.76 0.77 0.77 0.77 0.20 0.71 0.71 0.71 0.71 0.71 0.24 0.23 0.03 0.12 0.89 0.93 0.93 0.93 0.93 0.93 0.91 0.93 0.93 0.91 0.93 0.91 0.91 0.90 0.75 0.85 0.82 0.87 0.66 0.71 0.71 0.71
0.87 0.92 0.92 0.90 0.61 0.89 0.92 0.89 0.85 0.90 0.92 0.94 0.90 0.98 1.00 0.92 0.60 0.92 0.80 0.91 0.98 0.98 0.99 0.92 0.60 0.75 0.91 0.55 0.84 0.91 0.90 0.90 0.92 0.91 0.90 0.90 0.87 0.91 0.87 0.73 0.55 0.69 0.59 0.68 0.68 0.66 0.68 0.68 0.66 0.66 0.66 0.66 0.13 0.60 0.60 0.60 0.60 0.60 0.16 0.15 0.02 0.08 0.81 0.87 0.87 0.87 0.87 0.88 0.85 0.88 0.88 0.84 0.87 0.85 0.83 0.83 0.66 0.77 0.73 0.78 0.55 0.61 0.61 0.61
0.94 0.97 0.97 0.95 0.72 0.95 0.97 0.95 0.92 0.95 0.96 0.97 0.95 0.99 1.00 0.96 0.68 0.96 0.88 0.96 0.99 0.99 0.99 0.96 0.70 0.84 0.96 0.66 0.92 0.96 0.96 0.96 0.96 0.96 0.96 0.96 0.93 0.96 0.93 0.83 0.68 0.80 0.71 0.80 0.80 0.79 0.80 0.80 0.78 0.79 0.79 0.79 0.22 0.73 0.73 0.73 0.73 0.73 0.24 0.23 0.03 0.12 0.90 0.94 0.94 0.94 0.94 0.94 0.92 0.94 0.94 0.92 0.94 0.92 0.91 0.91 0.77 0.87 0.84 0.88 0.67 0.73 0.73 0.73
0.75 0.83 0.83 0.81 0.49 0.78 0.83 0.80 0.75 0.80 0.86 0.88 0.80 0.95 1.00 0.84 0.49 0.84 0.67 0.81 0.95 0.95 0.98 0.84 0.46 0.61 0.81 0.41 0.73 0.81 0.80 0.80 0.84 0.81 0.80 0.80 0.76 0.81 0.76 0.60 0.40 0.54 0.44 0.53 0.53 0.51 0.53 0.52 0.50 0.51 0.51 0.51 0.07 0.44 0.44 0.44 0.44 0.44 0.09 0.08 0.01 0.05 0.66 0.74 0.74 0.74 0.74 0.76 0.72 0.76 0.76 0.70 0.74 0.70 0.68 0.68 0.50 0.61 0.57 0.63 0.38 0.43 0.43 0.43
0.99 1.00 1.00 0.99 0.89 0.99 1.00 0.99 0.98 1.00 0.99 1.00 1.00 1.00 1.00 0.99 0.83 1.00 0.97 1.00 1.00 1.00 1.00 1.00 0.88 0.96 1.00 0.83 0.98 1.00 0.99 0.99 1.00 1.00 0.99 0.99 0.99 1.00 0.99 0.94 0.88 0.94 0.90 0.94 0.94 0.94 0.94 0.94 0.94 0.94 0.94 0.94 0.45 0.91 0.91 0.91 0.91 0.91 0.44 0.45 0.13 0.24 0.98 0.99 0.99 0.99 0.99 0.99 0.99 0.99 0.99 0.99 0.99 0.99 0.99 0.99 0.93 0.97 0.96 0.98 0.88 0.92 0.92 0.92
0.86 0.91 0.91 0.89 0.61 0.87 0.91 0.88 0.84 0.89 0.92 0.93 0.89 0.97 1.00 0.91 0.58 0.92 0.78 0.90 0.97 0.97 0.99 0.92 0.58 0.73 0.90 0.53 0.83 0.90 0.90 0.89 0.92 0.90 0.90 0.90 0.86 0.90 0.86 0.71 0.53 0.67 0.57 0.66 0.66 0.64 0.66 0.66 0.63 0.64 0.64 0.64 0.12 0.58 0.58 0.58 0.58 0.58 0.14 0.14 0.02 0.08 0.78 0.85 0.85 0.85 0.85 0.86 0.83 0.86 0.86 0.82 0.85 0.82 0.81 0.81 0.65 0.75 0.71 0.76 0.53 0.58 0.58 0.58
0.82 0.89 0.89 0.86 0.57 0.84 0.89 0.85 0.81 0.86 0.90 0.92 0.86 0.97 1.00 0.89 0.54 0.89 0.75 0.88 0.97 0.97 0.99 0.89 0.54 0.69 0.88 0.50 0.80 0.88 0.88 0.87 0.89 0.88 0.88 0.87 0.83 0.88 0.83 0.68 0.48 0.63 0.52 0.61 0.61 0.59 0.61 0.61 0.58 0.59 0.59 0.59 0.10 0.53 0.53 0.53 0.53 0.53 0.13 0.12 0.01 0.06 0.75 0.82 0.82 0.82 0.82 0.83 0.79 0.83 0.83 0.78 0.82 0.78 0.77 0.76 0.59 0.70 0.65 0.72 0.48 0.52 0.52 0.52
0.96 0.98 0.98 0.97 0.78 0.96 0.98 0.96 0.94 0.97 0.98 0.98 0.97 0.99 1.00 0.97 0.72 0.97 0.91 0.97 0.99 0.99 1.00 0.97 0.75 0.88 0.97 0.69 0.94 0.97 0.97 0.97 0.97 0.97 0.97 0.97 0.95 0.97 0.95 0.86 0.74 0.84 0.77 0.84 0.84 0.83 0.84 0.83 0.82 0.83 0.83 0.83 0.26 0.78 0.78 0.78 0.78 0.78 0.28 0.29 0.05 0.14 0.92 0.96 0.96 0.96 0.96 0.96 0.94 0.96 0.96 0.94 0.96 0.95 0.94 0.94 0.82 0.90 0.87 0.91 0.73 0.79 0.79 0.79
0.70 0.80 0.80 0.77 0.44 0.74 0.80 0.75 0.70 0.76 0.83 0.85 0.76 0.94 1.00 0.81 0.45 0.81 0.61 0.77 0.94 0.94 0.98 0.81 0.42 0.57 0.77 0.38 0.68 0.77 0.77 0.76 0.81 0.77 0.77 0.77 0.73 0.77 0.73 0.55 0.34 0.49 0.38 0.48 0.48 0.46 0.48 0.48 0.45 0.46 0.46 0.46 0.05 0.40 0.40 0.40 0.40 0.40 0.07 0.06 0.00 0.03 0.61 0.69 0.69 0.69 0.69 0.71 0.66 0.71 0.71 0.64 0.69 0.65 0.63 0.62 0.44 0.56 0.51 0.58 0.33 0.37 0.37 0.37
0.72 0.81 0.81 0.77 0.45 0.76 0.81 0.76 0.71 0.78 0.84 0.87 0.78 0.94 1.00 0.82 0.46 0.81 0.63 0.78 0.94 0.94 0.97 0.81 0.44 0.58 0.78 0.39 0.69 0.78 0.77 0.77 0.81 0.78 0.77 0.77 0.73 0.78 0.73 0.56 0.35 0.49 0.38 0.48 0.48 0.46 0.48 0.48 0.45 0.46 0.46 0.46 0.05 0.39 0.39 0.39 0.39 0.39 0.07 0.06 0.00 0.04 0.62 0.71 0.71 0.71 0.71 0.73 0.68 0.73 0.73 0.66 0.71 0.67 0.65 0.65 0.45 0.57 0.52 0.59 0.34 0.38 0.38 0.38
0.91 0.95 0.95 0.93 0.69 0.93 0.95 0.93 0.89 0.94 0.95 0.96 0.94 0.98 1.00 0.95 0.65 0.95 0.85 0.95 0.98 0.98 0.99 0.95 0.66 0.81 0.95 0.61 0.90 0.95 0.94 0.94 0.95 0.95 0.94 0.94 0.92 0.95 0.92 0.79 0.63 0.75 0.66 0.75 0.75 0.74 0.75 0.75 0.73 0.74 0.74 0.74 0.18 0.68 0.68 0.68 0.68 0.68 0.20 0.20 0.02 0.10 0.87 0.92 0.92 0.92 0.92 0.92 0.90 0.92 0.92 0.90 0.92 0.90 0.89 0.89 0.74 0.83 0.79 0.85 0.64 0.69 0.69 0.69
0.91 0.95 0.95 0.94 0.70 0.92 0.95 0.93 0.90 0.93 0.95 0.96 0.93 0.98 1.00 0.94 0.65 0.95 0.85 0.94 0.98 0.98 0.99 0.95 0.67 0.82 0.94 0.62 0.90 0.94 0.94 0.94 0.95 0.94 0.94 0.94 0.91 0.94 0.91 0.79 0.64 0.76 0.67 0.75 0.75 0.74 0.75 0.75 0.73 0.74 0.74 0.74 0.18 0.69 0.69 0.69 0.69 0.69 0.20 0.20 0.03 0.11 0.86 0.91 0.91 0.91 0.91 0.92 0.90 0.92 0.92 0.89 0.91 0.89 0.88 0.88 0.73 0.83 0.80 0.85 0.62 0.68 0.68 0.68
0.92 0.95 0.95 0.94 0.70 0.94 0.95 0.93 0.90 0.94 0.95 0.96 0.94 0.99 1.00 0.95 0.66 0.95 0.86 0.95 0.99 0.99 0.99 0.95 0.69 0.83 0.95 0.63 0.90 0.95 0.95 0.95 0.95 0.95 0.95 0.95 0.92 0.95 0.92 0.80 0.65 0.77 0.68 0.76 0.76 0.75 0.76 0.76 0.74 0.75 0.75 0.75 0.19 0.70 0.70 0.70 0.70 0.70 0.22 0.20 0.03 0.11 0.87 0.92 0.92 0.92 0.92 0.93 0.91 0.93 0.93 0.90 0.92 0.90 0.90 0.89 0.75 0.84 0.81 0.86 0.66 0.70 0.70 0.70
1.00 1.00 1.00 1.00 0.95 1.00 1.00 1.00 0.99 1.00 1.00 1.00 1.00 1.00 1.00 1.00 0.90 1.00 0.99 1.00 1.00 1.00 1.00 1.00 0.95 0.99 1.00 0.91 0.99 1.00 1.00 1.00 1.00 1.00 1.00 1.00 1.00 1.00 1.00 0.98 0.95 0.98 0.96 0.98 0.98 0.98 0.98 0.98 0.98 0.98 0.98 0.98 0.63 0.97 0.97 0.97 0.97 0.97 0.59 0.61 0.25 0.36 0.99 1.00 1.00 1.00 1.00 1.00 1.00 1.00 1.00 1.00 1.00 1.00 1.00 1.00 0.97 0.99 0.99 0.99 0.95 0.97 0.97 0.97
0.72 0.81 0.81 0.78 0.46 0.75 0.81 0.76 0.72 0.78 0.84 0.87 0.78 0.95 1.00 0.82 0.45 0.81 0.63 0.78 0.95 0.95 0.98 0.81 0.43 0.57 0.78 0.39 0.69 0.78 0.77 0.77 0.81 0.78 0.77 0.77 0.73 0.78 0.73 0.57 0.35 0.50 0.39 0.49 0.49 0.47 0.49 0.48 0.45 0.47 0.47 0.47 0.05 0.40 0.40 0.40 0.40 0.40 0.08 0.07 0.01 0.04 0.62 0.71 0.71 0.71 0.71 0.72 0.68 0.72 0.72 0.65 0.71 0.66 0.64 0.64 0.46 0.57 0.53 0.60 0.34 0.39 0.39 0.39
0.83 0.90 0.90 0.88 0.58 0.85 0.90 0.86 0.82 0.87 0.91 0.92 0.87 0.97 1.00 0.90 0.57 0.90 0.75 0.88 0.97 0.97 0.99 0.90 0.56 0.71 0.88 0.51 0.82 0.89 0.88 0.88 0.90 0.89 0.88 0.89 0.85 0.89 0.85 0.69 0.49 0.64 0.54 0.63 0.63 0.61 0.63 0.63 0.60 0.61 0.61 0.61 0.10 0.55 0.55 0.55 0.55 0.55 0.13 0.13 0.01 0.07 0.76 0.83 0.83 0.83 0.83 0.84 0.81 0.84 0.84 0.79 0.83 0.80 0.78 0.78 0.60 0.72 0.68 0.74 0.48 0.53 0.53 0.53
1.00 1.00 1.00 1.00 0.94 1.00 1.00 1.00 0.99 1.00 1.00 1.00 1.00 1.00 1.00 1.00 0.88 1.00 0.99 1.00 1.00 1.00 1.00 1.00 0.93 0.98 1.00 0.89 0.99 1.00 1.00 1.00 1.00 1.00 1.00 1.00 0.99 1.00 0.99 0.97 0.94 0.97 0.95 0.97 0.97 0.97 0.97 0.97 0.97 0.97 0.97 0.97 0.58 0.96 0.96 0.96 0.96 0.96 0.55 0.56 0.22 0.33 0.99 1.00 1.00 1.00 1.00 1.00 0.99 1.00 1.00 1.00 1.00 0.99 1.00 0.99 0.96 0.99 0.98 0.99 0.93 0.96 0.96 0.96
1.00 1.00 1.00 1.00 0.96 1.00 1.00 1.00 0.99 1.00 1.00 1.00 1.00 1.00 1.00 1.00 0.90 1.00 0.99 1.00 1.00 1.00 1.00 1.00 0.95 0.99 1.00 0.91 1.00 1.00 1.00 1.00 1.00 1.00 1.00 1.00 1.00 1.00 1.00 0.98 0.96 0.98 0.96 0.98 0.98 0.98 0.98 0.98 0.98 0.98 0.98 0.98 0.64 0.97 0.97 0.97 0.97 0.97 0.61 0.61 0.27 0.37 1.00 1.00 1.00 1.00 1.00 1.00 1.00 1.00 1.00 1.00 1.00 1.00 1.00 1.00 0.97 0.99 0.99 0.99 0.95 0.98 0.98 0.98
0.94 0.97 0.97 0.95 0.74 0.95 0.97 0.95 0.92 0.96 0.97 0.97 0.96 0.99 1.00 0.96 0.69 0.96 0.88 0.96 0.99 0.99 0.99 0.96 0.71 0.84 0.96 0.66 0.92 0.96 0.96 0.96 0.96 0.96 0.96 0.96 0.94 0.96 0.94 0.83 0.68 0.80 0.72 0.80 0.80 0.78 0.80 0.79 0.78 0.78 0.78 0.78 0.21 0.73 0.73 0.73 0.73 0.73 0.24 0.24 0.04 0.13 0.90 0.94 0.94 0.94 0.94 0.94 0.93 0.94 0.94 0.92 0.94 0.92 0.92 0.92 0.77 0.87 0.84 0.88 0.68 0.74 0.74 0.74
0.94 0.97 0.97 0.96 0.75 0.95 0.97 0.95 0.93 0.96 0.97 0.97 0.96 0.99 1.00 0.96 0.70 0.97 0.89 0.97 0.99 0.99 1.00 0.97 0.74 0.86 0.97 0.69 0.93 0.97 0.97 0.97 0.97 0.97 0.97 0.97 0.95 0.97 0.95 0.85 0.71 0.82 0.75 0.82 0.82 0.81 0.82 0.82 0.81 0.81 0.81 0.81 0.24 0.77 0.77 0.77 0.77 0.77 0.26 0.26 0.05 0.13 0.91 0.95 0.95 0.95 0.95 0.95 0.94 0.95 0.95 0.93 0.95 0.93 0.93 0.92 0.80 0.89 0.87 0.90 0.72 0.76 0.76 0.76
0.69 0.79 0.79 0.75 0.42 0.72 0.79 0.74 0.69 0.75 0.82 0.85 0.75 0.94 1.00 0.80 0.44 0.79 0.59 0.75 0.94 0.94 0.97 0.79 0.41 0.54 0.75 0.37 0.66 0.75 0.74 0.74 0.79 0.75 0.74 0.74 0.70 0.75 0.70 0.53 0.33 0.46 0.36 0.45 0.45 0.43 0.45 0.44 0.42 0.43 0.43 0.43 0.04 0.37 0.37 0.37 0.37 0.37 0.06 0.06 0.01 0.04 0.58 0.68 0.68 0.68 0.68 0.69 0.64 0.69 0.69 0.62 0.68 0.63 0.61 0.61 0.42 0.53 0.49 0.55 0.30 0.35 0.35 0.35
0.88 0.93 0.93 0.92 0.65 0.90 0.93 0.91 0.87 0.92 0.94 0.95 0.92 0.98 1.00 0.93 0.62 0.93 0.82 0.93 0.98 0.98 0.99 0.93 0.63 0.78 0.93 0.58 0.87 0.93 0.92 0.92 0.93 0.93 0.92 0.92 0.89 0.93 0.89 0.76 0.58 0.71 0.61 0.70 0.70 0.69 0.70 0.70 0.68 0.69 0.69 0.69 0.15 0.63 0.63 0.63 0.63 0.63 0.17 0.17 0.02 0.09 0.82 0.88 0.88 0.88 0.88 0.89 0.86 0.89 0.89 0.85 0.88 0.85 0.85 0.84 0.68 0.78 0.75 0.80 0.57 0.63 0.63 0.63
0.97 0.98 0.98 0.98 0.80 0.97 0.98 0.97 0.95 0.98 0.98 0.98 0.98 0.99 1.00 0.98 0.73 0.98 0.92 0.98 0.99 0.99 1.00 0.98 0.78 0.90 0.98 0.72 0.95 0.98 0.98 0.98 0.98 0.98 0.98 0.98 0.96 0.98 0.96 0.88 0.76 0.86 0.78 0.86 0.86 0.85 0.86 0.86 0.85 0.85 0.85 0.85 0.29 0.81 0.81 0.81 0.81 0.81 0.31 0.30 0.07 0.16 0.94 0.97 0.97 0.97 0.97 0.97 0.96 0.97 0.97 0.96 0.97 0.96 0.95 0.95 0.85 0.92 0.90 0.93 0.77 0.82 0.82 0.82
0.94 0.97 0.97 0.96 0.74 0.95 0.97 0.95 0.93 0.96 0.97 0.97 0.96 0.99 1.00 0.96 0.69 0.96 0.89 0.96 0.99 0.99 0.99 0.96 0.71 0.84 0.96 0.67 0.92 0.97 0.96 0.96 0.96 0.97 0.96 0.96 0.94 0.97 0.94 0.84 0.69 0.81 0.72 0.81 0.81 0.80 0.81 0.81 0.79 0.80 0.80 0.80 0.22 0.75 0.75 0.75 0.75 0.75 0.25 0.24 0.04 0.13 0.90 0.94 0.94 0.94 0.94 0.94 0.93 0.94 0.94 0.92 0.94 0.92 0.92 0.92 0.79 0.88 0.85 0.89 0.69 0.74 0.74 0.74
0.91 0.95 0.95 0.93 0.69 0.92 0.95 0.93 0.89 0.93 0.95 0.96 0.93 0.98 1.00 0.94 0.65 0.95 0.85 0.94 0.98 0.98 0.99 0.95 0.66 0.80 0.94 0.61 0.88 0.94 0.94 0.94 0.95 0.94 0.94 0.94 0.91 0.94 0.91 0.80 0.63 0.75 0.66 0.75 0.75 0.73 0.75 0.75 0.73 0.73 0.73 0.73 0.17 0.67 0.67 0.67 0.67 0.67 0.20 0.20 0.03 0.10 0.86 0.91 0.91 0.91 0.91 0.91 0.89 0.91 0.91 0.89 0.91 0.89 0.88 0.88 0.73 0.83 0.80 0.84 0.62 0.68 0.68 0.68
0.78 0.85 0.85 0.82 0.51 0.81 0.85 0.81 0.77 0.83 0.87 0.89 0.83 0.96 1.00 0.85 0.50 0.85 0.69 0.83 0.96 0.96 0.98 0.85 0.49 0.64 0.83 0.44 0.75 0.83 0.83 0.83 0.85 0.83 0.83 0.83 0.79 0.83 0.79 0.62 0.42 0.56 0.45 0.55 0.55 0.53 0.55 0.55 0.52 0.53 0.53 0.53 0.07 0.46 0.46 0.46 0.46 0.46 0.09 0.09 0.01 0.05 0.69 0.77 0.77 0.77 0.77 0.79 0.74 0.79 0.79 0.73 0.77 0.74 0.72 0.72 0.53 0.64 0.60 0.67 0.42 0.46 0.46 0.46
0.99 1.00 1.00 1.00 0.93 1.00 1.00 1.00 0.99 1.00 1.00 1.00 1.00 1.00 1.00 1.00 0.87 1.00 0.98 1.00 1.00 1.00 1.00 1.00 0.92 0.98 1.00 0.87 0.99 1.00 1.00 1.00 1.00 1.00 1.00 1.00 1.00 1.00 1.00 0.97 0.93 0.97 0.94 0.97 0.97 0.97 0.97 0.97 0.97 0.97 0.97 0.97 0.56 0.95 0.95 0.95 0.95 0.95 0.53 0.55 0.20 0.32 0.99 1.00 1.00 1.00 1.00 1.00 1.00 1.00 1.00 1.00 1.00 0.99 0.99 0.99 0.95 0.99 0.98 0.99 0.92 0.95 0.95 0.95
0.73 0.82 0.82 0.79 0.47 0.75 0.82 0.78 0.73 0.78 0.85 0.87 0.78 0.95 1.00 0.83 0.46 0.82 0.63 0.79 0.95 0.95 0.98 0.82 0.44 0.59 0.79 0.40 0.70 0.79 0.79 0.78 0.82 0.79 0.79 0.79 0.74 0.79 0.74 0.57 0.37 0.51 0.41 0.49 0.49 0.47 0.49 0.49 0.46 0.47 0.47 0.47 0.06 0.41 0.41 0.41 0.41 0.41 0.08 0.07 0.01 0.04 0.63 0.71 0.71 0.71 0.71 0.73 0.68 0.73 0.73 0.67 0.71 0.67 0.65 0.65 0.46 0.57 0.53 0.60 0.35 0.40 0.40 0.40
0.95 0.97 0.97 0.96 0.76 0.96 0.97 0.96 0.93 0.96 0.97 0.97 0.96 0.99 1.00 0.97 0.70 0.97 0.90 0.97 0.99 0.99 1.00 0.97 0.74 0.87 0.97 0.68 0.93 0.97 0.97 0.97 0.97 0.97 0.97 0.97 0.95 0.97 0.95 0.85 0.71 0.82 0.74 0.82 0.82 0.81 0.82 0.82 0.81 0.81 0.81 0.81 0.24 0.76 0.76 0.76 0.76 0.76 0.26 0.26 0.05 0.14 0.91 0.95 0.95 0.95 0.95 0.95 0.94 0.95 0.95 0.93 0.95 0.93 0.93 0.93 0.81 0.89 0.86 0.90 0.72 0.77 0.77 0.77
0.83 0.89 0.89 0.87 0.57 0.85 0.89 0.86 0.81 0.87 0.90 0.92 0.87 0.97 1.00 0.89 0.56 0.90 0.74 0.88 0.97 0.97 0.99 0.90 0.55 0.71 0.88 0.50 0.81 0.88 0.88 0.88 0.90 0.88 0.88 0.88 0.84 0.88 0.84 0.69 0.50 0.63 0.53 0.63 0.63 0.61 0.63 0.63 0.60 0.61 0.61 0.61 0.10 0.54 0.54 0.54 0.54 0.54 0.13 0.12 0.01 0.07 0.76 0.83 0.83 0.83 0.83 0.84 0.80 0.84 0.84 0.79 0.83 0.80 0.78 0.78 0.60 0.72 0.68 0.73 0.49 0.54 0.54 0.54
0.62 0.74 0.74 0.70 0.37 0.66 0.74 0.69 0.63 0.69 0.78 0.81 0.69 0.92 1.00 0.75 0.39 0.74 0.52 0.69 0.92 0.92 0.97 0.74 0.36 0.48 0.69 0.32 0.60 0.69 0.69 0.69 0.74 0.69 0.69 0.69 0.64 0.69 0.64 0.46 0.27 0.40 0.30 0.38 0.38 0.36 0.38 0.38 0.34 0.36 0.36 0.36 0.03 0.29 0.29 0.29 0.29 0.29 0.05 0.04 0.00 0.03 0.52 0.61 0.61 0.61 0.61 0.62 0.58 0.62 0.62 0.55 0.61 0.57 0.53 0.53 0.35 0.46 0.41 0.49 0.25 0.28 0.28 0.28
0.72 0.81 0.81 0.78 0.46 0.75 0.81 0.76 0.71 0.78 0.84 0.86 0.78 0.95 1.00 0.82 0.46 0.82 0.62 0.78 0.95 0.95 0.98 0.82 0.43 0.58 0.78 0.39 0.69 0.78 0.77 0.77 0.82 0.78 0.77 0.77 0.73 0.78 0.73 0.57 0.35 0.50 0.39 0.48 0.48 0.46 0.48 0.48 0.45 0.46 0.46 0.46 0.05 0.39 0.39 0.39 0.39 0.39 0.07 0.06 0.01 0.04 0.62 0.71 0.71 0.71 0.71 0.73 0.68 0.73 0.73 0.66 0.71 0.67 0.64 0.64 0.45 0.56 0.52 0.59 0.34 0.38 0.38 0.38
1.00 1.00 1.00 1.00 0.95 1.00 1.00 1.00 0.99 1.00 1.00 1.00 1.00 1.00 1.00 1.00 0.89 1.00 0.99 1.00 1.00 1.00 1.00 1.00 0.94 0.98 1.00 0.90 0.99 1.00 1.00 1.00 1.00 1.00 1.00 1.00 1.00 1.00 1.00 0.98 0.95 0.98 0.96 0.98 0.98 0.98 0.98 0.98 0.98 0.98 0.98 0.98 0.62 0.97 0.97 0.97 0.97 0.97 0.58 0.60 0.24 0.36 0.99 1.00 1.00 1.00 1.00 1.00 1.00 1.00 1.00 1.00 1.00 1.00 1.00 1.00 0.97 0.99 0.99 0.99 0.95 0.97 0.97 0.97
0.98 0.99 0.99 0.99 0.86 0.99 0.99 0.99 0.97 0.99 0.99 0.99 0.99 1.00 1.00 0.99 0.79 0.99 0.95 0.99 1.00 1.00 1.00 0.99 0.84 0.94 0.99 0.79 0.97 0.99 0.99 0.99 0.99 0.99 0.99 0.99 0.98 0.99 0.98 0.92 0.84 0.91 0.86 0.91 0.91 0.90 0.91 0.91 0.90 0.90 0.90 0.90 0.37 0.87 0.87 0.87 0.87 0.87 0.38 0.39 0.09 0.20 0.96 0.98 0.98 0.98 0.98 0.99 0.98 0.99 0.99 0.98 0.98 0.98 0.98 0.98 0.90 0.95 0.94 0.96 0.83 0.88 0.88 0.88
0.72 0.80 0.80 0.77 0.45 0.75 0.80 0.76 0.71 0.77 0.83 0.86 0.77 0.94 1.00 0.82 0.46 0.82 0.63 0.78 0.94 0.94 0.97 0.82 0.43 0.58 0.78 0.40 0.70 0.78 0.78 0.78 0.82 0.78 0.78 0.78 0.74 0.78 0.74 0.56 0.36 0.50 0.40 0.49 0.49 0.47 0.49 0.49 0.46 0.47 0.47 0.47 0.05 0.40 0.40 0.40 0.40 0.40 0.08 0.07 0.01 0.04 0.63 0.71 0.71 0.71 0.71 0.72 0.68 0.72 0.72 0.66 0.71 0.67 0.65 0.65 0.46 0.58 0.53 0.60 0.34 0.39 0.39 0.39
0.76 0.84 0.84 0.82 0.49 0.79 0.84 0.80 0.75 0.81 0.87 0.88 0.81 0.96 1.00 0.85 0.50 0.85 0.67 0.82 0.96 0.96 0.98 0.85 0.48 0.62 0.82 0.44 0.73 0.82 0.81 0.81 0.85 0.82 0.81 0.81 0.78 0.82 0.78 0.60 0.40 0.54 0.43 0.53 0.53 0.51 0.53 0.52 0.50 0.51 0.51 0.51 0.06 0.44 0.44 0.44 0.44 0.44 0.09 0.08 0.01 0.05 0.67 0.75 0.75 0.75 0.75 0.76 0.72 0.76 0.76 0.70 0.75 0.71 0.69 0.69 0.50 0.62 0.57 0.64 0.39 0.43 0.43 0.43
0.93 0.96 0.96 0.95 0.72 0.94 0.96 0.94 0.91 0.95 0.96 0.97 0.95 0.99 1.00 0.96 0.67 0.96 0.87 0.96 0.99 0.99 1.00 0.96 0.70 0.84 0.96 0.66 0.91 0.96 0.96 0.96 0.96 0.96 0.96 0.96 0.93 0.96 0.93 0.82 0.67 0.79 0.71 0.79 0.79 0.78 0.79 0.79 0.77 0.78 0.78 0.78 0.21 0.72 0.72 0.72 0.72 0.72 0.23 0.23 0.04 0.12 0.89 0.93 0.93 0.93 0.93 0.94 0.92 0.94 0.94 0.92 0.93 0.91 0.91 0.91 0.78 0.86 0.83 0.87 0.68 0.73 0.73 0.73
0.70 0.80 0.80 0.77 0.43 0.73 0.80 0.75 0.71 0.76 0.83 0.86 0.76 0.94 1.00 0.81 0.45 0.81 0.61 0.77 0.94 0.94 0.98 0.81 0.42 0.56 0.77 0.39 0.68 0.77 0.77 0.77 0.81 0.77 0.77 0.77 0.73 0.77 0.73 0.55 0.34 0.49 0.38 0.47 0.47 0.45 0.47 0.47 0.44 0.45 0.45 0.45 0.05 0.38 0.38 0.38 0.38 0.38 0.07 0.06 0.01 0.04 0.61 0.69 0.69 0.69 0.69 0.71 0.66 0.71 0.71 0.64 0.69 0.65 0.63 0.62 0.44 0.56 0.51 0.58 0.33 0.37 0.37 0.37
1.00 1.00 1.00 1.00 0.94 1.00 1.00 1.00 0.99 1.00 1.00 1.00 1.00 1.00 1.00 1.00 0.88 1.00 0.99 1.00 1.00 1.00 1.00 1.00 0.94 0.98 1.00 0.89 0.99 1.00 1.00 1.00 1.00 1.00 1.00 1.00 0.99 1.00 0.99 0.98 0.94 0.97 0.95 0.97 0.97 0.97 0.97 0.97 0.97 0.97 0.97 0.97 0.58 0.95 0.95 0.95 0.95 0.95 0.56 0.56 0.23 0.34 0.99 1.00 1.00 1.00 1.00 1.00 1.00 1.00 1.00 1.00 1.00 1.00 1.00 1.00 0.96 0.99 0.98 0.99 0.93 0.96 0.96 0.96
0.85 0.90 0.90 0.88 0.59 0.87 0.90 0.87 0.83 0.88 0.92 0.93 0.88 0.97 1.00 0.90 0.57 0.91 0.76 0.89 0.97 0.97 0.99 0.91 0.57 0.72 0.89 0.52 0.82 0.89 0.89 0.89 0.91 0.89 0.89 0.89 0.86 0.89 0.86 0.71 0.52 0.66 0.56 0.66 0.66 0.64 0.66 0.65 0.63 0.64 0.64 0.64 0.11 0.58 0.58 0.58 0.58 0.58 0.14 0.14 0.02 0.07 0.78 0.85 0.85 0.85 0.85 0.85 0.83 0.85 0.85 0.81 0.85 0.82 0.80 0.80 0.62 0.74 0.71 0.76 0.51 0.56 0.56 0.56
0.96 0.98 0.98 0.97 0.80 0.97 0.98 0.97 0.95 0.97 0.98 0.98 0.97 0.99 1.00 0.97 0.74 0.98 0.92 0.98 0.99 0.99 1.00 0.98 0.77 0.90 0.98 0.72 0.95 0.98 0.98 0.98 0.98 0.98 0.98 0.98 0.96 0.98 0.96 0.88 0.77 0.86 0.79 0.86 0.86 0.85 0.86 0.86 0.85 0.85 0.85 0.85 0.29 0.80 0.80 0.80 0.80 0.80 0.31 0.30 0.06 0.16 0.93 0.96 0.96 0.96 0.96 0.97 0.95 0.97 0.97 0.95 0.96 0.95 0.95 0.95 0.84 0.91 0.89 0.92 0.76 0.82 0.82 0.82
0.95 0.97 0.97 0.97 0.77 0.96 0.97 0.96 0.93 0.97 0.97 0.98 0.97 0.99 1.00 0.97 0.71 0.97 0.91 0.97 0.99 0.99 1.00 0.97 0.75 0.88 0.97 0.70 0.94 0.97 0.97 0.97 0.97 0.97 0.97 0.97 0.95 0.97 0.95 0.85 0.73 0.84 0.76 0.83 0.83 0.82 0.83 0.83 0.82 0.82 0.82 0.82 0.26 0.78 0.78 0.78 0.78 0.78 0.27 0.27 0.05 0.14 0.92 0.96 0.96 0.96 0.96 0.96 0.94 0.96 0.96 0.94 0.96 0.94 0.94 0.94 0.81 0.90 0.87 0.91 0.73 0.78 0.78 0.78
0.90 0.95 0.95 0.93 0.68 0.92 0.95 0.93 0.89 0.93 0.95 0.96 0.93 0.98 1.00 0.94 0.64 0.95 0.84 0.94 0.98 0.98 0.99 0.95 0.66 0.80 0.94 0.61 0.89 0.94 0.94 0.94 0.95 0.94 0.94 0.94 0.91 0.94 0.91 0.79 0.62 0.76 0.66 0.75 0.75 0.73 0.75 0.75 0.73 0.73 0.73 0.73 0.16 0.68 0.68 0.68 0.68 0.68 0.21 0.20 0.03 0.09 0.85 0.90 0.90 0.90 0.90 0.91 0.89 0.91 0.91 0.88 0.90 0.88 0.87 0.87 0.72 0.82 0.79 0.83 0.61 0.66 0.66 0.66
0.93 0.96 0.96 0.95 0.72 0.94 0.96 0.94 0.92 0.95 0.96 0.97 0.95 0.99 1.00 0.96 0.67 0.96 0.88 0.96 0.99 0.99 1.00 0.96 0.69 0.84 0.96 0.64 0.91 0.96 0.95 0.95 0.96 0.96 0.95 0.95 0.93 0.96 0.93 0.82 0.68 0.80 0.71 0.79 0.79 0.78 0.79 0.79 0.77 0.78 0.78 0.78 0.21 0.73 0.73 0.73 0.73 0.73 0.23 0.23 0.04 0.12 0.89 0.94 0.94 0.94 0.94 0.94 0.92 0.94 0.94 0.92 0.94 0.92 0.91 0.91 0.78 0.87 0.84 0.88 0.69 0.74 0.74 0.74
0.74 0.83 0.83 0.80 0.47 0.77 0.83 0.78 0.73 0.79 0.85 0.87 0.79 0.95 1.00 0.84 0.49 0.84 0.65 0.80 0.95 0.95 0.98 0.84 0.46 0.59 0.80 0.42 0.71 0.80 0.80 0.80 0.84 0.80 0.80 0.80 0.75 0.80 0.75 0.59 0.38 0.52 0.41 0.51 0.51 0.49 0.51 0.51 0.48 0.49 0.49 0.49 0.06 0.42 0.42 0.42 0.42 0.42 0.08 0.07 0.01 0.04 0.65 0.73 0.73 0.73 0.73 0.74 0.70 0.74 0.74 0.68 0.73 0.69 0.67 0.67 0.48 0.60 0.55 0.62 0.37 0.41 0.41 0.41
0.80 0.87 0.87 0.84 0.54 0.82 0.87 0.83 0.79 0.84 0.88 0.90 0.84 0.96 1.00 0.87 0.52 0.88 0.72 0.85 0.96 0.96 0.98 0.88 0.51 0.66 0.85 0.47 0.78 0.85 0.85 0.85 0.88 0.85 0.85 0.85 0.81 0.85 0.81 0.65 0.44 0.60 0.49 0.58 0.58 0.57 0.58 0.58 0.56 0.57 0.57 0.57 0.09 0.50 0.50 0.50 0.50 0.50 0.11 0.11 0.01 0.06 0.72 0.79 0.79 0.79 0.79 0.80 0.77 0.80 0.80 0.75 0.79 0.76 0.74 0.74 0.56 0.67 0.63 0.69 0.44 0.49 0.49 0.49
0.77 0.85 0.85 0.82 0.51 0.80 0.85 0.81 0.76 0.82 0.87 0.89 0.82 0.96 1.00 0.86 0.50 0.86 0.68 0.83 0.96 0.96 0.98 0.86 0.48 0.63 0.83 0.44 0.75 0.83 0.83 0.83 0.86 0.83 0.83 0.83 0.79 0.83 0.79 0.62 0.40 0.55 0.44 0.54 0.54 0.52 0.54 0.54 0.51 0.52 0.52 0.52 0.07 0.45 0.45 0.45 0.45 0.45 0.10 0.08 0.01 0.05 0.68 0.76 0.76 0.76 0.76 0.77 0.73 0.77 0.77 0.72 0.76 0.73 0.71 0.71 0.51 0.62 0.58 0.64 0.40 0.44 0.44 0.44
1.00 1.00 1.00 1.00 0.96 1.00 1.00 1.00 0.99 1.00 1.00 1.00 1.00 1.00 1.00 1.00 0.90 1.00 0.99 1.00 1.00 1.00 1.00 1.00 0.95 0.98 1.00 0.91 0.99 1.00 1.00 1.00 1.00 1.00 1.00 1.00 1.00 1.00 1.00 0.98 0.95 0.98 0.96 0.98 0.98 0.98 0.98 0.98 0.98 0.98 0.98 0.98 0.62 0.97 0.97 0.97 0.97 0.97 0.60 0.62 0.26 0.37 0.99 1.00 1.00 1.00 1.00 1.00 1.00 1.00 1.00 1.00 1.00 1.00 1.00 1.00 0.97 0.99 0.99 0.99 0.94 0.97 0.97 0.97
0.93 0.96 0.96 0.95 0.72 0.94 0.96 0.94 0.91 0.95 0.96 0.96 0.95 0.99 1.00 0.96 0.67 0.96 0.87 0.96 0.99 0.99 1.00 0.96 0.70 0.84 0.96 0.65 0.91 0.96 0.96 0.95 0.96 0.96 0.96 0.96 0.93 0.96 0.93 0.82 0.67 0.79 0.70 0.79 0.79 0.77 0.79 0.78 0.77 0.77 0.77 0.77 0.20 0.72 0.72 0.72 0.72 0.72 0.23 0.22 0.04 0.12 0.88 0.93 0.93 0.93 0.93 0.93 0.91 0.93 0.93 0.91 0.93 0.91 0.91 0.90 0.76 0.86 0.83 0.87 0.67 0.71 0.71 0.71
0.85 0.91 0.91 0.89 0.60 0.87 0.91 0.88 0.83 0.89 0.92 0.93 0.89 0.97 1.00 0.90 0.58 0.90 0.77 0.89 0.97 0.97 0.99 0.90 0.57 0.72 0.89 0.52 0.82 0.89 0.89 0.89 0.90 0.89 0.89 0.89 0.86 0.89 0.86 0.72 0.52 0.66 0.56 0.65 0.65 0.64 0.65 0.65 0.63 0.64 0.64 0.64 0.11 0.58 0.58 0.58 0.58 0.58 0.14 0.13 0.01 0.07 0.79 0.85 0.85 0.85 0.85 0.86 0.82 0.86 0.86 0.82 0.85 0.82 0.81 0.81 0.63 0.73 0.70 0.75 0.51 0.57 0.57 0.57
0.90 0.94 0.94 0.93 0.66 0.91 0.94 0.92 0.89 0.92 0.95 0.95 0.92 0.98 1.00 0.94 0.64 0.94 0.84 0.94 0.98 0.98 0.99 0.94 0.64 0.80 0.94 0.60 0.89 0.94 0.94 0.94 0.94 0.94 0.94 0.94 0.91 0.94 0.91 0.78 0.61 0.74 0.64 0.74 0.74 0.73 0.74 0.74 0.72 0.73 0.73 0.73 0.17 0.67 0.67 0.67 0.67 0.67 0.20 0.19 0.03 0.10 0.84 0.90 0.90 0.90 0.90 0.90 0.88 0.90 0.90 0.87 0.90 0.88 0.87 0.86 0.70 0.81 0.78 0.82 0.60 0.65 0.65 0.65
0.90 0.94 0.94 0.93 0.67 0.92 0.94 0.92 0.88 0.93 0.94 0.95 0.93 0.99 1.00 0.94 0.64 0.94 0.84 0.94 0.99 0.99 0.99 0.94 0.65 0.80 0.94 0.60 0.88 0.94 0.94 0.94 0.94 0.94 0.94 0.94 0.91 0.94 0.91 0.78 0.61 0.74 0.65 0.74 0.74 0.72 0.74 0.74 0.72 0.72 0.72 0.72 0.16 0.67 0.67 0.67 0.67 0.67 0.19 0.19 0.03 0.10 0.85 0.90 0.90 0.90 0.90 0.91 0.88 0.91 0.91 0.88 0.90 0.88 0.87 0.87 0.72 0.81 0.78 0.83 0.61 0.67 0.67 0.67
0.68 0.77 0.77 0.74 0.42 0.71 0.77 0.72 0.68 0.74 0.81 0.84 0.74 0.94 1.00 0.79 0.43 0.79 0.58 0.74 0.94 0.94 0.97 0.79 0.40 0.53 0.74 0.35 0.65 0.74 0.74 0.74 0.79 0.74 0.74 0.74 0.69 0.74 0.69 0.52 0.31 0.45 0.35 0.43 0.43 0.41 0.43 0.43 0.40 0.41 0.41 0.41 0.04 0.35 0.35 0.35 0.35 0.35 0.06 0.05 0.00 0.03 0.58 0.67 0.67 0.67 0.67 0.68 0.63 0.68 0.68 0.61 0.67 0.62 0.60 0.59 0.41 0.52 0.47 0.54 0.30 0.34 0.34 0.34
0.89 0.94 0.94 0.92 0.66 0.91 0.94 0.92 0.88 0.92 0.94 0.95 0.92 0.98 1.00 0.93 0.62 0.94 0.83 0.93 0.98 0.98 0.99 0.94 0.63 0.79 0.93 0.58 0.88 0.93 0.93 0.93 0.94 0.93 0.93 0.93 0.90 0.93 0.90 0.77 0.59 0.73 0.63 0.72 0.72 0.71 0.72 0.72 0.70 0.71 0.71 0.71 0.15 0.65 0.65 0.65 0.65 0.65 0.18 0.18 0.02 0.10 0.85 0.90 0.90 0.90 0.90 0.90 0.88 0.90 0.90 0.87 0.90 0.87 0.86 0.86 0.71 0.81 0.76 0.82 0.60 0.66 0.66 0.66
0.98 0.99 0.99 0.99 0.85 0.98 0.99 0.98 0.97 0.99 0.99 0.99 0.99 1.00 1.00 0.99 0.78 0.99 0.95 0.99 1.00 1.00 1.00 0.99 0.83 0.93 0.99 0.78 0.97 0.99 0.99 0.99 0.99 0.99 0.99 0.99 0.98 0.99 0.98 0.91 0.83 0.91 0.85 0.91 0.91 0.90 0.91 0.91 0.90 0.90 0.90 0.90 0.36 0.86 0.86 0.86 0.86 0.86 0.37 0.38 0.09 0.20 0.96 0.98 0.98 0.98 0.98 0.98 0.98 0.98 0.98 0.98 0.98 0.97 0.97 0.97 0.89 0.95 0.93 0.95 0.83 0.87 0.87 0.87
0.89 0.93 0.93 0.92 0.65 0.91 0.93 0.91 0.87 0.92 0.94 0.94 0.92 0.98 1.00 0.93 0.62 0.93 0.82 0.92 0.98 0.98 0.99 0.93 0.62 0.78 0.92 0.58 0.87 0.92 0.92 0.92 0.93 0.92 0.92 0.92 0.88 0.92 0.88 0.77 0.58 0.72 0.62 0.71 0.71 0.70 0.71 0.71 0.69 0.70 0.70 0.70 0.15 0.63 0.63 0.63 0.63 0.63 0.18 0.17 0.02 0.09 0.83 0.89 0.89 0.89 0.89 0.90 0.87 0.90 0.90 0.87 0.89 0.87 0.86 0.86 0.69 0.79 0.76 0.81 0.58 0.63 0.63 0.63
0.78 0.85 0.85 0.83 0.51 0.81 0.85 0.81 0.76 0.82 0.87 0.89 0.82 0.96 1.00 0.86 0.51 0.86 0.68 0.83 0.96 0.96 0.98 0.86 0.49 0.64 0.83 0.45 0.75 0.83 0.82 0.82 0.86 0.83 0.82 0.83 0.79 0.83 0.79 0.63 0.42 0.57 0.46 0.56 0.56 0.54 0.56 0.55 0.52 0.54 0.54 0.54 0.07 0.47 0.47 0.47 0.47 0.47 0.10 0.09 0.01 0.05 0.69 0.77 0.77 0.77 0.77 0.78 0.74 0.78 0.78 0.73 0.77 0.74 0.71 0.71 0.52 0.64 0.60 0.66 0.40 0.46 0.46 0.46
0.94 0.97 0.97 0.96 0.75 0.95 0.97 0.95 0.93 0.96 0.97 0.97 0.96 0.99 1.00 0.97 0.70 0.97 0.89 0.97 0.99 0.99 1.00 0.97 0.73 0.86 0.97 0.67 0.93 0.97 0.97 0.97 0.97 0.97 0.97 0.97 0.94 0.97 0.94 0.85 0.71 0.82 0.74 0.82 0.82 0.81 0.82 0.82 0.80 0.81 0.81 0.81 0.23 0.76 0.76 0.76 0.76 0.76 0.26 0.26 0.04 0.13 0.91 0.95 0.95 0.95 0.95 0.95 0.93 0.95 0.95 0.93 0.95 0.93 0.93 0.93 0.80 0.88 0.86 0.89 0.70 0.75 0.75 0.75
0.72 0.81 0.81 0.78 0.46 0.75 0.81 0.76 0.72 0.77 0.84 0.86 0.77 0.94 1.00 0.82 0.46 0.82 0.62 0.78 0.94 0.94 0.98 0.82 0.43 0.57 0.78 0.39 0.68 0.78 0.77 0.77 0.82 0.78 0.77 0.77 0.73 0.78 0.73 0.56 0.36 0.50 0.40 0.49 0.49 0.47 0.49 0.48 0.45 0.47 0.47 0.47 0.05 0.40 0.40 0.40 0.40 0.40 0.08 0.07 0.00 0.04 0.63 0.71 0.71 0.71 0.71 0.73 0.68 0.73 0.73 0.66 0.71 0.67 0.64 0.64 0.46 0.57 0.52 0.59 0.34 0.39 0.39 0.39
0.91 0.95 0.95 0.94 0.69 0.93 0.95 0.93 0.90 0.94 0.95 0.96 0.94 0.99 1.00 0.94 0.65 0.95 0.86 0.94 0.99 0.99 0.99 0.95 0.67 0.82 0.94 0.62 0.89 0.94 0.94 0.94 0.95 0.94 0.94 0.94 0.91 0.94 0.91 0.79 0.63 0.76 0.66 0.76 0.76 0.74 0.76 0.76 0.74 0.74 0.74 0.74 0.18 0.69 0.69 0.69 0.69 0.69 0.21 0.20 0.03 0.11 0.87 0.92 0.92 0.92 0.92 0.92 0.90 0.92 0.92 0.90 0.92 0.90 0.89 0.89 0.73 0.84 0.81 0.85 0.63 0.69 0.69 0.69
0.63 0.75 0.75 0.71 0.38 0.66 0.75 0.69 0.64 0.69 0.79 0.82 0.69 0.92 1.00 0.76 0.40 0.75 0.52 0.69 0.92 0.92 0.96 0.75 0.36 0.48 0.69 0.31 0.59 0.69 0.68 0.68 0.75 0.69 0.68 0.68 0.64 0.69 0.64 0.48 0.27 0.40 0.30 0.38 0.38 0.36 0.38 0.38 0.35 0.36 0.36 0.36 0.03 0.30 0.30 0.30 0.30 0.30 0.04 0.04 0.00 0.03 0.52 0.62 0.62 0.62 0.62 0.63 0.58 0.63 0.63 0.56 0.62 0.57 0.54 0.54 0.36 0.47 0.43 0.49 0.25 0.29 0.29 0.29
0.76 0.84 0.84 0.81 0.50 0.79 0.84 0.80 0.75 0.81 0.86 0.88 0.81 0.96 1.00 0.84 0.49 0.85 0.67 0.82 0.96 0.96 0.98 0.85 0.49 0.62 0.82 0.45 0.73 0.82 0.81 0.81 0.85 0.82 0.81 0.81 0.77 0.82 0.77 0.61 0.40 0.54 0.44 0.53 0.53 0.51 0.53 0.53 0.50 0.51 0.51 0.51 0.07 0.45 0.45 0.45 0.45 0.45 0.09 0.08 0.01 0.05 0.67 0.75 0.75 0.75 0.75 0.76 0.72 0.76 0.76 0.71 0.75 0.72 0.70 0.69 0.50 0.62 0.58 0.64 0.40 0.44 0.44 0.44
0.96 0.98 0.98 0.98 0.80 0.97 0.98 0.97 0.95 0.98 0.98 0.98 0.98 0.99 1.00 0.97 0.74 0.98 0.92 0.98 0.99 0.99 1.00 0.98 0.77 0.89 0.98 0.72 0.95 0.98 0.98 0.98 0.98 0.98 0.98 0.98 0.96 0.98 0.96 0.89 0.77 0.87 0.80 0.86 0.86 0.86 0.86 0.86 0.85 0.86 0.86 0.86 0.30 0.81 0.81 0.81 0.81 0.81 0.31 0.31 0.07 0.17 0.94 0.97 0.97 0.97 0.97 0.97 0.96 0.97 0.97 0.96 0.97 0.96 0.96 0.95 0.85 0.92 0.90 0.93 0.77 0.82 0.82 0.82
1.00 1.00 1.00 1.00 0.96 1.00 1.00 1.00 1.00 1.00 1.00 1.00 1.00 1.00 1.00 1.00 0.91 1.00 0.99 1.00 1.00 1.00 1.00 1.00 0.95 0.99 1.00 0.92 1.00 1.00 1.00 1.00 1.00 1.00 1.00 1.00 1.00 1.00 1.00 0.98 0.96 0.98 0.96 0.98 0.98 0.98 0.98 0.98 0.98 0.98 0.98 0.98 0.65 0.97 0.97 0.97 0.97 0.97 0.61 0.63 0.28 0.38 1.00 1.00 1.00 1.00 1.00 1.00 1.00 1.00 1.00 1.00 1.00 1.00 1.00 1.00 0.98 0.99 0.99 0.99 0.95 0.98 0.98 0.98
0.89 0.94 0.94 0.92 0.66 0.91 0.94 0.91 0.87 0.92 0.94 0.95 0.92 0.98 1.00 0.93 0.63 0.93 0.82 0.93 0.98 0.98 0.99 0.93 0.63 0.78 0.93 0.58 0.87 0.93 0.92 0.92 0.93 0.93 0.92 0.92 0.90 0.93 0.90 0.77 0.59 0.73 0.63 0.72 0.72 0.71 0.72 0.72 0.70 0.71 0.71 0.71 0.15 0.64 0.64 0.64 0.64 0.64 0.18 0.18 0.02 0.09 0.84 0.89 0.89 0.89 0.89 0.90 0.87 0.90 0.90 0.87 0.89 0.87 0.86 0.86 0.70 0.80 0.76 0.81 0.59 0.65 0.65 0.65
0.98 0.99 0.99 0.99 0.86 0.99 0.99 0.99 0.97 0.99 0.99 0.99 0.99 1.00 1.00 0.99 0.80 0.99 0.96 0.99 1.00 1.00 1.00 0.99 0.85 0.94 0.99 0.80 0.97 0.99 0.99 0.99 0.99 0.99 0.99 0.99 0.98 0.99 0.98 0.92 0.84 0.91 0.86 0.91 0.91 0.91 0.91 0.91 0.91 0.91 0.91 0.91 0.39 0.88 0.88 0.88 0.88 0.88 0.39 0.39 0.10 0.21 0.97 0.99 0.99 0.99 0.99 0.99 0.98 0.99 0.99 0.98 0.99 0.98 0.98 0.98 0.90 0.96 0.94 0.96 0.84 0.89 0.89 0.89
1.00 1.00 1.00 1.00 0.94 1.00 1.00 1.00 0.99 1.00 1.00 1.00 1.00 1.00 1.00 1.00 0.88 1.00 0.98 1.00 1.00 1.00 1.00 1.00 0.93 0.98 1.00 0.89 0.99 1.00 1.00 1.00 1.00 1.00 1.00 1.00 1.00 1.00 1.00 0.97 0.93 0.97 0.94 0.97 0.97 0.97 0.97 0.97 0.97 0.97 0.97 0.97 0.57 0.95 0.95 0.95 0.95 0.95 0.55 0.56 0.22 0.33 0.99 1.00 1.00 1.00 1.00 1.00 1.00 1.00 1.00 1.00 1.00 1.00 1.00 1.00 0.96 0.99 0.98 0.99 0.93 0.96 0.96 0.96
1.00 1.00 1.00 1.00 0.96 1.00 1.00 1.00 0.99 1.00 1.00 1.00 1.00 1.00 1.00 1.00 0.91 1.00 0.99 1.00 1.00 1.00 1.00 1.00 0.95 0.99 1.00 0.92 1.00 1.00 1.00 1.00 1.00 1.00 1.00 1.00 1.00 1.00 1.00 0.98 0.96 0.98 0.97 0.98 0.98 0.98 0.98 0.98 0.98 0.98 0.98 0.98 0.66 0.97 0.97 0.97 0.97 0.97 0.62 0.63 0.28 0.39 1.00 1.00 1.00 1.00 1.00 1.00 1.00 1.00 1.00 1.00 1.00 1.00 1.00 1.00 0.97 1.00 0.99 1.00 0.96 0.98 0.98 0.98
0.95 0.98 0.98 0.96 0.77 0.96 0.98 0.96 0.93 0.97 0.97 0.98 0.97 0.99 1.00 0.97 0.71 0.97 0.91 0.97 0.99 0.99 1.00 0.97 0.75 0.88 0.97 0.70 0.93 0.97 0.97 0.97 0.97 0.97 0.97 0.97 0.95 0.97 0.95 0.86 0.73 0.84 0.76 0.83 0.83 0.83 0.83 0.83 0.82 0.83 0.83 0.83 0.25 0.78 0.78 0.78 0.78 0.78 0.27 0.27 0.05 0.14 0.92 0.96 0.96 0.96 0.96 0.96 0.94 0.96 0.96 0.94 0.96 0.94 0.94 0.94 0.82 0.90 0.87 0.91 0.73 0.79 0.79 0.79
0.98 0.99 0.99 0.99 0.85 0.99 0.99 0.98 0.97 0.99 0.99 0.99 0.99 1.00 1.00 0.99 0.79 0.99 0.95 0.99 1.00 1.00 1.00 0.99 0.83 0.93 0.99 0.78 0.97 0.99 0.99 0.99 0.99 0.99 0.99 0.99 0.98 0.99 0.98 0.91 0.82 0.91 0.85 0.90 0.90 0.90 0.90 0.90 0.90 0.90 0.90 0.90 0.35 0.86 0.86 0.86 0.86 0.86 0.37 0.38 0.09 0.20 0.96 0.98 0.98 0.98 0.98 0.98 0.98 0.98 0.98 0.98 0.98 0.98 0.97 0.97 0.89 0.95 0.93 0.95 0.83 0.87 0.87 0.87
0.99 1.00 1.00 0.99 0.89 0.99 1.00 0.99 0.98 0.99 0.99 0.99 0.99 1.00 1.00 0.99 0.82 1.00 0.97 1.00 1.00 1.00 1.00 1.00 0.88 0.96 1.00 0.83 0.98 1.00 0.99 0.99 1.00 1.00 0.99 0.99 0.99 1.00 0.99 0.94 0.88 0.94 0.90 0.94 0.94 0.94 0.94 0.94 0.93 0.94 0.94 0.94 0.44 0.91 0.91 0.91 0.91 0.91 0.44 0.45 0.13 0.24 0.98 0.99 0.99 0.99 0.99 0.99 0.99 0.99 0.99 0.99 0.99 0.99 0.99 0.99 0.93 0.97 0.96 0.98 0.88 0.92 0.92 0.92
0.80 0.88 0.88 0.85 0.55 0.83 0.88 0.84 0.80 0.85 0.89 0.91 0.85 0.96 1.00 0.87 0.53 0.88 0.73 0.86 0.96 0.96 0.98 0.88 0.52 0.68 0.86 0.48 0.78 0.86 0.85 0.85 0.88 0.86 0.85 0.86 0.82 0.86 0.82 0.66 0.47 0.61 0.50 0.60 0.60 0.58 0.60 0.59 0.57 0.58 0.58 0.58 0.09 0.51 0.51 0.51 0.51 0.51 0.12 0.11 0.01 0.06 0.73 0.80 0.80 0.80 0.80 0.81 0.78 0.81 0.81 0.77 0.80 0.77 0.75 0.75 0.58 0.69 0.64 0.71 0.46 0.51 0.51 0.51
0.97 0.99 0.99 0.98 0.80 0.98 0.99 0.97 0.95 0.98 0.98 0.99 0.98 1.00 1.00 0.98 0.74 0.98 0.93 0.98 1.00 1.00 1.00 0.98 0.78 0.90 0.98 0.73 0.95 0.98 0.98 0.98 0.98 0.98 0.98 0.98 0.97 0.98 0.97 0.89 0.78 0.87 0.81 0.87 0.87 0.86 0.87 0.87 0.86 0.86 0.86 0.86 0.31 0.82 0.82 0.82 0.82 0.82 0.31 0.32 0.07 0.17 0.94 0.97 0.97 0.97 0.97 0.97 0.96 0.97 0.97 0.96 0.97 0.96 0.96 0.96 0.86 0.93 0.90 0.94 0.78 0.83 0.83 0.83
0.93 0.96 0.96 0.95 0.73 0.94 0.96 0.94 0.91 0.95 0.96 0.97 0.95 0.99 1.00 0.96 0.67 0.96 0.87 0.96 0.99 0.99 0.99 0.96 0.69 0.84 0.96 0.64 0.91 0.96 0.95 0.95 0.96 0.96 0.95 0.95 0.93 0.96 0.93 0.83 0.67 0.80 0.71 0.80 0.80 0.78 0.80 0.79 0.78 0.78 0.78 0.78 0.21 0.73 0.73 0.73 0.73 0.73 0.24 0.24 0.04 0.12 0.88 0.93 0.93 0.93 0.93 0.93 0.92 0.93 0.93 0.91 0.93 0.92 0.90 0.91 0.77 0.86 0.83 0.87 0.67 0.72 0.72 0.72
0.77 0.85 0.85 0.82 0.50 0.79 0.85 0.81 0.76 0.81 0.87 0.89 0.81 0.95 1.00 0.85 0.50 0.85 0.68 0.82 0.95 0.95 0.98 0.85 0.47 0.62 0.82 0.44 0.74 0.83 0.82 0.82 0.85 0.83 0.82 0.82 0.78 0.83 0.78 0.61 0.40 0.54 0.44 0.53 0.53 0.51 0.53 0.53 0.50 0.51 0.51 0.51 0.07 0.45 0.45 0.45 0.45 0.45 0.09 0.08 0.01 0.05 0.68 0.76 0.76 0.76 0.76 0.77 0.73 0.77 0.77 0.72 0.76 0.72 0.70 0.70 0.52 0.62 0.58 0.65 0.39 0.45 0.45 0.45
0.98 0.99 0.99 0.99 0.86 0.99 0.99 0.99 0.97 0.99 0.99 0.99 0.99 1.00 1.00 0.99 0.80 0.99 0.95 0.99 1.00 1.00 1.00 0.99 0.84 0.94 0.99 0.78 0.97 0.99 0.99 0.99 0.99 0.99 0.99 0.99 0.98 0.99 0.98 0.92 0.84 0.92 0.86 0.92 0.92 0.91 0.92 0.91 0.91 0.91 0.91 0.91 0.38 0.88 0.88 0.88 0.88 0.88 0.39 0.39 0.10 0.21 0.96 0.98 0.98 0.98 0.98 0.99 0.98 0.99 0.99 0.98 0.98 0.98 0.98 0.98 0.90 0.96 0.94 0.96 0.83 0.88 0.88 0.88
0.87 0.92 0.92 0.90 0.62 0.89 0.92 0.89 0.86 0.90 0.93 0.94 0.90 0.98 1.00 0.92 0.59 0.91 0.79 0.91 0.98 0.98 0.99 0.91 0.59 0.75 0.91 0.55 0.84 0.91 0.90 0.90 0.91 0.91 0.90 0.90 0.87 0.91 0.87 0.73 0.55 0.69 0.59 0.68 0.68 0.67 0.68 0.68 0.66 0.67 0.67 0.67 0.13 0.60 0.60 0.60 0.60 0.60 0.16 0.15 0.02 0.09 0.81 0.87 0.87 0.87 0.87 0.88 0.85 0.88 0.88 0.84 0.87 0.84 0.83 0.83 0.65 0.77 0.73 0.78 0.55 0.61 0.61 0.61
0.99 0.99 0.99 0.99 0.88 0.99 0.99 0.99 0.98 0.99 0.99 0.99 0.99 1.00 1.00 0.99 0.81 0.99 0.96 1.00 1.00 1.00 1.00 0.99 0.87 0.95 1.00 0.82 0.98 1.00 1.00 1.00 0.99 1.00 1.00 1.00 0.99 1.00 0.99 0.94 0.87 0.93 0.89 0.93 0.93 0.93 0.93 0.93 0.93 0.93 0.93 0.93 0.43 0.90 0.90 0.90 0.90 0.90 0.43 0.43 0.12 0.24 0.97 0.99 0.99 0.99 0.99 0.99 0.99 0.99 0.99 0.99 0.99 0.99 0.99 0.98 0.92 0.97 0.96 0.97 0.86 0.91 0.91 0.91
1.00 1.00 1.00 1.00 0.95 1.00 1.00 1.00 0.99 1.00 1.00 1.00 1.00 1.00 1.00 1.00 0.89 1.00 0.99 1.00 1.00 1.00 1.00 1.00 0.94 0.98 1.00 0.90 0.99 1.00 1.00 1.00 1.00 1.00 1.00 1.00 1.00 1.00 1.00 0.98 0.94 0.97 0.95 0.97 0.97 0.97 0.97 0.97 0.97 0.97 0.97 0.97 0.61 0.96 0.96 0.96 0.96 0.96 0.58 0.59 0.25 0.35 0.99 1.00 1.00 1.00 1.00 1.00 1.00 1.00 1.00 1.00 1.00 1.00 1.00 1.00 0.97 0.99 0.98 0.99 0.94 0.97 0.97 0.97
0.92 0.95 0.95 0.94 0.71 0.93 0.95 0.94 0.90 0.94 0.96 0.96 0.94 0.99 1.00 0.95 0.66 0.96 0.86 0.95 0.99 0.99 0.99 0.96 0.69 0.82 0.95 0.63 0.90 0.95 0.95 0.95 0.96 0.95 0.95 0.95 0.92 0.95 0.92 0.80 0.64 0.77 0.68 0.77 0.77 0.75 0.77 0.77 0.75 0.75 0.75 0.75 0.19 0.70 0.70 0.70 0.70 0.70 0.22 0.21 0.03 0.11 0.88 0.92 0.92 0.92 0.92 0.93 0.90 0.93 0.93 0.90 0.92 0.90 0.89 0.89 0.75 0.85 0.82 0.86 0.65 0.70 0.70 0.70
0.87 0.92 0.92 0.90 0.62 0.89 0.92 0.89 0.85 0.90 0.93 0.94 0.90 0.98 1.00 0.92 0.59 0.92 0.80 0.91 0.98 0.98 0.99 0.92 0.61 0.76 0.91 0.56 0.85 0.91 0.91 0.91 0.92 0.91 0.91 0.91 0.88 0.91 0.88 0.74 0.55 0.70 0.59 0.69 0.69 0.67 0.69 0.69 0.67 0.67 0.67 0.67 0.13 0.61 0.61 0.61 0.61 0.61 0.16 0.15 0.02 0.08 0.80 0.87 0.87 0.87 0.87 0.87 0.85 0.87 0.87 0.83 0.87 0.84 0.82 0.82 0.65 0.77 0.73 0.78 0.54 0.60 0.60 0.60
1.00 1.00 1.00 1.00 0.94 1.00 1.00 1.00 0.99 1.00 1.00 1.00 1.00 1.00 1.00 1.00 0.88 1.00 0.98 1.00 1.00 1.00 1.00 1.00 0.94 0.98 1.00 0.89 0.99 1.00 1.00 1.00 1.00 1.00 1.00 1.00 1.00 1.00 1.00 0.97 0.94 0.97 0.95 0.97 0.97 0.97 0.97 0.97 0.97 0.97 0.97 0.97 0.58 0.96 0.96 0.96 0.96 0.96 0.56 0.57 0.21 0.32 0.99 1.00 1.00 1.00 1.00 1.00 1.00 1.00 1.00 1.00 1.00 1.00 1.00 1.00 0.96 0.99 0.98 0.99 0.93 0.96 0.96 0.96
0.98 0.99 0.99 0.98 0.84 0.98 0.99 0.98 0.96 0.98 0.99 0.99 0.98 1.00 1.00 0.99 0.78 0.99 0.95 0.99 1.00 1.00 1.00 0.99 0.82 0.93 0.99 0.77 0.97 0.99 0.99 0.99 0.99 0.99 0.99 0.99 0.98 0.99 0.98 0.91 0.82 0.90 0.84 0.89 0.89 0.89 0.89 0.89 0.89 0.89 0.89 0.89 0.35 0.86 0.86 0.86 0.86 0.86 0.37 0.36 0.09 0.20 0.96 0.98 0.98 0.98 0.98 0.98 0.97 0.98 0.98 0.97 0.98 0.97 0.97 0.97 0.88 0.95 0.93 0.95 0.82 0.86 0.86 0.86
0.71 0.80 0.80 0.77 0.45 0.74 0.80 0.76 0.71 0.77 0.83 0.86 0.77 0.94 1.00 0.82 0.46 0.81 0.62 0.78 0.94 0.94 0.98 0.81 0.43 0.56 0.78 0.39 0.68 0.78 0.77 0.77 0.81 0.78 0.77 0.77 0.73 0.78 0.73 0.56 0.35 0.50 0.39 0.48 0.48 0.47 0.48 0.48 0.45 0.47 0.47 0.47 0.05 0.40 0.40 0.40 0.40 0.40 0.07 0.07 0.01 0.04 0.62 0.70 0.70 0.70 0.70 0.72 0.67 0.72 0.72 0.65 0.70 0.66 0.63 0.63 0.45 0.57 0.53 0.60 0.34 0.38 0.38 0.38
1.00 1.00 1.00 1.00 0.96 1.00 1.00 1.00 1.00 1.00 1.00 1.00 1.00 1.00 1.00 1.00 0.90 1.00 0.99 1.00 1.00 1.00 1.00 1.00 0.95 0.99 1.00 0.92 0.99 1.00 1.00 1.00 1.00 1.00 1.00 1.00 1.00 1.00 1.00 0.98 0.96 0.98 0.96 0.98 0.98 0.98 0.98 0.98 0.98 0.98 0.98 0.98 0.65 0.97 0.97 0.97 0.97 0.97 0.61 0.62 0.27 0.37 0.99 1.00 1.00 1.00 1.00 1.00 1.00 1.00 1.00 1.00 1.00 1.00 1.00 1.00 0.97 0.99 0.99 1.00 0.95 0.98 0.98 0.98
0.87 0.93 0.93 0.91 0.64 0.90 0.93 0.90 0.86 0.91 0.93 0.94 0.91 0.98 1.00 0.93 0.62 0.93 0.81 0.92 0.98 0.98 0.99 0.93 0.61 0.77 0.92 0.56 0.86 0.92 0.92 0.92 0.93 0.92 0.92 0.92 0.89 0.92 0.89 0.75 0.57 0.70 0.61 0.70 0.70 0.68 0.70 0.70 0.67 0.68 0.68 0.68 0.14 0.62 0.62 0.62 0.62 0.62 0.17 0.16 0.02 0.08 0.82 0.88 0.88 0.88 0.88 0.88 0.85 0.88 0.88 0.85 0.88 0.85 0.84 0.84 0.68 0.78 0.74 0.79 0.56 0.62 0.62 0.62
0.66 0.76 0.76 0.73 0.40 0.70 0.76 0.71 0.66 0.72 0.80 0.83 0.72 0.93 1.00 0.78 0.42 0.78 0.56 0.72 0.93 0.93 0.97 0.78 0.39 0.52 0.72 0.35 0.63 0.73 0.72 0.72 0.78 0.73 0.72 0.72 0.68 0.73 0.68 0.50 0.29 0.43 0.33 0.41 0.41 0.39 0.41 0.41 0.38 0.39 0.39 0.39 0.04 0.33 0.33 0.33 0.33 0.33 0.05 0.05 0.00 0.03 0.56 0.65 0.65 0.65 0.65 0.67 0.62 0.67 0.67 0.60 0.65 0.60 0.58 0.58 0.39 0.50 0.46 0.53 0.28 0.32 0.32 0.32
0.90 0.94 0.94 0.93 0.67 0.92 0.94 0.92 0.88 0.93 0.95 0.95 0.93 0.98 1.00 0.94 0.63 0.94 0.83 0.94 0.98 0.98 0.99 0.94 0.65 0.79 0.94 0.60 0.88 0.94 0.93 0.93 0.94 0.94 0.93 0.93 0.91 0.94 0.91 0.78 0.61 0.74 0.65 0.73 0.73 0.72 0.73 0.73 0.71 0.72 0.72 0.72 0.16 0.66 0.66 0.66 0.66 0.66 0.19 0.18 0.03 0.10 0.85 0.91 0.91 0.91 0.91 0.91 0.88 0.91 0.91 0.88 0.91 0.88 0.87 0.87 0.71 0.81 0.78 0.83 0.61 0.67 0.67 0.67
0.97 0.99 0.99 0.98 0.81 0.98 0.99 0.98 0.96 0.98 0.98 0.99 0.98 1.00 1.00 0.98 0.75 0.98 0.94 0.99 1.00 1.00 1.00 0.98 0.78 0.91 0.99 0.74 0.96 0.99 0.99 0.99 0.98 0.99 0.99 0.99 0.97 0.99 0.97 0.90 0.79 0.88 0.82 0.88 0.88 0.87 0.88 0.88 0.87 0.87 0.87 0.87 0.32 0.83 0.83 0.83 0.83 0.83 0.32 0.33 0.07 0.17 0.95 0.98 0.98 0.98 0.98 0.98 0.97 0.98 0.98 0.96 0.98 0.96 0.96 0.96 0.86 0.93 0.91 0.94 0.79 0.84 0.84 0.84
0.85 0.90 0.90 0.88 0.59 0.87 0.90 0.87 0.83 0.89 0.91 0.92 0.89 0.97 1.00 0.90 0.56 0.90 0.78 0.89 0.97 0.97 0.99 0.90 0.57 0.71 0.89 0.52 0.82 0.89 0.89 0.89 0.90 0.89 0.89 0.89 0.85 0.89 0.85 0.70 0.51 0.65 0.55 0.65 0.65 0.63 0.65 0.65 0.62 0.63 0.63 0.63 0.12 0.57 0.57 0.57 0.57 0.57 0.14 0.12 0.01 0.07 0.78 0.85 0.85 0.85 0.85 0.86 0.83 0.86 0.86 0.82 0.85 0.82 0.81 0.80 0.62 0.73 0.70 0.75 0.52 0.56 0.56 0.56
0.69 0.79 0.79 0.75 0.42 0.72 0.79 0.74 0.69 0.75 0.82 0.85 0.75 0.94 1.00 0.80 0.43 0.79 0.59 0.74 0.94 0.94 0.97 0.79 0.39 0.54 0.74 0.35 0.65 0.75 0.74 0.74 0.79 0.75 0.74 0.74 0.70 0.75 0.70 0.53 0.31 0.46 0.35 0.44 0.44 0.42 0.44 0.44 0.41 0.42 0.42 0.42 0.04 0.36 0.36 0.36 0.36 0.36 0.06 0.06 0.01 0.03 0.59 0.68 0.68 0.68 0.68 0.69 0.65 0.69 0.69 0.63 0.68 0.63 0.61 0.60 0.42 0.53 0.49 0.55 0.30 0.35 0.35 0.35
0.83 0.89 0.89 0.87 0.57 0.85 0.89 0.86 0.82 0.87 0.91 0.92 0.87 0.97 1.00 0.90 0.56 0.89 0.75 0.88 0.97 0.97 0.99 0.89 0.56 0.70 0.88 0.51 0.80 0.88 0.87 0.87 0.89 0.88 0.87 0.87 0.84 0.88 0.84 0.68 0.49 0.63 0.53 0.62 0.62 0.61 0.62 0.62 0.60 0.61 0.61 0.61 0.10 0.54 0.54 0.54 0.54 0.54 0.13 0.12 0.01 0.07 0.76 0.83 0.83 0.83 0.83 0.83 0.80 0.83 0.83 0.79 0.83 0.79 0.78 0.77 0.60 0.71 0.67 0.73 0.48 0.54 0.54 0.54
1.00 1.00 1.00 1.00 0.95 1.00 1.00 1.00 0.99 1.00 1.00 1.00 1.00 1.00 1.00 1.00 0.91 1.00 0.99 1.00 1.00 1.00 1.00 1.00 0.95 0.99 1.00 0.91 1.00 1.00 1.00 1.00 1.00 1.00 1.00 1.00 1.00 1.00 1.00 0.98 0.96 0.98 0.96 0.98 0.98 0.98 0.98 0.98 0.98 0.98 0.98 0.98 0.62 0.97 0.97 0.97 0.97 0.97 0.60 0.61 0.27 0.37 0.99 1.00 1.00 1.00 1.00 1.00 1.00 1.00 1.00 1.00 1.00 1.00 1.00 1.00 0.97 0.99 0.99 0.99 0.95 0.97 0.97 0.97
0.77 0.85 0.85 0.83 0.51 0.79 0.85 0.82 0.77 0.81 0.87 0.89 0.81 0.95 1.00 0.86 0.50 0.86 0.67 0.82 0.95 0.95 0.98 0.86 0.47 0.63 0.82 0.44 0.75 0.83 0.82 0.82 0.86 0.83 0.82 0.82 0.79 0.83 0.79 0.62 0.40 0.55 0.45 0.54 0.54 0.52 0.54 0.54 0.51 0.52 0.52 0.52 0.06 0.46 0.46 0.46 0.46 0.46 0.09 0.09 0.01 0.05 0.68 0.77 0.77 0.77 0.77 0.78 0.74 0.78 0.78 0.72 0.77 0.73 0.71 0.71 0.52 0.64 0.59 0.66 0.41 0.45 0.45 0.45
0.81 0.88 0.88 0.85 0.55 0.83 0.88 0.84 0.80 0.85 0.90 0.91 0.85 0.97 1.00 0.88 0.54 0.88 0.72 0.86 0.97 0.97 0.98 0.88 0.53 0.67 0.86 0.49 0.78 0.86 0.85 0.85 0.88 0.86 0.85 0.85 0.82 0.86 0.82 0.66 0.46 0.60 0.50 0.59 0.59 0.57 0.59 0.59 0.56 0.57 0.57 0.57 0.09 0.51 0.51 0.51 0.51 0.51 0.11 0.10 0.01 0.06 0.73 0.80 0.80 0.80 0.80 0.81 0.78 0.81 0.81 0.77 0.80 0.77 0.75 0.75 0.57 0.68 0.64 0.70 0.45 0.51 0.51 0.51
0.67 0.78 0.78 0.74 0.41 0.71 0.78 0.73 0.68 0.74 0.81 0.85 0.74 0.93 1.00 0.80 0.44 0.79 0.58 0.74 0.93 0.93 0.97 0.79 0.40 0.53 0.74 0.36 0.65 0.75 0.74 0.74 0.79 0.75 0.74 0.74 0.70 0.75 0.70 0.53 0.31 0.45 0.34 0.43 0.43 0.41 0.43 0.43 0.40 0.41 0.41 0.41 0.04 0.35 0.35 0.35 0.35 0.35 0.06 0.05 0.00 0.03 0.57 0.67 0.67 0.67 0.67 0.68 0.63 0.68 0.68 0.61 0.67 0.62 0.59 0.59 0.40 0.52 0.48 0.54 0.30 0.33 0.33 0.33
0.85 0.91 0.91 0.89 0.60 0.87 0.91 0.88 0.84 0.89 0.92 0.93 0.89 0.97 1.00 0.91 0.58 0.91 0.77 0.89 0.97 0.97 0.99 0.91 0.58 0.73 0.89 0.53 0.83 0.90 0.89 0.89 0.91 0.90 0.89 0.89 0.86 0.90 0.86 0.72 0.52 0.67 0.56 0.65 0.65 0.64 0.65 0.65 0.63 0.64 0.64 0.64 0.11 0.57 0.57 0.57 0.57 0.57 0.15 0.13 0.01 0.08 0.78 0.85 0.85 0.85 0.85 0.86 0.82 0.86 0.86 0.81 0.85 0.82 0.80 0.80 0.62 0.74 0.70 0.76 0.51 0.56 0.56 0.56
0.94 0.97 0.97 0.96 0.75 0.95 0.97 0.95 0.93 0.96 0.97 0.97 0.96 0.99 1.00 0.97 0.70 0.97 0.90 0.97 0.99 0.99 1.00 0.97 0.73 0.87 0.97 0.68 0.93 0.97 0.97 0.97 0.97 0.97 0.97 0.97 0.94 0.97 0.94 0.85 0.72 0.82 0.75 0.82 0.82 0.81 0.82 0.82 0.81 0.81 0.81 0.81 0.24 0.76 0.76 0.76 0.76 0.76 0.26 0.26 0.05 0.14 0.91 0.95 0.95 0.95 0.95 0.95 0.94 0.95 0.95 0.93 0.95 0.93 0.93 0.93 0.80 0.89 0.86 0.90 0.72 0.77 0.77 0.77
0.86 0.91 0.91 0.89 0.61 0.88 0.91 0.88 0.85 0.89 0.92 0.93 0.89 0.98 1.00 0.91 0.58 0.91 0.79 0.90 0.98 0.98 0.99 0.91 0.58 0.74 0.90 0.53 0.83 0.90 0.90 0.90 0.91 0.90 0.90 0.90 0.87 0.90 0.87 0.73 0.54 0.68 0.58 0.67 0.67 0.66 0.67 0.67 0.65 0.66 0.66 0.66 0.13 0.59 0.59 0.59 0.59 0.59 0.16 0.14 0.02 0.07 0.79 0.86 0.86 0.86 0.86 0.86 0.84 0.86 0.86 0.83 0.86 0.83 0.82 0.82 0.64 0.75 0.71 0.77 0.53 0.58 0.58 0.58
0.90 0.94 0.94 0.93 0.67 0.91 0.94 0.92 0.89 0.92 0.95 0.95 0.92 0.98 1.00 0.94 0.64 0.95 0.84 0.94 0.98 0.98 0.99 0.95 0.65 0.80 0.94 0.60 0.88 0.94 0.93 0.93 0.95 0.94 0.93 0.93 0.91 0.94 0.91 0.78 0.61 0.74 0.65 0.73 0.73 0.72 0.73 0.73 0.71 0.72 0.72 0.72 0.17 0.66 0.66 0.66 0.66 0.66 0.20 0.19 0.03 0.09 0.85 0.90 0.90 0.90 0.90 0.91 0.88 0.91 0.91 0.88 0.90 0.88 0.88 0.87 0.72 0.81 0.78 0.83 0.61 0.67 0.67 0.67
0.67 0.78 0.78 0.74 0.41 0.71 0.78 0.73 0.68 0.74 0.81 0.84 0.74 0.94 1.00 0.79 0.41 0.79 0.58 0.74 0.94 0.94 0.97 0.79 0.40 0.53 0.74 0.35 0.65 0.75 0.74 0.74 0.79 0.75 0.74 0.74 0.70 0.75 0.70 0.51 0.31 0.44 0.35 0.43 0.43 0.41 0.43 0.43 0.40 0.41 0.41 0.41 0.04 0.35 0.35 0.35 0.35 0.35 0.06 0.05 0.00 0.03 0.57 0.66 0.66 0.66 0.66 0.67 0.63 0.67 0.67 0.60 0.66 0.62 0.59 0.59 0.41 0.52 0.47 0.54 0.30 0.33 0.33 0.33
0.80 0.88 0.88 0.85 0.54 0.83 0.88 0.84 0.79 0.85 0.89 0.91 0.85 0.96 1.00 0.88 0.53 0.88 0.72 0.86 0.96 0.96 0.98 0.88 0.52 0.68 0.86 0.48 0.78 0.86 0.86 0.86 0.88 0.86 0.86 0.86 0.82 0.86 0.82 0.66 0.46 0.60 0.49 0.59 0.59 0.57 0.59 0.59 0.56 0.57 0.57 0.57 0.09 0.51 0.51 0.51 0.51 0.51 0.11 0.10 0.01 0.06 0.72 0.80 0.80 0.80 0.80 0.81 0.77 0.81 0.81 0.76 0.80 0.76 0.75 0.74 0.56 0.67 0.63 0.69 0.44 0.49 0.49 0.49
1.00 1.00 1.00 1.00 0.94 1.00 1.00 1.00 0.99 1.00 1.00 1.00 1.00 1.00 1.00 1.00 0.88 1.00 0.99 1.00 1.00 1.00 1.00 1.00 0.93 0.98 1.00 0.89 0.99 1.00 1.00 1.00 1.00 1.00 1.00 1.00 0.99 1.00 0.99 0.97 0.94 0.97 0.95 0.97 0.97 0.97 0.97 0.97 0.97 0.97 0.97 0.97 0.57 0.95 0.95 0.95 0.95 0.95 0.55 0.56 0.21 0.32 0.99 1.00 1.00 1.00 1.00 1.00 1.00 1.00 1.00 1.00 1.00 1.00 1.00 1.00 0.96 0.99 0.98 0.99 0.93 0.96 0.96 0.96
0.98 0.99 0.99 0.99 0.86 0.99 0.99 0.99 0.97 0.99 0.99 0.99 0.99 1.00 1.00 0.99 0.81 0.99 0.95 0.99 1.00 1.00 1.00 0.99 0.85 0.94 0.99 0.80 0.98 0.99 0.99 0.99 0.99 0.99 0.99 0.99 0.98 0.99 0.98 0.93 0.85 0.92 0.87 0.92 0.92 0.92 0.92 0.92 0.91 0.92 0.92 0.92 0.39 0.89 0.89 0.89 0.89 0.89 0.40 0.41 0.10 0.21 0.97 0.99 0.99 0.99 0.99 0.99 0.98 0.99 0.99 0.98 0.99 0.98 0.98 0.98 0.90 0.96 0.94 0.96 0.84 0.89 0.89 0.89
0.85 0.91 0.91 0.89 0.60 0.87 0.91 0.87 0.83 0.88 0.92 0.93 0.88 0.97 1.00 0.91 0.57 0.91 0.77 0.89 0.97 0.97 0.99 0.91 0.57 0.72 0.89 0.52 0.82 0.90 0.89 0.89 0.91 0.90 0.89 0.89 0.85 0.90 0.85 0.71 0.52 0.66 0.56 0.65 0.65 0.64 0.65 0.65 0.63 0.64 0.64 0.64 0.11 0.57 0.57 0.57 0.57 0.57 0.14 0.14 0.02 0.07 0.77 0.84 0.84 0.84 0.84 0.85 0.82 0.85 0.85 0.81 0.84 0.82 0.80 0.80 0.63 0.73 0.69 0.75 0.51 0.56 0.56 0.56
0.70 0.80 0.80 0.76 0.44 0.73 0.80 0.75 0.70 0.76 0.83 0.86 0.76 0.94 1.00 0.80 0.44 0.80 0.61 0.77 0.94 0.94 0.98 0.80 0.41 0.56 0.77 0.37 0.68 0.77 0.76 0.76 0.80 0.77 0.76 0.76 0.72 0.77 0.72 0.55 0.33 0.48 0.37 0.46 0.46 0.44 0.46 0.46 0.43 0.44 0.44 0.44 0.05 0.38 0.38 0.38 0.38 0.38 0.07 0.06 0.00 0.03 0.61 0.69 0.69 0.69 0.69 0.70 0.66 0.70 0.70 0.64 0.69 0.65 0.63 0.63 0.43 0.55 0.50 0.57 0.32 0.37 0.37 0.37
0.71 0.80 0.80 0.77 0.44 0.75 0.80 0.76 0.71 0.77 0.84 0.86 0.77 0.94 1.00 0.81 0.45 0.81 0.62 0.77 0.94 0.94 0.97 0.81 0.42 0.57 0.77 0.38 0.68 0.77 0.76 0.76 0.81 0.77 0.76 0.76 0.72 0.77 0.72 0.56 0.35 0.49 0.38 0.47 0.47 0.45 0.47 0.47 0.45 0.45 0.45 0.45 0.05 0.39 0.39 0.39 0.39 0.39 0.07 0.06 0.01 0.04 0.62 0.71 0.71 0.71 0.71 0.72 0.67 0.72 0.72 0.65 0.71 0.66 0.64 0.63 0.45 0.56 0.51 0.59 0.34 0.38 0.38 0.38
0.90 0.94 0.94 0.93 0.67 0.92 0.94 0.92 0.89 0.93 0.95 0.95 0.93 0.99 1.00 0.94 0.63 0.94 0.84 0.94 0.99 0.99 0.99 0.94 0.65 0.80 0.94 0.60 0.88 0.94 0.93 0.93 0.94 0.94 0.93 0.93 0.90 0.94 0.90 0.78 0.62 0.74 0.66 0.74 0.74 0.73 0.74 0.74 0.72 0.73 0.73 0.73 0.16 0.67 0.67 0.67 0.67 0.67 0.19 0.18 0.03 0.10 0.86 0.91 0.91 0.91 0.91 0.91 0.89 0.91 0.91 0.88 0.91 0.88 0.87 0.87 0.73 0.82 0.78 0.83 0.62 0.67 0.67 0.67
0.85 0.91 0.91 0.89 0.60 0.86 0.91 0.87 0.84 0.88 0.91 0.92 0.88 0.97 1.00 0.90 0.57 0.91 0.77 0.89 0.97 0.97 0.99 0.91 0.57 0.72 0.89 0.52 0.82 0.90 0.89 0.89 0.91 0.90 0.89 0.89 0.86 0.90 0.86 0.70 0.52 0.65 0.56 0.65 0.65 0.63 0.65 0.65 0.62 0.63 0.63 0.63 0.12 0.57 0.57 0.57 0.57 0.57 0.14 0.14 0.01 0.07 0.77 0.84 0.84 0.84 0.84 0.85 0.82 0.85 0.85 0.81 0.84 0.82 0.80 0.80 0.61 0.73 0.69 0.75 0.50 0.56 0.56 0.56
0.77 0.85 0.85 0.82 0.50 0.80 0.85 0.81 0.76 0.82 0.87 0.89 0.82 0.96 1.00 0.85 0.50 0.85 0.68 0.83 0.96 0.96 0.98 0.85 0.48 0.64 0.83 0.45 0.75 0.83 0.83 0.83 0.85 0.83 0.83 0.83 0.78 0.83 0.78 0.62 0.41 0.55 0.45 0.54 0.54 0.52 0.54 0.54 0.51 0.52 0.52 0.52 0.07 0.45 0.45 0.45 0.45 0.45 0.10 0.08 0.01 0.05 0.68 0.76 0.76 0.76 0.76 0.77 0.73 0.77 0.77 0.72 0.76 0.72 0.70 0.70 0.52 0.63 0.59 0.65 0.40 0.45 0.45 0.45
1.00 1.00 1.00 1.00 0.95 1.00 1.00 1.00 0.99 1.00 1.00 1.00 1.00 1.00 1.00 1.00 0.90 1.00 0.99 1.00 1.00 1.00 1.00 1.00 0.94 0.99 1.00 0.91 0.99 1.00 1.00 1.00 1.00 1.00 1.00 1.00 1.00 1.00 1.00 0.98 0.95 0.98 0.96 0.98 0.98 0.98 0.98 0.98 0.98 0.98 0.98 0.98 0.62 0.96 0.96 0.96 0.96 0.96 0.59 0.59 0.25 0.36 0.99 1.00 1.00 1.00 1.00 1.00 1.00 1.00 1.00 1.00 1.00 1.00 1.00 1.00 0.97 0.99 0.99 0.99 0.94 0.97 0.97 0.97
0.99 1.00 1.00 1.00 0.92 1.00 1.00 1.00 0.99 1.00 1.00 1.00 1.00 1.00 1.00 0.99 0.85 1.00 0.98 1.00 1.00 1.00 1.00 1.00 0.90 0.97 1.00 0.86 0.99 1.00 1.00 1.00 1.00 1.00 1.00 1.00 0.99 1.00 0.99 0.96 0.92 0.96 0.93 0.96 0.96 0.96 0.96 0.96 0.96 0.96 0.96 0.96 0.51 0.94 0.94 0.94 0.94 0.94 0.51 0.51 0.17 0.28 0.99 1.00 1.00 1.00 1.00 1.00 0.99 1.00 1.00 0.99 1.00 0.99 0.99 0.99 0.95 0.98 0.98 0.99 0.91 0.94 0.94 0.94
0.79 0.87 0.87 0.84 0.54 0.82 0.87 0.83 0.79 0.84 0.89 0.90 0.84 0.96 1.00 0.88 0.53 0.87 0.71 0.85 0.96 0.96 0.98 0.87 0.50 0.66 0.85 0.46 0.77 0.85 0.85 0.85 0.87 0.85 0.85 0.85 0.81 0.85 0.81 0.64 0.45 0.59 0.49 0.58 0.58 0.56 0.58 0.57 0.55 0.56 0.56 0.56 0.08 0.49 0.49 0.49 0.49 0.49 0.10 0.10 0.01 0.06 0.71 0.79 0.79 0.79 0.79 0.80 0.76 0.80 0.80 0.74 0.79 0.75 0.73 0.73 0.55 0.66 0.63 0.69 0.44 0.48 0.48 0.48
0.93 0.96 0.96 0.95 0.73 0.94 0.96 0.94 0.91 0.95 0.96 0.97 0.95 0.99 1.00 0.95 0.67 0.96 0.88 0.96 0.99 0.99 1.00 0.96 0.69 0.83 0.96 0.65 0.91 0.96 0.95 0.95 0.96 0.96 0.95 0.95 0.93 0.96 0.93 0.82 0.67 0.79 0.71 0.78 0.78 0.77 0.78 0.78 0.76 0.77 0.77 0.77 0.20 0.71 0.71 0.71 0.71 0.71 0.22 0.23 0.03 0.12 0.89 0.94 0.94 0.94 0.94 0.94 0.92 0.94 0.94 0.92 0.94 0.92 0.91 0.91 0.76 0.86 0.83 0.87 0.67 0.73 0.73 0.73
0.63 0.74 0.74 0.70 0.38 0.67 0.74 0.68 0.63 0.70 0.78 0.81 0.70 0.93 1.00 0.75 0.39 0.75 0.53 0.69 0.93 0.93 0.97 0.75 0.36 0.48 0.69 0.32 0.59 0.69 0.68 0.68 0.75 0.69 0.68 0.68 0.64 0.69 0.64 0.47 0.27 0.40 0.30 0.39 0.39 0.37 0.39 0.39 0.36 0.37 0.37 0.37 0.03 0.30 0.30 0.30 0.30 0.30 0.04 0.04 0.00 0.03 0.52 0.61 0.61 0.61 0.61 0.63 0.58 0.63 0.63 0.55 0.61 0.57 0.54 0.54 0.36 0.47 0.43 0.50 0.25 0.29 0.29 0.29
0.92 0.96 0.96 0.95 0.71 0.94 0.96 0.94 0.91 0.94 0.96 0.96 0.94 0.99 1.00 0.96 0.66 0.96 0.87 0.95 0.99 0.99 0.99 0.96 0.70 0.84 0.95 0.65 0.91 0.95 0.95 0.95 0.96 0.95 0.95 0.95 0.93 0.95 0.93 0.81 0.67 0.78 0.70 0.77 0.77 0.76 0.77 0.77 0.75 0.76 0.76 0.76 0.20 0.71 0.71 0.71 0.71 0.71 0.22 0.22 0.03 0.11 0.88 0.93 0.93 0.93 0.93 0.93 0.91 0.93 0.93 0.91 0.93 0.91 0.90 0.90 0.76 0.85 0.82 0.86 0.67 0.72 0.72 0.72
0.92 0.96 0.96 0.94 0.71 0.94 0.96 0.94 0.91 0.94 0.96 0.96 0.94 0.99 1.00 0.95 0.67 0.96 0.86 0.95 0.99 0.99 0.99 0.96 0.69 0.83 0.95 0.64 0.90 0.95 0.95 0.95 0.96 0.95 0.95 0.95 0.93 0.95 0.93 0.81 0.65 0.78 0.69 0.77 0.77 0.76 0.77 0.77 0.76 0.76 0.76 0.76 0.19 0.71 0.71 0.71 0.71 0.71 0.23 0.22 0.04 0.11 0.87 0.93 0.93 0.93 0.93 0.93 0.91 0.93 0.93 0.91 0.93 0.91 0.90 0.90 0.76 0.85 0.82 0.86 0.67 0.72 0.72 0.72
0.63 0.75 0.75 0.71 0.38 0.67 0.75 0.69 0.64 0.70 0.79 0.82 0.70 0.92 1.00 0.76 0.40 0.76 0.53 0.69 0.92 0.92 0.97 0.76 0.36 0.49 0.69 0.32 0.61 0.70 0.69 0.69 0.76 0.70 0.69 0.70 0.66 0.70 0.66 0.48 0.28 0.41 0.31 0.39 0.39 0.37 0.39 0.39 0.36 0.37 0.37 0.37 0.03 0.31 0.31 0.31 0.31 0.31 0.05 0.04 0.00 0.02 0.52 0.62 0.62 0.62 0.62 0.63 0.58 0.63 0.63 0.56 0.62 0.57 0.55 0.54 0.36 0.47 0.43 0.50 0.25 0.30 0.30 0.30
1.00 1.00 1.00 1.00 0.94 1.00 1.00 1.00 0.99 1.00 1.00 1.00 1.00 1.00 1.00 1.00 0.88 1.00 0.99 1.00 1.00 1.00 1.00 1.00 0.94 0.98 1.00 0.90 0.99 1.00 1.00 1.00 1.00 1.00 1.00 1.00 0.99 1.00 0.99 0.98 0.94 0.98 0.95 0.98 0.98 0.97 0.98 0.98 0.97 0.97 0.97 0.97 0.58 0.96 0.96 0.96 0.96 0.96 0.56 0.58 0.23 0.34 0.99 1.00 1.00 1.00 1.00 1.00 0.99 1.00 1.00 1.00 1.00 1.00 1.00 1.00 0.96 0.99 0.98 0.99 0.93 0.96 0.96 0.96
0.81 0.88 0.88 0.85 0.55 0.84 0.88 0.84 0.80 0.85 0.89 0.91 0.85 0.96 1.00 0.88 0.53 0.88 0.73 0.87 0.96 0.96 0.98 0.88 0.52 0.67 0.87 0.48 0.79 0.86 0.86 0.86 0.88 0.86 0.86 0.86 0.82 0.86 0.82 0.66 0.46 0.61 0.50 0.60 0.60 0.58 0.60 0.60 0.58 0.58 0.58 0.58 0.09 0.52 0.52 0.52 0.52 0.52 0.12 0.11 0.01 0.06 0.74 0.81 0.81 0.81 0.81 0.82 0.79 0.82 0.82 0.77 0.81 0.78 0.76 0.76 0.57 0.69 0.65 0.71 0.46 0.51 0.51 0.51
