0.74 0.95 0.95 0.92 0.63 0.83 0.95 0.91 0.88 0.87 1.00 0.97 0.87 0.92 0.93 0.91 0.59 0.90 0.68 0.86 0.92 0.92 0.93 0.90 0.59 0.74 0.86 0.55 0.83 0.87 0.87 0.87 0.90 0.87 0.87 0.87 0.85 0.87 0.85
0.66 0.91 0.91 0.87 0.53 0.73 0.91 0.86 0.81 0.77 1.00 0.95 0.77 0.85 0.86 0.83 0.50 0.81 0.55 0.76 0.85 0.85 0.86 0.81 0.47 0.60 0.76 0.43 0.70 0.76 0.77 0.77 0.81 0.76 0.77 0.77 0.74 0.76 0.74
0.78 0.96 0.96 0.94 0.68 0.86 0.96 0.93 0.90 0.90 1.00 0.98 0.90 0.94 0.95 0.93 0.65 0.93 0.74 0.91 0.94 0.94 0.95 0.93 0.65 0.80 0.91 0.61 0.87 0.91 0.91 0.91 0.93 0.91 0.91 0.91 0.89 0.91 0.89
0.71 0.94 0.94 0.90 0.60 0.79 0.94 0.89 0.85 0.83 1.00 0.96 0.83 0.90 0.91 0.88 0.56 0.86 0.63 0.83 0.90 0.90 0.91 0.86 0.54 0.69 0.83 0.50 0.78 0.83 0.83 0.84 0.86 0.83 0.83 0.84 0.81 0.83 0.81
0.71 0.93 0.93 0.90 0.58 0.78 0.93 0.89 0.85 0.82 1.00 0.96 0.82 0.89 0.90 0.88 0.54 0.86 0.62 0.82 0.89 0.89 0.89 0.86 0.52 0.67 0.82 0.48 0.77 0.82 0.83 0.83 0.86 0.82 0.83 0.83 0.80 0.82 0.80
0.59 0.88 0.88 0.83 0.47 0.65 0.88 0.81 0.76 0.69 1.00 0.93 0.69 0.79 0.82 0.78 0.42 0.74 0.46 0.67 0.79 0.79 0.81 0.74 0.37 0.50 0.67 0.34 0.61 0.67 0.68 0.68 0.74 0.67 0.68 0.68 0.65 0.67 0.65
0.81 0.97 0.97 0.95 0.71 0.88 0.97 0.95 0.92 0.91 1.00 0.98 0.91 0.95 0.96 0.94 0.68 0.94 0.76 0.92 0.95 0.95 0.96 0.94 0.68 0.82 0.92 0.64 0.89 0.92 0.93 0.93 0.94 0.92 0.93 0.93 0.91 0.92 0.91
0.67 0.92 0.92 0.88 0.55 0.74 0.92 0.86 0.82 0.78 1.00 0.95 0.78 0.86 0.88 0.84 0.49 0.82 0.57 0.78 0.86 0.86 0.87 0.82 0.47 0.61 0.78 0.43 0.71 0.78 0.78 0.78 0.82 0.78 0.78 0.78 0.75 0.78 0.75
0.76 0.95 0.95 0.93 0.65 0.84 0.95 0.92 0.88 0.87 1.00 0.97 0.87 0.93 0.94 0.91 0.61 0.90 0.70 0.87 0.93 0.93 0.93 0.90 0.61 0.75 0.87 0.56 0.83 0.88 0.88 0.88 0.90 0.88 0.88 0.88 0.86 0.88 0.86
0.96 1.00 1.00 1.00 0.92 0.99 1.00 1.00 0.99 1.00 1.00 1.00 1.00 1.00 1.00 1.00 0.91 1.00 0.96 1.00 1.00 1.00 1.00 1.00 0.96 0.98 1.00 0.92 0.99 1.00 1.00 1.00 1.00 1.00 1.00 1.00 1.00 1.00 1.00
0.88 0.99 0.99 0.98 0.79 0.94 0.99 0.97 0.95 0.96 1.00 0.99 0.96 0.98 0.98 0.98 0.77 0.98 0.85 0.97 0.98 0.98 0.98 0.98 0.81 0.91 0.97 0.76 0.95 0.97 0.97 0.97 0.98 0.97 0.97 0.97 0.96 0.97 0.96
0.80 0.97 0.97 0.95 0.70 0.88 0.97 0.94 0.91 0.91 1.00 0.98 0.91 0.95 0.95 0.94 0.67 0.93 0.76 0.92 0.95 0.95 0.95 0.93 0.69 0.82 0.92 0.63 0.88 0.92 0.92 0.92 0.93 0.92 0.92 0.92 0.90 0.92 0.90
0.71 0.93 0.93 0.89 0.59 0.78 0.93 0.89 0.84 0.82 1.00 0.96 0.82 0.88 0.90 0.87 0.55 0.85 0.61 0.81 0.88 0.88 0.89 0.85 0.51 0.67 0.81 0.47 0.76 0.82 0.82 0.82 0.85 0.82 0.82 0.82 0.79 0.82 0.79
0.56 0.86 0.86 0.80 0.43 0.62 0.86 0.78 0.73 0.66 1.00 0.92 0.66 0.77 0.79 0.75 0.37 0.70 0.41 0.62 0.77 0.77 0.78 0.70 0.32 0.44 0.62 0.29 0.55 0.62 0.63 0.63 0.70 0.62 0.63 0.63 0.60 0.62 0.60
0.63 0.90 0.90 0.85 0.51 0.70 0.90 0.84 0.79 0.74 1.00 0.94 0.74 0.83 0.85 0.82 0.47 0.78 0.51 0.72 0.83 0.83 0.84 0.78 0.42 0.55 0.72 0.38 0.66 0.73 0.73 0.74 0.78 0.73 0.73 0.74 0.71 0.73 0.71
0.73 0.94 0.94 0.91 0.62 0.80 0.94 0.90 0.87 0.84 1.00 0.97 0.84 0.91 0.92 0.89 0.58 0.88 0.65 0.85 0.91 0.91 0.91 0.88 0.55 0.70 0.85 0.51 0.79 0.85 0.85 0.85 0.88 0.85 0.85 0.85 0.82 0.85 0.82
0.92 1.00 1.00 0.99 0.86 0.97 1.00 0.99 0.98 0.99 1.00 1.00 0.99 0.99 0.99 0.99 0.85 0.99 0.92 0.99 0.99 0.99 0.99 0.99 0.90 0.96 0.99 0.86 0.98 0.99 0.99 0.99 0.99 0.99 0.99 0.99 0.99 0.99 0.99
0.57 0.87 0.87 0.81 0.45 0.63 0.87 0.79 0.74 0.67 1.00 0.92 0.67 0.77 0.80 0.75 0.39 0.71 0.44 0.63 0.77 0.77 0.79 0.71 0.34 0.46 0.63 0.31 0.56 0.64 0.64 0.64 0.71 0.64 0.64 0.64 0.61 0.64 0.61
0.75 0.95 0.95 0.92 0.63 0.83 0.95 0.91 0.87 0.86 1.00 0.97 0.86 0.92 0.92 0.90 0.59 0.89 0.68 0.87 0.92 0.92 0.92 0.89 0.59 0.74 0.87 0.55 0.82 0.87 0.87 0.87 0.89 0.87 0.87 0.87 0.85 0.87 0.85
0.94 1.00 1.00 0.99 0.89 0.98 1.00 0.99 0.99 0.99 1.00 1.00 0.99 1.00 1.00 0.99 0.88 1.00 0.94 0.99 1.00 1.00 1.00 1.00 0.93 0.97 0.99 0.89 0.99 1.00 1.00 1.00 1.00 1.00 1.00 1.00 0.99 1.00 0.99
0.73 0.95 0.95 0.92 0.62 0.81 0.95 0.91 0.87 0.86 1.00 0.97 0.86 0.91 0.92 0.90 0.58 0.88 0.66 0.85 0.91 0.91 0.92 0.88 0.57 0.72 0.85 0.52 0.80 0.86 0.86 0.86 0.88 0.86 0.86 0.86 0.83 0.86 0.83
0.55 0.86 0.86 0.80 0.42 0.59 0.86 0.78 0.72 0.64 1.00 0.92 0.64 0.76 0.79 0.74 0.38 0.69 0.40 0.60 0.76 0.76 0.77 0.69 0.32 0.44 0.60 0.29 0.54 0.61 0.62 0.61 0.69 0.61 0.62 0.62 0.59 0.61 0.59
0.60 0.89 0.89 0.84 0.48 0.66 0.89 0.82 0.77 0.70 1.00 0.94 0.70 0.81 0.83 0.79 0.42 0.75 0.47 0.68 0.81 0.81 0.83 0.75 0.39 0.52 0.68 0.35 0.62 0.69 0.69 0.69 0.75 0.69 0.69 0.69 0.66 0.69 0.66
0.80 0.97 0.97 0.95 0.69 0.88 0.97 0.94 0.91 0.91 1.00 0.98 0.91 0.95 0.95 0.94 0.65 0.93 0.74 0.91 0.95 0.95 0.95 0.93 0.67 0.81 0.91 0.62 0.88 0.91 0.92 0.92 0.93 0.91 0.92 0.92 0.90 0.91 0.90
0.81 0.97 0.97 0.95 0.71 0.89 0.97 0.95 0.92 0.92 1.00 0.98 0.92 0.95 0.96 0.95 0.68 0.94 0.76 0.92 0.95 0.95 0.96 0.94 0.69 0.83 0.92 0.64 0.89 0.92 0.93 0.93 0.94 0.92 0.93 0.93 0.91 0.92 0.91
0.60 0.89 0.89 0.83 0.48 0.67 0.89 0.82 0.77 0.71 1.00 0.94 0.71 0.81 0.83 0.80 0.43 0.76 0.49 0.69 0.81 0.81 0.83 0.76 0.40 0.52 0.69 0.36 0.62 0.70 0.70 0.70 0.76 0.70 0.70 0.70 0.67 0.70 0.67
0.70 0.93 0.93 0.89 0.58 0.77 0.93 0.88 0.84 0.80 1.00 0.96 0.80 0.88 0.89 0.87 0.54 0.85 0.61 0.81 0.88 0.88 0.89 0.85 0.51 0.65 0.81 0.47 0.75 0.81 0.81 0.81 0.85 0.81 0.81 0.81 0.79 0.81 0.79
0.96 1.00 1.00 1.00 0.92 0.99 1.00 1.00 0.99 1.00 1.00 1.00 1.00 1.00 1.00 1.00 0.91 1.00 0.95 1.00 1.00 1.00 1.00 1.00 0.95 0.98 1.00 0.91 0.99 1.00 1.00 1.00 1.00 1.00 1.00 1.00 0.99 1.00 0.99
0.82 0.97 0.97 0.95 0.72 0.89 0.97 0.94 0.92 0.92 1.00 0.98 0.92 0.96 0.96 0.95 0.68 0.94 0.77 0.93 0.96 0.96 0.96 0.94 0.71 0.84 0.93 0.66 0.90 0.93 0.93 0.93 0.94 0.93 0.93 0.94 0.91 0.93 0.91
0.78 0.96 0.96 0.94 0.68 0.86 0.96 0.93 0.90 0.90 1.00 0.98 0.90 0.94 0.95 0.93 0.63 0.92 0.74 0.90 0.94 0.94 0.95 0.92 0.65 0.79 0.90 0.61 0.86 0.91 0.91 0.91 0.92 0.91 0.91 0.91 0.89 0.91 0.89
0.59 0.88 0.88 0.83 0.46 0.64 0.88 0.81 0.76 0.68 1.00 0.93 0.68 0.78 0.81 0.77 0.41 0.73 0.44 0.65 0.78 0.78 0.80 0.73 0.36 0.49 0.65 0.32 0.59 0.66 0.66 0.66 0.73 0.66 0.66 0.66 0.63 0.66 0.63
0.64 0.90 0.90 0.86 0.51 0.70 0.90 0.84 0.79 0.75 1.00 0.95 0.75 0.84 0.85 0.82 0.47 0.79 0.51 0.73 0.84 0.84 0.85 0.79 0.43 0.56 0.73 0.39 0.67 0.73 0.74 0.74 0.79 0.73 0.74 0.74 0.71 0.73 0.71
0.85 0.98 0.98 0.97 0.76 0.92 0.98 0.96 0.94 0.94 1.00 0.99 0.94 0.97 0.98 0.96 0.74 0.96 0.82 0.96 0.97 0.97 0.97 0.96 0.76 0.88 0.96 0.71 0.94 0.96 0.96 0.96 0.96 0.96 0.96 0.96 0.95 0.96 0.95
0.92 0.99 0.99 0.99 0.87 0.97 0.99 0.99 0.98 0.98 1.00 1.00 0.98 0.99 0.99 0.99 0.84 0.99 0.91 0.99 0.99 0.99 0.99 0.99 0.90 0.96 0.99 0.85 0.98 0.99 0.99 0.99 0.99 0.99 0.99 0.99 0.98 0.99 0.98
0.77 0.95 0.95 0.93 0.65 0.85 0.95 0.92 0.88 0.88 1.00 0.97 0.88 0.93 0.94 0.92 0.62 0.91 0.71 0.89 0.93 0.93 0.94 0.91 0.63 0.77 0.89 0.59 0.85 0.89 0.89 0.89 0.91 0.89 0.89 0.89 0.87 0.89 0.87
0.94 1.00 1.00 0.99 0.88 0.98 1.00 0.99 0.98 0.99 1.00 1.00 0.99 0.99 0.99 0.99 0.86 0.99 0.93 0.99 0.99 0.99 1.00 0.99 0.91 0.97 0.99 0.87 0.99 0.99 0.99 0.99 0.99 0.99 0.99 0.99 0.99 0.99 0.99
0.94 1.00 1.00 0.99 0.88 0.98 1.00 0.99 0.98 0.99 1.00 1.00 0.99 1.00 1.00 0.99 0.87 1.00 0.93 0.99 1.00 1.00 1.00 1.00 0.92 0.97 0.99 0.88 0.99 0.99 1.00 1.00 1.00 0.99 1.00 1.00 0.99 0.99 0.99
0.68 0.92 0.92 0.88 0.55 0.74 0.92 0.87 0.82 0.78 1.00 0.95 0.78 0.86 0.88 0.85 0.51 0.82 0.57 0.78 0.86 0.86 0.87 0.82 0.48 0.61 0.78 0.43 0.72 0.78 0.78 0.78 0.82 0.78 0.78 0.78 0.76 0.78 0.76
0.72 0.94 0.94 0.91 0.61 0.80 0.94 0.90 0.86 0.84 1.00 0.97 0.84 0.90 0.91 0.88 0.57 0.87 0.64 0.84 0.90 0.90 0.91 0.87 0.55 0.70 0.84 0.50 0.79 0.85 0.85 0.85 0.87 0.85 0.85 0.85 0.82 0.85 0.82
0.78 0.96 0.96 0.94 0.68 0.86 0.96 0.93 0.90 0.89 1.00 0.98 0.89 0.94 0.95 0.93 0.65 0.92 0.74 0.91 0.94 0.94 0.94 0.92 0.65 0.79 0.91 0.61 0.86 0.91 0.91 0.91 0.92 0.91 0.91 0.91 0.89 0.91 0.89
0.79 0.96 0.96 0.94 0.69 0.87 0.96 0.93 0.91 0.90 1.00 0.98 0.90 0.94 0.95 0.93 0.65 0.92 0.73 0.90 0.94 0.94 0.95 0.92 0.66 0.79 0.90 0.61 0.87 0.90 0.91 0.91 0.92 0.90 0.91 0.91 0.89 0.90 0.89
0.58 0.88 0.88 0.82 0.45 0.63 0.88 0.80 0.75 0.67 1.00 0.93 0.67 0.78 0.80 0.76 0.39 0.72 0.44 0.64 0.78 0.78 0.79 0.72 0.34 0.47 0.64 0.31 0.58 0.64 0.65 0.65 0.72 0.64 0.65 0.65 0.62 0.64 0.62
0.60 0.89 0.89 0.84 0.47 0.66 0.89 0.82 0.77 0.70 1.00 0.93 0.70 0.80 0.82 0.79 0.43 0.75 0.46 0.68 0.80 0.80 0.81 0.75 0.37 0.51 0.68 0.34 0.62 0.68 0.69 0.69 0.75 0.68 0.69 0.69 0.66 0.68 0.66
0.72 0.94 0.94 0.90 0.59 0.78 0.94 0.89 0.85 0.82 1.00 0.96 0.82 0.89 0.90 0.87 0.55 0.85 0.62 0.82 0.89 0.89 0.90 0.85 0.52 0.67 0.82 0.48 0.77 0.82 0.83 0.83 0.85 0.82 0.83 0.83 0.80 0.82 0.80
0.92 0.99 0.99 0.99 0.87 0.97 0.99 0.99 0.98 0.99 1.00 1.00 0.99 0.99 0.99 0.99 0.84 0.99 0.91 0.99 0.99 0.99 0.99 0.99 0.90 0.96 0.99 0.84 0.98 0.99 0.99 0.99 0.99 0.99 0.99 0.99 0.98 0.99 0.98
0.95 1.00 1.00 1.00 0.91 0.99 1.00 1.00 0.99 1.00 1.00 1.00 1.00 1.00 1.00 1.00 0.89 1.00 0.95 1.00 1.00 1.00 1.00 1.00 0.94 0.98 1.00 0.90 0.99 1.00 1.00 1.00 1.00 1.00 1.00 1.00 1.00 1.00 1.00
0.91 0.99 0.99 0.99 0.85 0.97 0.99 0.99 0.97 0.98 1.00 0.99 0.98 0.99 0.99 0.99 0.83 0.99 0.90 0.98 0.99 0.99 0.99 0.99 0.88 0.95 0.98 0.84 0.98 0.99 0.99 0.99 0.99 0.99 0.99 0.99 0.98 0.99 0.98
0.92 0.99 0.99 0.99 0.85 0.97 0.99 0.99 0.97 0.98 1.00 1.00 0.98 0.99 0.99 0.99 0.83 0.99 0.91 0.99 0.99 0.99 0.99 0.99 0.88 0.96 0.99 0.83 0.98 0.99 0.99 0.99 0.99 0.99 0.99 0.99 0.98 0.99 0.98
0.83 0.97 0.97 0.96 0.73 0.90 0.97 0.95 0.93 0.93 1.00 0.98 0.93 0.96 0.96 0.95 0.70 0.95 0.79 0.94 0.96 0.96 0.96 0.95 0.73 0.85 0.94 0.68 0.91 0.94 0.94 0.94 0.95 0.94 0.94 0.94 0.92 0.94 0.92
0.85 0.98 0.98 0.96 0.76 0.92 0.98 0.96 0.94 0.95 1.00 0.99 0.95 0.97 0.98 0.96 0.73 0.96 0.82 0.96 0.97 0.97 0.98 0.96 0.76 0.88 0.96 0.71 0.93 0.96 0.96 0.96 0.96 0.96 0.96 0.96 0.94 0.96 0.94
0.95 1.00 1.00 1.00 0.91 0.98 1.00 0.99 0.99 0.99 1.00 1.00 0.99 1.00 1.00 0.99 0.89 1.00 0.94 1.00 1.00 1.00 1.00 1.00 0.94 0.98 1.00 0.90 0.99 1.00 1.00 1.00 1.00 1.00 1.00 1.00 0.99 1.00 0.99
0.80 0.97 0.97 0.95 0.70 0.88 0.97 0.94 0.91 0.91 1.00 0.98 0.91 0.95 0.96 0.94 0.67 0.94 0.76 0.92 0.95 0.95 0.95 0.94 0.68 0.82 0.92 0.63 0.89 0.92 0.92 0.93 0.94 0.92 0.92 0.93 0.90 0.92 0.90
0.63 0.90 0.90 0.85 0.50 0.70 0.90 0.84 0.79 0.74 1.00 0.94 0.74 0.83 0.85 0.81 0.46 0.78 0.51 0.72 0.83 0.83 0.84 0.78 0.42 0.55 0.72 0.38 0.65 0.73 0.73 0.72 0.78 0.73 0.73 0.73 0.70 0.73 0.70
0.91 0.99 0.99 0.98 0.83 0.97 0.99 0.98 0.97 0.98 1.00 0.99 0.98 0.99 0.99 0.99 0.82 0.99 0.90 0.99 0.99 0.99 0.99 0.99 0.87 0.95 0.99 0.82 0.98 0.99 0.99 0.99 0.99 0.99 0.99 0.99 0.98 0.99 0.98
0.62 0.90 0.90 0.85 0.50 0.68 0.90 0.83 0.78 0.72 1.00 0.94 0.72 0.83 0.84 0.81 0.45 0.77 0.50 0.71 0.83 0.83 0.84 0.77 0.41 0.54 0.71 0.37 0.65 0.71 0.72 0.72 0.77 0.71 0.72 0.72 0.69 0.71 0.69
0.55 0.86 0.86 0.80 0.41 0.58 0.86 0.77 0.71 0.63 1.00 0.91 0.63 0.74 0.77 0.73 0.36 0.68 0.39 0.59 0.74 0.74 0.76 0.68 0.30 0.41 0.59 0.28 0.52 0.60 0.60 0.60 0.68 0.60 0.60 0.60 0.57 0.60 0.57
0.60 0.88 0.88 0.83 0.48 0.66 0.88 0.81 0.76 0.70 1.00 0.94 0.70 0.80 0.83 0.78 0.42 0.74 0.46 0.67 0.80 0.80 0.82 0.74 0.37 0.50 0.67 0.33 0.61 0.68 0.68 0.68 0.74 0.68 0.68 0.68 0.65 0.68 0.65
0.57 0.87 0.87 0.81 0.45 0.62 0.87 0.79 0.74 0.66 1.00 0.93 0.66 0.77 0.80 0.76 0.40 0.72 0.43 0.64 0.77 0.77 0.79 0.72 0.34 0.46 0.64 0.31 0.57 0.64 0.64 0.64 0.72 0.64 0.64 0.64 0.61 0.64 0.61
0.93 1.00 1.00 0.99 0.88 0.98 1.00 0.99 0.98 0.99 1.00 1.00 0.99 1.00 1.00 0.99 0.86 0.99 0.93 0.99 1.00 1.00 1.00 0.99 0.91 0.97 0.99 0.87 0.98 0.99 0.99 0.99 0.99 0.99 0.99 0.99 0.99 0.99 0.99
0.76 0.95 0.95 0.93 0.65 0.84 0.95 0.92 0.89 0.88 1.00 0.97 0.88 0.93 0.94 0.92 0.62 0.91 0.71 0.88 0.93 0.93 0.93 0.91 0.61 0.77 0.88 0.57 0.84 0.89 0.89 0.89 0.91 0.89 0.89 0.89 0.87 0.89 0.87
0.74 0.94 0.94 0.91 0.63 0.81 0.94 0.90 0.86 0.85 1.00 0.97 0.85 0.91 0.92 0.90 0.59 0.88 0.67 0.86 0.91 0.91 0.92 0.88 0.59 0.72 0.86 0.54 0.81 0.86 0.86 0.86 0.88 0.86 0.86 0.86 0.84 0.86 0.84
0.93 1.00 1.00 0.99 0.88 0.98 1.00 0.99 0.98 0.99 1.00 1.00 0.99 1.00 1.00 0.99 0.87 0.99 0.92 0.99 1.00 1.00 1.00 0.99 0.92 0.97 0.99 0.87 0.99 1.00 0.99 0.99 0.99 1.00 0.99 0.99 0.99 1.00 0.99
0.96 1.00 1.00 1.00 0.92 0.99 1.00 1.00 0.99 1.00 1.00 1.00 1.00 1.00 1.00 1.00 0.90 1.00 0.95 1.00 1.00 1.00 1.00 1.00 0.95 0.98 1.00 0.92 0.99 1.00 1.00 1.00 1.00 1.00 1.00 1.00 0.99 1.00 0.99
0.86 0.98 0.98 0.97 0.77 0.93 0.98 0.97 0.95 0.96 1.00 0.99 0.96 0.98 0.98 0.97 0.75 0.97 0.84 0.97 0.98 0.98 0.98 0.97 0.79 0.90 0.97 0.74 0.95 0.97 0.97 0.97 0.97 0.97 0.97 0.97 0.95 0.97 0.95
0.63 0.89 0.89 0.85 0.51 0.71 0.89 0.84 0.79 0.74 1.00 0.94 0.74 0.83 0.85 0.81 0.46 0.79 0.53 0.73 0.83 0.83 0.84 0.79 0.43 0.57 0.73 0.39 0.67 0.74 0.74 0.74 0.79 0.74 0.74 0.74 0.71 0.74 0.71
0.58 0.87 0.87 0.81 0.45 0.63 0.87 0.79 0.74 0.68 1.00 0.93 0.68 0.78 0.81 0.76 0.40 0.72 0.43 0.64 0.78 0.78 0.80 0.72 0.34 0.47 0.64 0.31 0.58 0.64 0.65 0.65 0.72 0.64 0.65 0.65 0.62 0.64 0.62
0.83 0.97 0.97 0.96 0.73 0.90 0.97 0.95 0.93 0.93 1.00 0.98 0.93 0.96 0.96 0.95 0.70 0.95 0.80 0.94 0.96 0.96 0.96 0.95 0.72 0.85 0.94 0.67 0.91 0.94 0.94 0.94 0.95 0.94 0.94 0.94 0.93 0.94 0.93
0.55 0.86 0.86 0.79 0.41 0.59 0.86 0.77 0.71 0.63 1.00 0.92 0.63 0.75 0.78 0.73 0.37 0.68 0.40 0.60 0.75 0.75 0.77 0.68 0.31 0.42 0.60 0.28 0.52 0.60 0.61 0.60 0.68 0.60 0.61 0.61 0.57 0.60 0.57
0.58 0.88 0.88 0.83 0.46 0.64 0.88 0.81 0.76 0.69 1.00 0.93 0.69 0.79 0.81 0.77 0.41 0.73 0.45 0.66 0.79 0.79 0.81 0.73 0.36 0.48 0.66 0.32 0.59 0.66 0.66 0.66 0.73 0.66 0.66 0.66 0.64 0.66 0.64
0.54 0.85 0.85 0.79 0.41 0.58 0.85 0.77 0.71 0.62 1.00 0.91 0.62 0.74 0.77 0.73 0.34 0.67 0.38 0.58 0.74 0.74 0.76 0.67 0.30 0.41 0.58 0.26 0.51 0.58 0.58 0.58 0.67 0.58 0.58 0.58 0.56 0.58 0.56
0.79 0.97 0.97 0.94 0.67 0.87 0.97 0.94 0.91 0.90 1.00 0.98 0.90 0.95 0.95 0.93 0.65 0.93 0.73 0.91 0.95 0.95 0.95 0.93 0.67 0.80 0.91 0.62 0.87 0.91 0.91 0.91 0.93 0.91 0.91 0.91 0.89 0.91 0.89
0.87 0.99 0.99 0.97 0.78 0.94 0.99 0.97 0.95 0.96 1.00 0.99 0.96 0.98 0.98 0.97 0.75 0.97 0.85 0.97 0.98 0.98 0.98 0.97 0.80 0.90 0.97 0.75 0.95 0.97 0.97 0.97 0.97 0.97 0.97 0.97 0.96 0.97 0.96
0.84 0.98 0.98 0.97 0.75 0.91 0.98 0.96 0.94 0.94 1.00 0.99 0.94 0.97 0.97 0.96 0.72 0.96 0.81 0.95 0.97 0.97 0.97 0.96 0.75 0.87 0.95 0.70 0.92 0.95 0.95 0.95 0.96 0.95 0.95 0.95 0.94 0.95 0.94
0.72 0.94 0.94 0.91 0.60 0.80 0.94 0.90 0.86 0.83 1.00 0.96 0.83 0.89 0.90 0.89 0.56 0.87 0.64 0.83 0.89 0.89 0.90 0.87 0.54 0.69 0.83 0.50 0.78 0.84 0.84 0.84 0.87 0.84 0.84 0.84 0.81 0.84 0.81
0.66 0.91 0.91 0.87 0.53 0.73 0.91 0.86 0.81 0.77 1.00 0.95 0.77 0.85 0.87 0.83 0.49 0.80 0.54 0.75 0.85 0.85 0.86 0.80 0.46 0.59 0.75 0.42 0.70 0.76 0.76 0.76 0.80 0.76 0.76 0.76 0.74 0.76 0.74
0.67 0.92 0.92 0.88 0.55 0.74 0.92 0.87 0.82 0.78 1.00 0.95 0.78 0.86 0.88 0.85 0.50 0.82 0.57 0.77 0.86 0.86 0.87 0.82 0.47 0.61 0.77 0.43 0.72 0.78 0.79 0.79 0.82 0.78 0.79 0.79 0.75 0.78 0.75
0.74 0.94 0.94 0.92 0.62 0.81 0.94 0.91 0.87 0.85 1.00 0.97 0.85 0.91 0.92 0.90 0.58 0.88 0.66 0.85 0.91 0.91 0.92 0.88 0.57 0.72 0.85 0.53 0.81 0.86 0.86 0.86 0.88 0.86 0.86 0.86 0.83 0.86 0.83
0.79 0.97 0.97 0.94 0.69 0.87 0.97 0.94 0.91 0.91 1.00 0.98 0.91 0.95 0.96 0.94 0.66 0.93 0.75 0.92 0.95 0.95 0.95 0.93 0.69 0.81 0.92 0.64 0.89 0.92 0.93 0.93 0.93 0.92 0.93 0.93 0.90 0.92 0.90
0.63 0.89 0.89 0.85 0.50 0.69 0.89 0.83 0.78 0.73 1.00 0.94 0.73 0.83 0.84 0.80 0.45 0.77 0.50 0.71 0.83 0.83 0.84 0.77 0.41 0.54 0.71 0.37 0.65 0.72 0.72 0.72 0.77 0.72 0.72 0.72 0.69 0.72 0.69
0.94 1.00 1.00 0.99 0.88 0.98 1.00 0.99 0.99 0.99 1.00 1.00 0.99 1.00 1.00 1.00 0.88 1.00 0.93 1.00 1.00 1.00 1.00 1.00 0.93 0.97 1.00 0.88 0.99 1.00 1.00 1.00 1.00 1.00 1.00 1.00 0.99 1.00 0.99
0.82 0.98 0.98 0.96 0.73 0.90 0.98 0.96 0.93 0.93 1.00 0.98 0.93 0.96 0.96 0.95 0.70 0.95 0.79 0.94 0.96 0.96 0.96 0.95 0.72 0.85 0.94 0.67 0.91 0.94 0.94 0.94 0.95 0.94 0.94 0.94 0.93 0.94 0.93
0.78 0.96 0.96 0.93 0.67 0.86 0.96 0.93 0.89 0.89 1.00 0.97 0.89 0.94 0.94 0.93 0.62 0.92 0.71 0.89 0.94 0.94 0.94 0.92 0.64 0.78 0.89 0.59 0.86 0.90 0.90 0.90 0.92 0.90 0.90 0.90 0.88 0.90 0.88
0.92 1.00 1.00 0.99 0.87 0.97 1.00 0.99 0.98 0.99 1.00 1.00 0.99 1.00 1.00 0.99 0.85 0.99 0.92 0.99 1.00 1.00 1.00 0.99 0.90 0.97 0.99 0.86 0.98 0.99 0.99 0.99 0.99 0.99 0.99 0.99 0.99 0.99 0.99
0.79 0.96 0.96 0.94 0.68 0.87 0.96 0.94 0.90 0.90 1.00 0.98 0.90 0.95 0.95 0.93 0.64 0.93 0.74 0.91 0.95 0.95 0.95 0.93 0.66 0.80 0.91 0.62 0.87 0.91 0.91 0.91 0.93 0.91 0.91 0.91 0.89 0.91 0.89
0.58 0.88 0.88 0.82 0.46 0.64 0.88 0.80 0.75 0.68 1.00 0.93 0.68 0.79 0.81 0.76 0.40 0.72 0.44 0.65 0.79 0.79 0.80 0.72 0.35 0.48 0.65 0.32 0.58 0.65 0.66 0.66 0.72 0.65 0.66 0.66 0.63 0.65 0.63
0.79 0.96 0.96 0.94 0.67 0.86 0.96 0.93 0.90 0.89 1.00 0.98 0.89 0.94 0.95 0.93 0.64 0.92 0.73 0.90 0.94 0.94 0.95 0.92 0.65 0.79 0.90 0.60 0.86 0.90 0.91 0.91 0.92 0.90 0.91 0.91 0.89 0.90 0.89
0.87 0.99 0.99 0.98 0.79 0.94 0.99 0.97 0.95 0.96 1.00 0.99 0.96 0.98 0.98 0.97 0.77 0.97 0.85 0.97 0.98 0.98 0.98 0.97 0.80 0.91 0.97 0.75 0.95 0.97 0.97 0.97 0.97 0.97 0.97 0.97 0.96 0.97 0.96
0.56 0.86 0.86 0.80 0.44 0.61 0.86 0.78 0.73 0.64 1.00 0.92 0.64 0.77 0.80 0.75 0.38 0.70 0.41 0.62 0.77 0.77 0.78 0.70 0.33 0.44 0.62 0.29 0.55 0.62 0.62 0.62 0.70 0.62 0.62 0.63 0.59 0.62 0.59
0.72 0.94 0.94 0.91 0.61 0.80 0.94 0.90 0.86 0.84 1.00 0.97 0.84 0.90 0.91 0.89 0.56 0.87 0.65 0.83 0.90 0.90 0.91 0.87 0.55 0.70 0.83 0.51 0.79 0.84 0.84 0.84 0.87 0.84 0.84 0.84 0.81 0.84 0.81
0.54 0.86 0.86 0.80 0.42 0.58 0.86 0.77 0.71 0.62 1.00 0.91 0.62 0.74 0.77 0.73 0.35 0.68 0.38 0.58 0.74 0.74 0.76 0.68 0.30 0.41 0.58 0.27 0.52 0.59 0.60 0.60 0.68 0.59 0.60 0.60 0.57 0.59 0.57
0.75 0.95 0.95 0.92 0.63 0.83 0.95 0.91 0.87 0.86 1.00 0.97 0.86 0.92 0.93 0.91 0.60 0.90 0.67 0.87 0.92 0.92 0.92 0.90 0.60 0.73 0.87 0.55 0.82 0.87 0.87 0.87 0.90 0.87 0.87 0.87 0.85 0.87 0.85
0.79 0.96 0.96 0.94 0.67 0.86 0.96 0.93 0.90 0.90 1.00 0.98 0.90 0.94 0.95 0.93 0.63 0.92 0.74 0.90 0.94 0.94 0.94 0.92 0.66 0.80 0.90 0.61 0.87 0.91 0.91 0.91 0.92 0.91 0.91 0.91 0.89 0.91 0.89
0.64 0.90 0.90 0.86 0.52 0.70 0.90 0.84 0.79 0.74 1.00 0.94 0.74 0.84 0.85 0.82 0.47 0.79 0.52 0.73 0.84 0.84 0.85 0.79 0.43 0.57 0.73 0.38 0.67 0.73 0.74 0.74 0.79 0.73 0.74 0.74 0.71 0.73 0.71
0.81 0.97 0.97 0.95 0.69 0.89 0.97 0.94 0.91 0.91 1.00 0.98 0.91 0.95 0.96 0.94 0.66 0.94 0.76 0.92 0.95 0.95 0.96 0.94 0.68 0.82 0.92 0.63 0.88 0.92 0.92 0.92 0.94 0.92 0.92 0.92 0.90 0.92 0.90
0.59 0.88 0.88 0.83 0.46 0.65 0.88 0.81 0.76 0.69 1.00 0.93 0.69 0.79 0.81 0.78 0.42 0.74 0.44 0.66 0.79 0.79 0.81 0.74 0.36 0.49 0.66 0.33 0.59 0.67 0.67 0.67 0.74 0.67 0.67 0.67 0.64 0.67 0.64
0.92 1.00 1.00 0.99 0.86 0.97 1.00 0.99 0.98 0.99 1.00 1.00 0.99 0.99 0.99 0.99 0.83 0.99 0.92 0.99 0.99 0.99 0.99 0.99 0.89 0.96 0.99 0.86 0.98 0.99 0.99 0.99 0.99 0.99 0.99 0.99 0.98 0.99 0.98
0.95 1.00 1.00 0.99 0.90 0.98 1.00 0.99 0.99 0.99 1.00 1.00 0.99 1.00 1.00 1.00 0.88 1.00 0.94 1.00 1.00 1.00 1.00 1.00 0.93 0.98 1.00 0.90 0.99 1.00 1.00 1.00 1.00 1.00 1.00 1.00 0.99 1.00 0.99
0.82 0.97 0.97 0.96 0.72 0.90 0.97 0.95 0.92 0.93 1.00 0.98 0.93 0.96 0.96 0.95 0.70 0.95 0.78 0.94 0.96 0.96 0.96 0.95 0.71 0.84 0.94 0.66 0.90 0.94 0.94 0.94 0.95 0.94 0.94 0.94 0.92 0.94 0.92
0.70 0.93 0.93 0.90 0.58 0.78 0.93 0.88 0.84 0.81 1.00 0.96 0.81 0.89 0.90 0.87 0.54 0.86 0.62 0.81 0.89 0.89 0.89 0.86 0.51 0.66 0.81 0.47 0.76 0.81 0.82 0.82 0.86 0.81 0.82 0.82 0.79 0.81 0.79
0.84 0.98 0.98 0.97 0.76 0.92 0.98 0.96 0.94 0.95 1.00 0.99 0.95 0.97 0.97 0.96 0.73 0.96 0.82 0.95 0.97 0.97 0.97 0.96 0.75 0.88 0.95 0.70 0.93 0.96 0.96 0.96 0.96 0.96 0.96 0.96 0.94 0.96 0.94
0.64 0.90 0.90 0.86 0.51 0.71 0.90 0.84 0.79 0.75 1.00 0.95 0.75 0.84 0.86 0.82 0.46 0.79 0.51 0.73 0.84 0.84 0.85 0.79 0.42 0.57 0.73 0.39 0.67 0.73 0.73 0.73 0.79 0.73 0.73 0.73 0.70 0.73 0.70
0.75 0.95 0.95 0.92 0.63 0.82 0.95 0.91 0.87 0.86 1.00 0.97 0.86 0.92 0.93 0.90 0.59 0.89 0.67 0.86 0.92 0.92 0.92 0.89 0.59 0.73 0.86 0.54 0.81 0.86 0.87 0.86 0.89 0.86 0.87 0.87 0.84 0.86 0.84
0.53 0.84 0.84 0.78 0.39 0.56 0.84 0.75 0.69 0.60 1.00 0.91 0.60 0.72 0.75 0.71 0.34 0.65 0.36 0.55 0.72 0.72 0.74 0.65 0.27 0.38 0.55 0.24 0.49 0.56 0.56 0.56 0.65 0.56 0.56 0.56 0.53 0.56 0.53
0.62 0.89 0.89 0.85 0.49 0.68 0.89 0.83 0.79 0.72 1.00 0.94 0.72 0.82 0.84 0.81 0.44 0.77 0.49 0.70 0.82 0.82 0.83 0.77 0.40 0.53 0.70 0.37 0.64 0.71 0.71 0.71 0.77 0.71 0.71 0.71 0.69 0.71 0.69
0.65 0.90 0.90 0.86 0.51 0.70 0.90 0.84 0.79 0.74 1.00 0.94 0.74 0.83 0.85 0.82 0.46 0.79 0.51 0.73 0.83 0.83 0.84 0.79 0.43 0.56 0.73 0.39 0.66 0.73 0.73 0.73 0.79 0.73 0.73 0.73 0.70 0.73 0.70
0.92 0.99 0.99 0.99 0.85 0.97 0.99 0.99 0.98 0.99 1.00 1.00 0.99 0.99 0.99 0.99 0.83 0.99 0.91 0.99 0.99 0.99 0.99 0.99 0.89 0.96 0.99 0.84 0.98 0.99 0.99 0.99 0.99 0.99 0.99 0.99 0.98 0.99 0.98
0.82 0.97 0.97 0.95 0.72 0.89 0.97 0.95 0.92 0.92 1.00 0.98 0.92 0.96 0.96 0.94 0.68 0.94 0.78 0.93 0.96 0.96 0.96 0.94 0.70 0.83 0.93 0.64 0.89 0.93 0.93 0.93 0.94 0.93 0.93 0.93 0.91 0.93 0.91
0.61 0.89 0.89 0.84 0.49 0.67 0.89 0.82 0.77 0.72 1.00 0.94 0.72 0.81 0.83 0.79 0.43 0.76 0.48 0.70 0.81 0.81 0.83 0.76 0.39 0.53 0.70 0.36 0.63 0.70 0.70 0.70 0.76 0.70 0.70 0.70 0.67 0.70 0.67
0.66 0.91 0.91 0.87 0.54 0.73 0.91 0.86 0.81 0.77 1.00 0.95 0.77 0.86 0.87 0.84 0.50 0.81 0.55 0.76 0.86 0.86 0.86 0.81 0.46 0.59 0.76 0.42 0.69 0.76 0.76 0.76 0.81 0.76 0.76 0.76 0.73 0.76 0.73
0.96 1.00 1.00 1.00 0.93 0.99 1.00 1.00 0.99 1.00 1.00 1.00 1.00 1.00 1.00 1.00 0.91 1.00 0.95 1.00 1.00 1.00 1.00 1.00 0.96 0.99 1.00 0.92 1.00 1.00 1.00 1.00 1.00 1.00 1.00 1.00 1.00 1.00 1.00
0.74 0.94 0.94 0.92 0.63 0.82 0.94 0.91 0.87 0.86 1.00 0.97 0.86 0.92 0.93 0.91 0.60 0.89 0.68 0.86 0.92 0.92 0.92 0.89 0.58 0.73 0.86 0.54 0.82 0.87 0.87 0.87 0.89 0.87 0.87 0.87 0.85 0.87 0.85
0.62 0.90 0.90 0.84 0.48 0.67 0.90 0.83 0.77 0.71 1.00 0.94 0.71 0.81 0.83 0.80 0.44 0.77 0.48 0.70 0.81 0.81 0.83 0.77 0.39 0.53 0.70 0.36 0.64 0.70 0.71 0.71 0.77 0.70 0.71 0.71 0.68 0.70 0.68
0.79 0.96 0.96 0.94 0.68 0.87 0.96 0.93 0.90 0.90 1.00 0.98 0.90 0.95 0.95 0.93 0.65 0.93 0.75 0.91 0.95 0.95 0.95 0.93 0.66 0.80 0.91 0.61 0.87 0.91 0.91 0.91 0.93 0.91 0.91 0.91 0.89 0.91 0.89
0.58 0.87 0.87 0.82 0.45 0.63 0.87 0.80 0.75 0.67 1.00 0.93 0.67 0.78 0.80 0.76 0.40 0.72 0.43 0.64 0.78 0.78 0.79 0.72 0.35 0.47 0.64 0.31 0.57 0.65 0.65 0.65 0.72 0.65 0.65 0.65 0.62 0.65 0.62
0.95 1.00 1.00 1.00 0.91 0.99 1.00 1.00 0.99 1.00 1.00 1.00 1.00 1.00 1.00 1.00 0.90 1.00 0.95 1.00 1.00 1.00 1.00 1.00 0.95 0.99 1.00 0.91 0.99 1.00 1.00 1.00 1.00 1.00 1.00 1.00 1.00 1.00 1.00
0.86 0.98 0.98 0.97 0.77 0.93 0.98 0.97 0.95 0.95 1.00 0.99 0.95 0.97 0.98 0.97 0.74 0.97 0.83 0.96 0.97 0.97 0.98 0.97 0.78 0.89 0.96 0.73 0.94 0.96 0.96 0.96 0.97 0.96 0.96 0.96 0.95 0.96 0.95
0.71 0.94 0.94 0.90 0.60 0.79 0.94 0.89 0.85 0.83 1.00 0.96 0.83 0.89 0.90 0.88 0.55 0.86 0.62 0.82 0.89 0.89 0.90 0.86 0.53 0.67 0.82 0.48 0.77 0.82 0.83 0.83 0.86 0.82 0.83 0.83 0.80 0.82 0.80
0.96 1.00 1.00 1.00 0.93 0.99 1.00 1.00 0.99 1.00 1.00 1.00 1.00 1.00 1.00 1.00 0.91 1.00 0.96 1.00 1.00 1.00 1.00 1.00 0.96 0.99 1.00 0.92 0.99 1.00 1.00 1.00 1.00 1.00 1.00 1.00 0.99 1.00 0.99
0.54 0.85 0.85 0.79 0.40 0.58 0.85 0.77 0.70 0.63 1.00 0.92 0.63 0.74 0.77 0.72 0.36 0.67 0.39 0.59 0.74 0.74 0.76 0.67 0.30 0.40 0.59 0.27 0.51 0.59 0.60 0.60 0.67 0.59 0.60 0.60 0.57 0.59 0.57
0.94 1.00 1.00 0.99 0.89 0.98 1.00 0.99 0.99 0.99 1.00 1.00 0.99 1.00 1.00 1.00 0.87 1.00 0.93 1.00 1.00 1.00 1.00 1.00 0.92 0.97 1.00 0.88 0.99 1.00 1.00 1.00 1.00 1.00 1.00 1.00 0.99 1.00 0.99
0.58 0.88 0.88 0.82 0.45 0.63 0.88 0.80 0.75 0.67 1.00 0.93 0.67 0.78 0.81 0.77 0.41 0.72 0.43 0.64 0.78 0.78 0.80 0.72 0.34 0.47 0.64 0.31 0.58 0.65 0.65 0.65 0.72 0.65 0.65 0.65 0.62 0.65 0.62
0.73 0.94 0.94 0.92 0.61 0.81 0.94 0.91 0.87 0.84 1.00 0.97 0.84 0.91 0.92 0.89 0.58 0.88 0.66 0.85 0.91 0.91 0.92 0.88 0.57 0.71 0.85 0.52 0.80 0.86 0.86 0.86 0.88 0.86 0.86 0.86 0.83 0.86 0.83
0.91 0.99 0.99 0.99 0.85 0.97 0.99 0.99 0.97 0.98 1.00 1.00 0.98 0.99 0.99 0.99 0.82 0.99 0.90 0.99 0.99 0.99 0.99 0.99 0.87 0.95 0.99 0.82 0.97 0.99 0.99 0.99 0.99 0.99 0.99 0.99 0.98 0.99 0.98
0.80 0.96 0.96 0.94 0.69 0.87 0.96 0.94 0.91 0.91 1.00 0.98 0.91 0.95 0.95 0.93 0.66 0.93 0.74 0.91 0.95 0.95 0.95 0.93 0.67 0.81 0.91 0.62 0.88 0.91 0.92 0.92 0.93 0.91 0.92 0.92 0.90 0.91 0.90
0.68 0.92 0.92 0.88 0.56 0.75 0.92 0.87 0.83 0.79 1.00 0.95 0.79 0.87 0.88 0.86 0.52 0.83 0.58 0.78 0.87 0.87 0.88 0.83 0.49 0.63 0.78 0.44 0.73 0.79 0.79 0.79 0.83 0.79 0.79 0.79 0.76 0.79 0.76
0.89 0.99 0.99 0.98 0.82 0.96 0.99 0.98 0.97 0.98 1.00 0.99 0.98 0.99 0.99 0.99 0.80 0.99 0.88 0.98 0.99 0.99 0.99 0.99 0.85 0.94 0.98 0.80 0.97 0.98 0.98 0.98 0.99 0.98 0.98 0.98 0.97 0.98 0.97
0.94 1.00 1.00 0.99 0.90 0.98 1.00 0.99 0.99 0.99 1.00 1.00 0.99 1.00 1.00 1.00 0.89 1.00 0.94 1.00 1.00 1.00 1.00 1.00 0.93 0.98 1.00 0.90 0.99 1.00 1.00 1.00 1.00 1.00 1.00 1.00 0.99 1.00 0.99
0.52 0.85 0.85 0.78 0.40 0.56 0.85 0.76 0.70 0.60 1.00 0.92 0.60 0.73 0.76 0.71 0.35 0.66 0.36 0.56 0.73 0.73 0.74 0.66 0.29 0.39 0.56 0.25 0.49 0.56 0.57 0.57 0.66 0.56 0.57 0.57 0.54 0.56 0.54
0.76 0.96 0.96 0.93 0.65 0.84 0.96 0.92 0.88 0.88 1.00 0.97 0.88 0.93 0.93 0.91 0.60 0.90 0.70 0.88 0.93 0.93 0.93 0.90 0.62 0.76 0.88 0.57 0.84 0.88 0.88 0.88 0.90 0.88 0.88 0.88 0.86 0.88 0.86
0.95 1.00 1.00 0.99 0.90 0.99 1.00 0.99 0.99 0.99 1.00 1.00 0.99 1.00 1.00 1.00 0.89 1.00 0.94 1.00 1.00 1.00 1.00 1.00 0.94 0.98 1.00 0.90 0.99 1.00 1.00 1.00 1.00 1.00 1.00 1.00 0.99 1.00 0.99
0.72 0.94 0.94 0.91 0.60 0.80 0.94 0.90 0.86 0.84 1.00 0.97 0.84 0.90 0.91 0.88 0.57 0.87 0.65 0.83 0.90 0.90 0.91 0.87 0.55 0.70 0.83 0.51 0.78 0.84 0.84 0.84 0.87 0.84 0.84 0.84 0.81 0.84 0.81
0.89 0.99 0.99 0.98 0.81 0.95 0.99 0.98 0.96 0.97 1.00 0.99 0.97 0.99 0.99 0.98 0.78 0.98 0.87 0.98 0.99 0.99 0.99 0.98 0.83 0.92 0.98 0.78 0.96 0.98 0.98 0.98 0.98 0.98 0.98 0.98 0.97 0.98 0.97
0.87 0.98 0.98 0.98 0.78 0.94 0.98 0.97 0.95 0.96 1.00 0.99 0.96 0.98 0.98 0.97 0.75 0.97 0.85 0.97 0.98 0.98 0.98 0.97 0.79 0.90 0.97 0.74 0.94 0.97 0.97 0.97 0.97 0.97 0.97 0.97 0.95 0.97 0.95
0.78 0.96 0.96 0.94 0.68 0.86 0.96 0.94 0.90 0.90 1.00 0.98 0.90 0.94 0.95 0.93 0.64 0.92 0.73 0.90 0.94 0.94 0.94 0.92 0.65 0.79 0.90 0.61 0.86 0.91 0.91 0.91 0.92 0.91 0.91 0.91 0.89 0.91 0.89
0.85 0.98 0.98 0.97 0.76 0.92 0.98 0.96 0.94 0.95 1.00 0.99 0.95 0.97 0.97 0.97 0.73 0.97 0.82 0.96 0.97 0.97 0.97 0.97 0.76 0.88 0.96 0.71 0.93 0.96 0.96 0.96 0.97 0.96 0.96 0.96 0.94 0.96 0.94
0.59 0.88 0.88 0.82 0.46 0.64 0.88 0.81 0.76 0.68 1.00 0.93 0.68 0.79 0.82 0.77 0.40 0.73 0.46 0.66 0.79 0.79 0.80 0.73 0.36 0.49 0.66 0.33 0.60 0.67 0.67 0.67 0.73 0.67 0.67 0.67 0.64 0.67 0.64
0.64 0.90 0.90 0.85 0.51 0.70 0.90 0.84 0.79 0.74 1.00 0.94 0.74 0.83 0.85 0.81 0.45 0.78 0.52 0.72 0.83 0.83 0.85 0.78 0.42 0.56 0.72 0.38 0.66 0.73 0.73 0.73 0.78 0.73 0.73 0.74 0.71 0.73 0.71
0.77 0.96 0.96 0.93 0.66 0.85 0.96 0.92 0.89 0.88 1.00 0.97 0.88 0.93 0.94 0.92 0.63 0.91 0.72 0.89 0.93 0.93 0.94 0.91 0.64 0.78 0.89 0.59 0.85 0.90 0.90 0.90 0.91 0.90 0.90 0.90 0.87 0.90 0.87
0.80 0.97 0.97 0.95 0.70 0.88 0.97 0.94 0.91 0.91 1.00 0.98 0.91 0.95 0.96 0.94 0.66 0.94 0.76 0.92 0.95 0.95 0.95 0.94 0.68 0.81 0.92 0.63 0.89 0.92 0.92 0.93 0.94 0.92 0.92 0.93 0.91 0.92 0.91
0.81 0.97 0.97 0.95 0.70 0.88 0.97 0.94 0.91 0.91 1.00 0.98 0.91 0.95 0.95 0.94 0.66 0.93 0.75 0.92 0.95 0.95 0.95 0.93 0.68 0.81 0.92 0.63 0.88 0.92 0.92 0.92 0.93 0.92 0.92 0.92 0.90 0.92 0.90
0.53 0.85 0.85 0.79 0.40 0.57 0.85 0.76 0.71 0.61 1.00 0.91 0.61 0.73 0.76 0.71 0.35 0.66 0.37 0.57 0.73 0.73 0.74 0.66 0.28 0.38 0.57 0.25 0.49 0.58 0.58 0.58 0.66 0.58 0.58 0.58 0.55 0.58 0.55
0.78 0.96 0.96 0.94 0.67 0.86 0.96 0.93 0.90 0.90 1.00 0.98 0.90 0.94 0.95 0.93 0.63 0.92 0.72 0.90 0.94 0.94 0.94 0.92 0.63 0.77 0.90 0.58 0.85 0.90 0.90 0.90 0.92 0.90 0.90 0.90 0.88 0.90 0.88
0.66 0.91 0.91 0.87 0.53 0.73 0.91 0.85 0.81 0.77 1.00 0.95 0.77 0.85 0.86 0.83 0.48 0.80 0.54 0.75 0.85 0.85 0.86 0.80 0.45 0.59 0.75 0.42 0.69 0.75 0.76 0.76 0.80 0.75 0.76 0.76 0.73 0.75 0.73
0.64 0.90 0.90 0.86 0.51 0.71 0.90 0.85 0.80 0.75 1.00 0.95 0.75 0.84 0.86 0.82 0.47 0.79 0.53 0.73 0.84 0.84 0.85 0.79 0.43 0.57 0.73 0.40 0.67 0.74 0.75 0.75 0.79 0.74 0.75 0.75 0.71 0.74 0.71
0.59 0.88 0.88 0.82 0.46 0.64 0.88 0.80 0.75 0.68 1.00 0.93 0.68 0.78 0.81 0.76 0.41 0.72 0.45 0.64 0.78 0.78 0.80 0.72 0.34 0.47 0.64 0.31 0.57 0.65 0.65 0.65 0.72 0.65 0.65 0.65 0.62 0.65 0.62
0.60 0.88 0.88 0.83 0.47 0.65 0.88 0.81 0.76 0.69 1.00 0.93 0.69 0.79 0.81 0.77 0.41 0.74 0.45 0.66 0.79 0.79 0.80 0.74 0.36 0.49 0.66 0.32 0.60 0.67 0.67 0.67 0.74 0.67 0.67 0.67 0.64 0.67 0.64
0.74 0.95 0.95 0.92 0.62 0.82 0.95 0.91 0.87 0.86 1.00 0.97 0.86 0.92 0.92 0.91 0.58 0.89 0.67 0.86 0.92 0.92 0.92 0.89 0.58 0.72 0.86 0.54 0.81 0.86 0.87 0.87 0.89 0.86 0.87 0.87 0.84 0.86 0.84
0.67 0.92 0.92 0.88 0.55 0.74 0.92 0.87 0.82 0.78 1.00 0.95 0.78 0.86 0.88 0.84 0.51 0.82 0.57 0.77 0.86 0.86 0.87 0.82 0.47 0.62 0.77 0.43 0.71 0.77 0.78 0.78 0.82 0.77 0.78 0.78 0.75 0.77 0.75
0.77 0.96 0.96 0.93 0.65 0.85 0.96 0.93 0.89 0.88 1.00 0.97 0.88 0.93 0.94 0.92 0.62 0.91 0.71 0.89 0.93 0.93 0.94 0.91 0.62 0.76 0.89 0.57 0.85 0.89 0.89 0.89 0.91 0.89 0.89 0.89 0.87 0.89 0.87
0.77 0.96 0.96 0.93 0.66 0.85 0.96 0.93 0.89 0.88 1.00 0.97 0.88 0.93 0.94 0.92 0.63 0.91 0.70 0.89 0.93 0.93 0.94 0.91 0.63 0.77 0.89 0.58 0.85 0.89 0.89 0.89 0.91 0.89 0.89 0.89 0.87 0.89 0.87
0.80 0.97 0.97 0.95 0.69 0.88 0.97 0.94 0.91 0.91 1.00 0.98 0.91 0.95 0.95 0.94 0.67 0.93 0.75 0.92 0.95 0.95 0.95 0.93 0.68 0.81 0.92 0.63 0.89 0.92 0.92 0.92 0.93 0.92 0.92 0.92 0.90 0.92 0.90
0.82 0.97 0.97 0.96 0.72 0.90 0.97 0.95 0.92 0.93 1.00 0.98 0.93 0.96 0.96 0.95 0.69 0.95 0.78 0.94 0.96 0.96 0.96 0.95 0.72 0.85 0.94 0.67 0.91 0.94 0.94 0.94 0.95 0.94 0.94 0.94 0.92 0.94 0.92
0.81 0.97 0.97 0.95 0.70 0.88 0.97 0.94 0.92 0.91 1.00 0.98 0.91 0.96 0.96 0.94 0.67 0.94 0.76 0.93 0.96 0.96 0.96 0.94 0.69 0.82 0.93 0.64 0.89 0.93 0.93 0.93 0.94 0.93 0.93 0.93 0.91 0.93 0.91
0.77 0.96 0.96 0.93 0.66 0.84 0.96 0.93 0.89 0.88 1.00 0.98 0.88 0.93 0.94 0.92 0.61 0.91 0.71 0.89 0.93 0.93 0.93 0.91 0.62 0.76 0.89 0.57 0.84 0.89 0.89 0.89 0.91 0.89 0.89 0.89 0.87 0.89 0.87
0.61 0.89 0.89 0.84 0.48 0.67 0.89 0.82 0.77 0.71 1.00 0.94 0.71 0.80 0.83 0.79 0.43 0.75 0.47 0.69 0.80 0.80 0.82 0.75 0.39 0.51 0.69 0.35 0.62 0.69 0.70 0.70 0.75 0.69 0.70 0.70 0.67 0.69 0.67
0.54 0.85 0.85 0.79 0.42 0.58 0.85 0.77 0.71 0.62 1.00 0.92 0.62 0.74 0.78 0.73 0.36 0.68 0.38 0.58 0.74 0.74 0.76 0.68 0.29 0.41 0.58 0.26 0.52 0.59 0.59 0.59 0.68 0.59 0.59 0.60 0.57 0.59 0.57
0.56 0.86 0.86 0.81 0.43 0.60 0.86 0.78 0.73 0.64 1.00 0.92 0.64 0.76 0.78 0.74 0.38 0.69 0.41 0.61 0.76 0.76 0.77 0.69 0.33 0.44 0.61 0.29 0.54 0.61 0.62 0.62 0.69 0.61 0.62 0.62 0.59 0.61 0.59
0.66 0.91 0.91 0.88 0.55 0.73 0.91 0.86 0.82 0.77 1.00 0.95 0.77 0.86 0.88 0.85 0.50 0.82 0.56 0.76 0.86 0.86 0.87 0.82 0.46 0.61 0.76 0.43 0.71 0.77 0.77 0.77 0.82 0.77 0.77 0.77 0.74 0.77 0.74
0.70 0.93 0.93 0.90 0.59 0.77 0.93 0.89 0.84 0.82 1.00 0.96 0.82 0.89 0.90 0.87 0.54 0.85 0.62 0.81 0.89 0.89 0.89 0.85 0.52 0.66 0.81 0.47 0.76 0.82 0.82 0.82 0.85 0.82 0.82 0.82 0.79 0.82 0.79
0.95 1.00 1.00 0.99 0.90 0.98 1.00 0.99 0.99 0.99 1.00 1.00 0.99 1.00 1.00 0.99 0.89 1.00 0.94 1.00 1.00 1.00 1.00 1.00 0.93 0.98 1.00 0.89 0.99 1.00 1.00 1.00 1.00 1.00 1.00 1.00 0.99 1.00 0.99
0.86 0.99 0.99 0.98 0.77 0.93 0.99 0.97 0.95 0.96 1.00 0.99 0.96 0.98 0.98 0.97 0.76 0.97 0.84 0.97 0.98 0.98 0.98 0.97 0.80 0.90 0.97 0.75 0.95 0.97 0.97 0.97 0.97 0.97 0.97 0.97 0.95 0.97 0.95
0.79 0.96 0.96 0.94 0.68 0.86 0.96 0.94 0.91 0.90 1.00 0.98 0.90 0.94 0.95 0.93 0.64 0.92 0.74 0.90 0.94 0.94 0.95 0.92 0.66 0.79 0.90 0.61 0.87 0.91 0.91 0.91 0.92 0.91 0.91 0.91 0.89 0.91 0.89
0.92 1.00 1.00 0.99 0.86 0.97 1.00 0.99 0.98 0.99 1.00 1.00 0.99 0.99 0.99 0.99 0.84 0.99 0.91 0.99 0.99 0.99 0.99 0.99 0.89 0.96 0.99 0.84 0.98 0.99 0.99 0.99 0.99 0.99 0.99 0.99 0.99 0.99 0.99
0.95 1.00 1.00 1.00 0.91 0.99 1.00 1.00 0.99 0.99 1.00 1.00 0.99 1.00 1.00 1.00 0.90 1.00 0.95 1.00 1.00 1.00 1.00 1.00 0.95 0.99 1.00 0.91 0.99 1.00 1.00 1.00 1.00 1.00 1.00 1.00 1.00 1.00 1.00
0.70 0.94 0.94 0.90 0.59 0.78 0.94 0.89 0.85 0.81 1.00 0.96 0.81 0.89 0.90 0.87 0.54 0.85 0.61 0.81 0.89 0.89 0.90 0.85 0.52 0.66 0.81 0.47 0.75 0.81 0.82 0.82 0.85 0.81 0.82 0.82 0.79 0.81 0.79
0.95 1.00 1.00 0.99 0.91 0.99 1.00 0.99 0.99 0.99 1.00 1.00 0.99 1.00 1.00 1.00 0.89 1.00 0.95 1.00 1.00 1.00 1.00 1.00 0.94 0.98 1.00 0.90 0.99 1.00 1.00 1.00 1.00 1.00 1.00 1.00 0.99 1.00 0.99
0.94 1.00 1.00 0.99 0.89 0.98 1.00 0.99 0.98 0.99 1.00 1.00 0.99 1.00 1.00 0.99 0.87 1.00 0.94 1.00 1.00 1.00 1.00 1.00 0.93 0.98 1.00 0.88 0.99 1.00 1.00 1.00 1.00 1.00 1.00 1.00 0.99 1.00 0.99
0.62 0.89 0.89 0.85 0.50 0.68 0.89 0.83 0.78 0.73 1.00 0.94 0.73 0.82 0.84 0.80 0.45 0.77 0.50 0.71 0.82 0.82 0.83 0.77 0.41 0.54 0.71 0.37 0.64 0.71 0.71 0.71 0.77 0.71 0.71 0.71 0.68 0.71 0.68
0.71 0.93 0.93 0.90 0.58 0.78 0.93 0.89 0.85 0.82 1.00 0.96 0.82 0.89 0.90 0.87 0.54 0.85 0.61 0.81 0.89 0.89 0.89 0.85 0.52 0.67 0.81 0.48 0.76 0.82 0.82 0.82 0.85 0.82 0.82 0.82 0.79 0.82 0.79
0.75 0.95 0.95 0.92 0.63 0.82 0.95 0.91 0.88 0.86 1.00 0.97 0.86 0.92 0.93 0.90 0.61 0.89 0.68 0.86 0.92 0.92 0.92 0.89 0.59 0.74 0.86 0.55 0.82 0.86 0.87 0.87 0.89 0.86 0.87 0.87 0.85 0.86 0.85
0.88 0.99 0.99 0.98 0.81 0.95 0.99 0.98 0.96 0.96 1.00 0.99 0.96 0.98 0.98 0.98 0.78 0.98 0.86 0.97 0.98 0.98 0.98 0.98 0.82 0.92 0.97 0.77 0.95 0.97 0.97 0.97 0.98 0.97 0.97 0.97 0.96 0.97 0.96
0.70 0.93 0.93 0.89 0.57 0.78 0.93 0.88 0.84 0.81 1.00 0.96 0.81 0.88 0.90 0.87 0.54 0.85 0.61 0.80 0.88 0.88 0.89 0.85 0.52 0.66 0.80 0.47 0.75 0.81 0.81 0.81 0.85 0.81 0.81 0.82 0.79 0.81 0.79
0.72 0.94 0.94 0.90 0.59 0.80 0.94 0.89 0.85 0.84 1.00 0.96 0.84 0.90 0.91 0.89 0.55 0.87 0.65 0.84 0.90 0.90 0.91 0.87 0.55 0.69 0.84 0.51 0.78 0.84 0.84 0.84 0.87 0.84 0.84 0.84 0.82 0.84 0.82
0.81 0.97 0.97 0.95 0.72 0.89 0.97 0.95 0.92 0.92 1.00 0.98 0.92 0.96 0.96 0.94 0.69 0.94 0.77 0.93 0.96 0.96 0.96 0.94 0.70 0.83 0.93 0.65 0.90 0.93 0.93 0.93 0.94 0.93 0.93 0.93 0.92 0.93 0.92
0.79 0.96 0.96 0.94 0.69 0.87 0.96 0.94 0.91 0.90 1.00 0.98 0.90 0.95 0.95 0.93 0.66 0.93 0.74 0.91 0.95 0.95 0.95 0.93 0.66 0.80 0.91 0.61 0.87 0.91 0.91 0.91 0.93 0.91 0.91 0.91 0.89 0.91 0.89
0.68 0.92 0.92 0.89 0.56 0.75 0.92 0.87 0.83 0.79 1.00 0.96 0.79 0.87 0.89 0.86 0.51 0.83 0.58 0.79 0.87 0.87 0.88 0.83 0.49 0.63 0.79 0.45 0.72 0.79 0.79 0.79 0.83 0.79 0.79 0.79 0.77 0.79 0.77
0.86 0.98 0.98 0.97 0.77 0.93 0.98 0.97 0.95 0.95 1.00 0.99 0.95 0.98 0.98 0.97 0.75 0.97 0.83 0.96 0.98 0.98 0.98 0.97 0.78 0.90 0.96 0.73 0.94 0.96 0.96 0.96 0.97 0.96 0.96 0.96 0.95 0.96 0.95
0.86 0.98 0.98 0.97 0.78 0.93 0.98 0.97 0.95 0.95 1.00 0.99 0.95 0.98 0.98 0.97 0.75 0.97 0.84 0.96 0.98 0.98 0.98 0.97 0.79 0.90 0.96 0.74 0.94 0.96 0.97 0.97 0.97 0.96 0.97 0.97 0.95 0.96 0.95
0.78 0.96 0.96 0.94 0.67 0.86 0.96 0.93 0.90 0.89 1.00 0.98 0.89 0.94 0.94 0.93 0.63 0.92 0.72 0.89 0.94 0.94 0.94 0.92 0.65 0.78 0.89 0.60 0.86 0.90 0.90 0.90 0.92 0.90 0.90 0.90 0.88 0.90 0.88
0.70 0.93 0.93 0.89 0.58 0.78 0.93 0.88 0.84 0.81 1.00 0.96 0.81 0.89 0.90 0.87 0.54 0.85 0.62 0.81 0.89 0.89 0.90 0.85 0.52 0.67 0.81 0.48 0.76 0.82 0.82 0.82 0.85 0.82 0.82 0.82 0.79 0.82 0.79
0.56 0.87 0.87 0.81 0.44 0.62 0.87 0.79 0.74 0.66 1.00 0.93 0.66 0.78 0.80 0.75 0.39 0.71 0.42 0.63 0.78 0.78 0.78 0.71 0.33 0.45 0.63 0.30 0.56 0.63 0.64 0.63 0.71 0.63 0.64 0.64 0.61 0.63 0.61
0.80 0.97 0.97 0.95 0.71 0.88 0.97 0.94 0.92 0.91 1.00 0.98 0.91 0.96 0.96 0.95 0.68 0.94 0.77 0.93 0.96 0.96 0.96 0.94 0.70 0.83 0.93 0.65 0.90 0.93 0.94 0.94 0.94 0.93 0.94 0.94 0.92 0.93 0.92
0.82 0.97 0.97 0.96 0.72 0.90 0.97 0.95 0.93 0.93 1.00 0.98 0.93 0.96 0.96 0.95 0.70 0.95 0.78 0.94 0.96 0.96 0.96 0.95 0.71 0.85 0.94 0.66 0.90 0.94 0.94 0.94 0.95 0.94 0.94 0.94 0.92 0.94 0.92
0.86 0.98 0.98 0.97 0.79 0.93 0.98 0.97 0.95 0.96 1.00 0.99 0.96 0.98 0.98 0.97 0.75 0.97 0.83 0.96 0.98 0.98 0.98 0.97 0.79 0.90 0.96 0.74 0.94 0.96 0.97 0.97 0.97 0.96 0.97 0.97 0.95 0.96 0.95
0.94 1.00 1.00 0.99 0.89 0.98 1.00 0.99 0.99 0.99 1.00 1.00 0.99 1.00 1.00 1.00 0.88 1.00 0.94 0.99 1.00 1.00 1.00 1.00 0.93 0.98 0.99 0.88 0.99 1.00 1.00 1.00 1.00 1.00 1.00 1.00 0.99 1.00 0.99
0.93 1.00 1.00 0.99 0.87 0.98 1.00 0.99 0.98 0.99 1.00 1.00 0.99 1.00 1.00 0.99 0.85 0.99 0.92 0.99 1.00 1.00 1.00 0.99 0.91 0.97 0.99 0.86 0.99 0.99 0.99 0.99 0.99 0.99 0.99 0.99 0.99 0.99 0.99
0.72 0.94 0.94 0.91 0.59 0.79 0.94 0.89 0.85 0.83 1.00 0.96 0.83 0.90 0.91 0.88 0.56 0.86 0.63 0.82 0.90 0.90 0.90 0.86 0.54 0.68 0.82 0.49 0.77 0.83 0.83 0.83 0.86 0.83 0.83 0.83 0.81 0.83 0.81
0.76 0.95 0.95 0.93 0.64 0.84 0.95 0.92 0.88 0.88 1.00 0.97 0.88 0.93 0.93 0.91 0.60 0.90 0.69 0.88 0.93 0.93 0.93 0.90 0.60 0.76 0.88 0.55 0.84 0.88 0.89 0.89 0.90 0.88 0.89 0.89 0.86 0.88 0.86
0.80 0.97 0.97 0.95 0.69 0.88 0.97 0.94 0.91 0.91 1.00 0.98 0.91 0.95 0.95 0.94 0.67 0.93 0.74 0.91 0.95 0.95 0.95 0.93 0.68 0.81 0.91 0.63 0.88 0.92 0.92 0.92 0.93 0.92 0.92 0.92 0.90 0.92 0.90
0.90 0.99 0.99 0.98 0.83 0.96 0.99 0.98 0.97 0.98 1.00 0.99 0.98 0.99 0.99 0.98 0.80 0.98 0.88 0.98 0.99 0.99 0.99 0.98 0.85 0.94 0.98 0.80 0.97 0.98 0.98 0.98 0.98 0.98 0.98 0.98 0.97 0.98 0.97
0.59 0.88 0.88 0.83 0.48 0.64 0.88 0.81 0.76 0.68 1.00 0.94 0.68 0.79 0.82 0.78 0.42 0.74 0.46 0.66 0.79 0.79 0.81 0.74 0.36 0.50 0.66 0.33 0.60 0.67 0.67 0.67 0.74 0.67 0.67 0.67 0.64 0.67 0.64
0.90 0.99 0.99 0.98 0.82 0.96 0.99 0.98 0.97 0.97 1.00 0.99 0.97 0.99 0.99 0.98 0.80 0.99 0.88 0.98 0.99 0.99 0.99 0.99 0.85 0.93 0.98 0.80 0.97 0.98 0.98 0.98 0.99 0.98 0.98 0.98 0.97 0.98 0.97
0.75 0.95 0.95 0.92 0.64 0.83 0.95 0.91 0.88 0.86 1.00 0.97 0.86 0.92 0.93 0.91 0.60 0.90 0.69 0.87 0.92 0.92 0.93 0.90 0.60 0.74 0.87 0.55 0.82 0.87 0.88 0.88 0.90 0.87 0.88 0.88 0.85 0.87 0.85
0.72 0.93 0.93 0.90 0.60 0.80 0.93 0.89 0.85 0.83 1.00 0.96 0.83 0.90 0.91 0.88 0.56 0.87 0.64 0.83 0.90 0.90 0.91 0.87 0.54 0.69 0.83 0.49 0.78 0.84 0.84 0.84 0.87 0.84 0.84 0.84 0.81 0.84 0.81
0.96 1.00 1.00 1.00 0.92 0.99 1.00 1.00 0.99 1.00 1.00 1.00 1.00 1.00 1.00 1.00 0.92 1.00 0.96 1.00 1.00 1.00 1.00 1.00 0.96 0.99 1.00 0.92 1.00 1.00 1.00 1.00 1.00 1.00 1.00 1.00 1.00 1.00 1.00
0.75 0.95 0.95 0.92 0.65 0.84 0.95 0.91 0.88 0.87 1.00 0.97 0.87 0.93 0.94 0.91 0.60 0.90 0.69 0.87 0.93 0.93 0.93 0.90 0.61 0.76 0.87 0.57 0.84 0.88 0.88 0.88 0.90 0.88 0.88 0.88 0.86 0.88 0.86
0.80 0.97 0.97 0.95 0.70 0.88 0.97 0.94 0.91 0.91 1.00 0.98 0.91 0.95 0.95 0.94 0.67 0.94 0.76 0.93 0.95 0.95 0.95 0.94 0.69 0.82 0.93 0.64 0.89 0.93 0.93 0.93 0.94 0.93 0.93 0.93 0.91 0.93 0.91
0.71 0.93 0.93 0.90 0.59 0.80 0.93 0.89 0.85 0.83 1.00 0.96 0.83 0.90 0.91 0.88 0.56 0.86 0.64 0.83 0.90 0.90 0.90 0.86 0.54 0.69 0.83 0.50 0.78 0.83 0.83 0.83 0.86 0.83 0.83 0.83 0.81 0.83 0.81
0.62 0.90 0.90 0.85 0.50 0.69 0.90 0.84 0.78 0.73 1.00 0.94 0.73 0.82 0.85 0.81 0.45 0.77 0.51 0.71 0.82 0.82 0.84 0.77 0.41 0.55 0.71 0.37 0.65 0.72 0.72 0.72 0.77 0.72 0.72 0.72 0.68 0.72 0.68
0.82 0.97 0.97 0.95 0.71 0.89 0.97 0.95 0.92 0.92 1.00 0.98 0.92 0.96 0.96 0.95 0.68 0.95 0.78 0.93 0.96 0.96 0.96 0.95 0.70 0.83 0.93 0.66 0.90 0.93 0.93 0.94 0.95 0.93 0.93 0.94 0.92 0.93 0.92
