0.16 0.23 0.23 0.22 0.11 0.22 0.23 0.22 0.20 0.24 0.25 0.26 0.24 0.32 0.30 0.26 0.15 0.28 0.22 0.35 0.32 0.32 0.30 0.28 0.57 0.22 0.35 1.00 0.28 0.36 0.33 0.32 0.28 0.36 0.33 0.32 0.29 0.36 0.29
0.82 0.87 0.87 0.87 0.77 0.86 0.87 0.87 0.86 0.87 0.87 0.87 0.87 0.88 0.88 0.87 0.76 0.88 0.82 0.88 0.88 0.88 0.88 0.88 0.91 0.86 0.88 1.00 0.87 0.88 0.88 0.88 0.88 0.88 0.88 0.88 0.87 0.88 0.87
0.40 0.51 0.51 0.50 0.34 0.47 0.51 0.49 0.47 0.50 0.52 0.52 0.50 0.55 0.55 0.52 0.34 0.54 0.44 0.56 0.55 0.55 0.55 0.54 0.70 0.48 0.56 1.00 0.53 0.57 0.56 0.56 0.54 0.57 0.56 0.56 0.53 0.57 0.53
0.48 0.58 0.58 0.57 0.40 0.54 0.58 0.57 0.55 0.57 0.59 0.59 0.57 0.62 0.61 0.59 0.41 0.60 0.50 0.62 0.62 0.62 0.61 0.60 0.74 0.55 0.62 1.00 0.59 0.63 0.62 0.62 0.60 0.63 0.62 0.62 0.60 0.63 0.60
0.39 0.50 0.50 0.48 0.32 0.46 0.50 0.48 0.46 0.49 0.50 0.51 0.49 0.55 0.54 0.52 0.33 0.53 0.42 0.56 0.55 0.55 0.54 0.53 0.70 0.46 0.56 1.00 0.51 0.56 0.55 0.55 0.53 0.56 0.55 0.55 0.52 0.56 0.52
0.24 0.33 0.33 0.32 0.18 0.30 0.33 0.31 0.29 0.33 0.34 0.35 0.33 0.40 0.38 0.35 0.21 0.37 0.29 0.42 0.40 0.40 0.39 0.37 0.61 0.31 0.42 1.00 0.36 0.43 0.40 0.40 0.37 0.43 0.40 0.40 0.36 0.43 0.36
0.23 0.32 0.32 0.30 0.17 0.29 0.32 0.30 0.28 0.32 0.33 0.34 0.32 0.39 0.38 0.34 0.20 0.36 0.28 0.41 0.39 0.39 0.38 0.36 0.61 0.30 0.41 1.00 0.35 0.42 0.40 0.40 0.36 0.42 0.40 0.40 0.36 0.42 0.36
0.43 0.53 0.53 0.52 0.36 0.49 0.53 0.52 0.49 0.52 0.54 0.55 0.52 0.57 0.57 0.55 0.37 0.56 0.46 0.59 0.57 0.57 0.57 0.56 0.71 0.49 0.59 1.00 0.54 0.59 0.58 0.58 0.56 0.59 0.58 0.58 0.55 0.59 0.55
0.53 0.63 0.63 0.61 0.45 0.60 0.63 0.61 0.59 0.62 0.63 0.64 0.62 0.66 0.65 0.64 0.46 0.65 0.54 0.66 0.66 0.66 0.66 0.65 0.77 0.59 0.66 1.00 0.63 0.66 0.66 0.66 0.65 0.66 0.66 0.66 0.64 0.66 0.64
0.47 0.56 0.56 0.55 0.39 0.53 0.56 0.55 0.52 0.56 0.57 0.57 0.56 0.60 0.60 0.57 0.39 0.59 0.49 0.61 0.60 0.60 0.60 0.59 0.74 0.52 0.61 1.00 0.57 0.61 0.60 0.60 0.59 0.61 0.60 0.60 0.58 0.61 0.58
0.66 0.74 0.74 0.74 0.59 0.72 0.74 0.73 0.72 0.74 0.75 0.75 0.74 0.76 0.76 0.75 0.58 0.75 0.66 0.76 0.76 0.76 0.76 0.75 0.82 0.72 0.76 1.00 0.74 0.76 0.76 0.76 0.75 0.76 0.76 0.76 0.75 0.76 0.75
0.42 0.53 0.53 0.51 0.35 0.49 0.53 0.51 0.49 0.52 0.53 0.54 0.52 0.57 0.56 0.54 0.36 0.55 0.45 0.58 0.57 0.57 0.56 0.55 0.71 0.49 0.58 1.00 0.54 0.58 0.57 0.57 0.55 0.58 0.57 0.57 0.54 0.58 0.54
0.21 0.29 0.29 0.28 0.15 0.27 0.29 0.28 0.26 0.30 0.30 0.31 0.30 0.36 0.35 0.32 0.18 0.34 0.26 0.39 0.36 0.36 0.36 0.34 0.61 0.28 0.39 1.00 0.34 0.40 0.38 0.37 0.34 0.40 0.38 0.37 0.34 0.40 0.34
0.16 0.24 0.24 0.23 0.12 0.23 0.24 0.22 0.21 0.25 0.25 0.27 0.25 0.32 0.30 0.27 0.15 0.29 0.22 0.36 0.32 0.32 0.31 0.29 0.57 0.23 0.36 1.00 0.29 0.37 0.34 0.33 0.29 0.37 0.34 0.33 0.29 0.37 0.29
0.31 0.40 0.40 0.39 0.25 0.38 0.40 0.39 0.37 0.40 0.41 0.42 0.40 0.47 0.46 0.43 0.26 0.44 0.35 0.48 0.47 0.47 0.46 0.44 0.66 0.38 0.48 1.00 0.44 0.49 0.47 0.47 0.44 0.49 0.47 0.47 0.44 0.49 0.44
0.76 0.83 0.83 0.82 0.71 0.81 0.83 0.82 0.81 0.82 0.83 0.83 0.82 0.83 0.83 0.83 0.69 0.83 0.76 0.83 0.83 0.83 0.83 0.83 0.88 0.81 0.83 1.00 0.82 0.83 0.83 0.83 0.83 0.83 0.83 0.83 0.82 0.83 0.82
0.22 0.31 0.31 0.30 0.17 0.29 0.31 0.29 0.27 0.31 0.32 0.33 0.31 0.38 0.37 0.33 0.19 0.35 0.27 0.41 0.38 0.38 0.37 0.35 0.61 0.29 0.41 1.00 0.35 0.42 0.39 0.39 0.35 0.42 0.39 0.39 0.35 0.42 0.35
0.57 0.66 0.66 0.65 0.48 0.63 0.66 0.64 0.62 0.65 0.66 0.67 0.65 0.69 0.68 0.67 0.50 0.68 0.57 0.69 0.69 0.69 0.68 0.68 0.79 0.63 0.69 1.00 0.66 0.69 0.69 0.69 0.68 0.69 0.69 0.69 0.67 0.69 0.67
0.82 0.88 0.88 0.87 0.78 0.86 0.88 0.87 0.87 0.87 0.88 0.88 0.87 0.88 0.88 0.88 0.77 0.88 0.83 0.88 0.88 0.88 0.88 0.88 0.90 0.86 0.88 1.00 0.87 0.88 0.88 0.88 0.88 0.88 0.88 0.88 0.87 0.88 0.87
0.61 0.71 0.71 0.70 0.54 0.67 0.71 0.69 0.68 0.70 0.71 0.71 0.70 0.72 0.72 0.71 0.54 0.72 0.61 0.72 0.72 0.72 0.72 0.72 0.80 0.67 0.72 1.00 0.70 0.73 0.72 0.72 0.72 0.73 0.72 0.72 0.71 0.73 0.71
0.87 0.91 0.91 0.91 0.83 0.90 0.91 0.91 0.90 0.91 0.91 0.91 0.91 0.91 0.91 0.91 0.82 0.91 0.87 0.91 0.91 0.91 0.91 0.91 0.93 0.90 0.91 1.00 0.91 0.91 0.91 0.91 0.91 0.91 0.91 0.91 0.91 0.91 0.91
0.41 0.51 0.51 0.50 0.34 0.48 0.51 0.50 0.47 0.51 0.52 0.53 0.51 0.56 0.56 0.53 0.35 0.54 0.43 0.57 0.56 0.56 0.56 0.54 0.71 0.48 0.57 1.00 0.53 0.58 0.56 0.56 0.54 0.58 0.56 0.56 0.54 0.58 0.54
0.83 0.89 0.89 0.88 0.79 0.87 0.89 0.88 0.87 0.88 0.88 0.88 0.88 0.89 0.89 0.89 0.77 0.89 0.83 0.89 0.89 0.89 0.89 0.89 0.91 0.87 0.89 1.00 0.88 0.89 0.89 0.89 0.89 0.89 0.89 0.89 0.88 0.89 0.88
0.27 0.36 0.36 0.34 0.20 0.33 0.36 0.34 0.32 0.36 0.37 0.38 0.36 0.42 0.41 0.38 0.23 0.40 0.31 0.44 0.42 0.42 0.42 0.40 0.64 0.34 0.44 1.00 0.39 0.45 0.43 0.43 0.40 0.45 0.43 0.43 0.40 0.45 0.40
0.56 0.66 0.66 0.65 0.49 0.63 0.66 0.65 0.63 0.65 0.66 0.67 0.65 0.68 0.68 0.67 0.49 0.67 0.57 0.69 0.68 0.68 0.68 0.67 0.78 0.63 0.69 1.00 0.66 0.69 0.68 0.68 0.67 0.69 0.68 0.68 0.66 0.69 0.66
0.40 0.50 0.50 0.48 0.32 0.47 0.50 0.48 0.46 0.49 0.51 0.51 0.49 0.55 0.54 0.51 0.33 0.53 0.43 0.56 0.55 0.55 0.54 0.53 0.71 0.47 0.56 1.00 0.52 0.57 0.55 0.55 0.53 0.57 0.55 0.55 0.52 0.57 0.52
0.18 0.25 0.25 0.24 0.13 0.23 0.25 0.23 0.22 0.25 0.26 0.27 0.25 0.32 0.31 0.27 0.15 0.29 0.23 0.36 0.32 0.32 0.31 0.29 0.58 0.24 0.36 1.00 0.29 0.37 0.34 0.33 0.29 0.37 0.34 0.33 0.30 0.37 0.30
0.37 0.47 0.47 0.46 0.30 0.44 0.47 0.46 0.44 0.47 0.48 0.49 0.47 0.53 0.52 0.49 0.32 0.50 0.40 0.54 0.53 0.53 0.52 0.50 0.68 0.44 0.54 1.00 0.50 0.54 0.53 0.53 0.50 0.54 0.53 0.53 0.50 0.54 0.50
0.75 0.81 0.81 0.81 0.68 0.80 0.81 0.81 0.80 0.81 0.81 0.81 0.81 0.82 0.82 0.81 0.68 0.82 0.74 0.82 0.82 0.82 0.82 0.82 0.87 0.79 0.82 1.00 0.81 0.82 0.82 0.82 0.82 0.82 0.82 0.82 0.81 0.82 0.81
0.46 0.56 0.56 0.54 0.38 0.52 0.56 0.54 0.52 0.55 0.56 0.57 0.55 0.59 0.59 0.57 0.38 0.58 0.47 0.60 0.59 0.59 0.59 0.58 0.73 0.52 0.60 1.00 0.56 0.60 0.59 0.59 0.58 0.60 0.59 0.59 0.57 0.60 0.57
0.35 0.45 0.45 0.44 0.28 0.42 0.45 0.44 0.41 0.45 0.46 0.47 0.45 0.50 0.49 0.46 0.30 0.48 0.38 0.51 0.50 0.50 0.49 0.48 0.68 0.41 0.51 1.00 0.47 0.52 0.50 0.50 0.48 0.52 0.50 0.50 0.48 0.52 0.48
0.86 0.90 0.90 0.90 0.82 0.89 0.90 0.90 0.89 0.90 0.90 0.90 0.90 0.90 0.90 0.90 0.81 0.90 0.85 0.90 0.90 0.90 0.90 0.90 0.92 0.89 0.90 1.00 0.90 0.90 0.90 0.90 0.90 0.90 0.90 0.90 0.90 0.90 0.90
0.76 0.83 0.83 0.82 0.71 0.81 0.83 0.82 0.81 0.82 0.83 0.83 0.82 0.83 0.83 0.83 0.70 0.83 0.76 0.83 0.83 0.83 0.83 0.83 0.88 0.81 0.83 1.00 0.82 0.83 0.83 0.83 0.83 0.83 0.83 0.83 0.83 0.83 0.83
0.73 0.80 0.80 0.80 0.67 0.78 0.80 0.80 0.78 0.80 0.80 0.80 0.80 0.81 0.81 0.80 0.65 0.81 0.73 0.81 0.81 0.81 0.81 0.81 0.86 0.78 0.81 1.00 0.80 0.81 0.81 0.81 0.81 0.81 0.81 0.81 0.80 0.81 0.80
0.37 0.47 0.47 0.46 0.31 0.44 0.47 0.46 0.44 0.47 0.48 0.48 0.47 0.53 0.52 0.49 0.32 0.51 0.41 0.54 0.53 0.53 0.52 0.51 0.69 0.44 0.54 1.00 0.49 0.55 0.53 0.53 0.51 0.55 0.53 0.53 0.50 0.55 0.50
0.89 0.92 0.92 0.92 0.85 0.91 0.92 0.92 0.91 0.92 0.92 0.92 0.92 0.92 0.92 0.92 0.84 0.92 0.88 0.92 0.92 0.92 0.92 0.92 0.94 0.91 0.92 1.00 0.92 0.92 0.92 0.92 0.92 0.92 0.92 0.92 0.92 0.92 0.92
0.20 0.29 0.29 0.28 0.15 0.27 0.29 0.27 0.25 0.29 0.30 0.31 0.29 0.36 0.35 0.31 0.18 0.34 0.26 0.40 0.36 0.36 0.35 0.34 0.60 0.27 0.40 1.00 0.33 0.40 0.38 0.37 0.34 0.40 0.38 0.37 0.34 0.40 0.34
0.33 0.43 0.43 0.42 0.27 0.40 0.43 0.41 0.39 0.42 0.44 0.44 0.42 0.48 0.47 0.45 0.28 0.46 0.37 0.50 0.48 0.48 0.48 0.46 0.67 0.40 0.50 1.00 0.45 0.51 0.49 0.49 0.46 0.51 0.49 0.49 0.46 0.51 0.46
0.24 0.33 0.33 0.31 0.17 0.30 0.33 0.31 0.28 0.33 0.34 0.34 0.33 0.39 0.38 0.35 0.21 0.36 0.28 0.42 0.39 0.39 0.38 0.36 0.62 0.30 0.42 1.00 0.36 0.43 0.40 0.40 0.36 0.43 0.40 0.40 0.36 0.43 0.36
0.77 0.84 0.84 0.83 0.71 0.82 0.84 0.83 0.82 0.83 0.84 0.84 0.83 0.84 0.84 0.84 0.70 0.84 0.77 0.84 0.84 0.84 0.84 0.84 0.88 0.82 0.84 1.00 0.83 0.84 0.84 0.84 0.84 0.84 0.84 0.84 0.84 0.84 0.84
0.64 0.73 0.73 0.72 0.57 0.70 0.73 0.72 0.70 0.72 0.73 0.73 0.72 0.74 0.74 0.73 0.56 0.73 0.64 0.74 0.74 0.74 0.74 0.73 0.82 0.69 0.74 1.00 0.72 0.75 0.74 0.74 0.73 0.75 0.74 0.74 0.73 0.75 0.73
0.32 0.42 0.42 0.40 0.25 0.39 0.42 0.40 0.38 0.41 0.43 0.43 0.41 0.47 0.47 0.43 0.27 0.45 0.36 0.49 0.47 0.47 0.47 0.45 0.67 0.39 0.49 1.00 0.44 0.50 0.48 0.48 0.45 0.50 0.48 0.48 0.45 0.50 0.45
0.48 0.58 0.58 0.57 0.41 0.55 0.58 0.57 0.55 0.57 0.59 0.59 0.57 0.62 0.61 0.59 0.42 0.61 0.50 0.63 0.62 0.62 0.61 0.61 0.74 0.55 0.63 1.00 0.59 0.63 0.62 0.62 0.61 0.63 0.62 0.62 0.60 0.63 0.60
0.54 0.64 0.64 0.63 0.48 0.61 0.64 0.63 0.61 0.63 0.65 0.65 0.63 0.67 0.67 0.65 0.48 0.66 0.56 0.67 0.67 0.67 0.67 0.66 0.77 0.61 0.67 1.00 0.65 0.67 0.67 0.67 0.66 0.67 0.67 0.67 0.65 0.67 0.65
0.41 0.52 0.52 0.51 0.35 0.49 0.52 0.51 0.49 0.51 0.53 0.53 0.51 0.56 0.56 0.53 0.36 0.55 0.44 0.57 0.56 0.56 0.56 0.55 0.71 0.48 0.57 1.00 0.53 0.58 0.56 0.56 0.55 0.58 0.56 0.56 0.54 0.58 0.54
0.23 0.32 0.32 0.31 0.17 0.29 0.32 0.30 0.28 0.32 0.33 0.34 0.32 0.39 0.38 0.34 0.20 0.36 0.27 0.41 0.39 0.39 0.38 0.36 0.62 0.29 0.41 1.00 0.35 0.42 0.39 0.39 0.36 0.42 0.39 0.39 0.36 0.42 0.36
0.16 0.23 0.23 0.22 0.11 0.21 0.23 0.21 0.20 0.23 0.24 0.25 0.23 0.30 0.29 0.25 0.13 0.27 0.21 0.34 0.30 0.30 0.29 0.27 0.57 0.22 0.34 1.00 0.27 0.35 0.31 0.31 0.27 0.35 0.31 0.31 0.28 0.35 0.28
0.28 0.38 0.38 0.37 0.22 0.35 0.38 0.37 0.34 0.38 0.39 0.40 0.38 0.44 0.43 0.40 0.25 0.42 0.33 0.46 0.44 0.44 0.43 0.42 0.65 0.35 0.46 1.00 0.41 0.47 0.45 0.45 0.42 0.47 0.45 0.45 0.41 0.47 0.41
0.17 0.24 0.24 0.23 0.12 0.23 0.24 0.23 0.21 0.26 0.25 0.26 0.26 0.32 0.30 0.27 0.15 0.29 0.22 0.36 0.32 0.32 0.31 0.29 0.58 0.23 0.36 1.00 0.30 0.37 0.34 0.34 0.29 0.37 0.34 0.34 0.30 0.37 0.30
0.25 0.33 0.33 0.32 0.19 0.31 0.33 0.32 0.30 0.34 0.34 0.35 0.34 0.41 0.39 0.36 0.21 0.37 0.29 0.43 0.41 0.41 0.40 0.37 0.63 0.31 0.43 1.00 0.37 0.44 0.41 0.41 0.37 0.44 0.41 0.41 0.37 0.44 0.37
0.86 0.90 0.90 0.90 0.82 0.89 0.90 0.90 0.89 0.90 0.90 0.90 0.90 0.90 0.90 0.90 0.81 0.90 0.86 0.90 0.90 0.90 0.90 0.90 0.92 0.89 0.90 1.00 0.90 0.90 0.90 0.90 0.90 0.90 0.90 0.90 0.90 0.90 0.90
0.47 0.57 0.57 0.56 0.40 0.54 0.57 0.56 0.54 0.57 0.58 0.58 0.57 0.61 0.61 0.59 0.41 0.60 0.49 0.62 0.61 0.61 0.61 0.60 0.74 0.54 0.62 1.00 0.58 0.62 0.61 0.61 0.60 0.62 0.61 0.61 0.59 0.62 0.59
0.89 0.93 0.93 0.92 0.85 0.92 0.93 0.92 0.92 0.92 0.92 0.92 0.92 0.93 0.93 0.92 0.84 0.92 0.89 0.93 0.93 0.93 0.93 0.92 0.94 0.92 0.93 1.00 0.92 0.93 0.93 0.93 0.92 0.93 0.93 0.93 0.92 0.93 0.92
0.38 0.49 0.49 0.48 0.31 0.45 0.49 0.47 0.45 0.48 0.50 0.50 0.48 0.53 0.53 0.50 0.33 0.51 0.41 0.55 0.53 0.53 0.53 0.51 0.69 0.46 0.55 1.00 0.50 0.55 0.54 0.54 0.51 0.55 0.54 0.54 0.51 0.55 0.51
0.65 0.74 0.74 0.73 0.58 0.71 0.74 0.73 0.71 0.73 0.74 0.74 0.73 0.75 0.75 0.74 0.57 0.74 0.66 0.75 0.75 0.75 0.75 0.74 0.82 0.70 0.75 1.00 0.73 0.75 0.75 0.75 0.74 0.75 0.75 0.75 0.74 0.75 0.74
0.65 0.74 0.74 0.73 0.59 0.71 0.74 0.73 0.71 0.73 0.74 0.74 0.73 0.75 0.75 0.74 0.57 0.74 0.65 0.75 0.75 0.75 0.75 0.74 0.82 0.71 0.75 1.00 0.73 0.75 0.75 0.75 0.74 0.75 0.75 0.75 0.74 0.75 0.74
0.51 0.61 0.61 0.60 0.44 0.58 0.61 0.60 0.58 0.60 0.62 0.62 0.60 0.64 0.64 0.62 0.45 0.63 0.53 0.65 0.64 0.64 0.64 0.63 0.76 0.58 0.65 1.00 0.62 0.65 0.64 0.64 0.63 0.65 0.64 0.64 0.63 0.65 0.63
0.42 0.52 0.52 0.51 0.35 0.49 0.52 0.51 0.48 0.52 0.53 0.54 0.52 0.57 0.56 0.54 0.36 0.55 0.45 0.58 0.57 0.57 0.56 0.55 0.71 0.48 0.58 1.00 0.54 0.58 0.57 0.57 0.55 0.58 0.57 0.57 0.54 0.58 0.54
0.18 0.26 0.26 0.25 0.13 0.24 0.26 0.25 0.23 0.27 0.27 0.28 0.27 0.33 0.32 0.29 0.16 0.31 0.24 0.37 0.33 0.33 0.32 0.31 0.59 0.25 0.37 1.00 0.30 0.38 0.35 0.35 0.31 0.38 0.35 0.35 0.31 0.38 0.31
0.68 0.76 0.76 0.76 0.62 0.74 0.76 0.75 0.74 0.76 0.76 0.76 0.76 0.78 0.77 0.76 0.61 0.77 0.69 0.78 0.78 0.78 0.77 0.77 0.84 0.74 0.78 1.00 0.76 0.78 0.77 0.77 0.77 0.78 0.77 0.77 0.76 0.78 0.76
0.22 0.31 0.31 0.30 0.17 0.29 0.31 0.30 0.28 0.32 0.33 0.33 0.32 0.39 0.37 0.34 0.20 0.36 0.28 0.41 0.39 0.39 0.38 0.36 0.61 0.29 0.41 1.00 0.35 0.42 0.39 0.39 0.36 0.42 0.39 0.39 0.36 0.42 0.36
0.65 0.74 0.74 0.73 0.58 0.71 0.74 0.73 0.71 0.73 0.74 0.74 0.73 0.75 0.75 0.74 0.57 0.74 0.65 0.75 0.75 0.75 0.75 0.74 0.83 0.70 0.75 1.00 0.73 0.75 0.75 0.75 0.74 0.75 0.75 0.75 0.73 0.75 0.73
0.88 0.92 0.92 0.92 0.84 0.91 0.92 0.92 0.91 0.92 0.92 0.92 0.92 0.92 0.92 0.92 0.83 0.92 0.87 0.92 0.92 0.92 0.92 0.92 0.93 0.91 0.92 1.00 0.91 0.92 0.92 0.92 0.92 0.92 0.92 0.92 0.92 0.92 0.92
0.50 0.59 0.59 0.58 0.41 0.56 0.59 0.58 0.56 0.59 0.60 0.60 0.59 0.63 0.62 0.60 0.42 0.61 0.51 0.63 0.63 0.63 0.62 0.61 0.75 0.55 0.63 1.00 0.59 0.64 0.62 0.62 0.61 0.64 0.62 0.62 0.60 0.64 0.60
0.50 0.61 0.61 0.59 0.44 0.58 0.61 0.59 0.57 0.60 0.61 0.62 0.60 0.64 0.64 0.62 0.44 0.63 0.52 0.64 0.64 0.64 0.64 0.63 0.75 0.57 0.64 1.00 0.61 0.65 0.64 0.64 0.63 0.65 0.64 0.64 0.62 0.65 0.62
0.44 0.54 0.54 0.53 0.37 0.51 0.54 0.53 0.51 0.54 0.55 0.55 0.54 0.59 0.58 0.55 0.37 0.56 0.46 0.59 0.59 0.59 0.58 0.56 0.72 0.50 0.59 1.00 0.55 0.60 0.58 0.58 0.56 0.60 0.58 0.58 0.55 0.60 0.55
0.48 0.59 0.59 0.57 0.41 0.55 0.59 0.57 0.55 0.58 0.59 0.60 0.58 0.62 0.62 0.60 0.42 0.61 0.50 0.63 0.62 0.62 0.62 0.61 0.74 0.55 0.63 1.00 0.60 0.63 0.62 0.62 0.61 0.63 0.62 0.62 0.60 0.63 0.60
0.18 0.26 0.26 0.24 0.13 0.23 0.26 0.24 0.22 0.26 0.27 0.28 0.26 0.33 0.32 0.28 0.15 0.30 0.23 0.37 0.33 0.33 0.32 0.30 0.58 0.24 0.37 1.00 0.30 0.37 0.34 0.34 0.30 0.37 0.34 0.34 0.30 0.37 0.30
0.23 0.31 0.31 0.30 0.17 0.29 0.31 0.29 0.28 0.32 0.32 0.33 0.32 0.38 0.37 0.33 0.19 0.35 0.28 0.41 0.38 0.38 0.37 0.35 0.61 0.29 0.41 1.00 0.34 0.42 0.39 0.39 0.35 0.42 0.39 0.39 0.35 0.42 0.35
0.26 0.35 0.35 0.34 0.20 0.32 0.35 0.33 0.31 0.35 0.36 0.37 0.35 0.42 0.41 0.37 0.23 0.39 0.31 0.45 0.42 0.42 0.41 0.39 0.63 0.33 0.45 1.00 0.39 0.46 0.43 0.43 0.39 0.46 0.43 0.43 0.39 0.46 0.39
0.55 0.64 0.64 0.63 0.47 0.61 0.64 0.63 0.61 0.64 0.65 0.65 0.64 0.67 0.67 0.65 0.47 0.66 0.56 0.67 0.67 0.67 0.67 0.66 0.77 0.60 0.67 1.00 0.64 0.68 0.67 0.67 0.66 0.68 0.67 0.67 0.65 0.68 0.65
0.37 0.48 0.48 0.47 0.30 0.44 0.48 0.46 0.44 0.47 0.48 0.49 0.47 0.53 0.52 0.49 0.33 0.51 0.41 0.54 0.53 0.53 0.52 0.51 0.69 0.45 0.54 1.00 0.50 0.55 0.53 0.53 0.51 0.55 0.53 0.53 0.50 0.55 0.50
0.18 0.26 0.26 0.24 0.13 0.23 0.26 0.24 0.22 0.26 0.27 0.27 0.26 0.33 0.32 0.28 0.16 0.30 0.23 0.36 0.33 0.33 0.32 0.30 0.59 0.25 0.36 1.00 0.30 0.37 0.34 0.34 0.30 0.37 0.34 0.34 0.31 0.37 0.31
0.43 0.54 0.54 0.53 0.37 0.51 0.54 0.53 0.51 0.53 0.55 0.55 0.53 0.58 0.58 0.56 0.38 0.57 0.46 0.59 0.58 0.58 0.58 0.57 0.72 0.51 0.59 1.00 0.55 0.59 0.58 0.58 0.57 0.59 0.58 0.58 0.56 0.59 0.56
0.22 0.31 0.31 0.29 0.16 0.29 0.31 0.29 0.27 0.31 0.32 0.32 0.31 0.37 0.36 0.33 0.19 0.35 0.27 0.40 0.37 0.37 0.37 0.35 0.61 0.28 0.40 1.00 0.34 0.41 0.39 0.38 0.35 0.41 0.39 0.38 0.35 0.41 0.35
0.76 0.82 0.82 0.82 0.70 0.81 0.82 0.82 0.81 0.82 0.82 0.83 0.82 0.83 0.83 0.82 0.69 0.83 0.75 0.83 0.83 0.83 0.83 0.83 0.87 0.81 0.83 1.00 0.82 0.83 0.83 0.83 0.83 0.83 0.83 0.83 0.82 0.83 0.82
0.77 0.84 0.84 0.83 0.71 0.82 0.84 0.83 0.82 0.83 0.84 0.84 0.83 0.84 0.84 0.83 0.70 0.84 0.77 0.84 0.84 0.84 0.84 0.84 0.88 0.82 0.84 1.00 0.83 0.84 0.84 0.84 0.84 0.84 0.84 0.84 0.83 0.84 0.83
0.17 0.25 0.25 0.24 0.13 0.24 0.25 0.24 0.22 0.26 0.27 0.27 0.26 0.33 0.31 0.28 0.16 0.30 0.23 0.37 0.33 0.33 0.32 0.30 0.59 0.24 0.37 1.00 0.30 0.38 0.34 0.34 0.30 0.38 0.34 0.34 0.30 0.38 0.30
0.46 0.56 0.56 0.55 0.39 0.53 0.56 0.55 0.53 0.56 0.57 0.57 0.56 0.60 0.60 0.57 0.40 0.58 0.49 0.61 0.60 0.60 0.60 0.58 0.73 0.52 0.61 1.00 0.57 0.62 0.60 0.60 0.58 0.62 0.60 0.60 0.58 0.62 0.58
0.25 0.35 0.35 0.33 0.20 0.32 0.35 0.33 0.31 0.35 0.36 0.37 0.35 0.42 0.40 0.37 0.21 0.39 0.31 0.44 0.42 0.42 0.41 0.39 0.64 0.32 0.44 1.00 0.38 0.45 0.42 0.42 0.39 0.45 0.42 0.42 0.39 0.45 0.39
0.52 0.62 0.62 0.61 0.45 0.59 0.62 0.61 0.59 0.61 0.63 0.63 0.61 0.65 0.65 0.63 0.45 0.64 0.54 0.66 0.65 0.65 0.65 0.64 0.77 0.58 0.66 1.00 0.63 0.66 0.65 0.65 0.64 0.66 0.65 0.65 0.63 0.66 0.63
0.81 0.86 0.86 0.86 0.76 0.85 0.86 0.86 0.85 0.86 0.86 0.86 0.86 0.87 0.87 0.86 0.74 0.87 0.81 0.87 0.87 0.87 0.87 0.87 0.90 0.85 0.87 1.00 0.86 0.87 0.87 0.87 0.87 0.87 0.87 0.87 0.86 0.87 0.86
0.19 0.28 0.28 0.26 0.14 0.25 0.28 0.26 0.24 0.28 0.28 0.30 0.28 0.35 0.33 0.30 0.17 0.32 0.24 0.38 0.35 0.35 0.34 0.32 0.59 0.25 0.38 1.00 0.31 0.39 0.36 0.36 0.32 0.39 0.36 0.36 0.32 0.39 0.32
0.87 0.91 0.91 0.91 0.83 0.90 0.91 0.91 0.90 0.91 0.91 0.91 0.91 0.91 0.91 0.91 0.82 0.91 0.87 0.91 0.91 0.91 0.91 0.91 0.93 0.90 0.91 1.00 0.91 0.91 0.91 0.91 0.91 0.91 0.91 0.91 0.91 0.91 0.91
0.26 0.35 0.35 0.34 0.19 0.32 0.35 0.34 0.31 0.35 0.36 0.37 0.35 0.42 0.41 0.37 0.23 0.39 0.30 0.44 0.42 0.42 0.41 0.39 0.63 0.32 0.44 1.00 0.38 0.45 0.42 0.42 0.39 0.45 0.42 0.42 0.39 0.45 0.39
0.25 0.34 0.34 0.33 0.19 0.31 0.34 0.32 0.30 0.34 0.35 0.35 0.34 0.41 0.39 0.36 0.21 0.38 0.30 0.43 0.41 0.41 0.39 0.38 0.62 0.31 0.43 1.00 0.37 0.44 0.41 0.41 0.38 0.44 0.41 0.41 0.37 0.44 0.37
0.87 0.91 0.91 0.91 0.83 0.90 0.91 0.91 0.90 0.91 0.91 0.91 0.91 0.91 0.91 0.91 0.82 0.91 0.87 0.91 0.91 0.91 0.91 0.91 0.93 0.90 0.91 1.00 0.91 0.91 0.91 0.91 0.91 0.91 0.91 0.91 0.91 0.91 0.91
0.20 0.28 0.28 0.27 0.15 0.26 0.28 0.26 0.24 0.29 0.29 0.30 0.29 0.35 0.34 0.30 0.17 0.32 0.25 0.39 0.35 0.35 0.34 0.32 0.60 0.26 0.39 1.00 0.32 0.40 0.37 0.36 0.32 0.40 0.37 0.36 0.33 0.40 0.33
0.24 0.33 0.33 0.32 0.18 0.30 0.33 0.31 0.29 0.33 0.34 0.35 0.33 0.40 0.39 0.35 0.21 0.37 0.28 0.42 0.40 0.40 0.39 0.37 0.62 0.31 0.42 1.00 0.36 0.43 0.41 0.40 0.37 0.43 0.41 0.40 0.37 0.43 0.37
0.58 0.68 0.68 0.67 0.51 0.65 0.68 0.66 0.64 0.67 0.68 0.68 0.67 0.70 0.70 0.68 0.51 0.69 0.59 0.70 0.70 0.70 0.70 0.69 0.79 0.64 0.70 1.00 0.68 0.70 0.70 0.70 0.69 0.70 0.70 0.70 0.68 0.70 0.68
0.18 0.25 0.25 0.24 0.12 0.23 0.25 0.24 0.22 0.26 0.27 0.27 0.26 0.32 0.31 0.28 0.15 0.29 0.22 0.36 0.32 0.32 0.32 0.29 0.58 0.23 0.36 1.00 0.29 0.37 0.34 0.33 0.29 0.37 0.34 0.33 0.30 0.37 0.30
0.35 0.46 0.46 0.44 0.29 0.42 0.46 0.44 0.42 0.45 0.46 0.47 0.45 0.51 0.50 0.47 0.31 0.49 0.40 0.53 0.51 0.51 0.50 0.49 0.69 0.43 0.53 1.00 0.48 0.54 0.52 0.52 0.49 0.54 0.52 0.52 0.49 0.54 0.49
0.61 0.71 0.71 0.70 0.55 0.68 0.71 0.69 0.68 0.70 0.71 0.71 0.70 0.72 0.72 0.71 0.53 0.71 0.62 0.72 0.72 0.72 0.72 0.71 0.80 0.67 0.72 1.00 0.70 0.72 0.72 0.72 0.71 0.72 0.72 0.72 0.71 0.72 0.71
0.57 0.66 0.66 0.65 0.49 0.63 0.66 0.65 0.63 0.65 0.67 0.67 0.65 0.69 0.68 0.67 0.49 0.68 0.58 0.69 0.69 0.69 0.68 0.68 0.78 0.63 0.69 1.00 0.67 0.69 0.69 0.69 0.68 0.69 0.69 0.69 0.67 0.69 0.67
0.80 0.86 0.86 0.85 0.75 0.84 0.86 0.85 0.84 0.85 0.86 0.86 0.85 0.86 0.86 0.86 0.74 0.86 0.80 0.86 0.86 0.86 0.86 0.86 0.89 0.84 0.86 1.00 0.85 0.86 0.86 0.86 0.86 0.86 0.86 0.86 0.85 0.86 0.85
0.17 0.24 0.24 0.23 0.12 0.22 0.24 0.23 0.21 0.25 0.26 0.26 0.25 0.32 0.30 0.26 0.15 0.29 0.22 0.35 0.32 0.32 0.31 0.29 0.58 0.24 0.35 1.00 0.29 0.36 0.33 0.33 0.29 0.36 0.33 0.33 0.29 0.36 0.29
0.89 0.93 0.93 0.93 0.86 0.92 0.93 0.93 0.92 0.93 0.93 0.93 0.93 0.93 0.93 0.93 0.85 0.93 0.89 0.93 0.93 0.93 0.93 0.93 0.94 0.92 0.93 1.00 0.92 0.93 0.93 0.93 0.93 0.93 0.93 0.93 0.93 0.93 0.93
0.48 0.58 0.58 0.57 0.41 0.55 0.58 0.57 0.54 0.57 0.58 0.59 0.57 0.61 0.61 0.59 0.41 0.60 0.50 0.62 0.61 0.61 0.61 0.60 0.75 0.54 0.62 1.00 0.58 0.62 0.61 0.61 0.60 0.62 0.61 0.61 0.59 0.62 0.59
0.16 0.23 0.23 0.22 0.11 0.22 0.23 0.22 0.20 0.24 0.24 0.25 0.24 0.31 0.29 0.25 0.14 0.27 0.21 0.34 0.31 0.31 0.30 0.27 0.58 0.22 0.34 1.00 0.28 0.35 0.32 0.32 0.27 0.35 0.32 0.32 0.28 0.35 0.28
0.46 0.57 0.57 0.55 0.38 0.53 0.57 0.55 0.53 0.56 0.57 0.58 0.56 0.60 0.60 0.58 0.41 0.59 0.49 0.61 0.60 0.60 0.60 0.59 0.73 0.53 0.61 1.00 0.57 0.61 0.60 0.60 0.59 0.61 0.60 0.60 0.58 0.61 0.58
0.87 0.91 0.91 0.91 0.84 0.90 0.91 0.91 0.91 0.91 0.91 0.91 0.91 0.91 0.91 0.91 0.83 0.91 0.87 0.91 0.91 0.91 0.91 0.91 0.93 0.90 0.91 1.00 0.91 0.91 0.91 0.91 0.91 0.91 0.91 0.91 0.91 0.91 0.91
0.35 0.45 0.45 0.44 0.28 0.42 0.45 0.44 0.42 0.45 0.46 0.47 0.45 0.51 0.50 0.46 0.30 0.49 0.39 0.52 0.51 0.51 0.50 0.49 0.68 0.42 0.52 1.00 0.47 0.53 0.51 0.51 0.49 0.53 0.51 0.51 0.48 0.53 0.48
0.65 0.74 0.74 0.73 0.59 0.71 0.74 0.73 0.71 0.73 0.74 0.74 0.73 0.75 0.75 0.74 0.57 0.75 0.65 0.75 0.75 0.75 0.75 0.75 0.82 0.71 0.75 1.00 0.74 0.76 0.75 0.75 0.75 0.76 0.75 0.75 0.74 0.76 0.74
0.38 0.49 0.49 0.48 0.32 0.45 0.49 0.47 0.45 0.48 0.49 0.50 0.48 0.54 0.53 0.50 0.33 0.52 0.42 0.55 0.54 0.54 0.53 0.52 0.69 0.45 0.55 1.00 0.50 0.56 0.54 0.54 0.52 0.56 0.54 0.54 0.51 0.56 0.51
0.21 0.29 0.29 0.28 0.15 0.27 0.29 0.27 0.26 0.30 0.30 0.31 0.30 0.36 0.35 0.31 0.18 0.33 0.26 0.39 0.36 0.36 0.35 0.33 0.60 0.27 0.39 1.00 0.33 0.40 0.37 0.37 0.33 0.40 0.37 0.37 0.34 0.40 0.34
0.16 0.23 0.23 0.22 0.11 0.21 0.23 0.22 0.20 0.24 0.25 0.25 0.24 0.31 0.30 0.26 0.14 0.28 0.21 0.34 0.31 0.31 0.30 0.28 0.57 0.22 0.34 1.00 0.28 0.35 0.33 0.32 0.28 0.35 0.33 0.32 0.28 0.35 0.28
0.54 0.64 0.64 0.63 0.46 0.60 0.64 0.62 0.60 0.63 0.64 0.65 0.63 0.67 0.66 0.65 0.46 0.66 0.55 0.67 0.67 0.67 0.66 0.66 0.77 0.60 0.67 1.00 0.64 0.68 0.67 0.67 0.66 0.68 0.67 0.67 0.65 0.68 0.65
0.37 0.48 0.48 0.46 0.30 0.44 0.48 0.46 0.44 0.47 0.48 0.49 0.47 0.52 0.52 0.49 0.31 0.50 0.40 0.54 0.52 0.52 0.52 0.50 0.69 0.44 0.54 1.00 0.49 0.54 0.53 0.53 0.50 0.54 0.53 0.53 0.50 0.54 0.50
0.39 0.49 0.49 0.48 0.32 0.46 0.49 0.48 0.45 0.49 0.50 0.51 0.49 0.54 0.54 0.51 0.34 0.52 0.42 0.55 0.54 0.54 0.54 0.52 0.71 0.46 0.55 1.00 0.51 0.55 0.54 0.54 0.52 0.55 0.54 0.54 0.51 0.55 0.51
0.77 0.83 0.83 0.83 0.71 0.82 0.83 0.83 0.82 0.83 0.83 0.83 0.83 0.84 0.84 0.83 0.69 0.84 0.77 0.84 0.84 0.84 0.84 0.84 0.87 0.81 0.84 1.00 0.83 0.84 0.84 0.84 0.84 0.84 0.84 0.84 0.83 0.84 0.83
0.40 0.50 0.50 0.49 0.32 0.47 0.50 0.48 0.46 0.49 0.51 0.51 0.49 0.55 0.54 0.51 0.33 0.53 0.42 0.55 0.55 0.55 0.54 0.53 0.70 0.47 0.55 1.00 0.51 0.56 0.54 0.54 0.53 0.56 0.54 0.54 0.52 0.56 0.52
0.76 0.83 0.83 0.82 0.71 0.81 0.83 0.82 0.81 0.82 0.83 0.83 0.82 0.83 0.83 0.83 0.69 0.83 0.76 0.83 0.83 0.83 0.83 0.83 0.87 0.81 0.83 1.00 0.82 0.83 0.83 0.83 0.83 0.83 0.83 0.83 0.82 0.83 0.82
0.76 0.83 0.83 0.82 0.71 0.81 0.83 0.82 0.81 0.82 0.83 0.83 0.82 0.83 0.83 0.83 0.69 0.83 0.76 0.83 0.83 0.83 0.83 0.83 0.87 0.81 0.83 1.00 0.82 0.83 0.83 0.83 0.83 0.83 0.83 0.83 0.83 0.83 0.83
0.17 0.24 0.24 0.23 0.12 0.23 0.24 0.23 0.21 0.25 0.25 0.26 0.25 0.32 0.30 0.26 0.15 0.29 0.23 0.36 0.32 0.32 0.31 0.29 0.58 0.23 0.36 1.00 0.29 0.37 0.33 0.33 0.29 0.37 0.33 0.33 0.29 0.37 0.29
0.38 0.48 0.48 0.47 0.31 0.45 0.48 0.47 0.45 0.48 0.49 0.50 0.48 0.54 0.53 0.50 0.33 0.52 0.41 0.55 0.54 0.54 0.53 0.52 0.70 0.45 0.55 1.00 0.50 0.55 0.53 0.53 0.52 0.55 0.53 0.53 0.51 0.55 0.51
0.42 0.52 0.52 0.51 0.34 0.48 0.52 0.50 0.48 0.51 0.52 0.53 0.51 0.56 0.56 0.53 0.36 0.55 0.44 0.58 0.56 0.56 0.56 0.55 0.71 0.48 0.58 1.00 0.53 0.58 0.57 0.56 0.55 0.58 0.57 0.57 0.54 0.58 0.54
0.31 0.41 0.41 0.39 0.24 0.38 0.41 0.39 0.37 0.41 0.41 0.43 0.41 0.47 0.46 0.43 0.27 0.45 0.35 0.48 0.47 0.47 0.46 0.45 0.66 0.38 0.48 1.00 0.43 0.49 0.47 0.47 0.45 0.49 0.47 0.47 0.44 0.49 0.44
0.51 0.61 0.61 0.60 0.44 0.58 0.61 0.59 0.57 0.60 0.61 0.62 0.60 0.64 0.64 0.62 0.44 0.63 0.52 0.64 0.64 0.64 0.64 0.63 0.75 0.57 0.64 1.00 0.61 0.65 0.64 0.64 0.63 0.65 0.64 0.64 0.62 0.65 0.62
0.31 0.41 0.41 0.40 0.25 0.38 0.41 0.40 0.37 0.41 0.42 0.43 0.41 0.47 0.46 0.43 0.27 0.45 0.35 0.49 0.47 0.47 0.46 0.45 0.66 0.38 0.49 1.00 0.43 0.49 0.47 0.47 0.45 0.49 0.47 0.47 0.44 0.49 0.44
0.84 0.88 0.88 0.88 0.79 0.87 0.88 0.88 0.87 0.88 0.88 0.88 0.88 0.89 0.89 0.88 0.79 0.89 0.83 0.89 0.89 0.89 0.89 0.89 0.91 0.87 0.89 1.00 0.88 0.89 0.89 0.89 0.89 0.89 0.89 0.89 0.88 0.89 0.88
0.38 0.49 0.49 0.47 0.31 0.45 0.49 0.47 0.45 0.48 0.50 0.50 0.48 0.54 0.53 0.50 0.33 0.52 0.41 0.55 0.54 0.54 0.53 0.52 0.69 0.45 0.55 1.00 0.50 0.56 0.54 0.54 0.52 0.56 0.54 0.54 0.51 0.56 0.51
0.16 0.23 0.23 0.22 0.11 0.21 0.23 0.21 0.20 0.24 0.24 0.25 0.24 0.31 0.29 0.25 0.14 0.28 0.21 0.34 0.31 0.31 0.30 0.28 0.57 0.22 0.34 1.00 0.28 0.35 0.32 0.32 0.28 0.35 0.32 0.32 0.28 0.35 0.28
0.29 0.38 0.38 0.37 0.22 0.35 0.38 0.36 0.34 0.38 0.39 0.40 0.38 0.44 0.43 0.40 0.24 0.42 0.32 0.46 0.44 0.44 0.44 0.42 0.65 0.36 0.46 1.00 0.41 0.47 0.45 0.45 0.42 0.47 0.45 0.45 0.42 0.47 0.42
0.23 0.31 0.31 0.30 0.17 0.29 0.31 0.30 0.28 0.31 0.32 0.33 0.31 0.38 0.37 0.34 0.20 0.35 0.27 0.41 0.38 0.38 0.37 0.35 0.62 0.29 0.41 1.00 0.35 0.41 0.39 0.39 0.35 0.41 0.39 0.39 0.35 0.41 0.35
0.22 0.31 0.31 0.30 0.17 0.29 0.31 0.30 0.28 0.32 0.32 0.33 0.32 0.38 0.37 0.33 0.19 0.35 0.28 0.41 0.38 0.38 0.37 0.35 0.61 0.30 0.41 1.00 0.35 0.42 0.39 0.39 0.35 0.42 0.39 0.39 0.35 0.42 0.35
0.50 0.60 0.60 0.59 0.43 0.57 0.60 0.59 0.57 0.59 0.61 0.61 0.59 0.63 0.63 0.61 0.43 0.62 0.52 0.64 0.63 0.63 0.63 0.62 0.76 0.56 0.64 1.00 0.61 0.64 0.64 0.64 0.62 0.64 0.64 0.64 0.62 0.64 0.62
0.44 0.55 0.55 0.54 0.38 0.51 0.55 0.54 0.52 0.54 0.55 0.56 0.54 0.59 0.58 0.56 0.38 0.57 0.47 0.60 0.59 0.59 0.58 0.57 0.73 0.51 0.60 1.00 0.56 0.60 0.59 0.59 0.57 0.60 0.59 0.59 0.56 0.60 0.56
0.57 0.67 0.67 0.66 0.50 0.64 0.67 0.66 0.64 0.66 0.67 0.67 0.66 0.69 0.69 0.67 0.50 0.68 0.58 0.69 0.69 0.69 0.69 0.68 0.78 0.63 0.69 1.00 0.67 0.69 0.69 0.69 0.68 0.69 0.69 0.69 0.67 0.69 0.67
0.89 0.92 0.92 0.92 0.85 0.92 0.92 0.92 0.92 0.92 0.92 0.92 0.92 0.92 0.92 0.92 0.84 0.92 0.88 0.92 0.92 0.92 0.92 0.92 0.94 0.91 0.92 1.00 0.92 0.92 0.92 0.92 0.92 0.92 0.92 0.92 0.92 0.92 0.92
0.18 0.25 0.25 0.24 0.13 0.23 0.25 0.24 0.22 0.26 0.27 0.27 0.26 0.33 0.32 0.27 0.15 0.29 0.23 0.36 0.33 0.33 0.32 0.29 0.58 0.24 0.36 1.00 0.29 0.37 0.34 0.34 0.29 0.37 0.34 0.34 0.30 0.37 0.30
0.87 0.91 0.91 0.91 0.83 0.90 0.91 0.91 0.90 0.91 0.91 0.91 0.91 0.91 0.91 0.91 0.82 0.91 0.87 0.91 0.91 0.91 0.91 0.91 0.93 0.90 0.91 1.00 0.91 0.91 0.91 0.91 0.91 0.91 0.91 0.91 0.91 0.91 0.91
0.64 0.73 0.73 0.72 0.57 0.70 0.73 0.72 0.71 0.72 0.73 0.73 0.72 0.75 0.75 0.74 0.56 0.74 0.64 0.74 0.75 0.75 0.75 0.74 0.82 0.70 0.74 1.00 0.73 0.75 0.74 0.74 0.74 0.75 0.74 0.74 0.73 0.75 0.73
0.22 0.31 0.31 0.30 0.17 0.29 0.31 0.29 0.27 0.32 0.32 0.33 0.32 0.38 0.37 0.33 0.20 0.35 0.28 0.41 0.38 0.38 0.37 0.35 0.62 0.29 0.41 1.00 0.34 0.42 0.39 0.39 0.35 0.42 0.39 0.39 0.35 0.42 0.35
0.75 0.82 0.82 0.81 0.69 0.80 0.82 0.81 0.80 0.81 0.82 0.82 0.81 0.82 0.82 0.82 0.67 0.82 0.74 0.82 0.82 0.82 0.82 0.82 0.87 0.79 0.82 1.00 0.81 0.82 0.82 0.82 0.82 0.82 0.82 0.82 0.82 0.82 0.82
0.20 0.28 0.28 0.27 0.15 0.26 0.28 0.26 0.24 0.28 0.29 0.30 0.28 0.35 0.34 0.30 0.17 0.32 0.25 0.38 0.35 0.35 0.34 0.32 0.60 0.26 0.38 1.00 0.32 0.39 0.36 0.36 0.32 0.39 0.36 0.36 0.32 0.39 0.32
0.82 0.87 0.87 0.87 0.78 0.86 0.87 0.87 0.86 0.87 0.87 0.87 0.87 0.88 0.88 0.87 0.76 0.88 0.82 0.88 0.88 0.88 0.88 0.88 0.90 0.86 0.88 1.00 0.87 0.88 0.88 0.88 0.88 0.88 0.88 0.88 0.87 0.88 0.87
0.17 0.25 0.25 0.24 0.12 0.23 0.25 0.23 0.21 0.26 0.26 0.27 0.26 0.32 0.31 0.27 0.16 0.29 0.22 0.35 0.32 0.32 0.31 0.29 0.59 0.24 0.35 1.00 0.29 0.36 0.33 0.33 0.29 0.36 0.33 0.33 0.30 0.36 0.30
0.33 0.43 0.43 0.42 0.26 0.40 0.43 0.41 0.39 0.43 0.43 0.44 0.43 0.48 0.47 0.44 0.27 0.46 0.36 0.50 0.48 0.48 0.48 0.46 0.66 0.39 0.50 1.00 0.45 0.51 0.48 0.48 0.46 0.51 0.48 0.48 0.46 0.51 0.46
0.21 0.29 0.29 0.27 0.15 0.27 0.29 0.27 0.25 0.30 0.30 0.31 0.30 0.36 0.35 0.31 0.17 0.33 0.26 0.39 0.36 0.36 0.35 0.33 0.60 0.27 0.39 1.00 0.33 0.40 0.37 0.37 0.33 0.40 0.37 0.37 0.33 0.40 0.33
0.46 0.57 0.57 0.56 0.40 0.53 0.57 0.55 0.53 0.55 0.57 0.58 0.55 0.60 0.60 0.57 0.39 0.59 0.48 0.61 0.60 0.60 0.60 0.59 0.73 0.53 0.61 1.00 0.57 0.61 0.60 0.60 0.59 0.61 0.60 0.60 0.57 0.61 0.57
0.19 0.27 0.27 0.26 0.14 0.25 0.27 0.25 0.24 0.27 0.28 0.29 0.27 0.34 0.33 0.30 0.17 0.32 0.25 0.38 0.34 0.34 0.34 0.32 0.59 0.26 0.38 1.00 0.32 0.39 0.36 0.36 0.32 0.39 0.36 0.36 0.32 0.39 0.32
0.77 0.83 0.83 0.83 0.71 0.82 0.83 0.83 0.82 0.83 0.84 0.84 0.83 0.84 0.84 0.84 0.71 0.84 0.77 0.84 0.84 0.84 0.84 0.84 0.88 0.82 0.84 1.00 0.83 0.84 0.84 0.84 0.84 0.84 0.84 0.84 0.83 0.84 0.83
0.63 0.72 0.72 0.72 0.57 0.69 0.72 0.71 0.70 0.71 0.73 0.73 0.71 0.74 0.74 0.73 0.56 0.73 0.64 0.74 0.74 0.74 0.74 0.73 0.82 0.69 0.74 1.00 0.72 0.74 0.74 0.74 0.73 0.74 0.74 0.74 0.73 0.74 0.73
0.86 0.91 0.91 0.91 0.83 0.90 0.91 0.91 0.90 0.91 0.91 0.91 0.91 0.91 0.91 0.91 0.82 0.91 0.87 0.91 0.91 0.91 0.91 0.91 0.93 0.90 0.91 1.00 0.90 0.91 0.91 0.91 0.91 0.91 0.91 0.91 0.91 0.91 0.91
0.73 0.80 0.80 0.80 0.67 0.78 0.80 0.80 0.79 0.79 0.80 0.80 0.79 0.81 0.81 0.80 0.66 0.81 0.72 0.81 0.81 0.81 0.81 0.81 0.86 0.78 0.81 1.00 0.80 0.81 0.81 0.81 0.81 0.81 0.81 0.81 0.80 0.81 0.80
0.53 0.63 0.63 0.62 0.45 0.60 0.63 0.62 0.60 0.63 0.63 0.64 0.63 0.66 0.66 0.64 0.47 0.65 0.55 0.66 0.66 0.66 0.66 0.65 0.77 0.59 0.66 1.00 0.63 0.67 0.66 0.66 0.65 0.67 0.66 0.66 0.64 0.67 0.64
0.30 0.39 0.39 0.38 0.22 0.36 0.39 0.38 0.35 0.39 0.40 0.41 0.39 0.46 0.44 0.41 0.24 0.43 0.34 0.48 0.46 0.46 0.45 0.43 0.66 0.37 0.48 1.00 0.42 0.48 0.46 0.46 0.43 0.48 0.46 0.46 0.43 0.48 0.43
0.86 0.90 0.90 0.90 0.82 0.89 0.90 0.90 0.89 0.90 0.90 0.90 0.90 0.90 0.90 0.90 0.81 0.90 0.86 0.90 0.90 0.90 0.90 0.90 0.92 0.89 0.90 1.00 0.90 0.90 0.90 0.90 0.90 0.90 0.90 0.90 0.90 0.90 0.90
0.34 0.44 0.44 0.43 0.27 0.41 0.44 0.42 0.40 0.44 0.45 0.46 0.44 0.50 0.49 0.46 0.29 0.47 0.38 0.51 0.50 0.50 0.49 0.47 0.67 0.41 0.51 1.00 0.46 0.52 0.50 0.50 0.47 0.52 0.50 0.50 0.47 0.52 0.47
0.33 0.44 0.44 0.42 0.27 0.40 0.44 0.42 0.40 0.43 0.45 0.45 0.43 0.49 0.48 0.45 0.29 0.47 0.37 0.50 0.49 0.49 0.48 0.47 0.67 0.40 0.50 1.00 0.45 0.51 0.49 0.49 0.47 0.51 0.49 0.49 0.46 0.51 0.46
0.21 0.30 0.30 0.28 0.16 0.27 0.30 0.28 0.26 0.30 0.31 0.32 0.30 0.37 0.36 0.32 0.18 0.34 0.26 0.40 0.37 0.37 0.36 0.34 0.61 0.27 0.40 1.00 0.32 0.40 0.38 0.37 0.34 0.40 0.38 0.37 0.34 0.40 0.34
0.57 0.66 0.66 0.65 0.49 0.63 0.66 0.65 0.63 0.66 0.66 0.67 0.66 0.69 0.68 0.67 0.49 0.68 0.58 0.69 0.69 0.69 0.69 0.68 0.77 0.63 0.69 1.00 0.66 0.69 0.69 0.69 0.68 0.69 0.69 0.69 0.67 0.69 0.67
0.42 0.52 0.52 0.51 0.35 0.49 0.52 0.51 0.49 0.52 0.53 0.54 0.52 0.57 0.56 0.54 0.36 0.55 0.45 0.58 0.57 0.57 0.56 0.55 0.72 0.50 0.58 1.00 0.54 0.58 0.57 0.57 0.55 0.58 0.57 0.57 0.55 0.58 0.55
0.87 0.91 0.91 0.90 0.83 0.90 0.91 0.90 0.90 0.90 0.91 0.91 0.90 0.91 0.91 0.91 0.82 0.91 0.87 0.91 0.91 0.91 0.91 0.91 0.92 0.90 0.91 1.00 0.90 0.91 0.91 0.91 0.91 0.91 0.91 0.91 0.91 0.91 0.91
0.51 0.61 0.61 0.60 0.44 0.58 0.61 0.59 0.57 0.60 0.62 0.62 0.60 0.64 0.63 0.62 0.44 0.63 0.53 0.64 0.64 0.64 0.63 0.63 0.76 0.58 0.64 1.00 0.61 0.65 0.64 0.64 0.63 0.65 0.64 0.64 0.62 0.65 0.62
0.26 0.36 0.36 0.34 0.20 0.33 0.36 0.34 0.32 0.36 0.37 0.37 0.36 0.42 0.41 0.38 0.23 0.40 0.31 0.45 0.42 0.42 0.41 0.40 0.63 0.33 0.45 1.00 0.38 0.46 0.43 0.43 0.40 0.46 0.43 0.43 0.40 0.46 0.40
0.88 0.92 0.92 0.92 0.85 0.91 0.92 0.92 0.91 0.92 0.92 0.92 0.92 0.92 0.92 0.92 0.83 0.92 0.88 0.92 0.92 0.92 0.92 0.92 0.94 0.91 0.92 1.00 0.92 0.92 0.92 0.92 0.92 0.92 0.92 0.92 0.92 0.92 0.92
0.77 0.84 0.84 0.83 0.72 0.82 0.84 0.83 0.82 0.83 0.84 0.84 0.83 0.84 0.84 0.84 0.71 0.84 0.77 0.84 0.84 0.84 0.84 0.84 0.88 0.82 0.84 1.00 0.83 0.84 0.84 0.84 0.84 0.84 0.84 0.84 0.83 0.84 0.83
0.46 0.56 0.56 0.55 0.38 0.52 0.56 0.54 0.52 0.55 0.57 0.57 0.55 0.59 0.59 0.57 0.39 0.58 0.48 0.60 0.59 0.59 0.59 0.58 0.73 0.52 0.60 1.00 0.57 0.61 0.60 0.59 0.58 0.61 0.60 0.59 0.57 0.61 0.57
0.45 0.55 0.55 0.54 0.37 0.52 0.55 0.54 0.52 0.55 0.56 0.57 0.55 0.59 0.59 0.57 0.39 0.58 0.47 0.60 0.59 0.59 0.59 0.58 0.72 0.51 0.60 1.00 0.56 0.61 0.59 0.59 0.58 0.61 0.59 0.59 0.57 0.61 0.57
0.70 0.78 0.78 0.77 0.64 0.76 0.78 0.77 0.76 0.77 0.78 0.78 0.77 0.79 0.79 0.78 0.62 0.78 0.70 0.79 0.79 0.79 0.79 0.78 0.84 0.76 0.79 1.00 0.78 0.79 0.79 0.79 0.78 0.79 0.79 0.79 0.78 0.79 0.78
0.70 0.78 0.78 0.77 0.63 0.75 0.78 0.77 0.75 0.77 0.78 0.78 0.77 0.79 0.79 0.78 0.62 0.78 0.70 0.79 0.79 0.79 0.79 0.78 0.85 0.75 0.79 1.00 0.77 0.79 0.78 0.79 0.78 0.79 0.78 0.79 0.78 0.79 0.78
0.33 0.44 0.44 0.42 0.27 0.40 0.44 0.42 0.40 0.43 0.45 0.45 0.43 0.49 0.48 0.45 0.30 0.47 0.37 0.51 0.49 0.49 0.48 0.47 0.67 0.41 0.51 1.00 0.46 0.51 0.49 0.49 0.47 0.51 0.49 0.49 0.47 0.51 0.47
0.48 0.57 0.57 0.56 0.40 0.54 0.57 0.56 0.54 0.57 0.58 0.58 0.57 0.61 0.60 0.58 0.41 0.59 0.49 0.62 0.61 0.61 0.61 0.59 0.74 0.54 0.62 1.00 0.58 0.62 0.61 0.61 0.59 0.62 0.61 0.61 0.59 0.62 0.59
0.34 0.44 0.44 0.42 0.27 0.40 0.44 0.42 0.40 0.43 0.44 0.45 0.43 0.49 0.48 0.45 0.29 0.47 0.38 0.50 0.49 0.49 0.48 0.47 0.67 0.40 0.50 1.00 0.45 0.51 0.49 0.49 0.47 0.51 0.49 0.49 0.47 0.51 0.47
0.19 0.28 0.28 0.26 0.15 0.26 0.28 0.26 0.24 0.29 0.29 0.30 0.29 0.36 0.34 0.30 0.17 0.32 0.25 0.38 0.36 0.36 0.34 0.32 0.60 0.26 0.38 1.00 0.32 0.39 0.36 0.36 0.32 0.39 0.36 0.36 0.32 0.39 0.32
0.21 0.29 0.29 0.28 0.16 0.27 0.29 0.28 0.26 0.30 0.30 0.31 0.30 0.37 0.35 0.32 0.18 0.34 0.26 0.39 0.37 0.37 0.36 0.34 0.60 0.27 0.39 1.00 0.33 0.40 0.38 0.37 0.34 0.40 0.38 0.37 0.34 0.40 0.34
0.47 0.57 0.57 0.56 0.40 0.54 0.57 0.56 0.54 0.56 0.58 0.59 0.56 0.61 0.61 0.59 0.41 0.60 0.49 0.62 0.61 0.61 0.61 0.60 0.74 0.54 0.62 1.00 0.58 0.62 0.61 0.61 0.60 0.62 0.61 0.61 0.59 0.62 0.59
0.18 0.26 0.26 0.25 0.13 0.24 0.26 0.24 0.22 0.26 0.27 0.28 0.26 0.33 0.32 0.28 0.16 0.30 0.24 0.36 0.33 0.33 0.32 0.30 0.58 0.24 0.36 1.00 0.30 0.37 0.34 0.34 0.30 0.37 0.34 0.34 0.31 0.37 0.31
0.67 0.75 0.75 0.74 0.60 0.73 0.75 0.74 0.73 0.75 0.75 0.75 0.75 0.77 0.77 0.76 0.60 0.76 0.67 0.77 0.77 0.77 0.76 0.76 0.83 0.72 0.77 1.00 0.75 0.77 0.76 0.76 0.76 0.77 0.76 0.76 0.75 0.77 0.75
0.38 0.49 0.49 0.48 0.32 0.45 0.49 0.47 0.45 0.48 0.50 0.50 0.48 0.54 0.53 0.51 0.34 0.52 0.42 0.55 0.54 0.54 0.53 0.52 0.69 0.46 0.55 1.00 0.51 0.56 0.54 0.54 0.52 0.56 0.54 0.54 0.51 0.56 0.51
0.52 0.62 0.62 0.61 0.45 0.59 0.62 0.61 0.59 0.61 0.63 0.63 0.61 0.65 0.65 0.63 0.46 0.64 0.53 0.66 0.65 0.65 0.65 0.64 0.76 0.59 0.66 1.00 0.62 0.66 0.65 0.65 0.64 0.66 0.65 0.65 0.63 0.66 0.63
0.20 0.29 0.29 0.27 0.15 0.27 0.29 0.27 0.25 0.30 0.30 0.31 0.30 0.36 0.35 0.31 0.18 0.33 0.26 0.39 0.36 0.36 0.35 0.33 0.61 0.28 0.39 1.00 0.33 0.40 0.37 0.37 0.33 0.40 0.37 0.37 0.33 0.40 0.33
0.77 0.84 0.84 0.83 0.72 0.82 0.84 0.83 0.82 0.83 0.83 0.83 0.83 0.84 0.84 0.83 0.71 0.84 0.77 0.84 0.84 0.84 0.84 0.84 0.88 0.82 0.84 1.00 0.83 0.84 0.84 0.84 0.84 0.84 0.84 0.84 0.83 0.84 0.83
0.19 0.27 0.27 0.26 0.15 0.25 0.27 0.26 0.24 0.28 0.29 0.29 0.28 0.35 0.33 0.30 0.17 0.32 0.25 0.38 0.35 0.35 0.34 0.32 0.59 0.26 0.38 1.00 0.32 0.39 0.36 0.36 0.32 0.39 0.36 0.36 0.32 0.39 0.32
0.63 0.72 0.72 0.72 0.57 0.70 0.72 0.71 0.70 0.72 0.73 0.73 0.72 0.74 0.74 0.73 0.56 0.73 0.64 0.74 0.74 0.74 0.74 0.73 0.81 0.69 0.74 1.00 0.72 0.74 0.74 0.74 0.73 0.74 0.74 0.74 0.72 0.74 0.72
0.82 0.87 0.87 0.87 0.77 0.86 0.87 0.87 0.86 0.87 0.87 0.87 0.87 0.88 0.88 0.87 0.77 0.88 0.82 0.88 0.88 0.88 0.88 0.88 0.91 0.86 0.88 1.00 0.87 0.88 0.88 0.88 0.88 0.88 0.88 0.88 0.87 0.88 0.87
0.47 0.57 0.57 0.56 0.40 0.54 0.57 0.56 0.54 0.56 0.58 0.58 0.56 0.61 0.60 0.59 0.41 0.60 0.49 0.62 0.61 0.61 0.60 0.60 0.74 0.53 0.62 1.00 0.58 0.62 0.61 0.61 0.60 0.62 0.61 0.61 0.59 0.62 0.59
0.55 0.65 0.65 0.64 0.47 0.62 0.65 0.63 0.61 0.64 0.65 0.66 0.64 0.68 0.67 0.66 0.48 0.67 0.57 0.68 0.68 0.68 0.68 0.67 0.77 0.62 0.68 1.00 0.66 0.69 0.68 0.68 0.67 0.69 0.68 0.68 0.66 0.69 0.66
0.62 0.70 0.70 0.70 0.55 0.68 0.70 0.69 0.68 0.70 0.71 0.71 0.70 0.72 0.72 0.71 0.54 0.71 0.61 0.72 0.72 0.72 0.72 0.71 0.80 0.67 0.72 1.00 0.70 0.72 0.72 0.72 0.71 0.72 0.72 0.72 0.71 0.72 0.71
0.26 0.35 0.35 0.34 0.20 0.32 0.35 0.34 0.32 0.35 0.36 0.37 0.35 0.42 0.41 0.37 0.23 0.39 0.30 0.44 0.42 0.42 0.41 0.39 0.64 0.33 0.44 1.00 0.39 0.45 0.43 0.43 0.39 0.45 0.43 0.43 0.39 0.45 0.39
0.36 0.45 0.45 0.44 0.29 0.42 0.45 0.44 0.42 0.45 0.46 0.47 0.45 0.51 0.50 0.47 0.30 0.49 0.39 0.52 0.51 0.51 0.50 0.49 0.67 0.42 0.52 1.00 0.47 0.53 0.51 0.51 0.49 0.53 0.51 0.51 0.48 0.53 0.48
0.26 0.35 0.35 0.34 0.20 0.32 0.35 0.33 0.31 0.35 0.36 0.37 0.35 0.42 0.40 0.37 0.22 0.39 0.30 0.44 0.42 0.42 0.41 0.39 0.62 0.33 0.44 1.00 0.38 0.45 0.42 0.42 0.39 0.45 0.42 0.42 0.38 0.45 0.38
0.35 0.45 0.45 0.44 0.29 0.42 0.45 0.44 0.42 0.44 0.46 0.47 0.44 0.50 0.49 0.47 0.30 0.48 0.39 0.52 0.50 0.50 0.50 0.48 0.69 0.42 0.52 1.00 0.47 0.52 0.51 0.51 0.48 0.52 0.51 0.51 0.48 0.52 0.48
0.32 0.42 0.42 0.41 0.26 0.39 0.42 0.40 0.38 0.42 0.43 0.44 0.42 0.48 0.47 0.44 0.28 0.46 0.36 0.50 0.48 0.48 0.47 0.46 0.66 0.39 0.50 1.00 0.45 0.50 0.48 0.48 0.46 0.50 0.48 0.48 0.46 0.50 0.46
0.63 0.72 0.72 0.71 0.57 0.69 0.72 0.71 0.69 0.71 0.72 0.72 0.71 0.74 0.73 0.72 0.56 0.73 0.64 0.74 0.74 0.74 0.73 0.73 0.81 0.69 0.74 1.00 0.72 0.74 0.73 0.73 0.73 0.74 0.73 0.73 0.72 0.74 0.72
0.50 0.61 0.61 0.59 0.43 0.57 0.61 0.59 0.57 0.59 0.61 0.62 0.59 0.64 0.63 0.61 0.44 0.62 0.52 0.64 0.64 0.64 0.63 0.62 0.76 0.57 0.64 1.00 0.61 0.65 0.64 0.64 0.62 0.65 0.64 0.64 0.62 0.65 0.62
0.55 0.65 0.65 0.64 0.47 0.62 0.65 0.63 0.62 0.64 0.65 0.65 0.64 0.67 0.67 0.66 0.47 0.66 0.56 0.68 0.67 0.67 0.67 0.66 0.77 0.61 0.68 1.00 0.65 0.68 0.67 0.67 0.66 0.68 0.67 0.67 0.65 0.68 0.65
0.59 0.69 0.69 0.68 0.53 0.66 0.69 0.68 0.66 0.69 0.69 0.70 0.69 0.71 0.71 0.70 0.53 0.70 0.61 0.72 0.71 0.71 0.71 0.70 0.80 0.66 0.72 1.00 0.69 0.72 0.71 0.71 0.70 0.72 0.71 0.71 0.69 0.72 0.69
0.49 0.59 0.59 0.58 0.41 0.55 0.59 0.58 0.55 0.58 0.60 0.60 0.58 0.62 0.62 0.60 0.41 0.61 0.50 0.62 0.62 0.62 0.62 0.61 0.74 0.55 0.62 1.00 0.59 0.63 0.62 0.62 0.61 0.63 0.62 0.62 0.60 0.63 0.60
0.25 0.34 0.34 0.33 0.19 0.32 0.34 0.33 0.30 0.34 0.35 0.36 0.34 0.41 0.40 0.37 0.22 0.38 0.30 0.44 0.41 0.41 0.40 0.38 0.63 0.32 0.44 1.00 0.38 0.45 0.42 0.42 0.38 0.45 0.42 0.42 0.38 0.45 0.38
0.54 0.64 0.64 0.63 0.47 0.61 0.64 0.63 0.61 0.64 0.64 0.65 0.64 0.67 0.67 0.65 0.47 0.66 0.56 0.68 0.67 0.67 0.67 0.66 0.77 0.61 0.68 1.00 0.65 0.68 0.67 0.67 0.66 0.68 0.67 0.67 0.65 0.68 0.65
0.51 0.61 0.61 0.60 0.44 0.58 0.61 0.60 0.58 0.60 0.61 0.62 0.60 0.64 0.64 0.62 0.45 0.63 0.53 0.65 0.64 0.64 0.64 0.63 0.76 0.57 0.65 1.00 0.62 0.65 0.64 0.64 0.63 0.65 0.64 0.64 0.63 0.65 0.63
0.85 0.89 0.89 0.89 0.81 0.89 0.89 0.89 0.88 0.89 0.89 0.89 0.89 0.90 0.90 0.89 0.80 0.90 0.85 0.89 0.90 0.90 0.90 0.90 0.92 0.88 0.89 1.00 0.89 0.89 0.90 0.90 0.90 0.89 0.90 0.90 0.89 0.89 0.89
0.85 0.89 0.89 0.89 0.80 0.88 0.89 0.89 0.88 0.89 0.89 0.89 0.89 0.89 0.89 0.89 0.79 0.89 0.84 0.89 0.89 0.89 0.89 0.89 0.92 0.88 0.89 1.00 0.89 0.89 0.89 0.89 0.89 0.89 0.89 0.89 0.89 0.89 0.89
0.74 0.81 0.81 0.80 0.67 0.79 0.81 0.80 0.79 0.80 0.81 0.81 0.80 0.82 0.82 0.81 0.67 0.81 0.74 0.82 0.82 0.82 0.82 0.81 0.86 0.78 0.82 1.00 0.80 0.82 0.82 0.82 0.81 0.82 0.82 0.82 0.81 0.82 0.81
0.54 0.64 0.64 0.62 0.46 0.60 0.64 0.62 0.60 0.63 0.64 0.64 0.63 0.66 0.66 0.64 0.47 0.65 0.55 0.67 0.66 0.66 0.66 0.65 0.77 0.60 0.67 1.00 0.64 0.67 0.66 0.66 0.65 0.67 0.66 0.66 0.65 0.67 0.65
0.37 0.47 0.47 0.46 0.30 0.44 0.47 0.45 0.43 0.47 0.48 0.48 0.47 0.52 0.51 0.49 0.31 0.50 0.40 0.54 0.52 0.52 0.51 0.50 0.69 0.44 0.54 1.00 0.49 0.54 0.53 0.53 0.50 0.54 0.53 0.53 0.50 0.54 0.50
0.32 0.42 0.42 0.41 0.25 0.39 0.42 0.40 0.38 0.42 0.43 0.43 0.42 0.48 0.47 0.44 0.27 0.45 0.37 0.50 0.48 0.48 0.47 0.45 0.68 0.39 0.50 1.00 0.44 0.50 0.48 0.48 0.45 0.50 0.48 0.48 0.45 0.50 0.45
0.52 0.62 0.62 0.61 0.44 0.58 0.62 0.60 0.58 0.61 0.62 0.63 0.61 0.65 0.64 0.62 0.45 0.64 0.53 0.65 0.65 0.65 0.64 0.64 0.76 0.58 0.65 1.00 0.62 0.65 0.65 0.64 0.64 0.65 0.65 0.64 0.63 0.65 0.63
