0.88 0.89 0.89 0.88 0.84 0.88 0.89 0.88 0.88 0.89 0.88 0.88 0.89 0.89 0.89 0.88 1.00 0.89 0.88 0.89 0.89 0.89 0.89 0.89 0.83 0.87 0.89 0.80 0.88 0.89 0.89 0.89 0.89 0.89 0.89 0.89 0.88 0.89 0.88 0.86 0.84 0.86 0.84 0.86 0.86 0.86 0.86 0.86 0.86 0.86 0.86 0.86 0.53 0.85 0.85 0.85 0.85 0.85 0.50 0.52 0.21 0.30 0.88 0.88 0.88 0.88 0.88 0.88 0.88 0.88 0.88 0.88 0.88 0.88 0.88 0.88 0.85 0.88 0.87 0.88 0.83 0.85 0.85 0.85
0.43 0.48 0.48 0.47 0.29 0.44 0.48 0.47 0.44 0.46 0.48 0.48 0.46 0.50 0.51 0.53 1.00 0.59 0.39 0.48 0.50 0.50 0.51 0.59 0.26 0.38 0.48 0.25 0.46 0.49 0.51 0.51 0.59 0.49 0.51 0.51 0.50 0.49 0.50 0.35 0.23 0.31 0.25 0.31 0.31 0.29 0.31 0.31 0.29 0.29 0.29 0.29 0.04 0.26 0.26 0.26 0.26 0.26 0.05 0.05 0.00 0.03 0.38 0.43 0.43 0.43 0.43 0.43 0.41 0.43 0.43 0.40 0.43 0.40 0.40 0.39 0.28 0.35 0.33 0.36 0.22 0.25 0.25 0.25
0.52 0.56 0.56 0.55 0.37 0.53 0.56 0.55 0.52 0.54 0.56 0.57 0.54 0.58 0.58 0.59 1.00 0.63 0.48 0.56 0.58 0.58 0.58 0.63 0.34 0.45 0.56 0.32 0.53 0.57 0.58 0.58 0.63 0.57 0.58 0.58 0.56 0.57 0.56 0.43 0.32 0.40 0.34 0.39 0.39 0.38 0.39 0.39 0.38 0.38 0.38 0.38 0.07 0.34 0.34 0.34 0.34 0.34 0.08 0.08 0.01 0.04 0.48 0.52 0.52 0.52 0.52 0.53 0.51 0.53 0.53 0.50 0.52 0.50 0.49 0.49 0.38 0.45 0.42 0.46 0.32 0.35 0.35 0.35
0.87 0.88 0.88 0.88 0.82 0.88 0.88 0.88 0.87 0.88 0.88 0.88 0.88 0.88 0.88 0.88 1.00 0.88 0.86 0.88 0.88 0.88 0.88 0.88 0.82 0.86 0.88 0.78 0.87 0.88 0.88 0.88 0.88 0.88 0.88 0.88 0.87 0.88 0.87 0.85 0.82 0.85 0.83 0.85 0.85 0.85 0.85 0.85 0.85 0.85 0.85 0.85 0.51 0.84 0.84 0.84 0.84 0.84 0.48 0.49 0.19 0.29 0.87 0.88 0.88 0.88 0.88 0.88 0.87 0.88 0.88 0.87 0.88 0.87 0.87 0.87 0.84 0.87 0.86 0.87 0.82 0.84 0.84 0.84
0.55 0.58 0.58 0.58 0.40 0.56 0.58 0.57 0.55 0.57 0.58 0.59 0.57 0.60 0.60 0.61 1.00 0.65 0.52 0.59 0.60 0.60 0.60 0.65 0.37 0.49 0.59 0.35 0.56 0.59 0.60 0.61 0.65 0.59 0.60 0.61 0.60 0.59 0.60 0.46 0.35 0.44 0.38 0.43 0.43 0.42 0.43 0.43 0.42 0.42 0.42 0.42 0.09 0.38 0.38 0.38 0.38 0.38 0.10 0.10 0.01 0.06 0.52 0.55 0.55 0.55 0.55 0.56 0.54 0.56 0.56 0.53 0.55 0.54 0.53 0.53 0.42 0.48 0.46 0.50 0.35 0.39 0.39 0.39
0.65 0.67 0.67 0.66 0.51 0.65 0.67 0.66 0.64 0.66 0.66 0.67 0.66 0.68 0.68 0.68 1.00 0.70 0.61 0.67 0.68 0.68 0.68 0.70 0.49 0.60 0.67 0.45 0.65 0.67 0.68 0.68 0.70 0.67 0.68 0.68 0.67 0.67 0.67 0.57 0.47 0.55 0.49 0.55 0.55 0.54 0.55 0.55 0.53 0.54 0.54 0.54 0.15 0.50 0.50 0.50 0.50 0.50 0.17 0.16 0.03 0.08 0.62 0.65 0.65 0.65 0.65 0.65 0.63 0.65 0.65 0.64 0.65 0.64 0.63 0.63 0.54 0.60 0.58 0.61 0.47 0.50 0.50 0.50
0.45 0.50 0.50 0.48 0.31 0.46 0.50 0.48 0.46 0.47 0.50 0.50 0.47 0.51 0.52 0.54 1.00 0.59 0.41 0.50 0.51 0.51 0.52 0.59 0.28 0.39 0.50 0.26 0.47 0.51 0.52 0.52 0.59 0.51 0.52 0.52 0.51 0.51 0.51 0.37 0.25 0.33 0.27 0.33 0.33 0.32 0.33 0.33 0.31 0.32 0.32 0.32 0.04 0.28 0.28 0.28 0.28 0.28 0.06 0.05 0.01 0.03 0.40 0.45 0.45 0.45 0.45 0.46 0.44 0.46 0.46 0.43 0.45 0.43 0.42 0.42 0.31 0.38 0.35 0.39 0.24 0.27 0.27 0.27
0.30 0.35 0.35 0.34 0.18 0.31 0.35 0.33 0.31 0.32 0.35 0.36 0.32 0.38 0.38 0.43 1.00 0.51 0.26 0.36 0.38 0.38 0.39 0.51 0.16 0.25 0.36 0.15 0.33 0.36 0.39 0.39 0.51 0.36 0.39 0.39 0.38 0.36 0.38 0.23 0.13 0.20 0.15 0.20 0.20 0.18 0.20 0.19 0.18 0.18 0.18 0.18 0.01 0.15 0.15 0.15 0.15 0.15 0.02 0.02 0.00 0.01 0.25 0.29 0.29 0.29 0.29 0.30 0.27 0.30 0.30 0.26 0.29 0.27 0.25 0.25 0.17 0.22 0.20 0.23 0.12 0.13 0.13 0.13
0.72 0.73 0.73 0.73 0.60 0.72 0.73 0.73 0.71 0.73 0.73 0.73 0.73 0.74 0.74 0.74 1.00 0.75 0.69 0.74 0.74 0.74 0.74 0.75 0.58 0.68 0.74 0.54 0.72 0.74 0.74 0.74 0.75 0.74 0.74 0.74 0.73 0.74 0.73 0.66 0.57 0.64 0.59 0.64 0.64 0.64 0.64 0.64 0.64 0.64 0.64 0.64 0.21 0.60 0.60 0.60 0.60 0.60 0.23 0.22 0.04 0.12 0.70 0.72 0.72 0.72 0.72 0.72 0.71 0.72 0.72 0.71 0.72 0.71 0.71 0.71 0.62 0.68 0.66 0.69 0.57 0.60 0.60 0.60
0.70 0.71 0.71 0.71 0.57 0.71 0.71 0.71 0.69 0.71 0.71 0.71 0.71 0.72 0.72 0.72 1.00 0.74 0.67 0.71 0.72 0.72 0.72 0.74 0.55 0.64 0.71 0.52 0.69 0.72 0.72 0.72 0.74 0.72 0.72 0.72 0.71 0.72 0.71 0.63 0.54 0.62 0.56 0.62 0.62 0.61 0.62 0.62 0.61 0.61 0.61 0.61 0.19 0.58 0.58 0.58 0.58 0.58 0.20 0.21 0.04 0.10 0.68 0.70 0.70 0.70 0.70 0.70 0.69 0.70 0.70 0.69 0.70 0.69 0.69 0.69 0.60 0.66 0.64 0.67 0.54 0.58 0.58 0.58
0.33 0.38 0.38 0.37 0.21 0.34 0.38 0.37 0.34 0.35 0.38 0.39 0.35 0.41 0.42 0.45 1.00 0.53 0.29 0.39 0.41 0.41 0.42 0.53 0.18 0.28 0.39 0.17 0.36 0.40 0.41 0.41 0.53 0.40 0.41 0.41 0.41 0.40 0.41 0.26 0.15 0.22 0.17 0.21 0.21 0.20 0.21 0.21 0.19 0.20 0.20 0.20 0.02 0.17 0.17 0.17 0.17 0.17 0.03 0.02 0.00 0.02 0.28 0.32 0.32 0.32 0.32 0.33 0.31 0.33 0.33 0.29 0.32 0.30 0.29 0.29 0.20 0.25 0.23 0.26 0.14 0.16 0.16 0.16
0.52 0.55 0.55 0.55 0.37 0.53 0.55 0.54 0.52 0.54 0.55 0.55 0.54 0.57 0.57 0.58 1.00 0.62 0.48 0.56 0.57 0.57 0.57 0.62 0.35 0.46 0.56 0.31 0.53 0.56 0.57 0.57 0.62 0.56 0.57 0.57 0.56 0.56 0.56 0.43 0.31 0.40 0.34 0.39 0.39 0.38 0.39 0.39 0.38 0.38 0.38 0.38 0.07 0.35 0.35 0.35 0.35 0.35 0.08 0.08 0.01 0.04 0.48 0.52 0.52 0.52 0.52 0.52 0.50 0.52 0.52 0.50 0.52 0.50 0.49 0.49 0.38 0.45 0.42 0.46 0.31 0.35 0.35 0.35
0.79 0.80 0.80 0.79 0.69 0.79 0.80 0.79 0.78 0.79 0.79 0.79 0.79 0.80 0.80 0.79 1.00 0.80 0.77 0.80 0.80 0.80 0.80 0.80 0.67 0.75 0.80 0.64 0.79 0.80 0.80 0.80 0.80 0.80 0.80 0.80 0.79 0.80 0.79 0.75 0.68 0.74 0.69 0.74 0.74 0.73 0.74 0.74 0.73 0.73 0.73 0.73 0.30 0.71 0.71 0.71 0.71 0.71 0.32 0.32 0.08 0.17 0.77 0.79 0.79 0.79 0.79 0.79 0.78 0.79 0.79 0.79 0.79 0.78 0.78 0.78 0.72 0.77 0.76 0.77 0.68 0.71 0.71 0.71
0.66 0.69 0.69 0.68 0.52 0.67 0.69 0.68 0.66 0.68 0.68 0.68 0.68 0.69 0.69 0.69 1.00 0.71 0.63 0.69 0.69 0.69 0.69 0.71 0.51 0.61 0.69 0.47 0.66 0.69 0.69 0.69 0.71 0.69 0.69 0.69 0.68 0.69 0.68 0.59 0.49 0.57 0.52 0.57 0.57 0.56 0.57 0.57 0.56 0.56 0.56 0.56 0.16 0.52 0.52 0.52 0.52 0.52 0.18 0.18 0.03 0.09 0.64 0.66 0.66 0.66 0.66 0.67 0.66 0.67 0.67 0.65 0.66 0.65 0.65 0.65 0.56 0.62 0.60 0.63 0.50 0.53 0.53 0.53
0.70 0.72 0.72 0.71 0.58 0.71 0.72 0.71 0.70 0.71 0.72 0.72 0.71 0.72 0.72 0.72 1.00 0.74 0.67 0.72 0.72 0.72 0.72 0.74 0.55 0.66 0.72 0.52 0.70 0.72 0.72 0.72 0.74 0.72 0.72 0.72 0.71 0.72 0.71 0.64 0.54 0.62 0.56 0.62 0.62 0.61 0.62 0.62 0.61 0.61 0.61 0.61 0.20 0.58 0.58 0.58 0.58 0.58 0.22 0.21 0.04 0.11 0.68 0.71 0.71 0.71 0.71 0.71 0.70 0.71 0.71 0.70 0.71 0.70 0.69 0.69 0.61 0.67 0.65 0.67 0.55 0.59 0.59 0.59
0.38 0.43 0.43 0.42 0.25 0.39 0.43 0.42 0.39 0.41 0.43 0.43 0.41 0.45 0.46 0.48 1.00 0.55 0.34 0.43 0.45 0.45 0.46 0.55 0.22 0.32 0.43 0.21 0.41 0.44 0.46 0.46 0.55 0.44 0.46 0.46 0.46 0.44 0.46 0.30 0.19 0.26 0.21 0.26 0.26 0.25 0.26 0.26 0.24 0.25 0.25 0.25 0.03 0.21 0.21 0.21 0.21 0.21 0.04 0.04 0.00 0.02 0.33 0.37 0.37 0.37 0.37 0.38 0.36 0.38 0.38 0.35 0.37 0.35 0.34 0.34 0.24 0.30 0.28 0.32 0.18 0.20 0.20 0.20
0.28 0.33 0.33 0.32 0.17 0.29 0.33 0.32 0.30 0.31 0.34 0.35 0.31 0.36 0.37 0.41 1.00 0.50 0.25 0.34 0.36 0.36 0.37 0.50 0.15 0.23 0.34 0.14 0.32 0.35 0.38 0.38 0.50 0.35 0.38 0.38 0.38 0.35 0.38 0.21 0.12 0.18 0.14 0.17 0.17 0.16 0.17 0.17 0.16 0.16 0.16 0.16 0.01 0.14 0.14 0.14 0.14 0.14 0.02 0.02 0.00 0.01 0.23 0.27 0.27 0.27 0.27 0.28 0.25 0.28 0.28 0.24 0.27 0.25 0.23 0.23 0.15 0.20 0.19 0.21 0.11 0.12 0.12 0.12
0.42 0.46 0.46 0.45 0.27 0.43 0.46 0.45 0.42 0.44 0.46 0.47 0.44 0.49 0.49 0.52 1.00 0.58 0.38 0.47 0.49 0.49 0.49 0.58 0.26 0.36 0.47 0.24 0.44 0.48 0.49 0.49 0.58 0.48 0.49 0.49 0.48 0.48 0.48 0.34 0.22 0.30 0.24 0.29 0.29 0.28 0.29 0.29 0.28 0.28 0.28 0.28 0.04 0.25 0.25 0.25 0.25 0.25 0.05 0.05 0.00 0.03 0.37 0.41 0.41 0.41 0.41 0.42 0.40 0.42 0.42 0.39 0.41 0.39 0.38 0.38 0.28 0.34 0.31 0.35 0.21 0.24 0.24 0.24
0.49 0.52 0.52 0.51 0.34 0.50 0.52 0.51 0.48 0.51 0.52 0.53 0.51 0.54 0.54 0.56 1.00 0.61 0.45 0.53 0.54 0.54 0.55 0.61 0.31 0.42 0.53 0.29 0.50 0.54 0.55 0.55 0.61 0.54 0.55 0.55 0.54 0.54 0.54 0.41 0.28 0.38 0.31 0.37 0.37 0.36 0.37 0.37 0.35 0.36 0.36 0.36 0.06 0.32 0.32 0.32 0.32 0.32 0.08 0.07 0.01 0.04 0.45 0.49 0.49 0.49 0.49 0.49 0.47 0.49 0.49 0.46 0.49 0.47 0.46 0.45 0.34 0.41 0.39 0.42 0.28 0.31 0.31 0.31
0.39 0.44 0.44 0.43 0.26 0.41 0.44 0.43 0.40 0.42 0.44 0.45 0.42 0.47 0.47 0.49 1.00 0.56 0.36 0.46 0.47 0.47 0.47 0.56 0.24 0.34 0.46 0.23 0.43 0.46 0.48 0.48 0.56 0.46 0.48 0.48 0.47 0.46 0.47 0.32 0.21 0.28 0.23 0.27 0.27 0.26 0.27 0.27 0.26 0.26 0.26 0.26 0.03 0.23 0.23 0.23 0.23 0.23 0.04 0.04 0.00 0.02 0.35 0.39 0.39 0.39 0.39 0.40 0.38 0.40 0.40 0.36 0.39 0.37 0.36 0.35 0.25 0.32 0.30 0.33 0.19 0.21 0.21 0.21
0.29 0.35 0.35 0.34 0.18 0.30 0.35 0.33 0.31 0.32 0.35 0.36 0.32 0.37 0.38 0.43 1.00 0.52 0.26 0.35 0.37 0.37 0.38 0.52 0.15 0.25 0.35 0.14 0.33 0.36 0.38 0.39 0.52 0.36 0.38 0.39 0.38 0.36 0.38 0.23 0.12 0.19 0.14 0.18 0.18 0.17 0.18 0.18 0.16 0.17 0.17 0.17 0.01 0.14 0.14 0.14 0.14 0.14 0.02 0.02 0.00 0.01 0.24 0.28 0.28 0.28 0.28 0.29 0.27 0.29 0.29 0.26 0.28 0.26 0.25 0.25 0.16 0.21 0.20 0.22 0.11 0.13 0.13 0.13
0.74 0.75 0.75 0.75 0.63 0.75 0.75 0.74 0.73 0.75 0.75 0.75 0.75 0.75 0.75 0.75 1.00 0.77 0.71 0.75 0.75 0.75 0.75 0.77 0.60 0.70 0.75 0.57 0.74 0.75 0.76 0.76 0.77 0.75 0.76 0.76 0.75 0.75 0.75 0.68 0.60 0.67 0.62 0.67 0.67 0.66 0.67 0.67 0.66 0.66 0.66 0.66 0.24 0.63 0.63 0.63 0.63 0.63 0.25 0.25 0.05 0.13 0.72 0.74 0.74 0.74 0.74 0.74 0.74 0.74 0.74 0.74 0.74 0.73 0.73 0.73 0.65 0.71 0.70 0.72 0.60 0.64 0.64 0.64
0.47 0.51 0.51 0.50 0.32 0.48 0.51 0.50 0.47 0.50 0.51 0.52 0.50 0.53 0.53 0.55 1.00 0.61 0.43 0.53 0.53 0.53 0.54 0.61 0.30 0.42 0.53 0.28 0.49 0.53 0.54 0.54 0.61 0.53 0.54 0.54 0.53 0.53 0.53 0.38 0.27 0.35 0.29 0.35 0.35 0.34 0.35 0.35 0.33 0.34 0.34 0.34 0.05 0.30 0.30 0.30 0.30 0.30 0.07 0.06 0.01 0.04 0.43 0.47 0.47 0.47 0.47 0.48 0.45 0.48 0.48 0.44 0.47 0.45 0.44 0.44 0.33 0.40 0.37 0.41 0.26 0.29 0.29 0.29
0.77 0.78 0.78 0.78 0.67 0.78 0.78 0.78 0.77 0.78 0.78 0.78 0.78 0.78 0.78 0.78 1.00 0.79 0.75 0.78 0.78 0.78 0.78 0.79 0.66 0.74 0.78 0.62 0.77 0.78 0.78 0.78 0.79 0.78 0.78 0.78 0.78 0.78 0.78 0.72 0.66 0.72 0.67 0.72 0.72 0.71 0.72 0.72 0.71 0.71 0.71 0.71 0.29 0.69 0.69 0.69 0.69 0.69 0.30 0.30 0.07 0.16 0.76 0.77 0.77 0.77 0.77 0.78 0.77 0.78 0.78 0.77 0.77 0.77 0.77 0.77 0.70 0.75 0.74 0.75 0.65 0.69 0.69 0.69
0.43 0.47 0.47 0.46 0.29 0.44 0.47 0.46 0.44 0.46 0.47 0.48 0.46 0.50 0.50 0.52 1.00 0.58 0.40 0.48 0.50 0.50 0.50 0.58 0.26 0.38 0.48 0.24 0.45 0.49 0.50 0.51 0.58 0.49 0.50 0.51 0.49 0.49 0.49 0.35 0.23 0.31 0.25 0.30 0.30 0.29 0.30 0.30 0.29 0.29 0.29 0.29 0.04 0.26 0.26 0.26 0.26 0.26 0.05 0.05 0.00 0.03 0.38 0.43 0.43 0.43 0.43 0.43 0.41 0.43 0.43 0.40 0.43 0.40 0.39 0.39 0.28 0.35 0.33 0.36 0.22 0.25 0.25 0.25
0.68 0.70 0.70 0.69 0.54 0.69 0.70 0.69 0.68 0.69 0.70 0.70 0.69 0.71 0.71 0.70 1.00 0.73 0.65 0.70 0.71 0.71 0.71 0.73 0.52 0.62 0.70 0.49 0.68 0.70 0.70 0.71 0.73 0.70 0.70 0.71 0.69 0.70 0.69 0.61 0.51 0.59 0.54 0.59 0.59 0.58 0.59 0.59 0.58 0.58 0.58 0.58 0.18 0.55 0.55 0.55 0.55 0.55 0.19 0.19 0.03 0.10 0.66 0.68 0.68 0.68 0.68 0.68 0.67 0.68 0.68 0.67 0.68 0.67 0.67 0.66 0.58 0.64 0.62 0.64 0.52 0.55 0.55 0.55
0.60 0.63 0.63 0.62 0.45 0.61 0.63 0.62 0.60 0.62 0.63 0.63 0.62 0.64 0.64 0.65 1.00 0.68 0.57 0.64 0.64 0.64 0.64 0.68 0.44 0.55 0.64 0.41 0.61 0.64 0.64 0.64 0.68 0.64 0.64 0.64 0.63 0.64 0.63 0.53 0.41 0.50 0.43 0.49 0.49 0.49 0.49 0.49 0.48 0.49 0.49 0.49 0.11 0.45 0.45 0.45 0.45 0.45 0.14 0.13 0.02 0.06 0.57 0.61 0.61 0.61 0.61 0.61 0.60 0.61 0.61 0.59 0.61 0.59 0.59 0.59 0.48 0.55 0.53 0.56 0.42 0.45 0.45 0.45
0.87 0.88 0.88 0.88 0.82 0.88 0.88 0.88 0.87 0.88 0.88 0.88 0.88 0.88 0.88 0.88 1.00 0.88 0.86 0.88 0.88 0.88 0.88 0.88 0.82 0.86 0.88 0.78 0.87 0.88 0.88 0.88 0.88 0.88 0.88 0.88 0.87 0.88 0.87 0.85 0.82 0.85 0.83 0.85 0.85 0.85 0.85 0.85 0.85 0.85 0.85 0.85 0.49 0.84 0.84 0.84 0.84 0.84 0.48 0.48 0.18 0.28 0.87 0.88 0.88 0.88 0.88 0.88 0.87 0.88 0.88 0.87 0.88 0.87 0.87 0.87 0.84 0.87 0.86 0.87 0.82 0.84 0.84 0.84
0.53 0.56 0.56 0.56 0.38 0.54 0.56 0.55 0.53 0.55 0.56 0.57 0.55 0.58 0.58 0.59 1.00 0.64 0.49 0.57 0.58 0.58 0.58 0.64 0.36 0.47 0.57 0.34 0.54 0.58 0.58 0.58 0.64 0.58 0.58 0.58 0.57 0.58 0.57 0.45 0.32 0.41 0.35 0.41 0.41 0.40 0.41 0.41 0.40 0.40 0.40 0.40 0.07 0.36 0.36 0.36 0.36 0.36 0.09 0.09 0.01 0.05 0.49 0.53 0.53 0.53 0.53 0.53 0.52 0.53 0.53 0.51 0.53 0.51 0.50 0.50 0.40 0.46 0.44 0.47 0.33 0.36 0.36 0.36
0.51 0.55 0.55 0.54 0.36 0.53 0.55 0.54 0.52 0.54 0.55 0.56 0.54 0.57 0.57 0.58 1.00 0.63 0.47 0.56 0.57 0.57 0.58 0.63 0.34 0.45 0.56 0.31 0.53 0.56 0.57 0.57 0.63 0.56 0.57 0.57 0.56 0.56 0.56 0.43 0.31 0.40 0.33 0.39 0.39 0.38 0.39 0.39 0.38 0.38 0.38 0.38 0.07 0.34 0.34 0.34 0.34 0.34 0.08 0.08 0.01 0.04 0.47 0.51 0.51 0.51 0.51 0.52 0.50 0.52 0.52 0.50 0.51 0.49 0.49 0.49 0.38 0.45 0.42 0.46 0.31 0.35 0.35 0.35
0.59 0.62 0.62 0.62 0.45 0.60 0.62 0.61 0.59 0.61 0.62 0.62 0.61 0.63 0.64 0.64 1.00 0.67 0.56 0.62 0.63 0.63 0.64 0.67 0.43 0.54 0.62 0.40 0.60 0.63 0.64 0.64 0.67 0.63 0.64 0.64 0.63 0.63 0.63 0.52 0.41 0.50 0.43 0.49 0.49 0.48 0.49 0.49 0.48 0.48 0.48 0.48 0.11 0.45 0.45 0.45 0.45 0.45 0.13 0.13 0.02 0.07 0.56 0.60 0.60 0.60 0.60 0.60 0.58 0.60 0.60 0.58 0.60 0.58 0.57 0.57 0.48 0.54 0.52 0.55 0.40 0.44 0.44 0.44
0.34 0.40 0.40 0.39 0.22 0.36 0.40 0.39 0.36 0.37 0.40 0.41 0.37 0.42 0.43 0.47 1.00 0.54 0.31 0.41 0.42 0.42 0.43 0.54 0.20 0.30 0.41 0.19 0.38 0.41 0.43 0.43 0.54 0.41 0.43 0.44 0.43 0.41 0.43 0.27 0.16 0.23 0.18 0.22 0.22 0.21 0.22 0.22 0.21 0.21 0.21 0.21 0.02 0.18 0.18 0.18 0.18 0.18 0.03 0.03 0.00 0.02 0.30 0.34 0.34 0.34 0.34 0.35 0.32 0.35 0.35 0.31 0.34 0.32 0.31 0.31 0.21 0.26 0.24 0.28 0.15 0.18 0.18 0.18
0.74 0.75 0.75 0.75 0.63 0.75 0.75 0.75 0.74 0.75 0.75 0.75 0.75 0.76 0.76 0.75 1.00 0.77 0.71 0.75 0.76 0.76 0.76 0.77 0.61 0.70 0.75 0.57 0.73 0.75 0.76 0.76 0.77 0.75 0.76 0.76 0.75 0.75 0.75 0.68 0.61 0.67 0.63 0.67 0.67 0.67 0.67 0.67 0.66 0.67 0.67 0.67 0.23 0.63 0.63 0.63 0.63 0.63 0.25 0.25 0.05 0.13 0.72 0.74 0.74 0.74 0.74 0.74 0.74 0.74 0.74 0.74 0.74 0.74 0.73 0.73 0.66 0.71 0.70 0.72 0.60 0.63 0.63 0.63
0.87 0.87 0.87 0.87 0.81 0.87 0.87 0.87 0.86 0.87 0.87 0.87 0.87 0.87 0.87 0.87 1.00 0.87 0.86 0.87 0.87 0.87 0.87 0.87 0.80 0.85 0.87 0.77 0.86 0.87 0.87 0.87 0.87 0.87 0.87 0.87 0.86 0.87 0.86 0.84 0.81 0.84 0.81 0.84 0.84 0.84 0.84 0.84 0.84 0.84 0.84 0.84 0.48 0.83 0.83 0.83 0.83 0.83 0.47 0.48 0.18 0.28 0.86 0.87 0.87 0.87 0.87 0.87 0.87 0.87 0.87 0.87 0.87 0.87 0.87 0.87 0.83 0.86 0.85 0.86 0.80 0.83 0.83 0.83
0.73 0.75 0.75 0.74 0.62 0.74 0.75 0.74 0.73 0.74 0.74 0.74 0.74 0.75 0.75 0.75 1.00 0.76 0.71 0.75 0.75 0.75 0.75 0.76 0.59 0.68 0.75 0.56 0.73 0.75 0.75 0.75 0.76 0.75 0.75 0.75 0.74 0.75 0.74 0.68 0.60 0.66 0.61 0.66 0.66 0.66 0.66 0.66 0.65 0.66 0.66 0.66 0.23 0.62 0.62 0.62 0.62 0.62 0.24 0.24 0.05 0.13 0.71 0.74 0.74 0.74 0.74 0.74 0.73 0.74 0.74 0.73 0.74 0.73 0.73 0.73 0.65 0.70 0.69 0.71 0.59 0.63 0.63 0.63
0.38 0.43 0.43 0.42 0.25 0.40 0.43 0.42 0.40 0.41 0.43 0.44 0.41 0.45 0.46 0.48 1.00 0.56 0.34 0.44 0.45 0.45 0.46 0.56 0.22 0.33 0.44 0.21 0.41 0.44 0.46 0.46 0.56 0.44 0.46 0.46 0.45 0.44 0.45 0.30 0.19 0.27 0.21 0.26 0.26 0.25 0.26 0.26 0.24 0.25 0.25 0.25 0.03 0.21 0.21 0.21 0.21 0.21 0.04 0.04 0.00 0.02 0.33 0.38 0.38 0.38 0.38 0.39 0.36 0.39 0.39 0.35 0.38 0.36 0.34 0.34 0.25 0.31 0.28 0.32 0.18 0.21 0.21 0.21
0.51 0.55 0.55 0.54 0.36 0.52 0.55 0.53 0.51 0.53 0.55 0.55 0.53 0.57 0.57 0.58 1.00 0.63 0.47 0.55 0.57 0.57 0.57 0.63 0.33 0.45 0.55 0.31 0.53 0.56 0.57 0.57 0.63 0.56 0.57 0.57 0.56 0.56 0.56 0.43 0.31 0.39 0.34 0.39 0.39 0.38 0.39 0.39 0.37 0.38 0.38 0.38 0.06 0.33 0.33 0.33 0.33 0.33 0.08 0.08 0.01 0.04 0.47 0.51 0.51 0.51 0.51 0.51 0.49 0.51 0.51 0.49 0.51 0.49 0.48 0.48 0.37 0.44 0.42 0.45 0.31 0.34 0.34 0.34
0.91 0.91 0.91 0.91 0.87 0.91 0.91 0.91 0.90 0.91 0.91 0.91 0.91 0.91 0.91 0.91 1.00 0.91 0.90 0.91 0.91 0.91 0.91 0.91 0.87 0.90 0.91 0.84 0.91 0.91 0.91 0.91 0.91 0.91 0.91 0.91 0.91 0.91 0.91 0.89 0.87 0.89 0.88 0.89 0.89 0.89 0.89 0.89 0.89 0.89 0.89 0.89 0.59 0.88 0.88 0.88 0.88 0.88 0.56 0.57 0.24 0.34 0.90 0.91 0.91 0.91 0.91 0.91 0.91 0.91 0.91 0.91 0.91 0.91 0.91 0.91 0.88 0.90 0.90 0.90 0.86 0.89 0.89 0.89
0.60 0.63 0.63 0.62 0.46 0.62 0.63 0.62 0.60 0.62 0.63 0.63 0.62 0.64 0.64 0.65 1.00 0.68 0.57 0.64 0.64 0.64 0.64 0.68 0.44 0.55 0.64 0.40 0.61 0.64 0.65 0.65 0.68 0.64 0.65 0.65 0.63 0.64 0.63 0.53 0.42 0.50 0.44 0.50 0.50 0.49 0.50 0.50 0.49 0.49 0.49 0.49 0.11 0.45 0.45 0.45 0.45 0.45 0.14 0.13 0.02 0.07 0.57 0.61 0.61 0.61 0.61 0.61 0.59 0.61 0.61 0.59 0.61 0.59 0.59 0.58 0.49 0.55 0.53 0.56 0.42 0.45 0.45 0.45
0.42 0.46 0.46 0.45 0.28 0.44 0.46 0.45 0.43 0.45 0.47 0.47 0.45 0.49 0.49 0.52 1.00 0.58 0.38 0.47 0.49 0.49 0.50 0.58 0.25 0.36 0.47 0.24 0.44 0.48 0.49 0.49 0.58 0.48 0.49 0.49 0.49 0.48 0.49 0.33 0.22 0.30 0.24 0.29 0.29 0.28 0.29 0.29 0.27 0.28 0.28 0.28 0.04 0.24 0.24 0.24 0.24 0.24 0.05 0.04 0.00 0.03 0.37 0.41 0.41 0.41 0.41 0.42 0.40 0.42 0.42 0.39 0.41 0.39 0.38 0.38 0.28 0.34 0.32 0.35 0.21 0.24 0.24 0.24
0.87 0.88 0.88 0.88 0.82 0.88 0.88 0.88 0.87 0.88 0.88 0.88 0.88 0.88 0.88 0.88 1.00 0.88 0.86 0.88 0.88 0.88 0.88 0.88 0.82 0.86 0.88 0.78 0.87 0.88 0.88 0.88 0.88 0.88 0.88 0.88 0.87 0.88 0.87 0.85 0.82 0.85 0.83 0.85 0.85 0.85 0.85 0.85 0.85 0.85 0.85 0.85 0.50 0.84 0.84 0.84 0.84 0.84 0.48 0.49 0.18 0.28 0.87 0.88 0.88 0.88 0.88 0.88 0.87 0.88 0.88 0.87 0.88 0.87 0.87 0.87 0.84 0.87 0.86 0.87 0.81 0.84 0.84 0.84
0.50 0.54 0.54 0.53 0.35 0.52 0.54 0.53 0.50 0.52 0.54 0.54 0.52 0.56 0.56 0.58 1.00 0.63 0.47 0.55 0.56 0.56 0.56 0.63 0.32 0.44 0.55 0.31 0.52 0.55 0.57 0.57 0.63 0.55 0.57 0.57 0.56 0.55 0.56 0.41 0.30 0.38 0.32 0.38 0.38 0.37 0.38 0.38 0.36 0.37 0.37 0.37 0.06 0.33 0.33 0.33 0.33 0.33 0.08 0.07 0.01 0.04 0.47 0.50 0.50 0.50 0.50 0.51 0.49 0.51 0.51 0.48 0.50 0.49 0.47 0.47 0.37 0.43 0.41 0.45 0.30 0.32 0.32 0.32
0.31 0.37 0.37 0.36 0.20 0.33 0.37 0.36 0.34 0.34 0.37 0.38 0.34 0.39 0.40 0.44 1.00 0.52 0.28 0.38 0.39 0.39 0.40 0.52 0.17 0.26 0.38 0.16 0.35 0.38 0.40 0.41 0.52 0.38 0.40 0.41 0.40 0.38 0.40 0.24 0.14 0.21 0.16 0.20 0.20 0.19 0.20 0.20 0.18 0.19 0.19 0.19 0.02 0.16 0.16 0.16 0.16 0.16 0.03 0.02 0.00 0.01 0.27 0.31 0.31 0.31 0.31 0.31 0.29 0.31 0.31 0.28 0.31 0.28 0.27 0.27 0.18 0.24 0.22 0.25 0.13 0.15 0.15 0.15
0.56 0.59 0.59 0.58 0.41 0.57 0.59 0.58 0.56 0.58 0.59 0.59 0.58 0.60 0.61 0.61 1.00 0.65 0.52 0.60 0.60 0.60 0.61 0.65 0.38 0.49 0.60 0.36 0.57 0.60 0.60 0.61 0.65 0.60 0.60 0.61 0.59 0.60 0.59 0.48 0.36 0.45 0.39 0.44 0.44 0.44 0.44 0.45 0.43 0.44 0.44 0.44 0.09 0.40 0.40 0.40 0.40 0.40 0.10 0.10 0.01 0.05 0.52 0.56 0.56 0.56 0.56 0.56 0.55 0.56 0.56 0.54 0.56 0.54 0.54 0.54 0.43 0.50 0.48 0.51 0.36 0.40 0.40 0.40
0.34 0.39 0.39 0.38 0.22 0.35 0.39 0.38 0.35 0.37 0.40 0.41 0.37 0.42 0.43 0.46 1.00 0.54 0.31 0.41 0.42 0.42 0.43 0.54 0.19 0.30 0.41 0.19 0.38 0.41 0.43 0.43 0.54 0.41 0.43 0.43 0.43 0.41 0.43 0.27 0.16 0.23 0.18 0.22 0.22 0.21 0.22 0.22 0.21 0.21 0.21 0.21 0.02 0.18 0.18 0.18 0.18 0.18 0.03 0.03 0.00 0.02 0.30 0.34 0.34 0.34 0.34 0.34 0.32 0.34 0.34 0.31 0.34 0.31 0.30 0.30 0.20 0.26 0.24 0.27 0.15 0.17 0.17 0.17
0.50 0.54 0.54 0.53 0.36 0.52 0.54 0.53 0.50 0.52 0.54 0.54 0.52 0.56 0.56 0.57 1.00 0.62 0.47 0.55 0.56 0.56 0.56 0.62 0.33 0.44 0.55 0.31 0.52 0.55 0.56 0.56 0.62 0.55 0.56 0.56 0.55 0.55 0.55 0.42 0.30 0.38 0.32 0.38 0.38 0.37 0.38 0.38 0.36 0.37 0.37 0.37 0.06 0.33 0.33 0.33 0.33 0.33 0.08 0.08 0.01 0.04 0.46 0.50 0.50 0.50 0.50 0.51 0.49 0.51 0.51 0.48 0.50 0.48 0.47 0.47 0.37 0.43 0.41 0.44 0.29 0.33 0.33 0.33
0.32 0.38 0.38 0.37 0.20 0.34 0.38 0.36 0.34 0.35 0.38 0.39 0.35 0.40 0.41 0.45 1.00 0.53 0.29 0.39 0.40 0.40 0.41 0.53 0.18 0.27 0.39 0.17 0.36 0.39 0.41 0.41 0.53 0.39 0.41 0.42 0.41 0.39 0.41 0.25 0.15 0.21 0.16 0.20 0.20 0.19 0.20 0.20 0.18 0.19 0.19 0.19 0.02 0.16 0.16 0.16 0.16 0.16 0.03 0.02 0.00 0.01 0.27 0.32 0.32 0.32 0.32 0.32 0.30 0.32 0.32 0.29 0.32 0.29 0.28 0.28 0.19 0.25 0.22 0.26 0.14 0.15 0.15 0.15
0.44 0.49 0.49 0.48 0.29 0.46 0.49 0.47 0.45 0.47 0.49 0.49 0.47 0.51 0.51 0.53 1.00 0.59 0.41 0.49 0.51 0.51 0.52 0.59 0.27 0.39 0.49 0.25 0.46 0.50 0.52 0.52 0.59 0.50 0.52 0.52 0.51 0.50 0.51 0.36 0.25 0.32 0.27 0.32 0.32 0.30 0.32 0.31 0.30 0.30 0.30 0.30 0.04 0.27 0.27 0.27 0.27 0.27 0.06 0.05 0.00 0.03 0.40 0.44 0.44 0.44 0.44 0.45 0.43 0.45 0.45 0.42 0.44 0.42 0.41 0.41 0.30 0.36 0.34 0.38 0.23 0.26 0.26 0.26
0.49 0.53 0.53 0.52 0.35 0.51 0.53 0.52 0.50 0.52 0.53 0.54 0.52 0.55 0.55 0.57 1.00 0.62 0.45 0.54 0.55 0.55 0.56 0.62 0.32 0.44 0.54 0.29 0.51 0.54 0.56 0.56 0.62 0.54 0.56 0.56 0.54 0.54 0.54 0.41 0.29 0.37 0.31 0.37 0.37 0.36 0.37 0.37 0.35 0.36 0.36 0.36 0.06 0.32 0.32 0.32 0.32 0.32 0.08 0.07 0.01 0.04 0.45 0.49 0.49 0.49 0.49 0.49 0.48 0.49 0.49 0.47 0.49 0.47 0.46 0.46 0.35 0.42 0.40 0.43 0.28 0.32 0.32 0.32
0.29 0.34 0.34 0.33 0.18 0.30 0.34 0.33 0.31 0.32 0.35 0.35 0.32 0.37 0.38 0.42 1.00 0.51 0.26 0.36 0.37 0.37 0.38 0.51 0.16 0.24 0.36 0.15 0.33 0.36 0.38 0.39 0.51 0.36 0.38 0.39 0.39 0.36 0.39 0.23 0.13 0.19 0.14 0.18 0.18 0.17 0.18 0.18 0.17 0.17 0.17 0.17 0.01 0.14 0.14 0.14 0.14 0.14 0.02 0.02 0.00 0.01 0.24 0.28 0.28 0.28 0.28 0.29 0.26 0.29 0.29 0.26 0.28 0.26 0.25 0.25 0.17 0.22 0.20 0.23 0.12 0.14 0.14 0.14
0.33 0.39 0.39 0.38 0.21 0.35 0.39 0.38 0.35 0.36 0.39 0.40 0.36 0.42 0.42 0.46 1.00 0.53 0.30 0.40 0.42 0.42 0.43 0.53 0.19 0.28 0.40 0.18 0.37 0.41 0.43 0.43 0.53 0.41 0.43 0.43 0.42 0.41 0.42 0.27 0.16 0.23 0.17 0.22 0.22 0.21 0.22 0.22 0.21 0.21 0.21 0.21 0.02 0.18 0.18 0.18 0.18 0.18 0.03 0.03 0.00 0.02 0.29 0.33 0.33 0.33 0.33 0.34 0.32 0.34 0.34 0.30 0.33 0.31 0.29 0.29 0.20 0.26 0.24 0.27 0.15 0.16 0.16 0.16
0.36 0.41 0.41 0.40 0.23 0.37 0.41 0.40 0.37 0.39 0.41 0.42 0.39 0.44 0.44 0.48 1.00 0.55 0.32 0.42 0.44 0.44 0.45 0.55 0.20 0.31 0.42 0.19 0.39 0.42 0.45 0.45 0.55 0.42 0.45 0.45 0.44 0.42 0.44 0.28 0.17 0.25 0.19 0.24 0.24 0.23 0.24 0.23 0.22 0.23 0.23 0.23 0.02 0.19 0.19 0.19 0.19 0.19 0.04 0.03 0.00 0.02 0.31 0.36 0.36 0.36 0.36 0.36 0.34 0.36 0.36 0.33 0.36 0.33 0.32 0.32 0.22 0.28 0.25 0.29 0.16 0.19 0.19 0.19
0.58 0.61 0.61 0.60 0.43 0.59 0.61 0.60 0.57 0.60 0.61 0.61 0.60 0.62 0.62 0.63 1.00 0.66 0.54 0.61 0.62 0.62 0.62 0.66 0.40 0.52 0.61 0.38 0.59 0.62 0.62 0.62 0.66 0.62 0.62 0.62 0.61 0.62 0.61 0.50 0.38 0.48 0.41 0.47 0.47 0.46 0.47 0.47 0.45 0.46 0.46 0.46 0.09 0.42 0.42 0.42 0.42 0.42 0.11 0.11 0.02 0.06 0.54 0.58 0.58 0.58 0.58 0.59 0.57 0.59 0.59 0.57 0.58 0.57 0.56 0.56 0.45 0.52 0.50 0.53 0.39 0.42 0.42 0.42
0.33 0.38 0.38 0.37 0.20 0.34 0.38 0.37 0.34 0.36 0.38 0.39 0.36 0.41 0.42 0.45 1.00 0.54 0.30 0.39 0.41 0.41 0.42 0.54 0.18 0.28 0.39 0.17 0.36 0.40 0.42 0.42 0.54 0.40 0.42 0.42 0.42 0.40 0.42 0.26 0.15 0.22 0.17 0.21 0.21 0.20 0.21 0.21 0.20 0.20 0.20 0.20 0.02 0.16 0.16 0.16 0.16 0.16 0.03 0.02 0.00 0.01 0.28 0.32 0.32 0.32 0.32 0.33 0.31 0.33 0.33 0.29 0.32 0.30 0.29 0.28 0.19 0.25 0.23 0.26 0.14 0.16 0.16 0.16
0.67 0.69 0.69 0.68 0.54 0.68 0.69 0.68 0.66 0.68 0.68 0.69 0.68 0.70 0.70 0.70 1.00 0.72 0.64 0.69 0.70 0.70 0.70 0.72 0.51 0.61 0.69 0.48 0.67 0.69 0.70 0.70 0.72 0.69 0.70 0.70 0.68 0.69 0.68 0.60 0.50 0.58 0.52 0.57 0.57 0.57 0.57 0.58 0.57 0.57 0.57 0.57 0.17 0.53 0.53 0.53 0.53 0.53 0.19 0.18 0.03 0.10 0.65 0.67 0.67 0.67 0.67 0.68 0.66 0.68 0.68 0.66 0.67 0.67 0.66 0.66 0.57 0.63 0.61 0.64 0.51 0.54 0.54 0.54
0.60 0.63 0.63 0.62 0.45 0.61 0.63 0.62 0.60 0.62 0.62 0.63 0.62 0.64 0.64 0.64 1.00 0.67 0.56 0.63 0.64 0.64 0.64 0.67 0.42 0.54 0.63 0.39 0.60 0.63 0.64 0.64 0.67 0.63 0.64 0.64 0.63 0.63 0.63 0.52 0.41 0.50 0.43 0.49 0.49 0.48 0.49 0.49 0.48 0.48 0.48 0.48 0.11 0.45 0.45 0.45 0.45 0.45 0.13 0.13 0.02 0.07 0.56 0.60 0.60 0.60 0.60 0.61 0.59 0.61 0.61 0.59 0.60 0.59 0.58 0.58 0.48 0.55 0.52 0.55 0.40 0.44 0.44 0.44
0.64 0.66 0.66 0.65 0.50 0.65 0.66 0.65 0.63 0.65 0.66 0.66 0.65 0.67 0.67 0.67 1.00 0.70 0.60 0.67 0.67 0.67 0.67 0.70 0.47 0.58 0.67 0.45 0.64 0.67 0.67 0.67 0.70 0.67 0.67 0.67 0.66 0.67 0.66 0.56 0.45 0.54 0.48 0.53 0.53 0.53 0.53 0.53 0.52 0.53 0.53 0.53 0.14 0.49 0.49 0.49 0.49 0.49 0.16 0.15 0.02 0.08 0.60 0.64 0.64 0.64 0.64 0.64 0.63 0.64 0.64 0.62 0.64 0.62 0.62 0.62 0.52 0.58 0.56 0.59 0.45 0.49 0.49 0.49
0.51 0.54 0.54 0.53 0.36 0.52 0.54 0.53 0.51 0.53 0.54 0.55 0.53 0.56 0.56 0.57 1.00 0.62 0.47 0.55 0.56 0.56 0.56 0.62 0.33 0.45 0.55 0.31 0.52 0.55 0.56 0.56 0.62 0.55 0.56 0.57 0.56 0.55 0.56 0.43 0.31 0.40 0.33 0.39 0.39 0.38 0.39 0.39 0.38 0.38 0.38 0.38 0.06 0.34 0.34 0.34 0.34 0.34 0.09 0.07 0.01 0.04 0.47 0.51 0.51 0.51 0.51 0.51 0.49 0.51 0.51 0.48 0.51 0.49 0.48 0.48 0.37 0.44 0.42 0.45 0.30 0.33 0.33 0.33
0.79 0.80 0.80 0.80 0.70 0.79 0.80 0.80 0.79 0.80 0.80 0.80 0.80 0.80 0.80 0.80 1.00 0.81 0.77 0.80 0.80 0.80 0.80 0.81 0.69 0.76 0.80 0.65 0.79 0.80 0.80 0.80 0.81 0.80 0.80 0.80 0.79 0.80 0.79 0.75 0.69 0.74 0.70 0.74 0.74 0.74 0.74 0.74 0.74 0.74 0.74 0.74 0.32 0.71 0.71 0.71 0.71 0.71 0.33 0.34 0.09 0.18 0.78 0.79 0.79 0.79 0.79 0.79 0.79 0.79 0.79 0.79 0.79 0.79 0.79 0.79 0.74 0.77 0.76 0.78 0.68 0.72 0.72 0.72
0.63 0.66 0.66 0.65 0.48 0.64 0.66 0.64 0.63 0.65 0.65 0.65 0.65 0.66 0.66 0.67 1.00 0.69 0.59 0.66 0.66 0.66 0.66 0.69 0.46 0.58 0.66 0.43 0.63 0.66 0.67 0.67 0.69 0.66 0.67 0.67 0.66 0.66 0.66 0.56 0.45 0.53 0.47 0.53 0.53 0.52 0.53 0.53 0.52 0.52 0.52 0.52 0.13 0.48 0.48 0.48 0.48 0.48 0.15 0.14 0.02 0.07 0.61 0.63 0.63 0.63 0.63 0.64 0.62 0.64 0.64 0.62 0.63 0.62 0.62 0.61 0.51 0.58 0.56 0.59 0.45 0.48 0.48 0.48
0.76 0.76 0.76 0.76 0.65 0.76 0.76 0.76 0.74 0.76 0.76 0.76 0.76 0.77 0.77 0.76 1.00 0.78 0.73 0.76 0.77 0.77 0.77 0.78 0.63 0.71 0.76 0.59 0.75 0.77 0.77 0.77 0.78 0.77 0.77 0.77 0.76 0.77 0.76 0.70 0.63 0.69 0.65 0.69 0.69 0.68 0.69 0.69 0.68 0.68 0.68 0.68 0.27 0.65 0.65 0.65 0.65 0.65 0.28 0.27 0.07 0.15 0.74 0.76 0.76 0.76 0.76 0.76 0.75 0.76 0.76 0.75 0.76 0.75 0.75 0.75 0.68 0.73 0.71 0.73 0.63 0.66 0.66 0.66
0.81 0.82 0.82 0.82 0.72 0.82 0.82 0.82 0.81 0.82 0.82 0.82 0.82 0.82 0.82 0.82 1.00 0.82 0.79 0.82 0.82 0.82 0.82 0.82 0.71 0.78 0.82 0.67 0.81 0.82 0.82 0.82 0.82 0.82 0.82 0.82 0.81 0.82 0.81 0.77 0.72 0.77 0.73 0.77 0.77 0.76 0.77 0.77 0.76 0.76 0.76 0.76 0.35 0.74 0.74 0.74 0.74 0.74 0.35 0.35 0.10 0.19 0.80 0.81 0.81 0.81 0.81 0.81 0.81 0.81 0.81 0.81 0.81 0.81 0.81 0.81 0.75 0.79 0.79 0.80 0.71 0.75 0.75 0.75
0.53 0.57 0.57 0.56 0.38 0.54 0.57 0.55 0.53 0.55 0.56 0.57 0.55 0.58 0.58 0.59 1.00 0.64 0.49 0.57 0.58 0.58 0.58 0.64 0.35 0.47 0.57 0.34 0.54 0.58 0.59 0.59 0.64 0.58 0.59 0.59 0.57 0.58 0.57 0.44 0.33 0.42 0.35 0.41 0.41 0.40 0.41 0.41 0.40 0.40 0.40 0.40 0.07 0.36 0.36 0.36 0.36 0.36 0.09 0.08 0.01 0.04 0.49 0.53 0.53 0.53 0.53 0.54 0.52 0.54 0.54 0.51 0.53 0.51 0.50 0.50 0.40 0.47 0.44 0.48 0.33 0.36 0.36 0.36
0.90 0.90 0.90 0.90 0.86 0.90 0.90 0.90 0.89 0.90 0.90 0.90 0.90 0.90 0.90 0.90 1.00 0.90 0.89 0.90 0.90 0.90 0.90 0.90 0.85 0.89 0.90 0.81 0.89 0.90 0.90 0.90 0.90 0.90 0.90 0.90 0.90 0.90 0.90 0.87 0.85 0.88 0.86 0.88 0.88 0.88 0.88 0.88 0.88 0.88 0.88 0.88 0.55 0.87 0.87 0.87 0.87 0.87 0.52 0.54 0.23 0.33 0.89 0.90 0.90 0.90 0.90 0.90 0.90 0.90 0.90 0.90 0.90 0.90 0.90 0.90 0.87 0.89 0.89 0.89 0.85 0.87 0.87 0.87
0.36 0.41 0.41 0.40 0.22 0.37 0.41 0.40 0.37 0.39 0.41 0.42 0.39 0.44 0.44 0.48 1.00 0.55 0.32 0.42 0.44 0.44 0.45 0.55 0.20 0.30 0.42 0.19 0.39 0.42 0.44 0.44 0.55 0.42 0.44 0.44 0.44 0.42 0.44 0.28 0.17 0.24 0.19 0.24 0.24 0.23 0.24 0.24 0.22 0.23 0.23 0.23 0.03 0.19 0.19 0.19 0.19 0.19 0.04 0.03 0.00 0.02 0.31 0.35 0.35 0.35 0.35 0.36 0.33 0.36 0.36 0.32 0.35 0.33 0.31 0.31 0.22 0.28 0.26 0.29 0.16 0.18 0.18 0.18
0.76 0.77 0.77 0.77 0.66 0.77 0.77 0.77 0.76 0.77 0.77 0.77 0.77 0.78 0.78 0.77 1.00 0.78 0.74 0.77 0.78 0.78 0.78 0.78 0.64 0.73 0.77 0.60 0.76 0.77 0.77 0.77 0.78 0.77 0.77 0.78 0.77 0.77 0.77 0.71 0.64 0.70 0.66 0.70 0.70 0.70 0.70 0.70 0.70 0.70 0.70 0.70 0.27 0.67 0.67 0.67 0.67 0.67 0.29 0.29 0.07 0.15 0.75 0.77 0.77 0.77 0.77 0.77 0.76 0.77 0.77 0.76 0.77 0.76 0.76 0.76 0.69 0.74 0.72 0.74 0.64 0.68 0.68 0.68
0.57 0.59 0.59 0.59 0.42 0.58 0.59 0.58 0.56 0.58 0.59 0.60 0.58 0.61 0.61 0.62 1.00 0.65 0.53 0.60 0.61 0.61 0.61 0.65 0.38 0.51 0.60 0.36 0.57 0.60 0.61 0.61 0.65 0.60 0.61 0.61 0.60 0.60 0.60 0.49 0.38 0.46 0.40 0.46 0.46 0.45 0.46 0.46 0.44 0.45 0.45 0.45 0.10 0.41 0.41 0.41 0.41 0.41 0.12 0.11 0.01 0.06 0.53 0.57 0.57 0.57 0.57 0.57 0.55 0.57 0.57 0.55 0.57 0.55 0.55 0.55 0.44 0.51 0.49 0.52 0.37 0.41 0.41 0.41
0.71 0.73 0.73 0.72 0.59 0.72 0.73 0.72 0.71 0.72 0.73 0.73 0.72 0.73 0.73 0.73 1.00 0.75 0.68 0.73 0.73 0.73 0.73 0.75 0.56 0.67 0.73 0.53 0.71 0.73 0.73 0.73 0.75 0.73 0.73 0.73 0.73 0.73 0.73 0.65 0.57 0.64 0.59 0.63 0.63 0.63 0.63 0.63 0.63 0.63 0.63 0.63 0.21 0.60 0.60 0.60 0.60 0.60 0.22 0.22 0.04 0.11 0.69 0.71 0.71 0.71 0.71 0.72 0.71 0.72 0.72 0.71 0.71 0.70 0.70 0.70 0.62 0.68 0.66 0.69 0.56 0.60 0.60 0.60
0.51 0.55 0.55 0.54 0.36 0.52 0.55 0.54 0.51 0.53 0.55 0.55 0.53 0.56 0.57 0.58 1.00 0.62 0.47 0.55 0.56 0.56 0.57 0.62 0.33 0.45 0.55 0.31 0.52 0.56 0.57 0.57 0.62 0.56 0.57 0.57 0.55 0.56 0.55 0.43 0.31 0.40 0.33 0.39 0.39 0.38 0.39 0.39 0.38 0.38 0.38 0.38 0.06 0.34 0.34 0.34 0.34 0.34 0.08 0.08 0.01 0.04 0.47 0.51 0.51 0.51 0.51 0.52 0.49 0.52 0.52 0.49 0.51 0.49 0.48 0.48 0.38 0.44 0.42 0.45 0.30 0.33 0.33 0.33
0.72 0.74 0.74 0.73 0.61 0.73 0.74 0.73 0.72 0.73 0.74 0.74 0.73 0.74 0.74 0.74 1.00 0.76 0.70 0.74 0.74 0.74 0.74 0.76 0.59 0.68 0.74 0.55 0.72 0.74 0.74 0.74 0.76 0.74 0.74 0.74 0.74 0.74 0.74 0.66 0.58 0.65 0.60 0.65 0.65 0.65 0.65 0.65 0.64 0.65 0.65 0.65 0.22 0.61 0.61 0.61 0.61 0.61 0.24 0.24 0.05 0.12 0.70 0.73 0.73 0.73 0.73 0.73 0.72 0.73 0.73 0.72 0.73 0.72 0.72 0.72 0.64 0.69 0.68 0.70 0.58 0.62 0.62 0.62
0.88 0.88 0.88 0.88 0.83 0.88 0.88 0.88 0.87 0.88 0.88 0.88 0.88 0.88 0.88 0.88 1.00 0.88 0.87 0.88 0.88 0.88 0.88 0.88 0.82 0.87 0.88 0.79 0.88 0.88 0.88 0.88 0.88 0.88 0.88 0.88 0.88 0.88 0.88 0.86 0.83 0.86 0.84 0.86 0.86 0.86 0.86 0.86 0.86 0.86 0.86 0.86 0.51 0.85 0.85 0.85 0.85 0.85 0.50 0.49 0.19 0.29 0.87 0.88 0.88 0.88 0.88 0.88 0.88 0.88 0.88 0.88 0.88 0.88 0.88 0.88 0.85 0.87 0.87 0.87 0.82 0.85 0.85 0.85
0.92 0.92 0.92 0.92 0.88 0.92 0.92 0.92 0.91 0.92 0.92 0.92 0.92 0.92 0.92 0.92 1.00 0.92 0.91 0.92 0.92 0.92 0.92 0.92 0.88 0.91 0.92 0.84 0.91 0.92 0.92 0.92 0.92 0.92 0.92 0.92 0.91 0.92 0.91 0.90 0.88 0.90 0.88 0.90 0.90 0.90 0.90 0.90 0.90 0.90 0.90 0.90 0.60 0.89 0.89 0.89 0.89 0.89 0.57 0.57 0.26 0.36 0.91 0.92 0.92 0.92 0.92 0.92 0.91 0.92 0.92 0.92 0.92 0.92 0.92 0.92 0.89 0.91 0.91 0.91 0.87 0.90 0.90 0.90
0.65 0.68 0.68 0.67 0.51 0.66 0.68 0.67 0.65 0.67 0.67 0.68 0.67 0.68 0.68 0.69 1.00 0.71 0.62 0.68 0.68 0.68 0.69 0.71 0.48 0.59 0.68 0.45 0.65 0.68 0.69 0.68 0.71 0.68 0.69 0.69 0.67 0.68 0.67 0.58 0.48 0.56 0.50 0.55 0.55 0.55 0.55 0.55 0.54 0.55 0.55 0.55 0.14 0.51 0.51 0.51 0.51 0.51 0.17 0.16 0.02 0.08 0.63 0.66 0.66 0.66 0.66 0.66 0.65 0.66 0.66 0.65 0.66 0.65 0.64 0.64 0.54 0.61 0.59 0.62 0.47 0.51 0.51 0.51
0.34 0.39 0.39 0.38 0.21 0.36 0.39 0.38 0.36 0.37 0.40 0.40 0.37 0.42 0.43 0.47 1.00 0.54 0.31 0.41 0.42 0.42 0.43 0.54 0.20 0.29 0.41 0.19 0.38 0.41 0.43 0.44 0.54 0.41 0.43 0.44 0.43 0.41 0.43 0.27 0.16 0.23 0.18 0.22 0.22 0.21 0.22 0.22 0.21 0.21 0.21 0.21 0.02 0.18 0.18 0.18 0.18 0.18 0.03 0.03 0.00 0.01 0.29 0.34 0.34 0.34 0.34 0.34 0.32 0.34 0.34 0.31 0.34 0.31 0.30 0.30 0.20 0.27 0.25 0.28 0.15 0.17 0.17 0.17
0.66 0.68 0.68 0.67 0.51 0.66 0.68 0.67 0.65 0.67 0.67 0.67 0.67 0.68 0.69 0.69 1.00 0.71 0.63 0.68 0.68 0.68 0.69 0.71 0.49 0.60 0.68 0.46 0.66 0.68 0.69 0.69 0.71 0.68 0.69 0.69 0.68 0.68 0.68 0.58 0.48 0.56 0.50 0.56 0.56 0.55 0.56 0.56 0.55 0.55 0.55 0.55 0.15 0.52 0.52 0.52 0.52 0.52 0.17 0.17 0.03 0.09 0.63 0.66 0.66 0.66 0.66 0.66 0.65 0.66 0.66 0.65 0.66 0.65 0.64 0.64 0.55 0.61 0.59 0.62 0.48 0.52 0.52 0.52
0.61 0.64 0.64 0.63 0.48 0.62 0.64 0.63 0.61 0.63 0.63 0.63 0.63 0.65 0.65 0.65 1.00 0.68 0.58 0.64 0.65 0.65 0.65 0.68 0.45 0.56 0.64 0.42 0.62 0.64 0.65 0.65 0.68 0.64 0.65 0.65 0.63 0.64 0.63 0.54 0.44 0.52 0.46 0.51 0.51 0.51 0.51 0.51 0.50 0.51 0.51 0.51 0.12 0.47 0.47 0.47 0.47 0.47 0.14 0.14 0.02 0.07 0.59 0.62 0.62 0.62 0.62 0.62 0.60 0.62 0.62 0.60 0.62 0.60 0.60 0.60 0.49 0.56 0.54 0.57 0.43 0.47 0.47 0.47
0.78 0.79 0.79 0.78 0.68 0.78 0.79 0.78 0.77 0.78 0.78 0.78 0.78 0.79 0.79 0.79 1.00 0.79 0.76 0.79 0.79 0.79 0.79 0.79 0.67 0.74 0.79 0.63 0.77 0.79 0.79 0.79 0.79 0.79 0.79 0.79 0.78 0.79 0.78 0.73 0.67 0.72 0.68 0.72 0.72 0.72 0.72 0.72 0.72 0.72 0.72 0.72 0.31 0.70 0.70 0.70 0.70 0.70 0.31 0.31 0.08 0.17 0.77 0.78 0.78 0.78 0.78 0.78 0.78 0.78 0.78 0.78 0.78 0.77 0.77 0.77 0.71 0.76 0.74 0.76 0.67 0.70 0.70 0.70
0.68 0.69 0.69 0.69 0.54 0.68 0.69 0.68 0.66 0.68 0.69 0.69 0.68 0.70 0.70 0.70 1.00 0.72 0.64 0.69 0.70 0.70 0.70 0.72 0.52 0.62 0.69 0.48 0.67 0.69 0.70 0.70 0.72 0.69 0.70 0.70 0.69 0.69 0.69 0.61 0.51 0.59 0.53 0.59 0.59 0.58 0.59 0.59 0.58 0.58 0.58 0.58 0.18 0.55 0.55 0.55 0.55 0.55 0.18 0.18 0.03 0.10 0.65 0.68 0.68 0.68 0.68 0.68 0.67 0.68 0.68 0.67 0.68 0.67 0.66 0.66 0.57 0.64 0.61 0.64 0.51 0.55 0.55 0.55
0.46 0.50 0.50 0.49 0.32 0.47 0.50 0.48 0.46 0.48 0.50 0.50 0.48 0.51 0.52 0.53 1.00 0.59 0.42 0.50 0.51 0.51 0.52 0.59 0.29 0.40 0.50 0.27 0.47 0.51 0.52 0.52 0.59 0.51 0.52 0.52 0.51 0.51 0.51 0.37 0.26 0.34 0.28 0.34 0.34 0.33 0.34 0.34 0.32 0.33 0.33 0.33 0.05 0.29 0.29 0.29 0.29 0.29 0.06 0.06 0.01 0.03 0.41 0.46 0.46 0.46 0.46 0.46 0.44 0.46 0.46 0.43 0.46 0.44 0.43 0.43 0.32 0.39 0.36 0.40 0.25 0.28 0.28 0.28
0.87 0.87 0.87 0.87 0.81 0.87 0.87 0.87 0.86 0.87 0.87 0.87 0.87 0.87 0.87 0.87 1.00 0.87 0.86 0.87 0.87 0.87 0.87 0.87 0.81 0.85 0.87 0.77 0.86 0.87 0.87 0.87 0.87 0.87 0.87 0.87 0.87 0.87 0.87 0.84 0.81 0.84 0.82 0.84 0.84 0.84 0.84 0.84 0.84 0.84 0.84 0.84 0.49 0.83 0.83 0.83 0.83 0.83 0.47 0.48 0.17 0.27 0.86 0.87 0.87 0.87 0.87 0.87 0.87 0.87 0.87 0.87 0.87 0.87 0.87 0.87 0.83 0.86 0.85 0.86 0.80 0.83 0.83 0.83
0.31 0.36 0.36 0.35 0.19 0.32 0.36 0.35 0.32 0.33 0.36 0.37 0.33 0.39 0.40 0.44 1.00 0.52 0.28 0.37 0.39 0.39 0.40 0.52 0.16 0.26 0.37 0.15 0.34 0.37 0.40 0.40 0.52 0.37 0.40 0.40 0.39 0.37 0.39 0.24 0.14 0.20 0.16 0.19 0.19 0.18 0.19 0.19 0.18 0.18 0.18 0.18 0.02 0.15 0.15 0.15 0.15 0.15 0.02 0.02 0.00 0.01 0.26 0.30 0.30 0.30 0.30 0.31 0.28 0.31 0.31 0.27 0.30 0.28 0.26 0.26 0.18 0.23 0.21 0.24 0.13 0.14 0.14 0.14
0.67 0.69 0.69 0.68 0.54 0.68 0.69 0.68 0.67 0.68 0.69 0.69 0.68 0.70 0.70 0.70 1.00 0.72 0.64 0.69 0.70 0.70 0.70 0.72 0.51 0.62 0.69 0.48 0.67 0.69 0.70 0.70 0.72 0.69 0.70 0.70 0.69 0.69 0.69 0.60 0.51 0.59 0.53 0.58 0.58 0.58 0.58 0.58 0.57 0.58 0.58 0.58 0.17 0.54 0.54 0.54 0.54 0.54 0.19 0.19 0.03 0.09 0.65 0.67 0.67 0.67 0.67 0.68 0.66 0.68 0.68 0.67 0.67 0.66 0.66 0.66 0.57 0.63 0.61 0.64 0.50 0.54 0.54 0.54
0.51 0.55 0.55 0.54 0.37 0.52 0.55 0.53 0.51 0.53 0.54 0.55 0.53 0.56 0.56 0.58 1.00 0.63 0.47 0.56 0.56 0.56 0.57 0.63 0.33 0.45 0.56 0.31 0.52 0.56 0.57 0.57 0.63 0.56 0.57 0.57 0.56 0.56 0.56 0.43 0.31 0.40 0.34 0.39 0.39 0.38 0.39 0.39 0.38 0.38 0.38 0.38 0.07 0.34 0.34 0.34 0.34 0.34 0.09 0.08 0.01 0.04 0.47 0.51 0.51 0.51 0.51 0.51 0.49 0.51 0.51 0.49 0.51 0.49 0.48 0.48 0.37 0.44 0.42 0.45 0.31 0.34 0.34 0.34
0.87 0.87 0.87 0.87 0.82 0.87 0.87 0.87 0.87 0.87 0.87 0.87 0.87 0.87 0.87 0.87 1.00 0.88 0.86 0.87 0.87 0.87 0.87 0.88 0.81 0.85 0.87 0.77 0.87 0.87 0.87 0.87 0.88 0.87 0.87 0.87 0.87 0.87 0.87 0.85 0.81 0.85 0.82 0.85 0.85 0.85 0.85 0.85 0.85 0.85 0.85 0.85 0.48 0.83 0.83 0.83 0.83 0.83 0.46 0.48 0.18 0.28 0.87 0.87 0.87 0.87 0.87 0.87 0.87 0.87 0.87 0.87 0.87 0.87 0.87 0.87 0.84 0.86 0.86 0.86 0.81 0.84 0.84 0.84
0.50 0.54 0.54 0.53 0.35 0.51 0.54 0.52 0.50 0.52 0.54 0.54 0.52 0.55 0.56 0.57 1.00 0.62 0.47 0.54 0.55 0.55 0.56 0.62 0.33 0.44 0.54 0.31 0.52 0.55 0.56 0.56 0.62 0.55 0.56 0.56 0.55 0.55 0.55 0.42 0.30 0.38 0.32 0.38 0.38 0.37 0.38 0.38 0.36 0.37 0.37 0.37 0.06 0.33 0.33 0.33 0.33 0.33 0.08 0.07 0.01 0.04 0.46 0.50 0.50 0.50 0.50 0.50 0.48 0.50 0.50 0.48 0.50 0.48 0.47 0.47 0.36 0.42 0.40 0.44 0.30 0.32 0.32 0.32
0.56 0.59 0.59 0.58 0.40 0.57 0.59 0.58 0.56 0.57 0.59 0.59 0.57 0.60 0.61 0.62 1.00 0.66 0.52 0.60 0.60 0.60 0.61 0.66 0.37 0.50 0.60 0.35 0.57 0.60 0.61 0.61 0.66 0.60 0.61 0.61 0.60 0.60 0.60 0.47 0.36 0.45 0.38 0.44 0.44 0.43 0.44 0.44 0.43 0.43 0.43 0.43 0.08 0.40 0.40 0.40 0.40 0.40 0.10 0.10 0.01 0.05 0.51 0.56 0.56 0.56 0.56 0.56 0.54 0.56 0.56 0.54 0.56 0.54 0.53 0.53 0.42 0.49 0.47 0.50 0.34 0.38 0.38 0.38
0.49 0.53 0.53 0.52 0.34 0.51 0.53 0.51 0.49 0.51 0.53 0.53 0.51 0.55 0.55 0.57 1.00 0.61 0.45 0.54 0.55 0.55 0.55 0.61 0.31 0.43 0.54 0.29 0.51 0.54 0.55 0.55 0.61 0.54 0.55 0.55 0.54 0.54 0.54 0.41 0.29 0.38 0.31 0.37 0.37 0.36 0.37 0.37 0.35 0.36 0.36 0.36 0.06 0.32 0.32 0.32 0.32 0.32 0.08 0.07 0.01 0.04 0.45 0.49 0.49 0.49 0.49 0.50 0.47 0.50 0.50 0.47 0.49 0.47 0.46 0.46 0.36 0.42 0.40 0.43 0.29 0.32 0.32 0.32
0.61 0.64 0.64 0.63 0.46 0.62 0.64 0.62 0.60 0.62 0.64 0.64 0.62 0.65 0.65 0.65 1.00 0.68 0.58 0.64 0.65 0.65 0.65 0.68 0.44 0.56 0.64 0.42 0.62 0.64 0.65 0.65 0.68 0.64 0.65 0.65 0.64 0.64 0.64 0.53 0.42 0.51 0.44 0.50 0.50 0.49 0.50 0.50 0.49 0.49 0.49 0.49 0.12 0.46 0.46 0.46 0.46 0.46 0.13 0.13 0.02 0.07 0.57 0.61 0.61 0.61 0.61 0.62 0.60 0.62 0.62 0.60 0.61 0.60 0.59 0.59 0.48 0.55 0.53 0.56 0.41 0.46 0.46 0.46
0.83 0.84 0.84 0.83 0.75 0.83 0.84 0.83 0.83 0.83 0.84 0.83 0.83 0.84 0.84 0.84 1.00 0.84 0.82 0.84 0.84 0.84 0.84 0.84 0.75 0.81 0.84 0.71 0.83 0.84 0.84 0.84 0.84 0.84 0.84 0.84 0.83 0.84 0.83 0.80 0.76 0.80 0.77 0.80 0.80 0.80 0.80 0.80 0.80 0.80 0.80 0.80 0.41 0.78 0.78 0.78 0.78 0.78 0.41 0.40 0.13 0.23 0.82 0.83 0.83 0.83 0.83 0.83 0.83 0.83 0.83 0.83 0.83 0.83 0.83 0.83 0.78 0.82 0.81 0.82 0.75 0.78 0.78 0.78
0.53 0.56 0.56 0.56 0.38 0.54 0.56 0.55 0.53 0.55 0.56 0.57 0.55 0.58 0.58 0.59 1.00 0.64 0.49 0.57 0.58 0.58 0.58 0.64 0.35 0.46 0.57 0.33 0.54 0.57 0.58 0.58 0.64 0.57 0.58 0.58 0.57 0.57 0.57 0.45 0.33 0.42 0.36 0.41 0.41 0.40 0.41 0.41 0.40 0.40 0.40 0.40 0.07 0.36 0.36 0.36 0.36 0.36 0.10 0.08 0.01 0.05 0.49 0.53 0.53 0.53 0.53 0.53 0.51 0.53 0.53 0.51 0.53 0.51 0.50 0.50 0.39 0.46 0.44 0.47 0.33 0.36 0.36 0.36
0.65 0.67 0.67 0.67 0.51 0.66 0.67 0.66 0.65 0.67 0.67 0.67 0.67 0.68 0.68 0.68 1.00 0.71 0.62 0.68 0.68 0.68 0.68 0.71 0.48 0.59 0.68 0.45 0.65 0.68 0.68 0.68 0.71 0.68 0.68 0.68 0.67 0.68 0.67 0.58 0.47 0.55 0.49 0.55 0.55 0.54 0.55 0.55 0.54 0.54 0.54 0.54 0.14 0.50 0.50 0.50 0.50 0.50 0.17 0.16 0.02 0.09 0.63 0.66 0.66 0.66 0.66 0.66 0.65 0.66 0.66 0.65 0.66 0.64 0.64 0.64 0.54 0.61 0.58 0.61 0.47 0.51 0.51 0.51
0.31 0.37 0.37 0.36 0.20 0.33 0.37 0.36 0.33 0.34 0.38 0.38 0.34 0.40 0.41 0.44 1.00 0.52 0.28 0.38 0.40 0.40 0.41 0.52 0.17 0.27 0.38 0.17 0.35 0.39 0.41 0.41 0.52 0.39 0.41 0.41 0.40 0.39 0.40 0.25 0.15 0.21 0.16 0.20 0.20 0.19 0.20 0.20 0.19 0.19 0.19 0.19 0.02 0.16 0.16 0.16 0.16 0.16 0.03 0.02 0.00 0.02 0.26 0.31 0.31 0.31 0.31 0.32 0.29 0.32 0.32 0.28 0.31 0.28 0.27 0.27 0.19 0.24 0.22 0.25 0.13 0.15 0.15 0.15
0.58 0.61 0.61 0.60 0.43 0.59 0.61 0.60 0.57 0.60 0.61 0.61 0.60 0.62 0.62 0.63 1.00 0.66 0.54 0.61 0.62 0.62 0.62 0.66 0.41 0.52 0.61 0.38 0.59 0.62 0.63 0.63 0.66 0.62 0.63 0.63 0.61 0.62 0.61 0.49 0.39 0.47 0.41 0.46 0.46 0.45 0.46 0.46 0.45 0.45 0.45 0.45 0.10 0.41 0.41 0.41 0.41 0.41 0.12 0.12 0.01 0.06 0.54 0.58 0.58 0.58 0.58 0.59 0.57 0.59 0.59 0.56 0.58 0.56 0.56 0.56 0.45 0.52 0.49 0.53 0.39 0.42 0.42 0.42
0.54 0.57 0.57 0.56 0.39 0.55 0.57 0.56 0.54 0.56 0.57 0.57 0.56 0.58 0.59 0.60 1.00 0.64 0.50 0.58 0.58 0.58 0.59 0.64 0.36 0.47 0.58 0.35 0.55 0.58 0.59 0.59 0.64 0.58 0.59 0.59 0.58 0.58 0.58 0.45 0.34 0.42 0.36 0.42 0.42 0.41 0.42 0.42 0.40 0.41 0.41 0.41 0.08 0.37 0.37 0.37 0.37 0.37 0.10 0.09 0.01 0.05 0.50 0.54 0.54 0.54 0.54 0.54 0.52 0.54 0.54 0.52 0.54 0.52 0.52 0.52 0.41 0.48 0.45 0.48 0.34 0.37 0.37 0.37
0.29 0.35 0.35 0.34 0.18 0.31 0.35 0.33 0.31 0.32 0.35 0.36 0.32 0.37 0.39 0.43 1.00 0.51 0.26 0.36 0.37 0.37 0.39 0.51 0.16 0.24 0.36 0.15 0.33 0.36 0.39 0.39 0.51 0.36 0.39 0.39 0.39 0.36 0.39 0.23 0.13 0.19 0.15 0.18 0.18 0.17 0.18 0.18 0.17 0.17 0.17 0.17 0.01 0.14 0.14 0.14 0.14 0.14 0.02 0.02 0.00 0.01 0.24 0.28 0.28 0.28 0.28 0.29 0.27 0.29 0.29 0.25 0.28 0.26 0.24 0.24 0.16 0.22 0.20 0.23 0.11 0.13 0.13 0.13
0.36 0.41 0.41 0.40 0.24 0.38 0.41 0.40 0.37 0.39 0.41 0.42 0.39 0.44 0.45 0.47 1.00 0.55 0.33 0.42 0.44 0.44 0.45 0.55 0.21 0.31 0.42 0.20 0.40 0.43 0.45 0.45 0.55 0.43 0.45 0.45 0.45 0.43 0.45 0.29 0.17 0.25 0.19 0.24 0.24 0.23 0.24 0.24 0.23 0.23 0.23 0.23 0.02 0.20 0.20 0.20 0.20 0.20 0.03 0.03 0.00 0.02 0.31 0.36 0.36 0.36 0.36 0.37 0.35 0.37 0.37 0.33 0.36 0.34 0.32 0.33 0.22 0.29 0.26 0.30 0.17 0.18 0.18 0.18
0.37 0.43 0.43 0.42 0.24 0.39 0.43 0.41 0.39 0.40 0.43 0.44 0.40 0.45 0.46 0.49 1.00 0.56 0.34 0.44 0.45 0.45 0.46 0.56 0.21 0.32 0.44 0.21 0.41 0.44 0.46 0.46 0.56 0.44 0.46 0.46 0.46 0.44 0.46 0.30 0.19 0.27 0.21 0.26 0.26 0.25 0.26 0.25 0.24 0.25 0.25 0.25 0.03 0.21 0.21 0.21 0.21 0.21 0.04 0.03 0.00 0.02 0.33 0.37 0.37 0.37 0.37 0.38 0.35 0.38 0.38 0.34 0.37 0.35 0.33 0.34 0.23 0.30 0.28 0.31 0.17 0.19 0.19 0.19
0.45 0.49 0.49 0.48 0.31 0.46 0.49 0.48 0.45 0.47 0.49 0.50 0.47 0.52 0.52 0.54 1.00 0.60 0.41 0.50 0.52 0.52 0.52 0.60 0.28 0.39 0.50 0.27 0.47 0.51 0.52 0.52 0.60 0.51 0.52 0.52 0.51 0.51 0.51 0.37 0.25 0.33 0.28 0.33 0.33 0.31 0.33 0.33 0.31 0.31 0.31 0.31 0.05 0.28 0.28 0.28 0.28 0.28 0.06 0.05 0.01 0.03 0.40 0.45 0.45 0.45 0.45 0.45 0.43 0.45 0.45 0.42 0.45 0.43 0.42 0.42 0.31 0.38 0.35 0.39 0.24 0.26 0.26 0.26
0.91 0.91 0.91 0.91 0.87 0.91 0.91 0.91 0.90 0.91 0.91 0.91 0.91 0.91 0.91 0.91 1.00 0.91 0.90 0.91 0.91 0.91 0.91 0.91 0.87 0.90 0.91 0.83 0.91 0.91 0.91 0.91 0.91 0.91 0.91 0.91 0.91 0.91 0.91 0.89 0.87 0.89 0.88 0.89 0.89 0.89 0.89 0.89 0.89 0.89 0.89 0.89 0.58 0.88 0.88 0.88 0.88 0.88 0.55 0.57 0.24 0.34 0.90 0.91 0.91 0.91 0.91 0.91 0.91 0.91 0.91 0.91 0.91 0.91 0.91 0.91 0.88 0.90 0.90 0.90 0.86 0.88 0.88 0.88
0.84 0.85 0.85 0.85 0.77 0.85 0.85 0.85 0.84 0.85 0.85 0.85 0.85 0.85 0.85 0.85 1.00 0.85 0.83 0.85 0.85 0.85 0.85 0.85 0.76 0.83 0.85 0.73 0.84 0.85 0.85 0.85 0.85 0.85 0.85 0.85 0.84 0.85 0.84 0.81 0.77 0.81 0.78 0.81 0.81 0.81 0.81 0.81 0.81 0.81 0.81 0.81 0.41 0.79 0.79 0.79 0.79 0.79 0.41 0.42 0.14 0.23 0.84 0.85 0.85 0.85 0.85 0.85 0.84 0.85 0.85 0.84 0.85 0.84 0.84 0.84 0.80 0.83 0.83 0.84 0.76 0.79 0.79 0.79
0.29 0.34 0.34 0.33 0.18 0.30 0.34 0.33 0.31 0.31 0.35 0.36 0.31 0.37 0.38 0.42 1.00 0.52 0.26 0.35 0.37 0.37 0.39 0.52 0.15 0.24 0.35 0.15 0.33 0.36 0.39 0.39 0.52 0.36 0.39 0.39 0.39 0.36 0.39 0.22 0.12 0.18 0.14 0.18 0.18 0.17 0.18 0.18 0.16 0.17 0.17 0.17 0.01 0.14 0.14 0.14 0.14 0.14 0.02 0.02 0.00 0.01 0.24 0.28 0.28 0.28 0.28 0.29 0.26 0.29 0.29 0.25 0.28 0.26 0.24 0.24 0.16 0.21 0.19 0.22 0.11 0.13 0.13 0.13
0.48 0.52 0.52 0.51 0.34 0.50 0.52 0.51 0.49 0.51 0.52 0.53 0.51 0.54 0.55 0.56 1.00 0.61 0.44 0.53 0.54 0.54 0.55 0.61 0.31 0.41 0.53 0.29 0.49 0.53 0.54 0.55 0.61 0.53 0.54 0.55 0.54 0.53 0.54 0.40 0.28 0.37 0.30 0.36 0.36 0.35 0.36 0.36 0.35 0.35 0.35 0.35 0.06 0.31 0.31 0.31 0.31 0.31 0.06 0.07 0.01 0.04 0.44 0.48 0.48 0.48 0.48 0.49 0.46 0.49 0.49 0.46 0.48 0.46 0.45 0.45 0.34 0.41 0.39 0.42 0.28 0.30 0.30 0.30
0.59 0.61 0.61 0.60 0.44 0.60 0.61 0.60 0.58 0.60 0.61 0.61 0.60 0.63 0.63 0.63 1.00 0.67 0.55 0.62 0.63 0.63 0.63 0.67 0.41 0.53 0.62 0.39 0.59 0.62 0.63 0.63 0.67 0.62 0.63 0.63 0.62 0.62 0.62 0.50 0.39 0.48 0.42 0.47 0.47 0.46 0.47 0.47 0.46 0.46 0.46 0.46 0.10 0.42 0.42 0.42 0.42 0.42 0.13 0.11 0.01 0.06 0.55 0.59 0.59 0.59 0.59 0.59 0.57 0.59 0.59 0.57 0.59 0.57 0.57 0.57 0.46 0.53 0.50 0.54 0.39 0.42 0.42 0.42
0.68 0.70 0.70 0.69 0.55 0.69 0.70 0.69 0.67 0.69 0.70 0.70 0.69 0.71 0.71 0.70 1.00 0.72 0.65 0.70 0.71 0.71 0.71 0.72 0.53 0.63 0.70 0.49 0.68 0.70 0.71 0.71 0.72 0.70 0.71 0.71 0.70 0.70 0.70 0.61 0.51 0.59 0.53 0.59 0.59 0.58 0.59 0.59 0.58 0.58 0.58 0.58 0.17 0.55 0.55 0.55 0.55 0.55 0.19 0.19 0.03 0.10 0.65 0.68 0.68 0.68 0.68 0.68 0.67 0.68 0.68 0.67 0.68 0.67 0.67 0.67 0.57 0.64 0.61 0.64 0.51 0.55 0.55 0.55
0.41 0.45 0.45 0.44 0.27 0.42 0.45 0.44 0.42 0.43 0.46 0.46 0.43 0.48 0.48 0.50 1.00 0.57 0.37 0.47 0.48 0.48 0.48 0.57 0.24 0.35 0.47 0.23 0.44 0.47 0.49 0.49 0.57 0.47 0.49 0.49 0.48 0.47 0.48 0.33 0.21 0.29 0.23 0.28 0.28 0.27 0.28 0.28 0.27 0.27 0.27 0.27 0.03 0.24 0.24 0.24 0.24 0.24 0.04 0.04 0.00 0.02 0.36 0.40 0.40 0.40 0.40 0.41 0.39 0.41 0.41 0.38 0.40 0.38 0.37 0.37 0.27 0.33 0.31 0.34 0.20 0.23 0.23 0.23
0.50 0.54 0.54 0.53 0.35 0.51 0.54 0.52 0.50 0.52 0.54 0.54 0.52 0.55 0.56 0.57 1.00 0.61 0.46 0.54 0.55 0.55 0.56 0.61 0.32 0.43 0.54 0.30 0.51 0.54 0.55 0.55 0.61 0.54 0.55 0.56 0.54 0.54 0.54 0.41 0.29 0.38 0.32 0.37 0.37 0.36 0.37 0.37 0.35 0.36 0.36 0.36 0.06 0.32 0.32 0.32 0.32 0.32 0.07 0.07 0.01 0.04 0.45 0.50 0.50 0.50 0.50 0.50 0.48 0.50 0.50 0.47 0.50 0.48 0.46 0.46 0.36 0.43 0.40 0.44 0.28 0.32 0.32 0.32
0.72 0.74 0.74 0.73 0.61 0.73 0.74 0.73 0.72 0.73 0.73 0.73 0.73 0.74 0.74 0.74 1.00 0.76 0.70 0.74 0.74 0.74 0.74 0.76 0.58 0.68 0.74 0.54 0.72 0.74 0.74 0.74 0.76 0.74 0.74 0.74 0.73 0.74 0.73 0.66 0.58 0.65 0.60 0.65 0.65 0.65 0.65 0.65 0.64 0.65 0.65 0.65 0.22 0.61 0.61 0.61 0.61 0.61 0.24 0.23 0.05 0.12 0.70 0.73 0.73 0.73 0.73 0.73 0.72 0.73 0.73 0.72 0.73 0.72 0.71 0.71 0.63 0.69 0.67 0.70 0.57 0.61 0.61 0.61
0.83 0.84 0.84 0.84 0.76 0.83 0.84 0.83 0.83 0.84 0.84 0.84 0.84 0.84 0.84 0.84 1.00 0.84 0.81 0.84 0.84 0.84 0.84 0.84 0.75 0.81 0.84 0.71 0.83 0.84 0.84 0.84 0.84 0.84 0.84 0.84 0.83 0.84 0.83 0.80 0.75 0.79 0.77 0.79 0.79 0.79 0.79 0.79 0.79 0.79 0.79 0.79 0.40 0.77 0.77 0.77 0.77 0.77 0.40 0.40 0.12 0.22 0.82 0.83 0.83 0.83 0.83 0.83 0.83 0.83 0.83 0.83 0.83 0.83 0.83 0.83 0.79 0.82 0.81 0.82 0.75 0.78 0.78 0.78
0.29 0.34 0.34 0.34 0.18 0.31 0.34 0.33 0.31 0.32 0.35 0.36 0.32 0.38 0.39 0.43 1.00 0.52 0.26 0.36 0.38 0.38 0.39 0.52 0.16 0.25 0.36 0.15 0.33 0.36 0.39 0.39 0.52 0.36 0.39 0.39 0.39 0.36 0.39 0.23 0.13 0.19 0.14 0.18 0.18 0.17 0.18 0.18 0.17 0.17 0.17 0.17 0.01 0.15 0.15 0.15 0.15 0.15 0.02 0.02 0.00 0.01 0.25 0.29 0.29 0.29 0.29 0.30 0.27 0.30 0.30 0.26 0.29 0.27 0.25 0.25 0.17 0.22 0.20 0.23 0.12 0.13 0.13 0.13
0.43 0.48 0.48 0.47 0.29 0.45 0.48 0.47 0.45 0.46 0.48 0.49 0.46 0.50 0.51 0.53 1.00 0.59 0.40 0.49 0.50 0.50 0.51 0.59 0.27 0.38 0.49 0.26 0.46 0.49 0.51 0.51 0.59 0.49 0.51 0.51 0.50 0.49 0.50 0.36 0.24 0.33 0.27 0.32 0.32 0.31 0.32 0.32 0.30 0.31 0.31 0.31 0.04 0.27 0.27 0.27 0.27 0.27 0.06 0.05 0.01 0.03 0.39 0.44 0.44 0.44 0.44 0.44 0.42 0.44 0.44 0.41 0.44 0.41 0.40 0.40 0.30 0.36 0.34 0.37 0.23 0.25 0.25 0.25
0.30 0.35 0.35 0.34 0.18 0.31 0.35 0.34 0.32 0.33 0.36 0.37 0.33 0.38 0.39 0.43 1.00 0.52 0.26 0.36 0.38 0.38 0.40 0.52 0.16 0.25 0.36 0.16 0.34 0.37 0.39 0.40 0.52 0.37 0.39 0.39 0.39 0.37 0.39 0.23 0.13 0.19 0.14 0.18 0.18 0.17 0.18 0.18 0.16 0.17 0.17 0.17 0.01 0.14 0.14 0.14 0.14 0.14 0.02 0.02 0.00 0.01 0.25 0.29 0.29 0.29 0.29 0.30 0.28 0.30 0.30 0.26 0.29 0.27 0.25 0.25 0.17 0.22 0.19 0.23 0.11 0.13 0.13 0.13
0.71 0.73 0.73 0.72 0.59 0.72 0.73 0.72 0.71 0.72 0.72 0.73 0.72 0.73 0.73 0.73 1.00 0.75 0.68 0.73 0.73 0.73 0.73 0.75 0.57 0.67 0.73 0.53 0.71 0.73 0.73 0.73 0.75 0.73 0.73 0.73 0.72 0.73 0.72 0.65 0.56 0.64 0.58 0.64 0.64 0.63 0.64 0.64 0.63 0.63 0.63 0.63 0.21 0.59 0.59 0.59 0.59 0.59 0.23 0.23 0.04 0.12 0.69 0.72 0.72 0.72 0.72 0.72 0.71 0.72 0.72 0.71 0.72 0.71 0.70 0.70 0.62 0.68 0.66 0.68 0.56 0.60 0.60 0.60
0.49 0.53 0.53 0.52 0.35 0.51 0.53 0.52 0.50 0.52 0.53 0.53 0.52 0.55 0.55 0.57 1.00 0.62 0.46 0.54 0.55 0.55 0.55 0.62 0.32 0.43 0.54 0.30 0.50 0.54 0.55 0.55 0.62 0.54 0.55 0.56 0.54 0.54 0.54 0.41 0.29 0.38 0.32 0.37 0.37 0.36 0.37 0.37 0.35 0.36 0.36 0.36 0.06 0.32 0.32 0.32 0.32 0.32 0.08 0.07 0.01 0.04 0.45 0.49 0.49 0.49 0.49 0.50 0.48 0.50 0.50 0.47 0.49 0.47 0.46 0.46 0.35 0.42 0.40 0.43 0.29 0.32 0.32 0.32
0.57 0.60 0.60 0.59 0.42 0.58 0.60 0.59 0.57 0.58 0.59 0.60 0.58 0.61 0.61 0.62 1.00 0.65 0.53 0.60 0.61 0.61 0.61 0.65 0.40 0.51 0.60 0.37 0.57 0.60 0.61 0.61 0.65 0.60 0.61 0.61 0.60 0.60 0.60 0.49 0.37 0.46 0.40 0.46 0.46 0.45 0.46 0.46 0.44 0.45 0.45 0.45 0.10 0.41 0.41 0.41 0.41 0.41 0.11 0.11 0.01 0.06 0.53 0.57 0.57 0.57 0.57 0.57 0.55 0.57 0.57 0.55 0.57 0.55 0.54 0.54 0.44 0.51 0.48 0.52 0.37 0.40 0.40 0.40
0.36 0.41 0.41 0.40 0.23 0.37 0.41 0.39 0.37 0.39 0.41 0.42 0.39 0.43 0.44 0.47 1.00 0.54 0.33 0.42 0.43 0.43 0.44 0.54 0.21 0.31 0.42 0.20 0.39 0.43 0.45 0.45 0.54 0.43 0.45 0.45 0.44 0.43 0.44 0.29 0.17 0.24 0.19 0.24 0.24 0.23 0.24 0.23 0.22 0.23 0.23 0.23 0.03 0.19 0.19 0.19 0.19 0.19 0.03 0.03 0.00 0.02 0.31 0.35 0.35 0.35 0.35 0.36 0.33 0.36 0.36 0.33 0.35 0.33 0.32 0.32 0.22 0.28 0.26 0.29 0.16 0.19 0.19 0.19
0.80 0.81 0.81 0.81 0.72 0.81 0.81 0.81 0.80 0.81 0.81 0.81 0.81 0.81 0.81 0.81 1.00 0.81 0.78 0.81 0.81 0.81 0.81 0.81 0.71 0.77 0.81 0.66 0.80 0.81 0.81 0.81 0.81 0.81 0.81 0.81 0.80 0.81 0.80 0.76 0.70 0.76 0.72 0.76 0.76 0.75 0.76 0.76 0.75 0.75 0.75 0.75 0.35 0.73 0.73 0.73 0.73 0.73 0.35 0.35 0.09 0.19 0.79 0.81 0.81 0.81 0.81 0.81 0.80 0.81 0.81 0.80 0.81 0.80 0.80 0.80 0.75 0.79 0.77 0.79 0.70 0.74 0.74 0.74
0.54 0.57 0.57 0.57 0.39 0.55 0.57 0.56 0.54 0.56 0.57 0.57 0.56 0.59 0.59 0.60 1.00 0.64 0.50 0.58 0.59 0.59 0.59 0.64 0.36 0.48 0.58 0.34 0.55 0.58 0.59 0.59 0.64 0.58 0.59 0.60 0.58 0.58 0.58 0.46 0.34 0.43 0.36 0.42 0.42 0.41 0.42 0.42 0.41 0.41 0.41 0.41 0.08 0.38 0.38 0.38 0.38 0.38 0.10 0.09 0.01 0.05 0.50 0.54 0.54 0.54 0.54 0.54 0.52 0.54 0.54 0.52 0.54 0.52 0.51 0.51 0.41 0.48 0.45 0.49 0.34 0.37 0.37 0.37
0.31 0.36 0.36 0.35 0.19 0.32 0.36 0.35 0.33 0.34 0.37 0.38 0.34 0.39 0.40 0.44 1.00 0.52 0.28 0.37 0.39 0.39 0.40 0.52 0.17 0.26 0.37 0.16 0.35 0.38 0.40 0.40 0.52 0.38 0.40 0.40 0.40 0.38 0.40 0.24 0.13 0.20 0.15 0.19 0.19 0.18 0.19 0.19 0.17 0.18 0.18 0.18 0.01 0.15 0.15 0.15 0.15 0.15 0.02 0.02 0.00 0.01 0.26 0.30 0.30 0.30 0.30 0.31 0.29 0.31 0.31 0.27 0.30 0.28 0.27 0.26 0.17 0.23 0.21 0.24 0.12 0.14 0.14 0.14
0.91 0.91 0.91 0.91 0.87 0.91 0.91 0.91 0.90 0.91 0.91 0.91 0.91 0.91 0.91 0.90 1.00 0.91 0.90 0.91 0.91 0.91 0.91 0.91 0.87 0.90 0.91 0.83 0.90 0.91 0.91 0.91 0.91 0.91 0.91 0.91 0.90 0.91 0.90 0.89 0.87 0.89 0.87 0.89 0.89 0.89 0.89 0.89 0.89 0.89 0.89 0.89 0.59 0.88 0.88 0.88 0.88 0.88 0.56 0.56 0.26 0.35 0.90 0.91 0.91 0.91 0.91 0.91 0.90 0.91 0.91 0.91 0.91 0.90 0.90 0.91 0.88 0.90 0.90 0.90 0.86 0.89 0.89 0.89
0.42 0.47 0.47 0.46 0.28 0.43 0.47 0.45 0.43 0.44 0.47 0.47 0.44 0.49 0.49 0.52 1.00 0.58 0.39 0.48 0.49 0.49 0.49 0.58 0.25 0.37 0.48 0.24 0.45 0.48 0.50 0.50 0.58 0.48 0.50 0.50 0.49 0.48 0.49 0.34 0.22 0.30 0.25 0.30 0.30 0.29 0.30 0.30 0.28 0.29 0.29 0.29 0.04 0.25 0.25 0.25 0.25 0.25 0.05 0.05 0.00 0.03 0.37 0.42 0.42 0.42 0.42 0.42 0.40 0.42 0.42 0.39 0.42 0.39 0.38 0.38 0.28 0.35 0.32 0.36 0.22 0.24 0.24 0.24
0.56 0.60 0.60 0.59 0.42 0.57 0.60 0.59 0.56 0.58 0.59 0.60 0.58 0.61 0.61 0.62 1.00 0.65 0.53 0.60 0.61 0.61 0.61 0.65 0.39 0.50 0.60 0.37 0.57 0.60 0.61 0.61 0.65 0.60 0.61 0.61 0.60 0.60 0.60 0.49 0.38 0.46 0.40 0.46 0.46 0.45 0.46 0.45 0.44 0.45 0.45 0.45 0.10 0.41 0.41 0.41 0.41 0.41 0.11 0.11 0.02 0.06 0.53 0.56 0.56 0.56 0.56 0.57 0.55 0.57 0.57 0.55 0.56 0.55 0.54 0.54 0.44 0.50 0.48 0.51 0.37 0.40 0.40 0.40
0.79 0.80 0.80 0.80 0.70 0.79 0.80 0.79 0.78 0.80 0.80 0.80 0.80 0.80 0.80 0.80 1.00 0.81 0.77 0.80 0.80 0.80 0.80 0.81 0.68 0.76 0.80 0.64 0.79 0.80 0.80 0.80 0.81 0.80 0.80 0.80 0.79 0.80 0.79 0.75 0.68 0.74 0.70 0.74 0.74 0.73 0.74 0.74 0.73 0.73 0.73 0.73 0.32 0.71 0.71 0.71 0.71 0.71 0.33 0.33 0.09 0.18 0.78 0.79 0.79 0.79 0.79 0.80 0.79 0.80 0.80 0.79 0.79 0.79 0.79 0.79 0.73 0.78 0.76 0.78 0.69 0.72 0.72 0.72
0.63 0.66 0.66 0.65 0.49 0.64 0.66 0.65 0.63 0.65 0.66 0.66 0.65 0.67 0.67 0.67 1.00 0.70 0.60 0.66 0.67 0.67 0.67 0.70 0.47 0.58 0.66 0.44 0.64 0.66 0.67 0.67 0.70 0.66 0.67 0.67 0.65 0.66 0.65 0.56 0.45 0.54 0.47 0.53 0.53 0.52 0.53 0.53 0.52 0.52 0.52 0.52 0.13 0.48 0.48 0.48 0.48 0.48 0.16 0.15 0.02 0.08 0.61 0.63 0.63 0.63 0.63 0.64 0.62 0.64 0.64 0.62 0.63 0.62 0.62 0.62 0.52 0.58 0.56 0.59 0.45 0.49 0.49 0.49
0.34 0.39 0.39 0.38 0.22 0.35 0.39 0.38 0.36 0.37 0.40 0.40 0.37 0.42 0.43 0.46 1.00 0.54 0.30 0.40 0.42 0.42 0.43 0.54 0.18 0.29 0.40 0.18 0.37 0.40 0.43 0.43 0.54 0.40 0.43 0.43 0.42 0.40 0.42 0.27 0.16 0.23 0.18 0.22 0.22 0.21 0.22 0.22 0.20 0.21 0.21 0.21 0.02 0.18 0.18 0.18 0.18 0.18 0.03 0.03 0.00 0.02 0.29 0.33 0.33 0.33 0.33 0.34 0.32 0.34 0.34 0.30 0.33 0.31 0.29 0.29 0.21 0.26 0.24 0.27 0.15 0.17 0.17 0.17
0.64 0.66 0.66 0.65 0.50 0.65 0.66 0.65 0.63 0.65 0.66 0.66 0.65 0.67 0.67 0.68 1.00 0.70 0.61 0.67 0.67 0.67 0.67 0.70 0.47 0.58 0.67 0.44 0.64 0.67 0.67 0.67 0.70 0.67 0.67 0.67 0.66 0.67 0.66 0.57 0.46 0.54 0.48 0.54 0.54 0.53 0.54 0.54 0.53 0.53 0.53 0.53 0.13 0.49 0.49 0.49 0.49 0.49 0.16 0.15 0.02 0.08 0.61 0.64 0.64 0.64 0.64 0.64 0.63 0.64 0.64 0.63 0.64 0.63 0.62 0.62 0.52 0.59 0.57 0.60 0.46 0.49 0.49 0.49
0.59 0.62 0.62 0.61 0.45 0.60 0.62 0.61 0.59 0.61 0.62 0.62 0.61 0.63 0.63 0.64 1.00 0.67 0.55 0.62 0.63 0.63 0.63 0.67 0.42 0.53 0.62 0.39 0.60 0.62 0.63 0.63 0.67 0.62 0.63 0.63 0.62 0.62 0.62 0.51 0.40 0.49 0.42 0.48 0.48 0.47 0.48 0.48 0.47 0.47 0.47 0.47 0.11 0.43 0.43 0.43 0.43 0.43 0.13 0.12 0.02 0.07 0.56 0.59 0.59 0.59 0.59 0.60 0.58 0.60 0.60 0.58 0.59 0.58 0.57 0.57 0.46 0.53 0.51 0.54 0.40 0.43 0.43 0.43
0.54 0.57 0.57 0.56 0.39 0.55 0.57 0.56 0.54 0.55 0.57 0.57 0.55 0.58 0.58 0.59 1.00 0.63 0.49 0.57 0.58 0.58 0.58 0.63 0.36 0.47 0.57 0.34 0.54 0.57 0.58 0.58 0.63 0.57 0.58 0.59 0.57 0.57 0.57 0.45 0.34 0.42 0.36 0.42 0.42 0.41 0.42 0.42 0.40 0.41 0.41 0.41 0.08 0.37 0.37 0.37 0.37 0.37 0.10 0.09 0.01 0.05 0.50 0.54 0.54 0.54 0.54 0.54 0.52 0.54 0.54 0.52 0.54 0.52 0.51 0.51 0.40 0.47 0.45 0.48 0.33 0.37 0.37 0.37
0.39 0.44 0.44 0.43 0.25 0.40 0.44 0.42 0.40 0.41 0.44 0.45 0.41 0.46 0.47 0.49 1.00 0.56 0.35 0.45 0.46 0.46 0.47 0.56 0.23 0.33 0.45 0.22 0.41 0.45 0.47 0.47 0.56 0.45 0.47 0.47 0.46 0.45 0.46 0.31 0.19 0.27 0.22 0.27 0.27 0.26 0.27 0.27 0.25 0.26 0.26 0.26 0.03 0.22 0.22 0.22 0.22 0.22 0.04 0.04 0.00 0.02 0.34 0.39 0.39 0.39 0.39 0.40 0.37 0.40 0.40 0.36 0.39 0.37 0.36 0.35 0.25 0.32 0.29 0.33 0.19 0.21 0.21 0.21
0.81 0.81 0.81 0.81 0.71 0.81 0.81 0.81 0.80 0.81 0.81 0.81 0.81 0.81 0.81 0.81 1.00 0.82 0.79 0.81 0.81 0.81 0.81 0.82 0.70 0.78 0.81 0.66 0.80 0.81 0.81 0.81 0.82 0.81 0.81 0.81 0.81 0.81 0.81 0.76 0.70 0.76 0.72 0.76 0.76 0.76 0.76 0.76 0.75 0.76 0.76 0.76 0.34 0.73 0.73 0.73 0.73 0.73 0.35 0.35 0.09 0.18 0.80 0.81 0.81 0.81 0.81 0.81 0.80 0.81 0.81 0.80 0.81 0.80 0.80 0.80 0.74 0.79 0.78 0.79 0.70 0.74 0.74 0.74
0.86 0.86 0.86 0.86 0.80 0.86 0.86 0.86 0.85 0.86 0.86 0.86 0.86 0.86 0.86 0.86 1.00 0.86 0.84 0.86 0.86 0.86 0.86 0.86 0.79 0.84 0.86 0.75 0.85 0.86 0.86 0.86 0.86 0.86 0.86 0.86 0.86 0.86 0.86 0.83 0.79 0.83 0.80 0.83 0.83 0.83 0.83 0.83 0.83 0.83 0.83 0.83 0.45 0.81 0.81 0.81 0.81 0.81 0.45 0.45 0.16 0.25 0.85 0.86 0.86 0.86 0.86 0.86 0.86 0.86 0.86 0.86 0.86 0.86 0.86 0.86 0.82 0.85 0.84 0.85 0.79 0.82 0.82 0.82
0.30 0.35 0.35 0.35 0.19 0.31 0.35 0.34 0.32 0.33 0.36 0.37 0.33 0.38 0.39 0.43 1.00 0.52 0.27 0.37 0.38 0.38 0.39 0.52 0.16 0.25 0.37 0.16 0.34 0.38 0.39 0.40 0.52 0.38 0.39 0.40 0.39 0.38 0.39 0.23 0.13 0.20 0.15 0.19 0.19 0.18 0.19 0.19 0.17 0.18 0.18 0.18 0.02 0.15 0.15 0.15 0.15 0.15 0.02 0.02 0.00 0.01 0.25 0.29 0.29 0.29 0.29 0.30 0.28 0.30 0.30 0.26 0.29 0.27 0.25 0.25 0.17 0.22 0.20 0.23 0.12 0.14 0.14 0.14
0.30 0.36 0.36 0.35 0.20 0.32 0.36 0.35 0.33 0.33 0.36 0.37 0.33 0.39 0.40 0.44 1.00 0.52 0.28 0.38 0.39 0.39 0.40 0.52 0.17 0.27 0.38 0.16 0.35 0.38 0.40 0.41 0.52 0.38 0.40 0.41 0.40 0.38 0.40 0.24 0.14 0.21 0.16 0.20 0.20 0.19 0.20 0.20 0.18 0.19 0.19 0.19 0.02 0.16 0.16 0.16 0.16 0.16 0.02 0.02 0.00 0.01 0.26 0.30 0.30 0.30 0.30 0.31 0.29 0.31 0.31 0.27 0.30 0.28 0.26 0.26 0.18 0.23 0.22 0.25 0.12 0.14 0.14 0.14
0.64 0.67 0.67 0.66 0.50 0.65 0.67 0.66 0.64 0.66 0.66 0.66 0.66 0.67 0.68 0.67 1.00 0.70 0.61 0.67 0.67 0.67 0.68 0.70 0.49 0.59 0.67 0.46 0.64 0.67 0.68 0.68 0.70 0.67 0.68 0.68 0.67 0.67 0.67 0.57 0.47 0.55 0.49 0.55 0.55 0.54 0.55 0.55 0.54 0.54 0.54 0.54 0.15 0.50 0.50 0.50 0.50 0.50 0.17 0.16 0.03 0.08 0.62 0.65 0.65 0.65 0.65 0.65 0.64 0.65 0.65 0.63 0.65 0.63 0.63 0.63 0.53 0.60 0.57 0.60 0.47 0.50 0.50 0.50
0.76 0.77 0.77 0.76 0.65 0.76 0.77 0.76 0.75 0.76 0.77 0.77 0.76 0.77 0.77 0.77 1.00 0.78 0.74 0.77 0.77 0.77 0.77 0.78 0.65 0.72 0.77 0.60 0.76 0.77 0.77 0.77 0.78 0.77 0.77 0.77 0.77 0.77 0.77 0.71 0.64 0.70 0.65 0.69 0.69 0.69 0.69 0.70 0.69 0.69 0.69 0.69 0.28 0.66 0.66 0.66 0.66 0.66 0.29 0.28 0.06 0.15 0.74 0.76 0.76 0.76 0.76 0.76 0.76 0.76 0.76 0.76 0.76 0.75 0.75 0.75 0.68 0.73 0.72 0.74 0.63 0.67 0.67 0.67
0.74 0.75 0.75 0.75 0.62 0.74 0.75 0.75 0.73 0.75 0.75 0.75 0.75 0.76 0.76 0.75 1.00 0.77 0.71 0.75 0.76 0.76 0.76 0.77 0.61 0.70 0.75 0.57 0.73 0.75 0.75 0.75 0.77 0.75 0.75 0.75 0.75 0.75 0.75 0.68 0.60 0.67 0.62 0.67 0.67 0.66 0.67 0.67 0.66 0.66 0.66 0.66 0.24 0.63 0.63 0.63 0.63 0.63 0.25 0.25 0.05 0.13 0.72 0.74 0.74 0.74 0.74 0.74 0.73 0.74 0.74 0.73 0.74 0.73 0.73 0.73 0.65 0.70 0.69 0.71 0.60 0.64 0.64 0.64
0.41 0.45 0.45 0.44 0.26 0.42 0.45 0.44 0.41 0.43 0.46 0.46 0.43 0.48 0.48 0.50 1.00 0.57 0.37 0.46 0.48 0.48 0.48 0.57 0.25 0.35 0.46 0.23 0.43 0.46 0.48 0.48 0.57 0.46 0.48 0.48 0.47 0.46 0.47 0.33 0.21 0.29 0.23 0.28 0.28 0.27 0.28 0.28 0.27 0.27 0.27 0.27 0.03 0.23 0.23 0.23 0.23 0.23 0.05 0.05 0.00 0.02 0.36 0.41 0.41 0.41 0.41 0.41 0.39 0.41 0.41 0.38 0.41 0.38 0.37 0.37 0.27 0.33 0.31 0.34 0.21 0.23 0.23 0.23
0.32 0.37 0.37 0.37 0.20 0.33 0.37 0.36 0.34 0.35 0.38 0.39 0.35 0.40 0.41 0.45 1.00 0.53 0.29 0.39 0.40 0.40 0.41 0.53 0.18 0.28 0.39 0.17 0.36 0.39 0.42 0.42 0.53 0.39 0.42 0.42 0.41 0.39 0.41 0.25 0.14 0.21 0.16 0.20 0.20 0.19 0.20 0.20 0.19 0.19 0.19 0.19 0.02 0.16 0.16 0.16 0.16 0.16 0.03 0.02 0.00 0.01 0.27 0.31 0.31 0.31 0.31 0.32 0.30 0.32 0.32 0.29 0.31 0.29 0.28 0.28 0.18 0.24 0.22 0.25 0.13 0.16 0.16 0.16
0.87 0.87 0.87 0.87 0.81 0.87 0.87 0.87 0.86 0.87 0.87 0.87 0.87 0.87 0.87 0.87 1.00 0.87 0.85 0.87 0.87 0.87 0.87 0.87 0.80 0.85 0.87 0.77 0.86 0.87 0.87 0.87 0.87 0.87 0.87 0.87 0.86 0.87 0.86 0.84 0.81 0.84 0.82 0.84 0.84 0.84 0.84 0.84 0.84 0.84 0.84 0.84 0.48 0.82 0.82 0.82 0.82 0.82 0.46 0.47 0.17 0.27 0.86 0.87 0.87 0.87 0.87 0.87 0.86 0.87 0.87 0.87 0.87 0.87 0.87 0.86 0.83 0.86 0.85 0.86 0.80 0.83 0.83 0.83
0.36 0.41 0.41 0.40 0.23 0.38 0.41 0.40 0.37 0.39 0.42 0.42 0.39 0.43 0.44 0.47 1.00 0.55 0.33 0.42 0.43 0.43 0.44 0.55 0.20 0.30 0.42 0.20 0.39 0.42 0.45 0.45 0.55 0.42 0.45 0.45 0.45 0.42 0.45 0.29 0.17 0.25 0.19 0.24 0.24 0.23 0.24 0.24 0.22 0.23 0.23 0.23 0.02 0.19 0.19 0.19 0.19 0.19 0.04 0.03 0.00 0.02 0.31 0.36 0.36 0.36 0.36 0.36 0.34 0.36 0.36 0.33 0.36 0.33 0.32 0.32 0.22 0.28 0.26 0.30 0.16 0.18 0.18 0.18
0.53 0.56 0.56 0.55 0.38 0.54 0.56 0.55 0.53 0.55 0.56 0.57 0.55 0.58 0.58 0.60 1.00 0.64 0.49 0.57 0.58 0.58 0.58 0.64 0.36 0.47 0.57 0.33 0.54 0.58 0.59 0.59 0.64 0.58 0.59 0.59 0.57 0.58 0.57 0.44 0.33 0.41 0.35 0.41 0.41 0.40 0.41 0.41 0.39 0.40 0.40 0.40 0.08 0.36 0.36 0.36 0.36 0.36 0.10 0.08 0.01 0.04 0.49 0.53 0.53 0.53 0.53 0.53 0.52 0.53 0.53 0.51 0.53 0.51 0.50 0.50 0.39 0.46 0.44 0.47 0.32 0.35 0.35 0.35
0.53 0.57 0.57 0.56 0.38 0.54 0.57 0.55 0.53 0.55 0.57 0.57 0.55 0.58 0.59 0.60 1.00 0.64 0.49 0.57 0.58 0.58 0.59 0.64 0.36 0.47 0.57 0.34 0.54 0.58 0.58 0.59 0.64 0.58 0.58 0.59 0.58 0.58 0.58 0.44 0.33 0.41 0.35 0.41 0.41 0.40 0.41 0.41 0.39 0.40 0.40 0.40 0.07 0.36 0.36 0.36 0.36 0.36 0.09 0.09 0.01 0.05 0.49 0.53 0.53 0.53 0.53 0.54 0.52 0.54 0.54 0.51 0.53 0.51 0.51 0.51 0.40 0.47 0.44 0.48 0.33 0.36 0.36 0.36
0.57 0.60 0.60 0.60 0.42 0.58 0.60 0.59 0.57 0.59 0.60 0.60 0.59 0.62 0.62 0.62 1.00 0.66 0.53 0.61 0.62 0.62 0.62 0.66 0.40 0.52 0.61 0.38 0.58 0.61 0.62 0.62 0.66 0.61 0.62 0.62 0.61 0.61 0.61 0.49 0.38 0.46 0.40 0.46 0.46 0.45 0.46 0.46 0.45 0.45 0.45 0.45 0.10 0.41 0.41 0.41 0.41 0.41 0.12 0.11 0.02 0.06 0.54 0.58 0.58 0.58 0.58 0.58 0.56 0.58 0.58 0.56 0.58 0.56 0.55 0.55 0.45 0.51 0.49 0.52 0.38 0.41 0.41 0.41
0.53 0.57 0.57 0.56 0.38 0.55 0.57 0.55 0.53 0.56 0.57 0.57 0.56 0.59 0.59 0.60 1.00 0.64 0.50 0.58 0.59 0.59 0.59 0.64 0.36 0.47 0.58 0.34 0.55 0.58 0.59 0.59 0.64 0.58 0.59 0.59 0.58 0.58 0.58 0.45 0.33 0.42 0.35 0.41 0.41 0.40 0.41 0.41 0.39 0.40 0.40 0.40 0.07 0.36 0.36 0.36 0.36 0.36 0.09 0.09 0.01 0.04 0.50 0.53 0.53 0.53 0.53 0.54 0.52 0.54 0.54 0.52 0.53 0.51 0.51 0.51 0.40 0.46 0.44 0.48 0.33 0.36 0.36 0.36
0.57 0.60 0.60 0.59 0.42 0.59 0.60 0.59 0.57 0.59 0.60 0.60 0.59 0.61 0.62 0.62 1.00 0.66 0.53 0.61 0.61 0.61 0.62 0.66 0.40 0.52 0.61 0.38 0.58 0.61 0.62 0.62 0.66 0.61 0.62 0.62 0.61 0.61 0.61 0.50 0.38 0.47 0.41 0.46 0.46 0.45 0.46 0.46 0.45 0.45 0.45 0.45 0.10 0.41 0.41 0.41 0.41 0.41 0.12 0.11 0.01 0.06 0.54 0.57 0.57 0.57 0.57 0.58 0.56 0.58 0.58 0.56 0.57 0.56 0.55 0.55 0.45 0.51 0.49 0.52 0.38 0.41 0.41 0.41
0.37 0.42 0.42 0.41 0.25 0.39 0.42 0.41 0.39 0.40 0.43 0.44 0.40 0.45 0.46 0.49 1.00 0.56 0.34 0.44 0.45 0.45 0.46 0.56 0.21 0.33 0.44 0.21 0.41 0.44 0.46 0.46 0.56 0.44 0.46 0.46 0.46 0.44 0.46 0.30 0.18 0.26 0.20 0.25 0.25 0.24 0.25 0.25 0.24 0.24 0.24 0.24 0.03 0.21 0.21 0.21 0.21 0.21 0.04 0.03 0.00 0.02 0.33 0.37 0.37 0.37 0.37 0.38 0.36 0.38 0.38 0.35 0.37 0.35 0.34 0.34 0.24 0.30 0.28 0.31 0.18 0.20 0.20 0.20
0.55 0.58 0.58 0.57 0.39 0.56 0.58 0.57 0.54 0.56 0.58 0.58 0.56 0.59 0.59 0.60 1.00 0.64 0.51 0.58 0.59 0.59 0.60 0.64 0.38 0.48 0.58 0.35 0.55 0.59 0.59 0.59 0.64 0.59 0.59 0.59 0.58 0.59 0.58 0.46 0.34 0.43 0.37 0.43 0.43 0.42 0.43 0.43 0.41 0.42 0.42 0.42 0.08 0.38 0.38 0.38 0.38 0.38 0.09 0.09 0.01 0.05 0.51 0.55 0.55 0.55 0.55 0.55 0.53 0.55 0.55 0.53 0.55 0.53 0.52 0.52 0.41 0.48 0.46 0.49 0.34 0.38 0.38 0.38
0.35 0.41 0.41 0.40 0.23 0.37 0.41 0.39 0.37 0.38 0.41 0.42 0.38 0.43 0.44 0.47 1.00 0.55 0.32 0.42 0.43 0.43 0.44 0.55 0.20 0.30 0.42 0.19 0.39 0.43 0.44 0.44 0.55 0.43 0.44 0.44 0.44 0.43 0.44 0.28 0.17 0.24 0.19 0.23 0.23 0.22 0.23 0.23 0.22 0.22 0.22 0.22 0.02 0.19 0.19 0.19 0.19 0.19 0.03 0.03 0.00 0.02 0.31 0.35 0.35 0.35 0.35 0.36 0.33 0.36 0.36 0.32 0.35 0.33 0.31 0.31 0.21 0.28 0.25 0.29 0.16 0.18 0.18 0.18
0.46 0.51 0.51 0.50 0.31 0.48 0.51 0.49 0.47 0.49 0.51 0.51 0.49 0.52 0.53 0.54 1.00 0.60 0.43 0.51 0.52 0.52 0.53 0.60 0.29 0.40 0.51 0.28 0.48 0.52 0.53 0.53 0.60 0.52 0.53 0.53 0.52 0.52 0.52 0.39 0.27 0.35 0.29 0.34 0.34 0.33 0.34 0.34 0.32 0.33 0.33 0.33 0.05 0.30 0.30 0.30 0.30 0.30 0.07 0.06 0.01 0.03 0.42 0.46 0.46 0.46 0.46 0.46 0.44 0.46 0.46 0.44 0.46 0.44 0.43 0.43 0.32 0.39 0.36 0.40 0.25 0.28 0.28 0.28
0.39 0.43 0.43 0.42 0.25 0.40 0.43 0.42 0.40 0.41 0.44 0.44 0.41 0.46 0.47 0.50 1.00 0.57 0.35 0.45 0.46 0.46 0.47 0.57 0.23 0.34 0.45 0.22 0.42 0.46 0.47 0.48 0.57 0.46 0.47 0.48 0.47 0.46 0.47 0.31 0.19 0.27 0.22 0.26 0.26 0.26 0.26 0.26 0.25 0.26 0.26 0.26 0.03 0.22 0.22 0.22 0.22 0.22 0.04 0.04 0.00 0.02 0.34 0.38 0.38 0.38 0.38 0.39 0.37 0.39 0.39 0.36 0.38 0.36 0.35 0.34 0.25 0.31 0.29 0.33 0.19 0.21 0.21 0.21
0.30 0.36 0.36 0.35 0.19 0.32 0.36 0.35 0.33 0.33 0.37 0.37 0.33 0.39 0.40 0.44 1.00 0.53 0.28 0.37 0.39 0.39 0.40 0.53 0.17 0.26 0.37 0.16 0.34 0.38 0.40 0.40 0.53 0.38 0.40 0.40 0.40 0.38 0.40 0.24 0.14 0.21 0.16 0.20 0.20 0.19 0.20 0.20 0.18 0.19 0.19 0.19 0.02 0.16 0.16 0.16 0.16 0.16 0.03 0.02 0.00 0.01 0.25 0.30 0.30 0.30 0.30 0.31 0.28 0.31 0.31 0.27 0.30 0.28 0.26 0.26 0.18 0.23 0.21 0.24 0.13 0.14 0.14 0.14
0.52 0.56 0.56 0.55 0.37 0.53 0.56 0.54 0.52 0.54 0.56 0.56 0.54 0.58 0.58 0.59 1.00 0.63 0.48 0.56 0.58 0.58 0.58 0.63 0.34 0.45 0.56 0.32 0.53 0.57 0.58 0.58 0.63 0.57 0.58 0.58 0.57 0.57 0.57 0.44 0.31 0.40 0.34 0.40 0.40 0.39 0.40 0.40 0.39 0.39 0.39 0.39 0.07 0.35 0.35 0.35 0.35 0.35 0.09 0.08 0.01 0.04 0.48 0.52 0.52 0.52 0.52 0.53 0.51 0.53 0.53 0.50 0.52 0.50 0.49 0.49 0.38 0.45 0.42 0.46 0.31 0.34 0.34 0.34
0.50 0.54 0.54 0.53 0.35 0.51 0.54 0.52 0.50 0.52 0.54 0.54 0.52 0.55 0.56 0.57 1.00 0.62 0.46 0.54 0.55 0.55 0.56 0.62 0.33 0.44 0.54 0.31 0.52 0.55 0.56 0.56 0.62 0.55 0.56 0.56 0.55 0.55 0.55 0.42 0.30 0.39 0.33 0.38 0.38 0.37 0.38 0.38 0.36 0.37 0.37 0.37 0.06 0.33 0.33 0.33 0.33 0.33 0.08 0.07 0.01 0.04 0.45 0.49 0.49 0.49 0.49 0.50 0.48 0.50 0.50 0.47 0.49 0.47 0.47 0.47 0.36 0.43 0.41 0.44 0.29 0.32 0.32 0.32
0.29 0.35 0.35 0.34 0.18 0.31 0.35 0.33 0.31 0.32 0.36 0.36 0.32 0.37 0.38 0.43 1.00 0.51 0.26 0.36 0.37 0.37 0.38 0.51 0.16 0.25 0.36 0.15 0.33 0.36 0.39 0.39 0.51 0.36 0.39 0.39 0.39 0.36 0.39 0.23 0.12 0.19 0.14 0.18 0.18 0.16 0.18 0.17 0.16 0.16 0.16 0.16 0.01 0.14 0.14 0.14 0.14 0.14 0.02 0.02 0.00 0.01 0.25 0.28 0.28 0.28 0.28 0.29 0.27 0.29 0.29 0.26 0.28 0.26 0.25 0.25 0.17 0.21 0.19 0.23 0.12 0.13 0.13 0.13
0.85 0.86 0.86 0.85 0.78 0.85 0.86 0.85 0.85 0.86 0.85 0.85 0.86 0.86 0.86 0.85 1.00 0.86 0.83 0.86 0.86 0.86 0.86 0.86 0.77 0.83 0.86 0.73 0.85 0.86 0.86 0.86 0.86 0.86 0.86 0.86 0.85 0.86 0.85 0.82 0.78 0.82 0.79 0.82 0.82 0.82 0.82 0.82 0.82 0.82 0.82 0.82 0.43 0.80 0.80 0.80 0.80 0.80 0.42 0.43 0.14 0.24 0.84 0.85 0.85 0.85 0.85 0.85 0.85 0.85 0.85 0.85 0.85 0.85 0.85 0.85 0.81 0.84 0.83 0.84 0.78 0.81 0.81 0.81
0.62 0.65 0.65 0.64 0.48 0.63 0.65 0.63 0.62 0.64 0.64 0.64 0.64 0.65 0.66 0.66 1.00 0.69 0.58 0.65 0.65 0.65 0.66 0.69 0.45 0.56 0.65 0.42 0.62 0.65 0.66 0.66 0.69 0.65 0.66 0.66 0.64 0.65 0.64 0.54 0.44 0.52 0.46 0.52 0.52 0.51 0.52 0.52 0.50 0.51 0.51 0.51 0.12 0.47 0.47 0.47 0.47 0.47 0.15 0.14 0.02 0.07 0.59 0.62 0.62 0.62 0.62 0.63 0.61 0.63 0.63 0.61 0.62 0.61 0.60 0.60 0.50 0.57 0.55 0.58 0.43 0.47 0.47 0.47
0.92 0.92 0.92 0.92 0.89 0.92 0.92 0.92 0.91 0.92 0.92 0.92 0.92 0.92 0.92 0.92 1.00 0.92 0.91 0.92 0.92 0.92 0.92 0.92 0.88 0.91 0.92 0.85 0.92 0.92 0.92 0.92 0.92 0.92 0.92 0.92 0.92 0.92 0.92 0.91 0.89 0.91 0.89 0.91 0.91 0.91 0.91 0.91 0.91 0.91 0.91 0.91 0.62 0.90 0.90 0.90 0.90 0.90 0.58 0.59 0.28 0.37 0.92 0.92 0.92 0.92 0.92 0.92 0.92 0.92 0.92 0.92 0.92 0.92 0.92 0.92 0.90 0.91 0.91 0.91 0.88 0.90 0.90 0.90
0.90 0.90 0.90 0.90 0.87 0.90 0.90 0.90 0.90 0.90 0.90 0.90 0.90 0.91 0.90 0.90 1.00 0.91 0.90 0.91 0.91 0.91 0.91 0.91 0.86 0.89 0.91 0.83 0.90 0.91 0.90 0.90 0.91 0.91 0.90 0.90 0.90 0.91 0.90 0.89 0.86 0.89 0.87 0.89 0.89 0.89 0.89 0.89 0.89 0.89 0.89 0.89 0.58 0.88 0.88 0.88 0.88 0.88 0.55 0.55 0.24 0.34 0.90 0.90 0.90 0.90 0.90 0.90 0.90 0.90 0.90 0.90 0.90 0.90 0.90 0.90 0.88 0.90 0.90 0.90 0.86 0.88 0.88 0.88
0.52 0.56 0.56 0.55 0.38 0.53 0.56 0.55 0.53 0.54 0.56 0.56 0.54 0.57 0.58 0.59 1.00 0.64 0.48 0.57 0.57 0.57 0.58 0.64 0.35 0.46 0.57 0.32 0.54 0.57 0.58 0.59 0.64 0.57 0.58 0.59 0.57 0.57 0.57 0.44 0.32 0.41 0.35 0.40 0.40 0.39 0.40 0.40 0.39 0.39 0.39 0.39 0.07 0.35 0.35 0.35 0.35 0.35 0.09 0.09 0.01 0.05 0.48 0.52 0.52 0.52 0.52 0.53 0.51 0.53 0.53 0.50 0.52 0.50 0.49 0.49 0.39 0.46 0.43 0.47 0.32 0.35 0.35 0.35
0.58 0.61 0.61 0.60 0.43 0.59 0.61 0.60 0.58 0.60 0.60 0.61 0.60 0.62 0.62 0.63 1.00 0.66 0.54 0.61 0.62 0.62 0.62 0.66 0.40 0.52 0.61 0.38 0.58 0.62 0.62 0.62 0.66 0.62 0.62 0.62 0.61 0.62 0.61 0.50 0.38 0.47 0.40 0.46 0.46 0.45 0.46 0.46 0.45 0.45 0.45 0.45 0.10 0.42 0.42 0.42 0.42 0.42 0.12 0.11 0.01 0.06 0.54 0.58 0.58 0.58 0.58 0.58 0.57 0.58 0.58 0.56 0.58 0.56 0.56 0.56 0.45 0.51 0.49 0.53 0.38 0.42 0.42 0.42
0.65 0.67 0.67 0.66 0.51 0.66 0.67 0.66 0.64 0.66 0.67 0.67 0.66 0.68 0.68 0.68 1.00 0.70 0.61 0.67 0.68 0.68 0.68 0.70 0.49 0.59 0.67 0.45 0.65 0.67 0.68 0.68 0.70 0.67 0.68 0.68 0.67 0.67 0.67 0.58 0.48 0.55 0.50 0.55 0.55 0.54 0.55 0.55 0.54 0.54 0.54 0.54 0.14 0.51 0.51 0.51 0.51 0.51 0.16 0.16 0.03 0.08 0.62 0.65 0.65 0.65 0.65 0.65 0.64 0.65 0.65 0.64 0.65 0.64 0.64 0.64 0.54 0.60 0.58 0.61 0.47 0.51 0.51 0.51
0.45 0.49 0.49 0.48 0.31 0.47 0.49 0.48 0.45 0.48 0.49 0.50 0.48 0.51 0.52 0.54 1.00 0.59 0.41 0.50 0.51 0.51 0.52 0.59 0.28 0.39 0.50 0.26 0.47 0.51 0.52 0.52 0.59 0.51 0.52 0.52 0.51 0.51 0.51 0.37 0.25 0.34 0.27 0.33 0.33 0.32 0.33 0.33 0.31 0.32 0.32 0.32 0.05 0.28 0.28 0.28 0.28 0.28 0.06 0.05 0.01 0.03 0.40 0.45 0.45 0.45 0.45 0.46 0.44 0.46 0.46 0.43 0.45 0.43 0.42 0.42 0.31 0.38 0.36 0.39 0.25 0.27 0.27 0.27
0.58 0.61 0.61 0.61 0.43 0.60 0.61 0.60 0.58 0.60 0.61 0.62 0.60 0.63 0.63 0.64 1.00 0.67 0.55 0.62 0.63 0.63 0.63 0.67 0.42 0.53 0.62 0.39 0.59 0.62 0.63 0.63 0.67 0.62 0.63 0.63 0.62 0.62 0.62 0.50 0.39 0.48 0.42 0.47 0.47 0.46 0.47 0.47 0.46 0.46 0.46 0.46 0.10 0.42 0.42 0.42 0.42 0.42 0.12 0.12 0.02 0.06 0.55 0.59 0.59 0.59 0.59 0.59 0.57 0.59 0.59 0.57 0.59 0.57 0.56 0.56 0.46 0.53 0.51 0.54 0.39 0.42 0.42 0.42
0.64 0.66 0.66 0.66 0.50 0.65 0.66 0.65 0.63 0.65 0.66 0.66 0.65 0.67 0.67 0.67 1.00 0.70 0.61 0.66 0.67 0.67 0.67 0.70 0.48 0.59 0.66 0.45 0.64 0.67 0.67 0.67 0.70 0.67 0.67 0.67 0.66 0.67 0.66 0.56 0.47 0.54 0.49 0.54 0.54 0.53 0.54 0.54 0.52 0.53 0.53 0.53 0.14 0.49 0.49 0.49 0.49 0.49 0.16 0.16 0.02 0.08 0.61 0.64 0.64 0.64 0.64 0.65 0.63 0.65 0.65 0.63 0.64 0.63 0.63 0.63 0.53 0.60 0.57 0.60 0.47 0.50 0.50 0.50
0.68 0.70 0.70 0.70 0.55 0.69 0.70 0.69 0.68 0.69 0.69 0.69 0.69 0.70 0.70 0.70 1.00 0.72 0.65 0.70 0.70 0.70 0.70 0.72 0.52 0.63 0.70 0.49 0.67 0.70 0.70 0.70 0.72 0.70 0.70 0.70 0.70 0.70 0.70 0.62 0.51 0.60 0.54 0.59 0.59 0.59 0.59 0.59 0.58 0.59 0.59 0.59 0.17 0.55 0.55 0.55 0.55 0.55 0.19 0.19 0.03 0.10 0.66 0.68 0.68 0.68 0.68 0.69 0.67 0.69 0.69 0.67 0.68 0.67 0.67 0.67 0.57 0.64 0.62 0.65 0.51 0.55 0.55 0.55
0.85 0.86 0.86 0.86 0.79 0.86 0.86 0.85 0.85 0.86 0.86 0.86 0.86 0.86 0.86 0.86 1.00 0.86 0.84 0.86 0.86 0.86 0.86 0.86 0.78 0.84 0.86 0.75 0.85 0.86 0.86 0.86 0.86 0.86 0.86 0.86 0.85 0.86 0.85 0.83 0.79 0.83 0.80 0.83 0.83 0.83 0.83 0.83 0.83 0.83 0.83 0.83 0.45 0.81 0.81 0.81 0.81 0.81 0.45 0.45 0.16 0.26 0.85 0.86 0.86 0.86 0.86 0.86 0.85 0.86 0.86 0.85 0.86 0.85 0.85 0.85 0.82 0.84 0.84 0.85 0.79 0.82 0.82 0.82
0.83 0.83 0.83 0.83 0.74 0.83 0.83 0.83 0.82 0.83 0.83 0.83 0.83 0.83 0.83 0.83 1.00 0.83 0.80 0.83 0.83 0.83 0.83 0.83 0.74 0.80 0.83 0.69 0.82 0.83 0.83 0.83 0.83 0.83 0.83 0.83 0.83 0.83 0.83 0.79 0.74 0.79 0.75 0.78 0.78 0.78 0.78 0.78 0.78 0.78 0.78 0.78 0.38 0.76 0.76 0.76 0.76 0.76 0.38 0.38 0.11 0.20 0.81 0.83 0.83 0.83 0.83 0.83 0.82 0.83 0.83 0.82 0.83 0.82 0.82 0.82 0.77 0.81 0.80 0.81 0.73 0.77 0.77 0.77
0.40 0.45 0.45 0.44 0.27 0.41 0.45 0.44 0.41 0.42 0.45 0.46 0.42 0.47 0.48 0.50 1.00 0.57 0.37 0.46 0.47 0.47 0.48 0.57 0.24 0.35 0.46 0.23 0.43 0.46 0.48 0.48 0.57 0.46 0.48 0.48 0.47 0.46 0.47 0.33 0.21 0.29 0.23 0.28 0.28 0.27 0.28 0.28 0.26 0.27 0.27 0.27 0.03 0.24 0.24 0.24 0.24 0.24 0.05 0.04 0.00 0.03 0.35 0.40 0.40 0.40 0.40 0.40 0.38 0.40 0.40 0.37 0.40 0.37 0.36 0.36 0.26 0.32 0.30 0.33 0.20 0.22 0.22 0.22
0.30 0.35 0.35 0.34 0.19 0.32 0.35 0.34 0.32 0.33 0.36 0.37 0.33 0.38 0.39 0.43 1.00 0.51 0.27 0.37 0.38 0.38 0.39 0.51 0.16 0.26 0.37 0.16 0.34 0.37 0.39 0.40 0.51 0.37 0.39 0.40 0.39 0.37 0.39 0.23 0.13 0.20 0.15 0.19 0.19 0.18 0.19 0.19 0.18 0.18 0.18 0.18 0.02 0.15 0.15 0.15 0.15 0.15 0.03 0.02 0.00 0.01 0.26 0.30 0.30 0.30 0.30 0.30 0.28 0.30 0.30 0.27 0.30 0.27 0.26 0.26 0.17 0.22 0.20 0.24 0.12 0.14 0.14 0.14
0.48 0.52 0.52 0.51 0.33 0.49 0.52 0.50 0.48 0.50 0.52 0.52 0.50 0.53 0.54 0.56 1.00 0.61 0.44 0.52 0.53 0.53 0.54 0.61 0.31 0.42 0.52 0.29 0.49 0.53 0.54 0.54 0.61 0.53 0.54 0.54 0.53 0.53 0.53 0.40 0.28 0.37 0.30 0.36 0.36 0.35 0.36 0.36 0.34 0.35 0.35 0.35 0.05 0.31 0.31 0.31 0.31 0.31 0.07 0.06 0.01 0.04 0.44 0.48 0.48 0.48 0.48 0.48 0.47 0.48 0.48 0.46 0.48 0.46 0.45 0.45 0.34 0.41 0.39 0.42 0.28 0.30 0.30 0.30
0.65 0.67 0.67 0.66 0.51 0.66 0.67 0.66 0.64 0.66 0.67 0.67 0.66 0.67 0.68 0.68 1.00 0.70 0.61 0.67 0.67 0.67 0.68 0.70 0.48 0.59 0.67 0.45 0.65 0.67 0.68 0.68 0.70 0.67 0.68 0.68 0.67 0.67 0.67 0.58 0.47 0.55 0.50 0.55 0.55 0.55 0.55 0.55 0.54 0.55 0.55 0.55 0.15 0.51 0.51 0.51 0.51 0.51 0.17 0.17 0.03 0.09 0.62 0.65 0.65 0.65 0.65 0.65 0.64 0.65 0.65 0.64 0.65 0.64 0.63 0.63 0.54 0.60 0.58 0.61 0.47 0.51 0.51 0.51
0.60 0.63 0.63 0.62 0.46 0.61 0.63 0.62 0.60 0.62 0.63 0.63 0.62 0.64 0.64 0.64 1.00 0.67 0.56 0.63 0.64 0.64 0.64 0.67 0.43 0.54 0.63 0.40 0.60 0.63 0.64 0.64 0.67 0.63 0.64 0.64 0.63 0.63 0.63 0.52 0.41 0.50 0.43 0.49 0.49 0.49 0.49 0.49 0.48 0.49 0.49 0.49 0.12 0.45 0.45 0.45 0.45 0.45 0.14 0.13 0.02 0.06 0.57 0.60 0.60 0.60 0.60 0.61 0.59 0.61 0.61 0.59 0.60 0.59 0.58 0.58 0.48 0.55 0.52 0.56 0.41 0.44 0.44 0.44
0.37 0.42 0.42 0.41 0.24 0.39 0.42 0.40 0.38 0.40 0.42 0.43 0.40 0.44 0.45 0.48 1.00 0.56 0.34 0.43 0.44 0.44 0.45 0.56 0.21 0.32 0.43 0.20 0.41 0.44 0.46 0.46 0.56 0.44 0.46 0.46 0.45 0.44 0.45 0.29 0.18 0.26 0.20 0.25 0.25 0.24 0.25 0.25 0.24 0.24 0.24 0.24 0.03 0.21 0.21 0.21 0.21 0.21 0.04 0.03 0.00 0.02 0.33 0.37 0.37 0.37 0.37 0.38 0.35 0.38 0.38 0.34 0.37 0.35 0.33 0.34 0.24 0.30 0.27 0.31 0.17 0.20 0.20 0.20
0.52 0.55 0.55 0.54 0.36 0.53 0.55 0.54 0.51 0.53 0.55 0.55 0.53 0.57 0.57 0.58 1.00 0.63 0.48 0.56 0.57 0.57 0.57 0.63 0.35 0.45 0.56 0.33 0.53 0.56 0.57 0.58 0.63 0.56 0.57 0.58 0.56 0.56 0.56 0.43 0.31 0.40 0.33 0.39 0.39 0.38 0.39 0.39 0.38 0.38 0.38 0.38 0.07 0.34 0.34 0.34 0.34 0.34 0.08 0.08 0.01 0.04 0.48 0.52 0.52 0.52 0.52 0.52 0.51 0.52 0.52 0.49 0.52 0.50 0.49 0.49 0.39 0.45 0.42 0.46 0.31 0.35 0.35 0.35
0.30 0.36 0.36 0.35 0.18 0.32 0.36 0.35 0.32 0.33 0.36 0.37 0.33 0.39 0.39 0.43 1.00 0.52 0.27 0.37 0.39 0.39 0.39 0.52 0.17 0.26 0.37 0.15 0.34 0.38 0.40 0.40 0.52 0.38 0.40 0.40 0.40 0.38 0.40 0.24 0.13 0.20 0.15 0.20 0.20 0.18 0.20 0.19 0.18 0.18 0.18 0.18 0.01 0.15 0.15 0.15 0.15 0.15 0.03 0.02 0.00 0.01 0.25 0.29 0.29 0.29 0.29 0.30 0.28 0.30 0.30 0.26 0.29 0.27 0.26 0.26 0.18 0.23 0.21 0.24 0.12 0.14 0.14 0.14
0.65 0.67 0.67 0.67 0.51 0.66 0.67 0.66 0.65 0.67 0.67 0.67 0.67 0.69 0.69 0.69 1.00 0.71 0.61 0.68 0.69 0.69 0.69 0.71 0.49 0.60 0.68 0.46 0.65 0.68 0.68 0.68 0.71 0.68 0.68 0.68 0.67 0.68 0.67 0.58 0.47 0.55 0.49 0.55 0.55 0.54 0.55 0.55 0.54 0.54 0.54 0.54 0.15 0.50 0.50 0.50 0.50 0.50 0.16 0.16 0.03 0.09 0.62 0.65 0.65 0.65 0.65 0.66 0.64 0.66 0.66 0.64 0.65 0.64 0.64 0.64 0.54 0.60 0.58 0.61 0.48 0.51 0.51 0.51
0.83 0.84 0.84 0.84 0.76 0.84 0.84 0.84 0.83 0.84 0.84 0.84 0.84 0.84 0.84 0.84 1.00 0.84 0.82 0.84 0.84 0.84 0.84 0.84 0.75 0.81 0.84 0.70 0.83 0.84 0.84 0.84 0.84 0.84 0.84 0.84 0.83 0.84 0.83 0.80 0.74 0.79 0.76 0.79 0.79 0.79 0.79 0.79 0.79 0.79 0.79 0.79 0.38 0.77 0.77 0.77 0.77 0.77 0.38 0.39 0.11 0.21 0.83 0.84 0.84 0.84 0.84 0.84 0.83 0.84 0.84 0.83 0.84 0.83 0.83 0.83 0.78 0.82 0.81 0.82 0.74 0.77 0.77 0.77
0.88 0.88 0.88 0.88 0.83 0.88 0.88 0.88 0.88 0.88 0.88 0.88 0.88 0.88 0.88 0.88 1.00 0.88 0.87 0.88 0.88 0.88 0.88 0.88 0.83 0.86 0.88 0.79 0.88 0.88 0.88 0.88 0.88 0.88 0.88 0.88 0.88 0.88 0.88 0.86 0.83 0.86 0.84 0.86 0.86 0.86 0.86 0.86 0.86 0.86 0.86 0.86 0.51 0.84 0.84 0.84 0.84 0.84 0.49 0.49 0.19 0.29 0.88 0.88 0.88 0.88 0.88 0.88 0.88 0.88 0.88 0.88 0.88 0.88 0.88 0.88 0.85 0.87 0.87 0.87 0.82 0.84 0.84 0.84
0.50 0.54 0.54 0.53 0.35 0.51 0.54 0.52 0.50 0.52 0.54 0.54 0.52 0.56 0.56 0.57 1.00 0.63 0.46 0.54 0.56 0.56 0.56 0.63 0.33 0.44 0.54 0.31 0.51 0.55 0.56 0.56 0.63 0.55 0.56 0.56 0.55 0.55 0.55 0.41 0.30 0.39 0.32 0.38 0.38 0.37 0.38 0.38 0.36 0.37 0.37 0.37 0.06 0.33 0.33 0.33 0.33 0.33 0.08 0.08 0.01 0.04 0.46 0.50 0.50 0.50 0.50 0.50 0.48 0.50 0.50 0.47 0.50 0.48 0.47 0.47 0.36 0.43 0.40 0.44 0.30 0.32 0.32 0.32
0.79 0.80 0.80 0.80 0.70 0.80 0.80 0.80 0.79 0.80 0.80 0.80 0.80 0.80 0.80 0.80 1.00 0.81 0.77 0.80 0.80 0.80 0.80 0.81 0.69 0.76 0.80 0.65 0.79 0.80 0.80 0.80 0.81 0.80 0.80 0.80 0.80 0.80 0.80 0.75 0.69 0.75 0.71 0.75 0.75 0.74 0.75 0.75 0.74 0.74 0.74 0.74 0.33 0.72 0.72 0.72 0.72 0.72 0.33 0.34 0.09 0.19 0.78 0.80 0.80 0.80 0.80 0.80 0.79 0.80 0.80 0.79 0.80 0.79 0.79 0.79 0.73 0.78 0.76 0.78 0.69 0.72 0.72 0.72
0.68 0.70 0.70 0.69 0.54 0.69 0.70 0.69 0.67 0.69 0.70 0.69 0.69 0.70 0.71 0.70 1.00 0.72 0.65 0.70 0.70 0.70 0.71 0.72 0.53 0.63 0.70 0.49 0.68 0.70 0.71 0.71 0.72 0.70 0.71 0.71 0.69 0.70 0.69 0.61 0.51 0.59 0.53 0.59 0.59 0.58 0.59 0.59 0.58 0.58 0.58 0.58 0.17 0.55 0.55 0.55 0.55 0.55 0.19 0.18 0.03 0.10 0.66 0.68 0.68 0.68 0.68 0.68 0.67 0.68 0.68 0.67 0.68 0.67 0.67 0.66 0.57 0.64 0.62 0.64 0.51 0.55 0.55 0.55
0.71 0.73 0.73 0.72 0.58 0.72 0.73 0.72 0.71 0.72 0.73 0.73 0.72 0.73 0.73 0.73 1.00 0.75 0.68 0.73 0.73 0.73 0.73 0.75 0.57 0.66 0.73 0.53 0.71 0.73 0.73 0.74 0.75 0.73 0.73 0.74 0.73 0.73 0.73 0.65 0.55 0.63 0.58 0.63 0.63 0.62 0.63 0.63 0.62 0.62 0.62 0.62 0.20 0.59 0.59 0.59 0.59 0.59 0.22 0.21 0.04 0.12 0.69 0.71 0.71 0.71 0.71 0.72 0.71 0.72 0.72 0.71 0.71 0.71 0.70 0.70 0.62 0.68 0.66 0.68 0.56 0.60 0.60 0.60
0.31 0.37 0.37 0.36 0.20 0.33 0.37 0.36 0.34 0.34 0.37 0.38 0.34 0.39 0.40 0.44 1.00 0.53 0.28 0.38 0.39 0.39 0.40 0.53 0.17 0.27 0.38 0.16 0.35 0.38 0.40 0.41 0.53 0.38 0.40 0.41 0.40 0.38 0.40 0.24 0.14 0.20 0.16 0.20 0.20 0.18 0.20 0.19 0.18 0.18 0.18 0.18 0.02 0.15 0.15 0.15 0.15 0.15 0.03 0.02 0.00 0.01 0.26 0.30 0.30 0.30 0.30 0.31 0.29 0.31 0.31 0.27 0.30 0.28 0.27 0.27 0.18 0.23 0.21 0.25 0.12 0.14 0.14 0.14
0.53 0.56 0.56 0.55 0.37 0.54 0.56 0.54 0.52 0.55 0.56 0.56 0.55 0.58 0.58 0.59 1.00 0.64 0.50 0.57 0.58 0.58 0.58 0.64 0.35 0.47 0.57 0.33 0.54 0.57 0.58 0.59 0.64 0.57 0.58 0.59 0.58 0.57 0.58 0.43 0.32 0.41 0.34 0.40 0.40 0.39 0.40 0.40 0.39 0.39 0.39 0.39 0.07 0.35 0.35 0.35 0.35 0.35 0.09 0.08 0.01 0.05 0.49 0.53 0.53 0.53 0.53 0.53 0.51 0.53 0.53 0.51 0.53 0.51 0.50 0.50 0.39 0.46 0.44 0.47 0.32 0.36 0.36 0.36
0.33 0.39 0.39 0.38 0.22 0.35 0.39 0.38 0.35 0.36 0.39 0.40 0.36 0.41 0.42 0.46 1.00 0.54 0.30 0.40 0.41 0.41 0.42 0.54 0.18 0.29 0.40 0.18 0.37 0.40 0.42 0.43 0.54 0.40 0.42 0.43 0.42 0.40 0.42 0.26 0.16 0.22 0.17 0.22 0.22 0.21 0.22 0.22 0.20 0.21 0.21 0.21 0.02 0.17 0.17 0.17 0.17 0.17 0.03 0.02 0.00 0.02 0.28 0.32 0.32 0.32 0.32 0.33 0.31 0.33 0.33 0.29 0.32 0.30 0.29 0.28 0.20 0.25 0.23 0.26 0.14 0.16 0.16 0.16
0.68 0.70 0.70 0.69 0.55 0.68 0.70 0.69 0.67 0.69 0.69 0.69 0.69 0.70 0.70 0.70 1.00 0.72 0.65 0.70 0.70 0.70 0.70 0.72 0.52 0.62 0.70 0.49 0.68 0.70 0.70 0.71 0.72 0.70 0.70 0.71 0.69 0.70 0.69 0.61 0.52 0.59 0.54 0.59 0.59 0.58 0.59 0.59 0.58 0.58 0.58 0.58 0.16 0.55 0.55 0.55 0.55 0.55 0.19 0.19 0.03 0.09 0.65 0.68 0.68 0.68 0.68 0.68 0.67 0.68 0.68 0.67 0.68 0.67 0.66 0.66 0.57 0.63 0.61 0.64 0.51 0.54 0.54 0.54
0.83 0.84 0.84 0.83 0.75 0.83 0.84 0.83 0.83 0.83 0.83 0.83 0.83 0.84 0.84 0.83 1.00 0.84 0.81 0.84 0.84 0.84 0.84 0.84 0.73 0.80 0.84 0.69 0.83 0.84 0.84 0.84 0.84 0.84 0.84 0.84 0.83 0.84 0.83 0.80 0.74 0.80 0.76 0.79 0.79 0.79 0.79 0.79 0.79 0.79 0.79 0.79 0.38 0.77 0.77 0.77 0.77 0.77 0.38 0.39 0.11 0.21 0.82 0.83 0.83 0.83 0.83 0.83 0.83 0.83 0.83 0.83 0.83 0.83 0.83 0.83 0.78 0.82 0.81 0.82 0.74 0.78 0.78 0.78
0.82 0.83 0.83 0.83 0.74 0.83 0.83 0.82 0.82 0.83 0.83 0.83 0.83 0.83 0.83 0.83 1.00 0.83 0.81 0.83 0.83 0.83 0.83 0.83 0.73 0.80 0.83 0.70 0.82 0.83 0.83 0.83 0.83 0.83 0.83 0.83 0.82 0.83 0.82 0.79 0.73 0.78 0.74 0.78 0.78 0.78 0.78 0.78 0.78 0.78 0.78 0.78 0.37 0.76 0.76 0.76 0.76 0.76 0.37 0.38 0.11 0.21 0.81 0.82 0.82 0.82 0.82 0.83 0.82 0.83 0.83 0.82 0.82 0.82 0.82 0.82 0.77 0.81 0.80 0.81 0.73 0.77 0.77 0.77
0.33 0.38 0.38 0.37 0.21 0.34 0.38 0.37 0.35 0.36 0.38 0.39 0.36 0.41 0.42 0.45 1.00 0.53 0.30 0.39 0.41 0.41 0.42 0.53 0.18 0.28 0.39 0.17 0.36 0.40 0.42 0.42 0.53 0.40 0.42 0.42 0.42 0.40 0.42 0.26 0.15 0.22 0.17 0.21 0.21 0.20 0.21 0.21 0.19 0.20 0.20 0.20 0.02 0.17 0.17 0.17 0.17 0.17 0.03 0.02 0.00 0.01 0.29 0.32 0.32 0.32 0.32 0.33 0.31 0.33 0.33 0.30 0.32 0.30 0.29 0.29 0.20 0.25 0.23 0.26 0.15 0.16 0.16 0.16
0.56 0.60 0.60 0.59 0.42 0.57 0.60 0.58 0.56 0.58 0.59 0.60 0.58 0.60 0.61 0.62 1.00 0.66 0.52 0.60 0.60 0.60 0.61 0.66 0.39 0.50 0.60 0.36 0.57 0.60 0.61 0.61 0.66 0.60 0.61 0.61 0.60 0.60 0.60 0.49 0.37 0.46 0.40 0.45 0.45 0.44 0.45 0.45 0.44 0.44 0.44 0.44 0.09 0.40 0.40 0.40 0.40 0.40 0.11 0.10 0.01 0.06 0.52 0.56 0.56 0.56 0.56 0.57 0.55 0.57 0.57 0.54 0.56 0.55 0.53 0.53 0.43 0.50 0.48 0.51 0.36 0.40 0.40 0.40
0.41 0.45 0.45 0.44 0.27 0.42 0.45 0.44 0.42 0.43 0.45 0.46 0.43 0.48 0.48 0.51 1.00 0.57 0.37 0.47 0.48 0.48 0.49 0.57 0.25 0.35 0.47 0.24 0.44 0.47 0.49 0.49 0.57 0.47 0.49 0.49 0.48 0.47 0.48 0.33 0.22 0.30 0.24 0.29 0.29 0.28 0.29 0.29 0.27 0.28 0.28 0.28 0.03 0.24 0.24 0.24 0.24 0.24 0.05 0.04 0.00 0.03 0.36 0.40 0.40 0.40 0.40 0.41 0.39 0.41 0.41 0.38 0.40 0.38 0.37 0.37 0.27 0.34 0.32 0.35 0.21 0.23 0.23 0.23
0.87 0.87 0.87 0.87 0.81 0.87 0.87 0.87 0.87 0.87 0.87 0.87 0.87 0.87 0.87 0.87 1.00 0.87 0.86 0.87 0.87 0.87 0.87 0.87 0.81 0.85 0.87 0.77 0.87 0.87 0.87 0.87 0.87 0.87 0.87 0.87 0.87 0.87 0.87 0.85 0.81 0.84 0.82 0.85 0.85 0.84 0.85 0.85 0.84 0.84 0.84 0.84 0.49 0.83 0.83 0.83 0.83 0.83 0.47 0.47 0.17 0.28 0.86 0.87 0.87 0.87 0.87 0.87 0.87 0.87 0.87 0.87 0.87 0.87 0.87 0.87 0.83 0.86 0.85 0.86 0.80 0.83 0.83 0.83
0.54 0.57 0.57 0.56 0.39 0.55 0.57 0.56 0.54 0.56 0.57 0.57 0.56 0.59 0.59 0.60 1.00 0.64 0.50 0.58 0.59 0.59 0.59 0.64 0.36 0.48 0.58 0.35 0.55 0.58 0.59 0.59 0.64 0.58 0.59 0.59 0.58 0.58 0.58 0.45 0.33 0.42 0.36 0.42 0.42 0.41 0.42 0.42 0.40 0.41 0.41 0.41 0.07 0.37 0.37 0.37 0.37 0.37 0.10 0.09 0.01 0.05 0.50 0.54 0.54 0.54 0.54 0.54 0.52 0.54 0.54 0.52 0.54 0.52 0.51 0.51 0.40 0.47 0.44 0.48 0.33 0.37 0.37 0.37
0.84 0.84 0.84 0.84 0.76 0.84 0.84 0.84 0.83 0.84 0.84 0.84 0.84 0.84 0.84 0.84 1.00 0.84 0.82 0.84 0.84 0.84 0.84 0.84 0.75 0.81 0.84 0.71 0.83 0.84 0.84 0.84 0.84 0.84 0.84 0.84 0.84 0.84 0.84 0.80 0.75 0.80 0.76 0.80 0.80 0.80 0.80 0.80 0.79 0.80 0.80 0.80 0.40 0.78 0.78 0.78 0.78 0.78 0.40 0.39 0.12 0.22 0.83 0.84 0.84 0.84 0.84 0.84 0.83 0.84 0.84 0.83 0.84 0.83 0.83 0.83 0.79 0.82 0.81 0.82 0.75 0.79 0.79 0.79
0.85 0.85 0.85 0.85 0.79 0.85 0.85 0.85 0.85 0.85 0.85 0.85 0.85 0.85 0.85 0.85 1.00 0.86 0.84 0.85 0.85 0.85 0.85 0.86 0.78 0.83 0.85 0.74 0.85 0.85 0.85 0.85 0.86 0.85 0.85 0.85 0.85 0.85 0.85 0.82 0.78 0.82 0.79 0.82 0.82 0.82 0.82 0.82 0.82 0.82 0.82 0.82 0.45 0.80 0.80 0.80 0.80 0.80 0.43 0.43 0.15 0.25 0.85 0.85 0.85 0.85 0.85 0.85 0.85 0.85 0.85 0.85 0.85 0.85 0.85 0.85 0.81 0.84 0.83 0.84 0.77 0.81 0.81 0.81
0.81 0.82 0.82 0.81 0.72 0.81 0.82 0.81 0.81 0.81 0.81 0.82 0.81 0.82 0.82 0.82 1.00 0.82 0.79 0.82 0.82 0.82 0.82 0.82 0.71 0.79 0.82 0.68 0.81 0.82 0.82 0.82 0.82 0.82 0.82 0.82 0.81 0.82 0.81 0.77 0.72 0.77 0.73 0.77 0.77 0.76 0.77 0.77 0.76 0.76 0.76 0.76 0.36 0.74 0.74 0.74 0.74 0.74 0.36 0.36 0.10 0.19 0.80 0.81 0.81 0.81 0.81 0.81 0.81 0.81 0.81 0.81 0.81 0.81 0.81 0.81 0.75 0.80 0.78 0.80 0.72 0.75 0.75 0.75
0.65 0.67 0.67 0.67 0.51 0.66 0.67 0.66 0.65 0.66 0.67 0.67 0.66 0.68 0.68 0.68 1.00 0.71 0.62 0.67 0.68 0.68 0.68 0.71 0.49 0.59 0.67 0.46 0.65 0.68 0.68 0.68 0.71 0.68 0.68 0.68 0.67 0.68 0.67 0.58 0.47 0.56 0.50 0.55 0.55 0.54 0.55 0.55 0.54 0.54 0.54 0.54 0.14 0.51 0.51 0.51 0.51 0.51 0.17 0.16 0.02 0.08 0.62 0.65 0.65 0.65 0.65 0.66 0.64 0.66 0.66 0.64 0.65 0.64 0.63 0.64 0.54 0.60 0.59 0.61 0.47 0.51 0.51 0.51
0.48 0.52 0.52 0.51 0.33 0.49 0.52 0.50 0.48 0.50 0.52 0.52 0.50 0.53 0.54 0.56 1.00 0.60 0.44 0.53 0.53 0.53 0.54 0.60 0.30 0.42 0.53 0.28 0.50 0.53 0.54 0.54 0.60 0.53 0.54 0.54 0.53 0.53 0.53 0.40 0.28 0.37 0.30 0.36 0.36 0.35 0.36 0.36 0.35 0.35 0.35 0.35 0.06 0.31 0.31 0.31 0.31 0.31 0.08 0.06 0.01 0.04 0.44 0.48 0.48 0.48 0.48 0.48 0.46 0.48 0.48 0.46 0.48 0.46 0.46 0.45 0.35 0.41 0.39 0.42 0.28 0.31 0.31 0.31
0.60 0.63 0.63 0.62 0.45 0.60 0.63 0.61 0.59 0.61 0.62 0.63 0.61 0.64 0.64 0.64 1.00 0.68 0.56 0.63 0.64 0.64 0.64 0.68 0.43 0.54 0.63 0.40 0.60 0.63 0.64 0.64 0.68 0.63 0.64 0.64 0.62 0.63 0.62 0.52 0.41 0.49 0.43 0.49 0.49 0.48 0.49 0.49 0.48 0.48 0.48 0.48 0.11 0.44 0.44 0.44 0.44 0.44 0.13 0.12 0.02 0.06 0.56 0.60 0.60 0.60 0.60 0.60 0.58 0.60 0.60 0.58 0.60 0.58 0.58 0.58 0.48 0.54 0.52 0.55 0.41 0.45 0.45 0.45
0.91 0.91 0.91 0.91 0.87 0.91 0.91 0.91 0.91 0.91 0.91 0.91 0.91 0.91 0.91 0.91 1.00 0.91 0.90 0.91 0.91 0.91 0.91 0.91 0.87 0.90 0.91 0.84 0.91 0.91 0.91 0.91 0.91 0.91 0.91 0.91 0.91 0.91 0.91 0.90 0.88 0.90 0.88 0.90 0.90 0.90 0.90 0.90 0.90 0.90 0.90 0.90 0.60 0.89 0.89 0.89 0.89 0.89 0.57 0.58 0.26 0.36 0.91 0.91 0.91 0.91 0.91 0.91 0.91 0.91 0.91 0.91 0.91 0.91 0.91 0.91 0.89 0.91 0.90 0.91 0.87 0.89 0.89 0.89
0.31 0.36 0.36 0.35 0.19 0.32 0.36 0.35 0.33 0.33 0.36 0.37 0.33 0.38 0.39 0.43 1.00 0.52 0.27 0.37 0.38 0.38 0.39 0.52 0.17 0.26 0.37 0.16 0.35 0.38 0.40 0.40 0.52 0.38 0.40 0.40 0.40 0.38 0.40 0.24 0.14 0.21 0.16 0.20 0.20 0.19 0.20 0.20 0.18 0.19 0.19 0.19 0.02 0.16 0.16 0.16 0.16 0.16 0.02 0.02 0.00 0.01 0.26 0.30 0.30 0.30 0.30 0.31 0.29 0.31 0.31 0.27 0.30 0.28 0.27 0.26 0.18 0.23 0.21 0.24 0.13 0.15 0.15 0.15
