0.69 0.85 0.85 0.83 0.57 0.81 0.85 0.82 0.79 0.85 0.86 0.86 0.85 0.90 0.90 0.87 0.60 0.90 0.78 1.00 0.90 0.90 0.90 0.90 0.61 0.77 1.00 0.58 0.87 0.99 0.95 0.95 0.90 0.99 0.95 0.95 0.90 0.99 0.90
0.65 0.81 0.81 0.79 0.52 0.77 0.81 0.78 0.75 0.82 0.82 0.83 0.82 0.87 0.87 0.84 0.55 0.87 0.75 1.00 0.87 0.87 0.87 0.87 0.56 0.73 1.00 0.54 0.86 0.99 0.93 0.93 0.87 0.99 0.93 0.93 0.87 0.99 0.87
0.43 0.59 0.59 0.57 0.30 0.57 0.59 0.56 0.51 0.64 0.61 0.62 0.64 0.70 0.69 0.64 0.38 0.70 0.65 1.00 0.70 0.70 0.70 0.70 0.36 0.55 1.00 0.38 0.73 0.96 0.86 0.84 0.70 0.96 0.86 0.85 0.75 0.96 0.75
0.95 1.00 1.00 0.99 0.91 0.99 1.00 0.99 0.99 0.99 1.00 1.00 0.99 1.00 1.00 1.00 0.89 1.00 0.94 1.00 1.00 1.00 1.00 1.00 0.94 0.98 1.00 0.89 0.99 1.00 1.00 1.00 1.00 1.00 1.00 1.00 0.99 1.00 0.99
0.78 0.91 0.91 0.90 0.66 0.87 0.91 0.89 0.86 0.91 0.92 0.92 0.91 0.95 0.94 0.92 0.67 0.94 0.82 1.00 0.95 0.95 0.94 0.94 0.70 0.85 1.00 0.66 0.92 0.99 0.97 0.96 0.94 0.99 0.97 0.96 0.94 0.99 0.94
0.56 0.73 0.73 0.71 0.43 0.69 0.73 0.70 0.66 0.75 0.74 0.75 0.75 0.81 0.81 0.77 0.48 0.81 0.71 1.00 0.81 0.81 0.81 0.81 0.48 0.65 1.00 0.47 0.81 0.98 0.91 0.90 0.81 0.98 0.91 0.90 0.83 0.98 0.83
0.76 0.90 0.90 0.89 0.65 0.86 0.90 0.88 0.85 0.90 0.91 0.91 0.90 0.94 0.94 0.91 0.66 0.94 0.80 1.00 0.94 0.94 0.94 0.94 0.68 0.84 1.00 0.65 0.92 0.99 0.97 0.96 0.94 0.99 0.97 0.97 0.93 0.99 0.93
0.74 0.89 0.89 0.87 0.64 0.85 0.89 0.87 0.84 0.89 0.90 0.91 0.89 0.94 0.93 0.91 0.65 0.93 0.81 1.00 0.94 0.94 0.93 0.93 0.68 0.82 1.00 0.64 0.91 0.99 0.96 0.96 0.93 0.99 0.96 0.96 0.93 0.99 0.93
0.64 0.81 0.81 0.79 0.51 0.76 0.81 0.78 0.75 0.82 0.82 0.83 0.82 0.87 0.87 0.83 0.54 0.87 0.75 1.00 0.87 0.87 0.87 0.87 0.56 0.74 1.00 0.54 0.86 0.99 0.93 0.93 0.87 0.99 0.93 0.93 0.87 0.99 0.87
0.83 0.95 0.95 0.94 0.73 0.92 0.95 0.94 0.92 0.94 0.95 0.96 0.94 0.97 0.97 0.96 0.73 0.97 0.86 1.00 0.97 0.97 0.97 0.97 0.78 0.90 1.00 0.73 0.95 1.00 0.98 0.98 0.97 1.00 0.98 0.98 0.96 1.00 0.96
0.94 1.00 1.00 0.99 0.89 0.98 1.00 0.99 0.99 0.99 1.00 1.00 0.99 1.00 1.00 1.00 0.87 1.00 0.94 1.00 1.00 1.00 1.00 1.00 0.93 0.98 1.00 0.89 0.99 1.00 1.00 1.00 1.00 1.00 1.00 1.00 0.99 1.00 0.99
0.91 0.99 0.99 0.98 0.84 0.97 0.99 0.98 0.97 0.98 0.99 0.99 0.98 0.99 0.99 0.99 0.82 0.99 0.91 1.00 0.99 0.99 0.99 0.99 0.88 0.96 1.00 0.83 0.98 1.00 0.99 0.99 0.99 1.00 0.99 0.99 0.98 1.00 0.98
0.56 0.74 0.74 0.72 0.43 0.70 0.74 0.71 0.67 0.75 0.75 0.76 0.75 0.82 0.81 0.77 0.49 0.81 0.71 1.00 0.82 0.82 0.82 0.81 0.49 0.67 1.00 0.48 0.81 0.98 0.91 0.90 0.81 0.98 0.91 0.90 0.84 0.98 0.84
0.56 0.74 0.74 0.72 0.44 0.70 0.74 0.71 0.67 0.76 0.75 0.76 0.76 0.82 0.81 0.77 0.48 0.82 0.71 1.00 0.82 0.82 0.81 0.82 0.49 0.67 1.00 0.48 0.81 0.98 0.91 0.91 0.82 0.98 0.91 0.91 0.84 0.98 0.84
0.94 0.99 0.99 0.99 0.88 0.98 0.99 0.99 0.98 0.99 1.00 1.00 0.99 1.00 1.00 0.99 0.87 1.00 0.94 1.00 1.00 1.00 1.00 1.00 0.92 0.97 1.00 0.88 0.99 1.00 1.00 1.00 1.00 1.00 1.00 1.00 0.99 1.00 0.99
0.76 0.90 0.90 0.89 0.65 0.86 0.90 0.88 0.85 0.90 0.91 0.91 0.90 0.94 0.94 0.92 0.66 0.93 0.80 1.00 0.94 0.94 0.94 0.93 0.69 0.84 1.00 0.66 0.91 0.99 0.96 0.96 0.93 0.99 0.96 0.96 0.93 0.99 0.93
0.39 0.55 0.55 0.53 0.28 0.54 0.55 0.52 0.47 0.60 0.57 0.58 0.60 0.66 0.65 0.61 0.35 0.67 0.63 1.00 0.66 0.66 0.66 0.67 0.33 0.50 1.00 0.35 0.70 0.96 0.85 0.83 0.67 0.96 0.85 0.84 0.73 0.96 0.73
0.64 0.81 0.81 0.79 0.53 0.77 0.81 0.78 0.74 0.82 0.82 0.83 0.82 0.88 0.87 0.84 0.56 0.88 0.75 1.00 0.88 0.88 0.87 0.88 0.56 0.74 1.00 0.55 0.86 0.99 0.94 0.94 0.88 0.99 0.94 0.94 0.89 0.99 0.89
0.40 0.57 0.57 0.54 0.29 0.55 0.57 0.53 0.49 0.62 0.58 0.60 0.62 0.68 0.66 0.62 0.34 0.68 0.63 1.00 0.68 0.68 0.67 0.68 0.34 0.51 1.00 0.36 0.71 0.96 0.85 0.84 0.68 0.96 0.85 0.84 0.74 0.96 0.74
0.51 0.69 0.69 0.66 0.39 0.66 0.69 0.66 0.62 0.72 0.70 0.71 0.72 0.78 0.77 0.73 0.45 0.78 0.69 1.00 0.78 0.78 0.78 0.78 0.43 0.62 1.00 0.44 0.78 0.98 0.89 0.88 0.78 0.98 0.89 0.88 0.80 0.98 0.80
0.67 0.84 0.84 0.82 0.55 0.79 0.84 0.81 0.77 0.84 0.85 0.86 0.84 0.90 0.89 0.86 0.59 0.89 0.77 1.00 0.90 0.90 0.89 0.89 0.58 0.76 1.00 0.56 0.88 0.99 0.94 0.94 0.89 0.99 0.94 0.94 0.89 0.99 0.89
0.43 0.59 0.59 0.56 0.31 0.57 0.59 0.55 0.51 0.64 0.61 0.62 0.64 0.70 0.69 0.64 0.38 0.70 0.64 1.00 0.70 0.70 0.70 0.70 0.36 0.54 1.00 0.38 0.73 0.97 0.86 0.85 0.70 0.97 0.86 0.85 0.75 0.97 0.75
0.64 0.81 0.81 0.78 0.52 0.77 0.81 0.77 0.74 0.82 0.81 0.82 0.82 0.87 0.86 0.83 0.55 0.87 0.75 1.00 0.87 0.87 0.86 0.87 0.55 0.72 1.00 0.55 0.85 0.99 0.93 0.93 0.87 0.99 0.93 0.93 0.88 0.99 0.88
0.48 0.65 0.65 0.62 0.36 0.62 0.65 0.62 0.58 0.68 0.67 0.68 0.68 0.75 0.74 0.71 0.42 0.76 0.68 1.00 0.75 0.75 0.75 0.76 0.41 0.60 1.00 0.42 0.77 0.97 0.89 0.88 0.76 0.97 0.89 0.88 0.79 0.97 0.79
0.93 0.99 0.99 0.99 0.87 0.98 0.99 0.99 0.98 0.99 0.99 0.99 0.99 1.00 1.00 0.99 0.85 0.99 0.93 1.00 1.00 1.00 1.00 0.99 0.91 0.97 1.00 0.87 0.99 1.00 1.00 1.00 0.99 1.00 1.00 1.00 0.99 1.00 0.99
0.45 0.63 0.63 0.60 0.34 0.60 0.63 0.59 0.55 0.66 0.64 0.65 0.66 0.73 0.72 0.68 0.40 0.73 0.67 1.00 0.73 0.73 0.72 0.73 0.38 0.57 1.00 0.39 0.75 0.97 0.87 0.86 0.73 0.97 0.87 0.86 0.77 0.97 0.77
0.49 0.65 0.65 0.63 0.36 0.62 0.65 0.62 0.58 0.69 0.67 0.68 0.69 0.76 0.75 0.70 0.41 0.76 0.67 1.00 0.76 0.76 0.75 0.76 0.40 0.59 1.00 0.42 0.76 0.97 0.88 0.87 0.76 0.97 0.88 0.87 0.78 0.97 0.78
0.54 0.71 0.71 0.69 0.42 0.67 0.71 0.68 0.64 0.72 0.72 0.73 0.72 0.80 0.79 0.75 0.46 0.80 0.70 1.00 0.80 0.80 0.80 0.80 0.45 0.65 1.00 0.46 0.80 0.98 0.90 0.89 0.80 0.98 0.90 0.90 0.82 0.98 0.82
0.83 0.96 0.96 0.95 0.75 0.92 0.96 0.95 0.92 0.95 0.96 0.96 0.95 0.98 0.98 0.97 0.75 0.97 0.86 1.00 0.98 0.98 0.98 0.97 0.79 0.90 1.00 0.74 0.96 1.00 0.98 0.98 0.97 1.00 0.98 0.98 0.96 1.00 0.96
0.38 0.54 0.54 0.52 0.27 0.53 0.54 0.51 0.47 0.61 0.56 0.58 0.61 0.67 0.65 0.60 0.36 0.67 0.64 1.00 0.67 0.67 0.66 0.67 0.33 0.51 1.00 0.35 0.71 0.96 0.85 0.83 0.67 0.96 0.85 0.83 0.72 0.96 0.72
0.48 0.65 0.65 0.62 0.35 0.62 0.65 0.62 0.58 0.69 0.66 0.68 0.69 0.75 0.74 0.70 0.43 0.76 0.67 1.00 0.75 0.75 0.74 0.76 0.40 0.59 1.00 0.41 0.77 0.97 0.88 0.87 0.76 0.97 0.88 0.87 0.78 0.97 0.78
0.95 1.00 1.00 0.99 0.90 0.99 1.00 0.99 0.99 1.00 1.00 1.00 1.00 1.00 1.00 1.00 0.90 1.00 0.95 1.00 1.00 1.00 1.00 1.00 0.95 0.98 1.00 0.90 0.99 1.00 1.00 1.00 1.00 1.00 1.00 1.00 1.00 1.00 1.00
0.96 1.00 1.00 1.00 0.92 0.99 1.00 1.00 0.99 1.00 1.00 1.00 1.00 1.00 1.00 1.00 0.90 1.00 0.95 1.00 1.00 1.00 1.00 1.00 0.95 0.99 1.00 0.91 1.00 1.00 1.00 1.00 1.00 1.00 1.00 1.00 1.00 1.00 1.00
0.38 0.54 0.54 0.52 0.27 0.53 0.54 0.51 0.47 0.60 0.56 0.58 0.60 0.67 0.65 0.61 0.35 0.68 0.62 1.00 0.67 0.67 0.66 0.68 0.33 0.50 1.00 0.35 0.70 0.96 0.85 0.83 0.68 0.96 0.85 0.84 0.73 0.96 0.73
0.38 0.54 0.54 0.52 0.27 0.53 0.54 0.51 0.47 0.60 0.56 0.58 0.60 0.66 0.65 0.61 0.34 0.68 0.63 1.00 0.66 0.66 0.65 0.68 0.33 0.50 1.00 0.36 0.70 0.96 0.84 0.83 0.68 0.96 0.84 0.83 0.72 0.96 0.72
0.79 0.93 0.93 0.92 0.69 0.89 0.93 0.91 0.88 0.93 0.94 0.94 0.93 0.96 0.96 0.94 0.69 0.96 0.84 1.00 0.96 0.96 0.96 0.96 0.73 0.86 1.00 0.69 0.93 1.00 0.97 0.97 0.96 1.00 0.97 0.97 0.95 1.00 0.95
0.87 0.97 0.97 0.96 0.79 0.94 0.97 0.96 0.94 0.97 0.97 0.98 0.97 0.98 0.98 0.98 0.78 0.98 0.88 1.00 0.98 0.98 0.98 0.98 0.83 0.93 1.00 0.78 0.96 1.00 0.99 0.99 0.98 1.00 0.99 0.99 0.98 1.00 0.98
0.73 0.89 0.89 0.87 0.62 0.84 0.89 0.86 0.83 0.88 0.89 0.90 0.88 0.93 0.93 0.90 0.65 0.93 0.80 1.00 0.93 0.93 0.93 0.93 0.66 0.81 1.00 0.63 0.90 0.99 0.96 0.96 0.93 0.99 0.96 0.96 0.92 0.99 0.92
0.73 0.88 0.88 0.86 0.62 0.83 0.88 0.86 0.83 0.88 0.89 0.89 0.88 0.93 0.92 0.90 0.64 0.92 0.80 1.00 0.93 0.93 0.92 0.92 0.65 0.81 1.00 0.62 0.90 0.99 0.96 0.96 0.92 0.99 0.96 0.96 0.92 0.99 0.92
0.95 1.00 1.00 0.99 0.90 0.99 1.00 0.99 0.99 0.99 1.00 1.00 0.99 1.00 1.00 1.00 0.89 1.00 0.94 1.00 1.00 1.00 1.00 1.00 0.94 0.98 1.00 0.90 0.99 1.00 1.00 1.00 1.00 1.00 1.00 1.00 0.99 1.00 0.99
0.74 0.89 0.89 0.87 0.62 0.85 0.89 0.87 0.84 0.88 0.90 0.90 0.88 0.93 0.93 0.91 0.64 0.93 0.81 1.00 0.93 0.93 0.93 0.93 0.65 0.82 1.00 0.62 0.91 0.99 0.96 0.96 0.93 0.99 0.96 0.96 0.92 0.99 0.92
0.79 0.94 0.94 0.93 0.70 0.90 0.94 0.92 0.90 0.93 0.94 0.94 0.93 0.96 0.96 0.95 0.71 0.96 0.84 1.00 0.96 0.96 0.96 0.96 0.74 0.87 1.00 0.70 0.93 0.99 0.97 0.97 0.96 0.99 0.97 0.97 0.95 0.99 0.95
0.62 0.79 0.79 0.77 0.49 0.74 0.79 0.76 0.72 0.80 0.80 0.81 0.80 0.86 0.85 0.82 0.53 0.86 0.75 1.00 0.86 0.86 0.85 0.86 0.54 0.71 1.00 0.52 0.84 0.98 0.92 0.92 0.86 0.98 0.92 0.92 0.87 0.98 0.87
0.39 0.55 0.55 0.52 0.28 0.54 0.55 0.52 0.48 0.61 0.57 0.58 0.61 0.67 0.65 0.60 0.35 0.67 0.62 1.00 0.67 0.67 0.66 0.67 0.33 0.51 1.00 0.34 0.71 0.96 0.84 0.83 0.67 0.96 0.84 0.83 0.73 0.96 0.73
0.82 0.95 0.95 0.93 0.73 0.91 0.95 0.93 0.91 0.94 0.95 0.95 0.94 0.97 0.97 0.96 0.72 0.97 0.85 1.00 0.97 0.97 0.97 0.97 0.76 0.89 1.00 0.72 0.95 1.00 0.98 0.98 0.97 1.00 0.98 0.98 0.96 1.00 0.96
0.77 0.91 0.91 0.90 0.66 0.87 0.91 0.89 0.86 0.91 0.92 0.92 0.91 0.95 0.95 0.93 0.67 0.95 0.81 1.00 0.95 0.95 0.95 0.95 0.69 0.84 1.00 0.66 0.92 0.99 0.97 0.97 0.95 0.99 0.97 0.97 0.94 0.99 0.94
0.68 0.85 0.85 0.83 0.57 0.81 0.85 0.83 0.79 0.85 0.85 0.86 0.85 0.90 0.90 0.87 0.58 0.90 0.78 1.00 0.90 0.90 0.90 0.90 0.61 0.78 1.00 0.58 0.89 0.99 0.95 0.94 0.90 0.99 0.95 0.94 0.90 0.99 0.90
0.69 0.85 0.85 0.83 0.57 0.80 0.85 0.82 0.79 0.85 0.85 0.86 0.85 0.91 0.90 0.87 0.59 0.90 0.78 1.00 0.91 0.91 0.90 0.90 0.61 0.77 1.00 0.59 0.88 0.99 0.94 0.94 0.90 0.99 0.94 0.94 0.90 0.99 0.90
0.94 0.99 0.99 0.99 0.89 0.98 0.99 0.99 0.98 0.99 1.00 1.00 0.99 1.00 1.00 1.00 0.87 1.00 0.94 1.00 1.00 1.00 1.00 1.00 0.92 0.97 1.00 0.88 0.99 1.00 1.00 1.00 1.00 1.00 1.00 1.00 0.99 1.00 0.99
0.72 0.88 0.88 0.86 0.61 0.84 0.88 0.86 0.82 0.88 0.88 0.89 0.88 0.92 0.92 0.90 0.63 0.92 0.79 1.00 0.92 0.92 0.92 0.92 0.65 0.80 1.00 0.61 0.89 0.99 0.95 0.95 0.92 0.99 0.95 0.95 0.92 0.99 0.92
0.50 0.68 0.68 0.65 0.37 0.64 0.68 0.64 0.60 0.70 0.68 0.70 0.70 0.77 0.76 0.72 0.44 0.77 0.69 1.00 0.77 0.77 0.76 0.77 0.42 0.61 1.00 0.42 0.78 0.97 0.89 0.88 0.77 0.97 0.89 0.88 0.79 0.97 0.79
0.42 0.58 0.58 0.55 0.29 0.56 0.58 0.54 0.50 0.63 0.59 0.60 0.63 0.69 0.67 0.63 0.37 0.70 0.64 1.00 0.69 0.69 0.68 0.70 0.35 0.54 1.00 0.36 0.72 0.96 0.85 0.84 0.70 0.96 0.85 0.84 0.74 0.96 0.74
0.69 0.85 0.85 0.83 0.56 0.80 0.85 0.82 0.79 0.85 0.86 0.87 0.85 0.90 0.90 0.87 0.60 0.90 0.77 1.00 0.90 0.90 0.90 0.90 0.61 0.77 1.00 0.58 0.88 0.99 0.95 0.94 0.90 0.99 0.95 0.94 0.90 0.99 0.90
0.47 0.65 0.65 0.62 0.34 0.62 0.65 0.61 0.57 0.69 0.66 0.67 0.69 0.74 0.73 0.69 0.42 0.75 0.68 1.00 0.74 0.74 0.74 0.75 0.40 0.59 1.00 0.42 0.77 0.97 0.88 0.87 0.75 0.97 0.88 0.87 0.78 0.97 0.78
0.43 0.61 0.61 0.59 0.33 0.59 0.61 0.58 0.54 0.65 0.62 0.64 0.65 0.71 0.70 0.66 0.39 0.72 0.66 1.00 0.71 0.71 0.71 0.72 0.37 0.56 1.00 0.39 0.74 0.97 0.87 0.85 0.72 0.97 0.87 0.86 0.76 0.97 0.76
0.54 0.72 0.72 0.70 0.42 0.68 0.72 0.69 0.65 0.73 0.74 0.75 0.73 0.81 0.80 0.76 0.47 0.80 0.70 1.00 0.81 0.81 0.81 0.80 0.47 0.65 1.00 0.47 0.80 0.98 0.90 0.90 0.80 0.98 0.90 0.90 0.83 0.98 0.83
0.48 0.65 0.65 0.62 0.36 0.62 0.65 0.61 0.57 0.68 0.66 0.67 0.68 0.75 0.73 0.69 0.42 0.74 0.67 1.00 0.75 0.75 0.74 0.74 0.41 0.58 1.00 0.42 0.77 0.97 0.88 0.87 0.74 0.97 0.88 0.87 0.78 0.97 0.78
0.87 0.97 0.97 0.96 0.79 0.95 0.97 0.96 0.95 0.97 0.97 0.97 0.97 0.99 0.98 0.98 0.77 0.98 0.88 1.00 0.99 0.99 0.98 0.98 0.83 0.93 1.00 0.78 0.97 1.00 0.99 0.99 0.98 1.00 0.99 0.99 0.97 1.00 0.97
0.83 0.96 0.96 0.95 0.73 0.92 0.96 0.94 0.92 0.95 0.96 0.96 0.95 0.97 0.97 0.96 0.72 0.97 0.86 1.00 0.97 0.97 0.97 0.97 0.77 0.90 1.00 0.73 0.95 1.00 0.98 0.98 0.97 1.00 0.98 0.98 0.96 1.00 0.96
0.53 0.71 0.71 0.69 0.41 0.68 0.71 0.68 0.64 0.74 0.73 0.73 0.74 0.80 0.79 0.75 0.47 0.80 0.70 1.00 0.80 0.80 0.79 0.80 0.45 0.64 1.00 0.46 0.80 0.98 0.90 0.89 0.80 0.98 0.90 0.89 0.82 0.98 0.82
0.57 0.74 0.74 0.71 0.44 0.70 0.74 0.71 0.67 0.75 0.75 0.77 0.75 0.83 0.82 0.78 0.49 0.82 0.72 1.00 0.83 0.83 0.82 0.82 0.49 0.67 1.00 0.48 0.82 0.98 0.91 0.90 0.82 0.98 0.91 0.91 0.84 0.98 0.84
0.94 0.99 0.99 0.99 0.89 0.98 0.99 0.99 0.98 0.99 0.99 0.99 0.99 1.00 1.00 0.99 0.87 1.00 0.94 1.00 1.00 1.00 1.00 1.00 0.93 0.98 1.00 0.89 0.99 1.00 1.00 1.00 1.00 1.00 1.00 1.00 0.99 1.00 0.99
0.67 0.84 0.84 0.81 0.55 0.79 0.84 0.81 0.78 0.84 0.84 0.85 0.84 0.89 0.88 0.86 0.58 0.89 0.76 1.00 0.89 0.89 0.89 0.89 0.59 0.76 1.00 0.57 0.87 0.99 0.94 0.94 0.89 0.99 0.94 0.94 0.89 0.99 0.89
0.50 0.67 0.67 0.64 0.38 0.64 0.67 0.64 0.59 0.70 0.69 0.70 0.70 0.77 0.76 0.71 0.43 0.76 0.68 1.00 0.77 0.77 0.76 0.76 0.43 0.61 1.00 0.43 0.78 0.97 0.89 0.88 0.76 0.97 0.89 0.88 0.80 0.97 0.80
0.95 1.00 1.00 1.00 0.92 0.99 1.00 1.00 0.99 1.00 1.00 1.00 1.00 1.00 1.00 1.00 0.90 1.00 0.95 1.00 1.00 1.00 1.00 1.00 0.95 0.98 1.00 0.91 1.00 1.00 1.00 1.00 1.00 1.00 1.00 1.00 1.00 1.00 1.00
0.49 0.67 0.67 0.65 0.37 0.63 0.67 0.63 0.60 0.70 0.68 0.70 0.70 0.77 0.75 0.71 0.44 0.77 0.68 1.00 0.77 0.77 0.76 0.77 0.42 0.60 1.00 0.43 0.78 0.97 0.89 0.88 0.77 0.97 0.89 0.89 0.80 0.97 0.80
0.91 0.99 0.99 0.98 0.84 0.97 0.99 0.98 0.97 0.98 0.99 0.99 0.98 1.00 0.99 0.99 0.82 0.99 0.91 1.00 1.00 1.00 0.99 0.99 0.88 0.96 1.00 0.84 0.98 1.00 1.00 1.00 0.99 1.00 1.00 1.00 0.99 1.00 0.99
0.71 0.86 0.86 0.84 0.59 0.82 0.86 0.84 0.80 0.86 0.87 0.88 0.86 0.91 0.91 0.89 0.61 0.91 0.78 1.00 0.91 0.91 0.91 0.91 0.62 0.79 1.00 0.60 0.89 0.99 0.95 0.95 0.91 0.99 0.95 0.95 0.91 0.99 0.91
0.94 0.99 0.99 0.99 0.88 0.98 0.99 0.99 0.98 0.99 0.99 0.99 0.99 1.00 1.00 0.99 0.86 1.00 0.93 1.00 1.00 1.00 1.00 1.00 0.91 0.97 1.00 0.87 0.99 1.00 1.00 1.00 1.00 1.00 1.00 1.00 0.99 1.00 0.99
0.93 0.99 0.99 0.99 0.87 0.98 0.99 0.99 0.98 0.99 0.99 0.99 0.99 1.00 1.00 0.99 0.86 1.00 0.93 1.00 1.00 1.00 1.00 1.00 0.91 0.97 1.00 0.87 0.99 1.00 1.00 1.00 1.00 1.00 1.00 1.00 0.99 1.00 0.99
0.72 0.88 0.88 0.86 0.62 0.84 0.88 0.86 0.82 0.88 0.88 0.89 0.88 0.92 0.92 0.90 0.62 0.92 0.80 1.00 0.92 0.92 0.92 0.92 0.65 0.81 1.00 0.62 0.90 0.99 0.96 0.95 0.92 0.99 0.96 0.95 0.91 0.99 0.91
0.75 0.90 0.90 0.88 0.64 0.85 0.90 0.88 0.85 0.89 0.90 0.91 0.89 0.94 0.93 0.91 0.65 0.93 0.80 1.00 0.94 0.94 0.94 0.93 0.67 0.83 1.00 0.64 0.92 0.99 0.96 0.96 0.93 0.99 0.96 0.96 0.93 0.99 0.93
0.93 0.99 0.99 0.99 0.88 0.98 0.99 0.99 0.98 0.99 0.99 0.99 0.99 1.00 1.00 0.99 0.86 1.00 0.93 1.00 1.00 1.00 1.00 1.00 0.92 0.97 1.00 0.88 0.99 1.00 1.00 1.00 1.00 1.00 1.00 1.00 0.99 1.00 0.99
0.63 0.80 0.80 0.78 0.51 0.75 0.80 0.77 0.74 0.80 0.81 0.82 0.80 0.86 0.86 0.82 0.54 0.86 0.74 1.00 0.86 0.86 0.86 0.86 0.54 0.71 1.00 0.53 0.85 0.99 0.92 0.92 0.86 0.99 0.92 0.92 0.87 0.99 0.87
0.63 0.81 0.81 0.78 0.51 0.76 0.81 0.78 0.74 0.81 0.81 0.82 0.81 0.87 0.87 0.83 0.54 0.86 0.75 1.00 0.87 0.87 0.87 0.86 0.55 0.73 1.00 0.54 0.85 0.99 0.93 0.93 0.86 0.99 0.93 0.93 0.87 0.99 0.87
0.67 0.84 0.84 0.82 0.55 0.79 0.84 0.81 0.77 0.84 0.85 0.86 0.84 0.90 0.89 0.86 0.57 0.89 0.77 1.00 0.90 0.90 0.90 0.89 0.59 0.76 1.00 0.57 0.87 0.99 0.94 0.94 0.89 0.99 0.94 0.94 0.89 0.99 0.89
0.50 0.68 0.68 0.65 0.38 0.64 0.68 0.64 0.60 0.71 0.69 0.70 0.71 0.77 0.76 0.72 0.44 0.77 0.69 1.00 0.77 0.77 0.76 0.77 0.43 0.62 1.00 0.44 0.78 0.98 0.89 0.88 0.77 0.98 0.89 0.88 0.80 0.98 0.80
0.50 0.67 0.67 0.64 0.37 0.65 0.67 0.63 0.59 0.71 0.68 0.69 0.71 0.76 0.75 0.71 0.43 0.76 0.68 1.00 0.76 0.76 0.76 0.76 0.42 0.61 1.00 0.42 0.77 0.97 0.89 0.88 0.76 0.97 0.89 0.88 0.79 0.97 0.79
0.40 0.57 0.57 0.54 0.29 0.55 0.57 0.53 0.50 0.62 0.58 0.60 0.62 0.68 0.67 0.63 0.36 0.69 0.64 1.00 0.68 0.68 0.67 0.69 0.34 0.52 1.00 0.36 0.72 0.96 0.86 0.84 0.69 0.96 0.86 0.85 0.74 0.96 0.74
0.64 0.81 0.81 0.79 0.51 0.76 0.81 0.78 0.74 0.81 0.82 0.83 0.81 0.87 0.87 0.84 0.55 0.87 0.75 1.00 0.87 0.87 0.87 0.87 0.55 0.73 1.00 0.53 0.86 0.99 0.93 0.93 0.87 0.99 0.93 0.93 0.87 0.99 0.87
0.53 0.71 0.71 0.68 0.41 0.67 0.71 0.67 0.63 0.73 0.72 0.73 0.73 0.80 0.79 0.75 0.46 0.79 0.69 1.00 0.80 0.80 0.79 0.79 0.45 0.64 1.00 0.45 0.79 0.98 0.90 0.89 0.79 0.98 0.90 0.89 0.82 0.98 0.82
0.67 0.83 0.83 0.81 0.54 0.79 0.83 0.80 0.76 0.83 0.84 0.85 0.83 0.89 0.89 0.86 0.58 0.89 0.76 1.00 0.89 0.89 0.89 0.89 0.59 0.75 1.00 0.57 0.87 0.99 0.94 0.94 0.89 0.99 0.94 0.94 0.89 0.99 0.89
0.67 0.83 0.83 0.82 0.55 0.79 0.83 0.81 0.78 0.84 0.84 0.85 0.84 0.89 0.89 0.86 0.58 0.89 0.76 1.00 0.89 0.89 0.89 0.89 0.59 0.76 1.00 0.57 0.87 0.99 0.94 0.94 0.89 0.99 0.94 0.94 0.89 0.99 0.89
0.72 0.88 0.88 0.86 0.59 0.83 0.88 0.85 0.82 0.87 0.88 0.89 0.87 0.92 0.92 0.89 0.62 0.91 0.79 1.00 0.92 0.92 0.92 0.91 0.63 0.79 1.00 0.61 0.89 0.99 0.95 0.95 0.91 0.99 0.95 0.95 0.91 0.99 0.91
0.51 0.68 0.68 0.66 0.38 0.65 0.68 0.65 0.61 0.71 0.69 0.71 0.71 0.77 0.76 0.73 0.45 0.78 0.69 1.00 0.77 0.77 0.77 0.78 0.43 0.62 1.00 0.44 0.78 0.98 0.89 0.88 0.78 0.98 0.89 0.88 0.81 0.98 0.81
0.69 0.85 0.85 0.83 0.57 0.81 0.85 0.82 0.79 0.85 0.85 0.86 0.85 0.90 0.90 0.88 0.59 0.90 0.78 1.00 0.90 0.90 0.90 0.90 0.61 0.78 1.00 0.59 0.89 0.99 0.95 0.95 0.90 0.99 0.95 0.95 0.90 0.99 0.90
0.56 0.73 0.73 0.71 0.44 0.69 0.73 0.70 0.66 0.74 0.75 0.76 0.74 0.81 0.80 0.78 0.48 0.81 0.71 1.00 0.81 0.81 0.81 0.81 0.46 0.65 1.00 0.47 0.80 0.98 0.91 0.90 0.81 0.98 0.91 0.90 0.83 0.98 0.83
0.65 0.81 0.81 0.79 0.52 0.77 0.81 0.78 0.75 0.82 0.82 0.83 0.82 0.88 0.87 0.84 0.56 0.87 0.75 1.00 0.88 0.88 0.88 0.87 0.57 0.75 1.00 0.55 0.86 0.99 0.93 0.93 0.87 0.99 0.93 0.93 0.88 0.99 0.88
0.92 0.99 0.99 0.99 0.86 0.97 0.99 0.98 0.98 0.99 0.99 0.99 0.99 1.00 1.00 0.99 0.84 0.99 0.92 1.00 1.00 1.00 1.00 0.99 0.90 0.97 1.00 0.85 0.99 1.00 1.00 1.00 0.99 1.00 1.00 1.00 0.99 1.00 0.99
0.69 0.85 0.85 0.83 0.58 0.81 0.85 0.82 0.79 0.85 0.86 0.87 0.85 0.90 0.90 0.87 0.58 0.89 0.77 1.00 0.90 0.90 0.90 0.89 0.61 0.77 1.00 0.58 0.88 0.99 0.94 0.94 0.89 0.99 0.94 0.94 0.89 0.99 0.89
0.37 0.53 0.53 0.51 0.27 0.51 0.53 0.50 0.46 0.58 0.55 0.57 0.58 0.65 0.63 0.59 0.33 0.65 0.62 1.00 0.65 0.65 0.64 0.65 0.31 0.49 1.00 0.34 0.69 0.96 0.84 0.82 0.65 0.96 0.84 0.83 0.72 0.96 0.72
0.48 0.66 0.66 0.63 0.36 0.63 0.66 0.62 0.58 0.69 0.67 0.68 0.69 0.75 0.74 0.71 0.42 0.76 0.68 1.00 0.75 0.75 0.75 0.76 0.41 0.61 1.00 0.43 0.77 0.97 0.88 0.88 0.76 0.97 0.88 0.88 0.79 0.97 0.79
0.46 0.64 0.64 0.61 0.34 0.61 0.64 0.60 0.56 0.67 0.65 0.66 0.67 0.74 0.72 0.68 0.41 0.74 0.67 1.00 0.74 0.74 0.73 0.74 0.40 0.58 1.00 0.41 0.76 0.97 0.88 0.86 0.74 0.97 0.88 0.87 0.78 0.97 0.78
0.58 0.75 0.75 0.73 0.46 0.71 0.75 0.72 0.68 0.77 0.76 0.77 0.77 0.83 0.83 0.79 0.51 0.83 0.71 1.00 0.83 0.83 0.83 0.83 0.49 0.68 1.00 0.48 0.82 0.98 0.91 0.91 0.83 0.98 0.91 0.91 0.84 0.98 0.84
0.61 0.77 0.77 0.75 0.49 0.74 0.77 0.75 0.71 0.80 0.79 0.80 0.80 0.85 0.84 0.81 0.51 0.85 0.74 1.00 0.85 0.85 0.84 0.85 0.53 0.71 1.00 0.52 0.84 0.98 0.93 0.92 0.85 0.98 0.93 0.92 0.86 0.98 0.86
0.43 0.60 0.60 0.57 0.31 0.57 0.60 0.56 0.52 0.64 0.61 0.63 0.64 0.70 0.69 0.65 0.38 0.71 0.65 1.00 0.70 0.70 0.69 0.71 0.36 0.55 1.00 0.38 0.73 0.97 0.86 0.85 0.71 0.97 0.86 0.85 0.76 0.97 0.76
0.76 0.90 0.90 0.89 0.64 0.86 0.90 0.88 0.85 0.90 0.91 0.91 0.90 0.94 0.94 0.92 0.65 0.93 0.82 1.00 0.94 0.94 0.94 0.93 0.68 0.83 1.00 0.65 0.91 0.99 0.96 0.96 0.93 0.99 0.96 0.96 0.93 0.99 0.93
0.67 0.83 0.83 0.81 0.55 0.79 0.83 0.81 0.77 0.83 0.84 0.85 0.83 0.89 0.89 0.86 0.58 0.88 0.77 1.00 0.89 0.89 0.89 0.88 0.59 0.75 1.00 0.57 0.87 0.99 0.94 0.94 0.88 0.99 0.94 0.94 0.89 0.99 0.89
0.83 0.95 0.95 0.94 0.73 0.91 0.95 0.94 0.91 0.94 0.95 0.96 0.94 0.97 0.97 0.96 0.73 0.97 0.86 1.00 0.97 0.97 0.97 0.97 0.77 0.90 1.00 0.72 0.95 1.00 0.98 0.98 0.97 1.00 0.98 0.98 0.96 1.00 0.96
0.62 0.79 0.79 0.76 0.50 0.75 0.79 0.75 0.72 0.80 0.79 0.80 0.80 0.86 0.85 0.82 0.52 0.86 0.74 1.00 0.86 0.86 0.86 0.86 0.55 0.72 1.00 0.53 0.85 0.98 0.93 0.92 0.86 0.98 0.93 0.92 0.87 0.98 0.87
0.70 0.86 0.86 0.84 0.58 0.82 0.86 0.83 0.80 0.86 0.86 0.87 0.86 0.91 0.90 0.88 0.60 0.90 0.77 1.00 0.91 0.91 0.91 0.90 0.62 0.78 1.00 0.58 0.88 0.99 0.95 0.95 0.90 0.99 0.95 0.95 0.90 0.99 0.90
0.75 0.90 0.90 0.89 0.65 0.86 0.90 0.88 0.85 0.90 0.91 0.92 0.90 0.94 0.94 0.92 0.66 0.94 0.82 1.00 0.94 0.94 0.94 0.94 0.68 0.83 1.00 0.65 0.92 0.99 0.97 0.96 0.94 0.99 0.97 0.96 0.93 0.99 0.93
0.68 0.85 0.85 0.83 0.57 0.80 0.85 0.82 0.79 0.85 0.86 0.87 0.85 0.91 0.90 0.88 0.60 0.90 0.78 1.00 0.91 0.91 0.90 0.90 0.61 0.78 1.00 0.59 0.89 0.99 0.95 0.95 0.90 0.99 0.95 0.95 0.90 0.99 0.90
0.55 0.73 0.73 0.71 0.43 0.69 0.73 0.70 0.66 0.75 0.74 0.75 0.75 0.81 0.80 0.77 0.48 0.81 0.71 1.00 0.81 0.81 0.80 0.81 0.48 0.66 1.00 0.47 0.81 0.98 0.91 0.90 0.81 0.98 0.91 0.91 0.83 0.98 0.83
0.43 0.60 0.60 0.58 0.32 0.58 0.60 0.57 0.53 0.65 0.62 0.63 0.65 0.72 0.70 0.66 0.39 0.72 0.65 1.00 0.72 0.72 0.71 0.72 0.38 0.55 1.00 0.39 0.74 0.97 0.86 0.85 0.72 0.97 0.86 0.86 0.76 0.97 0.76
0.45 0.63 0.63 0.60 0.34 0.60 0.63 0.60 0.55 0.67 0.64 0.66 0.67 0.73 0.72 0.68 0.40 0.73 0.66 1.00 0.73 0.73 0.72 0.73 0.39 0.58 1.00 0.40 0.76 0.97 0.87 0.86 0.73 0.97 0.87 0.86 0.78 0.97 0.78
0.67 0.83 0.83 0.81 0.54 0.79 0.83 0.80 0.77 0.84 0.84 0.85 0.84 0.89 0.89 0.86 0.58 0.89 0.77 1.00 0.89 0.89 0.89 0.89 0.59 0.76 1.00 0.56 0.87 0.99 0.94 0.94 0.89 0.99 0.94 0.94 0.89 0.99 0.89
0.95 1.00 1.00 0.99 0.90 0.99 1.00 0.99 0.99 0.99 1.00 1.00 0.99 1.00 1.00 1.00 0.89 1.00 0.95 1.00 1.00 1.00 1.00 1.00 0.94 0.98 1.00 0.90 0.99 1.00 1.00 1.00 1.00 1.00 1.00 1.00 1.00 1.00 1.00
0.42 0.59 0.59 0.56 0.30 0.57 0.59 0.55 0.51 0.64 0.60 0.62 0.64 0.70 0.69 0.65 0.37 0.70 0.65 1.00 0.70 0.70 0.70 0.70 0.36 0.53 1.00 0.38 0.72 0.97 0.86 0.85 0.70 0.97 0.86 0.85 0.75 0.97 0.75
0.40 0.58 0.58 0.55 0.29 0.55 0.58 0.54 0.50 0.62 0.59 0.60 0.62 0.69 0.67 0.63 0.36 0.70 0.64 1.00 0.69 0.69 0.68 0.70 0.33 0.53 1.00 0.36 0.72 0.96 0.86 0.85 0.70 0.96 0.86 0.85 0.75 0.96 0.75
0.51 0.69 0.69 0.66 0.39 0.65 0.69 0.66 0.62 0.71 0.70 0.71 0.71 0.78 0.77 0.73 0.45 0.78 0.69 1.00 0.78 0.78 0.77 0.78 0.44 0.62 1.00 0.44 0.78 0.97 0.89 0.88 0.78 0.97 0.89 0.89 0.81 0.97 0.81
0.55 0.72 0.72 0.70 0.42 0.68 0.72 0.69 0.65 0.74 0.74 0.75 0.74 0.82 0.80 0.77 0.48 0.81 0.71 1.00 0.82 0.82 0.81 0.81 0.48 0.66 1.00 0.47 0.80 0.98 0.91 0.90 0.81 0.98 0.91 0.90 0.83 0.98 0.83
0.94 1.00 1.00 0.99 0.90 0.98 1.00 0.99 0.99 0.99 1.00 1.00 0.99 1.00 1.00 1.00 0.89 1.00 0.94 1.00 1.00 1.00 1.00 1.00 0.94 0.98 1.00 0.90 0.99 1.00 1.00 1.00 1.00 1.00 1.00 1.00 0.99 1.00 0.99
0.72 0.87 0.87 0.85 0.60 0.83 0.87 0.85 0.82 0.87 0.88 0.89 0.87 0.92 0.92 0.89 0.63 0.92 0.79 1.00 0.92 0.92 0.92 0.92 0.65 0.80 1.00 0.61 0.90 0.99 0.96 0.96 0.92 0.99 0.96 0.96 0.92 0.99 0.92
0.53 0.70 0.70 0.68 0.41 0.67 0.70 0.67 0.63 0.73 0.72 0.73 0.73 0.79 0.78 0.74 0.46 0.79 0.69 1.00 0.79 0.79 0.78 0.79 0.45 0.64 1.00 0.45 0.79 0.98 0.90 0.89 0.79 0.98 0.90 0.89 0.81 0.98 0.81
0.91 0.99 0.99 0.98 0.84 0.96 0.99 0.98 0.97 0.98 0.99 0.99 0.98 0.99 0.99 0.99 0.82 0.99 0.91 1.00 0.99 0.99 0.99 0.99 0.87 0.95 1.00 0.83 0.98 1.00 1.00 0.99 0.99 1.00 1.00 0.99 0.99 1.00 0.99
0.76 0.90 0.90 0.89 0.65 0.86 0.90 0.88 0.85 0.90 0.91 0.91 0.90 0.94 0.94 0.91 0.66 0.93 0.81 1.00 0.94 0.94 0.94 0.93 0.68 0.83 1.00 0.65 0.92 0.99 0.96 0.96 0.93 0.99 0.96 0.96 0.93 0.99 0.93
0.69 0.85 0.85 0.84 0.57 0.80 0.85 0.83 0.80 0.85 0.86 0.87 0.85 0.90 0.90 0.87 0.59 0.90 0.77 1.00 0.90 0.90 0.90 0.90 0.60 0.78 1.00 0.57 0.88 0.99 0.95 0.94 0.90 0.99 0.95 0.95 0.90 0.99 0.90
0.73 0.89 0.89 0.87 0.63 0.85 0.89 0.87 0.84 0.89 0.89 0.90 0.89 0.93 0.93 0.90 0.64 0.93 0.81 1.00 0.93 0.93 0.93 0.93 0.67 0.82 1.00 0.64 0.91 0.99 0.96 0.96 0.93 0.99 0.96 0.96 0.92 0.99 0.92
0.92 0.99 0.99 0.99 0.86 0.97 0.99 0.99 0.98 0.99 0.99 0.99 0.99 1.00 1.00 0.99 0.84 0.99 0.92 1.00 1.00 1.00 1.00 0.99 0.90 0.97 1.00 0.85 0.99 1.00 1.00 1.00 0.99 1.00 1.00 1.00 0.99 1.00 0.99
0.94 0.99 0.99 0.99 0.89 0.98 0.99 0.99 0.98 0.99 0.99 0.99 0.99 1.00 1.00 0.99 0.88 1.00 0.94 1.00 1.00 1.00 1.00 1.00 0.92 0.98 1.00 0.88 0.99 1.00 1.00 1.00 1.00 1.00 1.00 1.00 0.99 1.00 0.99
0.60 0.77 0.77 0.75 0.47 0.73 0.77 0.74 0.70 0.79 0.78 0.79 0.79 0.85 0.84 0.81 0.52 0.84 0.73 1.00 0.85 0.85 0.84 0.84 0.52 0.70 1.00 0.51 0.83 0.98 0.92 0.91 0.84 0.98 0.92 0.92 0.85 0.98 0.85
0.43 0.59 0.59 0.56 0.30 0.58 0.59 0.55 0.51 0.64 0.60 0.62 0.64 0.70 0.69 0.64 0.37 0.70 0.64 1.00 0.70 0.70 0.69 0.70 0.35 0.54 1.00 0.37 0.73 0.97 0.86 0.84 0.70 0.97 0.86 0.85 0.74 0.97 0.74
0.59 0.76 0.76 0.74 0.47 0.72 0.76 0.73 0.70 0.77 0.78 0.79 0.77 0.84 0.83 0.80 0.50 0.84 0.72 1.00 0.84 0.84 0.84 0.84 0.51 0.70 1.00 0.50 0.83 0.98 0.93 0.92 0.84 0.98 0.93 0.92 0.85 0.98 0.85
0.64 0.80 0.80 0.78 0.50 0.76 0.80 0.78 0.74 0.81 0.81 0.82 0.81 0.87 0.86 0.83 0.55 0.87 0.75 1.00 0.87 0.87 0.87 0.87 0.55 0.72 1.00 0.53 0.85 0.99 0.93 0.93 0.87 0.99 0.93 0.93 0.87 0.99 0.87
0.64 0.82 0.82 0.80 0.52 0.77 0.82 0.79 0.75 0.82 0.83 0.84 0.82 0.87 0.87 0.84 0.54 0.87 0.75 1.00 0.87 0.87 0.87 0.87 0.56 0.74 1.00 0.54 0.86 0.99 0.93 0.93 0.87 0.99 0.93 0.93 0.88 0.99 0.88
0.47 0.64 0.64 0.61 0.35 0.61 0.64 0.61 0.56 0.67 0.66 0.67 0.67 0.74 0.73 0.69 0.41 0.74 0.66 1.00 0.74 0.74 0.73 0.74 0.40 0.58 1.00 0.40 0.75 0.97 0.87 0.86 0.74 0.97 0.87 0.86 0.77 0.97 0.77
0.40 0.56 0.56 0.54 0.28 0.54 0.56 0.53 0.49 0.61 0.58 0.60 0.61 0.68 0.66 0.62 0.35 0.69 0.64 1.00 0.68 0.68 0.67 0.69 0.33 0.51 1.00 0.36 0.71 0.96 0.85 0.84 0.69 0.96 0.85 0.84 0.74 0.96 0.74
0.96 1.00 1.00 1.00 0.93 0.99 1.00 1.00 0.99 1.00 1.00 1.00 1.00 1.00 1.00 1.00 0.91 1.00 0.96 1.00 1.00 1.00 1.00 1.00 0.96 0.99 1.00 0.93 1.00 1.00 1.00 1.00 1.00 1.00 1.00 1.00 1.00 1.00 1.00
0.78 0.92 0.92 0.91 0.68 0.89 0.92 0.90 0.88 0.92 0.92 0.93 0.92 0.95 0.95 0.94 0.68 0.95 0.82 1.00 0.95 0.95 0.95 0.95 0.71 0.86 1.00 0.67 0.93 0.99 0.97 0.97 0.95 0.99 0.97 0.97 0.95 0.99 0.95
0.83 0.95 0.95 0.94 0.73 0.92 0.95 0.94 0.92 0.95 0.95 0.96 0.95 0.97 0.97 0.96 0.72 0.97 0.85 1.00 0.97 0.97 0.97 0.97 0.78 0.89 1.00 0.73 0.95 1.00 0.98 0.98 0.97 1.00 0.98 0.98 0.96 1.00 0.96
0.83 0.96 0.96 0.94 0.74 0.92 0.96 0.94 0.92 0.95 0.96 0.96 0.95 0.97 0.97 0.96 0.74 0.97 0.86 1.00 0.97 0.97 0.97 0.97 0.78 0.90 1.00 0.74 0.95 1.00 0.98 0.98 0.97 1.00 0.98 0.98 0.96 1.00 0.96
0.95 1.00 1.00 0.99 0.89 0.98 1.00 0.99 0.98 0.99 1.00 1.00 0.99 1.00 1.00 1.00 0.88 1.00 0.94 1.00 1.00 1.00 1.00 1.00 0.93 0.98 1.00 0.89 0.99 1.00 1.00 1.00 1.00 1.00 1.00 1.00 0.99 1.00 0.99
0.94 0.99 0.99 0.99 0.88 0.98 0.99 0.99 0.98 0.99 0.99 0.99 0.99 1.00 1.00 1.00 0.88 1.00 0.94 1.00 1.00 1.00 1.00 1.00 0.92 0.98 1.00 0.88 0.99 1.00 1.00 1.00 1.00 1.00 1.00 1.00 0.99 1.00 0.99
0.95 1.00 1.00 0.99 0.90 0.99 1.00 0.99 0.99 0.99 1.00 1.00 0.99 1.00 1.00 1.00 0.89 1.00 0.94 1.00 1.00 1.00 1.00 1.00 0.94 0.98 1.00 0.89 0.99 1.00 1.00 1.00 1.00 1.00 1.00 1.00 0.99 1.00 0.99
0.72 0.87 0.87 0.86 0.61 0.83 0.87 0.85 0.82 0.87 0.88 0.89 0.87 0.92 0.92 0.89 0.62 0.91 0.79 1.00 0.92 0.92 0.92 0.91 0.64 0.80 1.00 0.60 0.90 0.99 0.96 0.95 0.91 0.99 0.96 0.95 0.91 0.99 0.91
0.48 0.65 0.65 0.62 0.36 0.62 0.65 0.62 0.58 0.68 0.66 0.67 0.68 0.75 0.74 0.70 0.43 0.75 0.68 1.00 0.75 0.75 0.74 0.75 0.40 0.59 1.00 0.41 0.76 0.97 0.88 0.87 0.75 0.97 0.88 0.87 0.79 0.97 0.79
0.54 0.71 0.71 0.69 0.42 0.68 0.71 0.68 0.64 0.73 0.72 0.74 0.73 0.80 0.79 0.75 0.47 0.80 0.70 1.00 0.80 0.80 0.79 0.80 0.46 0.65 1.00 0.46 0.80 0.97 0.90 0.90 0.80 0.97 0.90 0.90 0.82 0.97 0.82
0.64 0.81 0.81 0.79 0.51 0.77 0.81 0.78 0.75 0.82 0.82 0.82 0.82 0.88 0.87 0.84 0.56 0.87 0.75 1.00 0.88 0.88 0.87 0.87 0.57 0.74 1.00 0.55 0.86 0.99 0.93 0.93 0.87 0.99 0.93 0.93 0.88 0.99 0.88
0.94 1.00 1.00 0.99 0.89 0.98 1.00 0.99 0.98 0.99 1.00 1.00 0.99 1.00 1.00 1.00 0.88 1.00 0.94 1.00 1.00 1.00 1.00 1.00 0.93 0.98 1.00 0.89 0.99 1.00 1.00 1.00 1.00 1.00 1.00 1.00 0.99 1.00 0.99
0.74 0.89 0.89 0.88 0.64 0.85 0.89 0.87 0.85 0.89 0.90 0.90 0.89 0.93 0.93 0.91 0.65 0.93 0.80 1.00 0.93 0.93 0.93 0.93 0.66 0.83 1.00 0.64 0.91 0.99 0.96 0.96 0.93 0.99 0.96 0.96 0.93 0.99 0.93
0.46 0.64 0.64 0.62 0.35 0.61 0.64 0.61 0.57 0.68 0.65 0.67 0.68 0.74 0.73 0.69 0.42 0.74 0.67 1.00 0.74 0.74 0.74 0.74 0.40 0.58 1.00 0.41 0.76 0.97 0.88 0.87 0.74 0.97 0.88 0.87 0.78 0.97 0.78
0.39 0.56 0.56 0.53 0.28 0.55 0.56 0.52 0.48 0.62 0.57 0.59 0.62 0.67 0.66 0.62 0.34 0.68 0.63 1.00 0.67 0.67 0.66 0.68 0.33 0.51 1.00 0.35 0.71 0.96 0.85 0.84 0.68 0.96 0.85 0.84 0.74 0.96 0.74
0.38 0.55 0.55 0.52 0.27 0.53 0.55 0.51 0.47 0.60 0.56 0.57 0.60 0.66 0.65 0.60 0.34 0.67 0.62 1.00 0.66 0.66 0.65 0.67 0.32 0.50 1.00 0.35 0.70 0.96 0.84 0.83 0.67 0.96 0.84 0.83 0.73 0.96 0.73
0.73 0.88 0.88 0.86 0.60 0.84 0.88 0.85 0.82 0.87 0.89 0.89 0.87 0.92 0.92 0.90 0.62 0.92 0.79 1.00 0.92 0.92 0.92 0.92 0.64 0.81 1.00 0.62 0.90 0.99 0.96 0.96 0.92 0.99 0.96 0.96 0.92 0.99 0.92
0.52 0.69 0.69 0.67 0.40 0.66 0.69 0.66 0.62 0.71 0.71 0.72 0.71 0.78 0.77 0.74 0.45 0.78 0.68 1.00 0.78 0.78 0.77 0.78 0.45 0.62 1.00 0.45 0.78 0.97 0.89 0.88 0.78 0.97 0.89 0.89 0.81 0.97 0.81
0.63 0.81 0.81 0.79 0.52 0.77 0.81 0.78 0.75 0.82 0.82 0.83 0.82 0.87 0.87 0.84 0.56 0.87 0.75 1.00 0.87 0.87 0.87 0.87 0.56 0.74 1.00 0.54 0.85 0.99 0.94 0.93 0.87 0.99 0.94 0.93 0.88 0.99 0.88
0.86 0.96 0.96 0.95 0.76 0.93 0.96 0.95 0.93 0.96 0.97 0.97 0.96 0.98 0.98 0.97 0.76 0.98 0.87 1.00 0.98 0.98 0.98 0.98 0.80 0.91 1.00 0.75 0.96 1.00 0.99 0.99 0.98 1.00 0.99 0.99 0.97 1.00 0.97
0.68 0.85 0.85 0.83 0.57 0.81 0.85 0.83 0.79 0.85 0.86 0.87 0.85 0.90 0.90 0.87 0.58 0.90 0.78 1.00 0.90 0.90 0.90 0.90 0.60 0.77 1.00 0.58 0.88 0.99 0.95 0.95 0.90 0.99 0.95 0.95 0.90 0.99 0.90
0.91 0.99 0.99 0.98 0.85 0.96 0.99 0.98 0.97 0.98 0.99 0.99 0.98 0.99 0.99 0.99 0.83 0.99 0.91 1.00 0.99 0.99 0.99 0.99 0.89 0.96 1.00 0.84 0.98 1.00 0.99 0.99 0.99 1.00 0.99 0.99 0.98 1.00 0.98
0.38 0.54 0.54 0.51 0.26 0.53 0.54 0.50 0.46 0.59 0.55 0.57 0.59 0.66 0.64 0.60 0.35 0.66 0.62 1.00 0.66 0.66 0.65 0.66 0.33 0.50 1.00 0.35 0.70 0.96 0.84 0.83 0.66 0.96 0.84 0.83 0.72 0.96 0.72
0.89 0.98 0.98 0.97 0.81 0.96 0.98 0.97 0.95 0.97 0.98 0.98 0.97 0.99 0.99 0.98 0.81 0.99 0.90 1.00 0.99 0.99 0.99 0.99 0.86 0.94 1.00 0.81 0.98 1.00 0.99 0.99 0.99 1.00 0.99 0.99 0.98 1.00 0.98
0.67 0.84 0.84 0.81 0.55 0.79 0.84 0.81 0.78 0.84 0.85 0.86 0.84 0.89 0.89 0.86 0.58 0.89 0.76 1.00 0.89 0.89 0.89 0.89 0.59 0.76 1.00 0.56 0.87 0.99 0.94 0.94 0.89 0.99 0.94 0.94 0.90 0.99 0.90
0.71 0.87 0.87 0.85 0.60 0.83 0.87 0.85 0.82 0.87 0.88 0.89 0.87 0.92 0.92 0.90 0.63 0.92 0.79 1.00 0.92 0.92 0.92 0.92 0.64 0.80 1.00 0.61 0.90 0.99 0.96 0.95 0.92 0.99 0.96 0.95 0.92 0.99 0.92
0.78 0.92 0.92 0.90 0.67 0.88 0.92 0.90 0.87 0.91 0.92 0.92 0.91 0.95 0.95 0.93 0.66 0.94 0.82 1.00 0.95 0.95 0.95 0.94 0.70 0.84 1.00 0.67 0.93 0.99 0.97 0.97 0.94 0.99 0.97 0.97 0.94 0.99 0.94
0.65 0.82 0.82 0.79 0.52 0.78 0.82 0.79 0.75 0.83 0.83 0.83 0.83 0.88 0.87 0.85 0.56 0.88 0.76 1.00 0.88 0.88 0.87 0.88 0.57 0.74 1.00 0.54 0.86 0.99 0.94 0.93 0.88 0.99 0.94 0.93 0.88 0.99 0.88
0.39 0.55 0.55 0.52 0.27 0.54 0.55 0.52 0.48 0.61 0.57 0.58 0.61 0.67 0.66 0.62 0.35 0.68 0.64 1.00 0.67 0.67 0.67 0.68 0.33 0.52 1.00 0.35 0.71 0.97 0.85 0.83 0.68 0.97 0.85 0.84 0.72 0.97 0.72
0.62 0.79 0.79 0.77 0.50 0.75 0.79 0.76 0.73 0.81 0.80 0.81 0.81 0.86 0.85 0.82 0.54 0.86 0.74 1.00 0.86 0.86 0.86 0.86 0.54 0.72 1.00 0.53 0.85 0.99 0.93 0.93 0.86 0.99 0.93 0.93 0.87 0.99 0.87
0.76 0.91 0.91 0.89 0.66 0.86 0.91 0.89 0.86 0.90 0.91 0.92 0.90 0.94 0.94 0.92 0.65 0.94 0.82 1.00 0.94 0.94 0.94 0.94 0.69 0.84 1.00 0.65 0.92 0.99 0.97 0.97 0.94 0.99 0.97 0.97 0.94 0.99 0.94
0.54 0.72 0.72 0.70 0.42 0.68 0.72 0.69 0.64 0.74 0.73 0.74 0.74 0.81 0.80 0.76 0.47 0.80 0.70 1.00 0.81 0.81 0.80 0.80 0.47 0.65 1.00 0.46 0.80 0.98 0.91 0.90 0.80 0.98 0.91 0.90 0.83 0.98 0.83
0.75 0.90 0.90 0.89 0.65 0.85 0.90 0.88 0.86 0.90 0.91 0.92 0.90 0.94 0.94 0.92 0.66 0.94 0.81 1.00 0.94 0.94 0.94 0.94 0.69 0.83 1.00 0.65 0.92 0.99 0.97 0.97 0.94 0.99 0.97 0.97 0.94 0.99 0.94
0.68 0.85 0.85 0.83 0.57 0.80 0.85 0.82 0.79 0.84 0.85 0.86 0.84 0.90 0.90 0.87 0.59 0.90 0.77 1.00 0.90 0.90 0.90 0.90 0.61 0.77 1.00 0.58 0.88 0.99 0.94 0.94 0.90 0.99 0.94 0.94 0.89 0.99 0.89
0.49 0.66 0.66 0.63 0.36 0.63 0.66 0.62 0.58 0.69 0.67 0.68 0.69 0.76 0.75 0.70 0.43 0.76 0.68 1.00 0.76 0.76 0.75 0.76 0.42 0.60 1.00 0.43 0.77 0.97 0.89 0.88 0.76 0.97 0.89 0.88 0.79 0.97 0.79
0.90 0.99 0.99 0.98 0.83 0.96 0.99 0.98 0.96 0.98 0.99 0.99 0.98 0.99 0.99 0.98 0.81 0.99 0.90 1.00 0.99 0.99 0.99 0.99 0.87 0.95 1.00 0.82 0.98 1.00 0.99 0.99 0.99 1.00 0.99 0.99 0.98 1.00 0.98
0.70 0.86 0.86 0.85 0.59 0.82 0.86 0.84 0.81 0.86 0.87 0.88 0.86 0.91 0.91 0.89 0.61 0.91 0.79 1.00 0.91 0.91 0.91 0.91 0.63 0.79 1.00 0.60 0.89 0.99 0.95 0.95 0.91 0.99 0.95 0.95 0.91 0.99 0.91
0.92 0.99 0.99 0.99 0.86 0.97 0.99 0.99 0.97 0.99 0.99 0.99 0.99 1.00 1.00 0.99 0.85 1.00 0.92 1.00 1.00 1.00 1.00 1.00 0.90 0.97 1.00 0.86 0.99 1.00 1.00 1.00 1.00 1.00 1.00 1.00 0.99 1.00 0.99
0.69 0.85 0.85 0.83 0.57 0.81 0.85 0.82 0.79 0.85 0.86 0.86 0.85 0.90 0.90 0.87 0.59 0.90 0.77 1.00 0.90 0.90 0.90 0.90 0.61 0.77 1.00 0.59 0.88 0.99 0.94 0.94 0.90 0.99 0.94 0.94 0.90 0.99 0.90
0.76 0.91 0.91 0.90 0.65 0.86 0.91 0.89 0.86 0.90 0.91 0.92 0.90 0.94 0.94 0.92 0.66 0.94 0.81 1.00 0.94 0.94 0.94 0.94 0.68 0.83 1.00 0.64 0.92 0.99 0.97 0.97 0.94 0.99 0.97 0.97 0.93 0.99 0.93
0.48 0.65 0.65 0.62 0.36 0.62 0.65 0.61 0.57 0.68 0.66 0.67 0.68 0.75 0.74 0.69 0.42 0.75 0.66 1.00 0.75 0.75 0.74 0.75 0.40 0.59 1.00 0.41 0.76 0.97 0.88 0.87 0.75 0.97 0.88 0.87 0.78 0.97 0.78
0.43 0.60 0.60 0.58 0.31 0.58 0.60 0.57 0.53 0.65 0.61 0.62 0.65 0.71 0.69 0.65 0.38 0.71 0.65 1.00 0.71 0.71 0.70 0.71 0.36 0.54 1.00 0.39 0.74 0.97 0.86 0.85 0.71 0.97 0.86 0.85 0.75 0.97 0.75
0.56 0.73 0.73 0.70 0.43 0.70 0.73 0.69 0.66 0.75 0.74 0.75 0.75 0.82 0.81 0.77 0.49 0.81 0.71 1.00 0.82 0.82 0.81 0.81 0.47 0.66 1.00 0.47 0.81 0.98 0.91 0.90 0.81 0.98 0.91 0.90 0.83 0.98 0.83
0.62 0.79 0.79 0.77 0.49 0.74 0.79 0.76 0.72 0.79 0.80 0.81 0.79 0.86 0.85 0.82 0.53 0.85 0.74 1.00 0.86 0.86 0.85 0.85 0.53 0.71 1.00 0.52 0.84 0.98 0.92 0.92 0.85 0.98 0.92 0.92 0.86 0.98 0.86
0.96 1.00 1.00 0.99 0.91 0.99 1.00 0.99 0.99 1.00 1.00 1.00 1.00 1.00 1.00 1.00 0.90 1.00 0.95 1.00 1.00 1.00 1.00 1.00 0.95 0.98 1.00 0.91 0.99 1.00 1.00 1.00 1.00 1.00 1.00 1.00 1.00 1.00 1.00
0.49 0.65 0.65 0.63 0.36 0.63 0.65 0.62 0.58 0.69 0.67 0.68 0.69 0.76 0.74 0.70 0.42 0.75 0.67 1.00 0.76 0.76 0.75 0.75 0.41 0.60 1.00 0.42 0.77 0.97 0.88 0.87 0.75 0.97 0.88 0.88 0.79 0.97 0.79
0.95 1.00 1.00 0.99 0.90 0.98 1.00 0.99 0.99 0.99 1.00 1.00 0.99 1.00 1.00 1.00 0.89 1.00 0.95 1.00 1.00 1.00 1.00 1.00 0.94 0.98 1.00 0.91 0.99 1.00 1.00 1.00 1.00 1.00 1.00 1.00 1.00 1.00 1.00
0.94 1.00 1.00 0.99 0.89 0.98 1.00 0.99 0.98 0.99 1.00 1.00 0.99 1.00 1.00 1.00 0.88 1.00 0.94 1.00 1.00 1.00 1.00 1.00 0.93 0.98 1.00 0.88 0.99 1.00 1.00 1.00 1.00 1.00 1.00 1.00 1.00 1.00 1.00
0.74 0.89 0.89 0.88 0.63 0.85 0.89 0.87 0.84 0.89 0.90 0.90 0.89 0.93 0.93 0.91 0.65 0.93 0.80 1.00 0.93 0.93 0.93 0.93 0.66 0.82 1.00 0.63 0.91 0.99 0.96 0.96 0.93 0.99 0.96 0.96 0.92 0.99 0.92
0.46 0.63 0.63 0.60 0.34 0.61 0.63 0.59 0.55 0.67 0.64 0.66 0.67 0.74 0.72 0.68 0.40 0.73 0.67 1.00 0.74 0.74 0.73 0.73 0.38 0.57 1.00 0.40 0.75 0.97 0.87 0.86 0.73 0.97 0.87 0.86 0.77 0.97 0.77
0.87 0.97 0.97 0.96 0.79 0.94 0.97 0.96 0.94 0.96 0.97 0.97 0.96 0.98 0.98 0.97 0.76 0.98 0.88 1.00 0.98 0.98 0.98 0.98 0.81 0.92 1.00 0.76 0.96 1.00 0.99 0.99 0.98 1.00 0.99 0.99 0.97 1.00 0.97
0.74 0.89 0.89 0.87 0.62 0.84 0.89 0.86 0.83 0.88 0.89 0.90 0.88 0.93 0.93 0.90 0.64 0.93 0.80 1.00 0.93 0.93 0.93 0.93 0.65 0.81 1.00 0.62 0.91 0.99 0.96 0.96 0.93 0.99 0.96 0.96 0.92 0.99 0.92
0.96 1.00 1.00 1.00 0.92 0.99 1.00 1.00 0.99 1.00 1.00 1.00 1.00 1.00 1.00 1.00 0.91 1.00 0.96 1.00 1.00 1.00 1.00 1.00 0.96 0.99 1.00 0.93 1.00 1.00 1.00 1.00 1.00 1.00 1.00 1.00 1.00 1.00 1.00
0.73 0.89 0.89 0.87 0.63 0.85 0.89 0.87 0.84 0.89 0.90 0.91 0.89 0.94 0.93 0.91 0.63 0.93 0.80 1.00 0.94 0.94 0.93 0.93 0.67 0.82 1.00 0.63 0.91 0.99 0.96 0.96 0.93 0.99 0.96 0.96 0.92 0.99 0.92
0.94 0.99 0.99 0.99 0.89 0.98 0.99 0.99 0.98 0.99 0.99 0.99 0.99 1.00 1.00 0.99 0.87 1.00 0.94 1.00 1.00 1.00 1.00 1.00 0.92 0.98 1.00 0.88 0.99 1.00 1.00 1.00 1.00 1.00 1.00 1.00 0.99 1.00 0.99
0.55 0.73 0.73 0.70 0.43 0.69 0.73 0.70 0.66 0.75 0.74 0.75 0.75 0.81 0.80 0.76 0.47 0.81 0.71 1.00 0.81 0.81 0.80 0.81 0.48 0.66 1.00 0.47 0.80 0.98 0.91 0.90 0.81 0.98 0.91 0.90 0.83 0.98 0.83
0.63 0.80 0.80 0.78 0.51 0.75 0.80 0.78 0.74 0.81 0.81 0.82 0.81 0.87 0.87 0.84 0.54 0.87 0.74 1.00 0.87 0.87 0.87 0.87 0.55 0.73 1.00 0.53 0.85 0.99 0.93 0.93 0.87 0.99 0.93 0.93 0.88 0.99 0.88
0.78 0.92 0.92 0.90 0.68 0.88 0.92 0.90 0.87 0.92 0.92 0.93 0.92 0.95 0.95 0.93 0.68 0.95 0.83 1.00 0.95 0.95 0.95 0.95 0.72 0.86 1.00 0.68 0.93 0.99 0.97 0.97 0.95 0.99 0.97 0.97 0.94 0.99 0.94
0.43 0.60 0.60 0.57 0.31 0.58 0.60 0.57 0.53 0.64 0.61 0.63 0.64 0.71 0.69 0.65 0.38 0.71 0.65 1.00 0.71 0.71 0.70 0.71 0.36 0.55 1.00 0.38 0.74 0.97 0.87 0.85 0.71 0.97 0.87 0.86 0.76 0.97 0.76
0.96 1.00 1.00 1.00 0.92 0.99 1.00 1.00 0.99 1.00 1.00 1.00 1.00 1.00 1.00 1.00 0.91 1.00 0.96 1.00 1.00 1.00 1.00 1.00 0.96 0.99 1.00 0.92 1.00 1.00 1.00 1.00 1.00 1.00 1.00 1.00 1.00 1.00 1.00
0.74 0.90 0.90 0.88 0.63 0.85 0.90 0.88 0.84 0.89 0.90 0.91 0.89 0.93 0.93 0.91 0.65 0.93 0.81 1.00 0.93 0.93 0.93 0.93 0.66 0.82 1.00 0.63 0.91 0.99 0.96 0.96 0.93 0.99 0.96 0.96 0.93 0.99 0.93
0.56 0.73 0.73 0.71 0.44 0.69 0.73 0.70 0.66 0.75 0.74 0.75 0.75 0.81 0.80 0.77 0.48 0.81 0.71 1.00 0.81 0.81 0.81 0.81 0.48 0.66 1.00 0.47 0.82 0.98 0.91 0.90 0.81 0.98 0.91 0.91 0.83 0.98 0.83
0.61 0.79 0.79 0.76 0.49 0.74 0.79 0.75 0.71 0.80 0.80 0.81 0.80 0.86 0.85 0.82 0.54 0.86 0.74 1.00 0.86 0.86 0.86 0.86 0.54 0.72 1.00 0.52 0.84 0.98 0.93 0.92 0.86 0.98 0.93 0.92 0.87 0.98 0.87
0.64 0.81 0.81 0.79 0.53 0.76 0.81 0.79 0.75 0.82 0.82 0.83 0.82 0.88 0.87 0.84 0.55 0.87 0.75 1.00 0.88 0.88 0.87 0.87 0.56 0.74 1.00 0.54 0.86 0.99 0.93 0.93 0.87 0.99 0.93 0.93 0.88 0.99 0.88
0.66 0.83 0.83 0.81 0.54 0.79 0.83 0.80 0.77 0.83 0.84 0.85 0.83 0.88 0.88 0.85 0.57 0.88 0.76 1.00 0.88 0.88 0.88 0.88 0.58 0.75 1.00 0.56 0.86 0.99 0.94 0.94 0.88 0.99 0.94 0.94 0.89 0.99 0.89
0.95 1.00 1.00 1.00 0.91 0.99 1.00 0.99 0.99 0.99 1.00 1.00 0.99 1.00 1.00 1.00 0.89 1.00 0.95 1.00 1.00 1.00 1.00 1.00 0.94 0.98 1.00 0.90 0.99 1.00 1.00 1.00 1.00 1.00 1.00 1.00 0.99 1.00 0.99
0.95 1.00 1.00 0.99 0.90 0.99 1.00 0.99 0.99 1.00 1.00 1.00 1.00 1.00 1.00 1.00 0.89 1.00 0.95 1.00 1.00 1.00 1.00 1.00 0.95 0.98 1.00 0.91 0.99 1.00 1.00 1.00 1.00 1.00 1.00 1.00 0.99 1.00 0.99
0.85 0.97 0.97 0.96 0.76 0.93 0.97 0.95 0.93 0.95 0.97 0.97 0.95 0.98 0.98 0.97 0.75 0.98 0.87 1.00 0.98 0.98 0.98 0.98 0.80 0.91 1.00 0.76 0.96 1.00 0.99 0.98 0.98 1.00 0.99 0.98 0.97 1.00 0.97
0.75 0.90 0.90 0.88 0.64 0.85 0.90 0.88 0.85 0.89 0.90 0.91 0.89 0.93 0.93 0.91 0.65 0.93 0.80 1.00 0.93 0.93 0.93 0.93 0.67 0.83 1.00 0.65 0.91 0.99 0.96 0.96 0.93 0.99 0.96 0.96 0.92 0.99 0.92
0.89 0.98 0.98 0.97 0.81 0.96 0.98 0.97 0.95 0.97 0.98 0.98 0.97 0.99 0.99 0.98 0.80 0.99 0.90 1.00 0.99 0.99 0.99 0.99 0.85 0.94 1.00 0.81 0.97 1.00 0.99 0.99 0.99 1.00 0.99 0.99 0.98 1.00 0.98
0.73 0.88 0.88 0.87 0.61 0.84 0.88 0.86 0.83 0.88 0.89 0.89 0.88 0.93 0.92 0.90 0.63 0.92 0.79 1.00 0.93 0.93 0.92 0.92 0.65 0.81 1.00 0.61 0.90 0.99 0.96 0.95 0.92 0.99 0.96 0.95 0.92 0.99 0.92
0.81 0.93 0.93 0.92 0.71 0.90 0.93 0.92 0.89 0.93 0.94 0.94 0.93 0.96 0.96 0.94 0.70 0.95 0.84 1.00 0.96 0.96 0.96 0.95 0.73 0.86 1.00 0.69 0.93 1.00 0.97 0.97 0.95 1.00 0.97 0.97 0.95 1.00 0.95
