0.62 0.64 0.64 0.64 0.48 0.62 0.64 0.63 0.61 0.62 0.62 0.61 0.62 0.61 0.61 0.60 0.39 0.59 0.54 0.59 0.61 0.61 0.61 0.59 0.38 0.48 0.59 0.36 0.55 0.59 0.59 0.59 0.59 0.59 0.59 0.59 0.57 0.59 0.57 0.72 0.93 0.83 1.00 0.83 0.83 0.81 0.83 0.82 0.80 0.81 0.81 0.81 0.14 0.74 0.74 0.74 0.74 0.74 0.21 0.20 0.03 0.11 0.58 0.63 0.63 0.63 0.63 0.63 0.63 0.63 0.63 0.61 0.63 0.61 0.60 0.60 0.52 0.63 0.67 0.64 0.43 0.45 0.45 0.45
0.96 0.97 0.97 0.97 0.93 0.96 0.97 0.96 0.96 0.96 0.96 0.96 0.96 0.97 0.97 0.96 0.88 0.96 0.96 0.97 0.97 0.97 0.97 0.96 0.92 0.95 0.97 0.89 0.96 0.97 0.96 0.96 0.96 0.97 0.96 0.96 0.96 0.97 0.96 0.97 0.99 0.98 1.00 0.98 0.98 0.98 0.98 0.98 0.98 0.98 0.98 0.98 0.63 0.97 0.97 0.97 0.97 0.97 0.61 0.62 0.27 0.38 0.96 0.96 0.96 0.96 0.96 0.97 0.96 0.97 0.97 0.96 0.96 0.96 0.96 0.96 0.94 0.96 0.96 0.96 0.92 0.95 0.95 0.95
0.83 0.84 0.84 0.84 0.75 0.84 0.84 0.84 0.83 0.83 0.83 0.83 0.83 0.84 0.84 0.83 0.65 0.83 0.80 0.83 0.84 0.84 0.84 0.83 0.69 0.78 0.83 0.65 0.81 0.83 0.83 0.83 0.83 0.83 0.83 0.83 0.82 0.83 0.82 0.87 0.97 0.92 1.00 0.92 0.92 0.91 0.92 0.91 0.90 0.91 0.91 0.91 0.34 0.87 0.87 0.87 0.87 0.87 0.37 0.36 0.09 0.20 0.82 0.84 0.84 0.84 0.84 0.84 0.84 0.84 0.84 0.83 0.84 0.83 0.83 0.83 0.77 0.84 0.84 0.84 0.72 0.75 0.75 0.75
0.56 0.58 0.58 0.59 0.42 0.56 0.58 0.58 0.56 0.55 0.55 0.55 0.55 0.54 0.54 0.53 0.33 0.53 0.46 0.52 0.54 0.54 0.54 0.53 0.31 0.41 0.52 0.29 0.47 0.52 0.51 0.51 0.53 0.52 0.51 0.51 0.50 0.52 0.50 0.68 0.92 0.80 1.00 0.80 0.80 0.77 0.80 0.78 0.76 0.77 0.77 0.77 0.11 0.68 0.68 0.68 0.68 0.68 0.17 0.15 0.02 0.09 0.51 0.56 0.56 0.56 0.56 0.57 0.57 0.57 0.57 0.54 0.56 0.54 0.54 0.54 0.46 0.57 0.61 0.58 0.36 0.38 0.38 0.38
0.46 0.49 0.49 0.50 0.33 0.45 0.49 0.49 0.46 0.45 0.45 0.44 0.45 0.43 0.43 0.42 0.24 0.41 0.35 0.40 0.43 0.43 0.43 0.41 0.21 0.29 0.40 0.21 0.35 0.40 0.39 0.39 0.41 0.40 0.39 0.39 0.38 0.40 0.38 0.60 0.91 0.75 1.00 0.75 0.75 0.72 0.75 0.74 0.71 0.72 0.72 0.72 0.07 0.62 0.62 0.62 0.62 0.62 0.12 0.12 0.01 0.07 0.40 0.47 0.47 0.47 0.47 0.47 0.47 0.47 0.47 0.44 0.47 0.44 0.43 0.43 0.37 0.49 0.54 0.49 0.27 0.28 0.28 0.28
0.34 0.37 0.37 0.39 0.23 0.33 0.37 0.37 0.34 0.32 0.33 0.32 0.32 0.29 0.30 0.29 0.14 0.27 0.23 0.27 0.29 0.29 0.29 0.27 0.12 0.17 0.27 0.12 0.22 0.27 0.26 0.26 0.27 0.27 0.26 0.26 0.24 0.27 0.24 0.52 0.87 0.70 1.00 0.70 0.70 0.66 0.70 0.68 0.64 0.66 0.66 0.66 0.05 0.55 0.55 0.55 0.55 0.55 0.08 0.07 0.00 0.05 0.28 0.34 0.34 0.34 0.34 0.35 0.35 0.35 0.35 0.31 0.34 0.32 0.30 0.30 0.27 0.38 0.43 0.38 0.17 0.18 0.18 0.18
0.93 0.93 0.93 0.93 0.88 0.93 0.93 0.93 0.93 0.93 0.93 0.93 0.93 0.93 0.93 0.93 0.81 0.93 0.92 0.93 0.93 0.93 0.93 0.93 0.86 0.91 0.93 0.82 0.93 0.93 0.93 0.93 0.93 0.93 0.93 0.93 0.93 0.93 0.93 0.94 0.99 0.96 1.00 0.96 0.96 0.96 0.96 0.96 0.96 0.96 0.96 0.96 0.52 0.94 0.94 0.94 0.94 0.94 0.51 0.53 0.19 0.31 0.92 0.93 0.93 0.93 0.93 0.93 0.93 0.93 0.93 0.93 0.93 0.93 0.93 0.93 0.90 0.93 0.93 0.93 0.87 0.89 0.89 0.89
0.42 0.45 0.45 0.46 0.29 0.41 0.45 0.45 0.42 0.41 0.41 0.40 0.41 0.39 0.39 0.38 0.21 0.37 0.31 0.36 0.39 0.39 0.39 0.37 0.18 0.25 0.36 0.17 0.31 0.36 0.35 0.35 0.37 0.36 0.35 0.35 0.33 0.36 0.33 0.58 0.89 0.75 1.00 0.74 0.74 0.71 0.74 0.73 0.69 0.71 0.71 0.71 0.06 0.61 0.61 0.61 0.61 0.61 0.11 0.10 0.01 0.06 0.36 0.43 0.43 0.43 0.43 0.44 0.43 0.44 0.44 0.40 0.43 0.40 0.39 0.39 0.34 0.45 0.50 0.46 0.23 0.24 0.24 0.24
0.90 0.90 0.90 0.91 0.83 0.90 0.90 0.90 0.89 0.90 0.90 0.90 0.90 0.90 0.90 0.90 0.75 0.90 0.88 0.90 0.90 0.90 0.90 0.90 0.81 0.87 0.90 0.77 0.89 0.90 0.90 0.90 0.90 0.90 0.90 0.90 0.89 0.90 0.89 0.92 0.98 0.95 1.00 0.95 0.95 0.94 0.95 0.94 0.94 0.94 0.94 0.94 0.45 0.92 0.92 0.92 0.92 0.92 0.46 0.46 0.15 0.26 0.89 0.90 0.90 0.90 0.90 0.90 0.90 0.90 0.90 0.90 0.90 0.90 0.90 0.90 0.86 0.90 0.90 0.90 0.82 0.85 0.85 0.85
0.52 0.55 0.55 0.56 0.38 0.52 0.55 0.55 0.52 0.51 0.52 0.51 0.51 0.50 0.50 0.49 0.29 0.48 0.42 0.48 0.50 0.50 0.50 0.48 0.28 0.36 0.48 0.26 0.43 0.48 0.47 0.47 0.48 0.48 0.47 0.47 0.45 0.48 0.45 0.65 0.91 0.79 1.00 0.78 0.78 0.75 0.78 0.77 0.74 0.75 0.75 0.75 0.10 0.67 0.67 0.67 0.67 0.67 0.15 0.14 0.01 0.07 0.47 0.53 0.53 0.53 0.53 0.54 0.53 0.54 0.54 0.50 0.53 0.51 0.50 0.50 0.43 0.54 0.58 0.55 0.32 0.34 0.34 0.34
0.96 0.96 0.96 0.96 0.92 0.96 0.96 0.96 0.95 0.96 0.96 0.96 0.96 0.96 0.96 0.96 0.86 0.96 0.95 0.96 0.96 0.96 0.96 0.96 0.90 0.94 0.96 0.87 0.95 0.96 0.96 0.96 0.96 0.96 0.96 0.96 0.95 0.96 0.95 0.96 0.99 0.97 1.00 0.97 0.97 0.97 0.97 0.97 0.97 0.97 0.97 0.97 0.60 0.96 0.96 0.96 0.96 0.96 0.58 0.59 0.25 0.35 0.95 0.96 0.96 0.96 0.96 0.96 0.96 0.96 0.96 0.96 0.96 0.96 0.96 0.96 0.93 0.95 0.95 0.95 0.90 0.93 0.93 0.93
0.67 0.69 0.69 0.69 0.54 0.67 0.69 0.68 0.66 0.67 0.67 0.67 0.67 0.66 0.66 0.65 0.44 0.65 0.59 0.65 0.66 0.66 0.66 0.65 0.45 0.55 0.65 0.42 0.61 0.65 0.65 0.65 0.65 0.65 0.65 0.65 0.63 0.65 0.63 0.75 0.94 0.85 1.00 0.84 0.84 0.83 0.84 0.84 0.82 0.83 0.83 0.83 0.17 0.76 0.76 0.76 0.76 0.76 0.23 0.22 0.03 0.11 0.63 0.68 0.68 0.68 0.68 0.68 0.68 0.68 0.68 0.66 0.68 0.66 0.66 0.66 0.58 0.68 0.70 0.68 0.49 0.53 0.53 0.53
0.39 0.42 0.42 0.43 0.27 0.38 0.42 0.42 0.39 0.37 0.38 0.36 0.37 0.35 0.35 0.34 0.18 0.33 0.27 0.32 0.35 0.35 0.35 0.33 0.15 0.21 0.32 0.14 0.27 0.32 0.31 0.31 0.33 0.32 0.31 0.31 0.29 0.32 0.29 0.56 0.88 0.73 1.00 0.73 0.73 0.69 0.73 0.72 0.67 0.69 0.69 0.69 0.05 0.58 0.58 0.58 0.58 0.58 0.10 0.09 0.01 0.05 0.33 0.39 0.39 0.39 0.39 0.40 0.40 0.40 0.40 0.36 0.39 0.37 0.36 0.36 0.31 0.42 0.48 0.43 0.21 0.22 0.22 0.22
0.72 0.74 0.74 0.74 0.60 0.72 0.74 0.73 0.72 0.72 0.72 0.72 0.72 0.72 0.72 0.71 0.51 0.71 0.66 0.71 0.72 0.72 0.72 0.71 0.51 0.62 0.71 0.49 0.67 0.71 0.71 0.71 0.71 0.71 0.71 0.71 0.69 0.71 0.69 0.79 0.95 0.87 1.00 0.87 0.87 0.85 0.87 0.86 0.85 0.85 0.85 0.85 0.21 0.80 0.80 0.80 0.80 0.80 0.25 0.26 0.04 0.13 0.69 0.73 0.73 0.73 0.73 0.73 0.73 0.73 0.73 0.72 0.73 0.72 0.71 0.71 0.63 0.73 0.75 0.73 0.55 0.59 0.59 0.59
0.33 0.37 0.37 0.38 0.22 0.32 0.37 0.37 0.34 0.31 0.32 0.31 0.31 0.28 0.29 0.28 0.14 0.27 0.21 0.25 0.28 0.28 0.28 0.27 0.11 0.16 0.25 0.10 0.21 0.25 0.24 0.24 0.27 0.25 0.24 0.24 0.23 0.25 0.23 0.52 0.87 0.70 1.00 0.70 0.70 0.66 0.70 0.68 0.63 0.66 0.66 0.66 0.04 0.54 0.54 0.54 0.54 0.54 0.08 0.07 0.00 0.05 0.26 0.34 0.34 0.34 0.34 0.35 0.35 0.35 0.35 0.30 0.34 0.31 0.29 0.30 0.26 0.37 0.43 0.37 0.16 0.16 0.16 0.16
0.96 0.97 0.97 0.97 0.93 0.97 0.97 0.97 0.96 0.97 0.97 0.97 0.97 0.97 0.97 0.97 0.87 0.97 0.96 0.97 0.97 0.97 0.97 0.97 0.92 0.95 0.97 0.89 0.96 0.97 0.97 0.97 0.97 0.97 0.97 0.97 0.96 0.97 0.96 0.97 0.99 0.98 1.00 0.98 0.98 0.98 0.98 0.98 0.98 0.98 0.98 0.98 0.64 0.96 0.96 0.96 0.96 0.96 0.62 0.62 0.28 0.39 0.96 0.97 0.97 0.97 0.97 0.97 0.97 0.97 0.97 0.97 0.97 0.97 0.97 0.97 0.94 0.96 0.96 0.96 0.92 0.95 0.95 0.95
0.36 0.39 0.39 0.41 0.24 0.35 0.39 0.39 0.36 0.34 0.35 0.33 0.34 0.31 0.31 0.31 0.16 0.29 0.24 0.28 0.31 0.31 0.31 0.29 0.13 0.19 0.28 0.12 0.24 0.28 0.28 0.28 0.29 0.28 0.28 0.28 0.26 0.28 0.26 0.53 0.88 0.70 1.00 0.71 0.71 0.66 0.71 0.68 0.64 0.66 0.66 0.66 0.05 0.56 0.56 0.56 0.56 0.56 0.09 0.07 0.01 0.05 0.30 0.37 0.37 0.37 0.37 0.38 0.38 0.38 0.38 0.33 0.37 0.34 0.32 0.33 0.29 0.40 0.46 0.40 0.19 0.19 0.19 0.19
0.81 0.82 0.82 0.82 0.70 0.81 0.82 0.82 0.80 0.81 0.81 0.81 0.81 0.81 0.81 0.80 0.61 0.80 0.77 0.81 0.81 0.81 0.81 0.80 0.64 0.74 0.81 0.60 0.78 0.81 0.80 0.80 0.80 0.81 0.80 0.80 0.79 0.81 0.79 0.85 0.96 0.90 1.00 0.90 0.90 0.89 0.90 0.90 0.89 0.89 0.89 0.89 0.29 0.84 0.84 0.84 0.84 0.84 0.33 0.33 0.07 0.17 0.79 0.81 0.81 0.81 0.81 0.81 0.81 0.81 0.81 0.81 0.81 0.81 0.80 0.80 0.73 0.81 0.82 0.81 0.67 0.70 0.70 0.70
0.96 0.97 0.97 0.97 0.93 0.97 0.97 0.97 0.96 0.97 0.97 0.96 0.97 0.97 0.97 0.97 0.88 0.97 0.96 0.97 0.97 0.97 0.97 0.97 0.92 0.96 0.97 0.89 0.96 0.97 0.97 0.97 0.97 0.97 0.97 0.97 0.96 0.97 0.96 0.97 0.99 0.98 1.00 0.98 0.98 0.98 0.98 0.98 0.98 0.98 0.98 0.98 0.64 0.97 0.97 0.97 0.97 0.97 0.61 0.63 0.28 0.39 0.96 0.97 0.97 0.97 0.97 0.97 0.97 0.97 0.97 0.97 0.97 0.96 0.97 0.96 0.94 0.96 0.96 0.97 0.92 0.95 0.95 0.95
0.57 0.59 0.59 0.60 0.43 0.56 0.59 0.58 0.56 0.55 0.56 0.55 0.55 0.54 0.54 0.53 0.32 0.52 0.48 0.53 0.54 0.54 0.54 0.52 0.32 0.41 0.53 0.30 0.47 0.53 0.52 0.52 0.52 0.53 0.52 0.52 0.49 0.53 0.49 0.68 0.92 0.80 1.00 0.80 0.80 0.77 0.80 0.79 0.76 0.77 0.77 0.77 0.11 0.69 0.69 0.69 0.69 0.69 0.17 0.16 0.02 0.09 0.51 0.57 0.57 0.57 0.57 0.58 0.57 0.58 0.58 0.55 0.57 0.55 0.54 0.54 0.47 0.57 0.61 0.58 0.36 0.39 0.39 0.39
0.93 0.94 0.94 0.94 0.88 0.94 0.94 0.94 0.93 0.94 0.94 0.93 0.94 0.94 0.94 0.93 0.82 0.93 0.92 0.94 0.94 0.94 0.94 0.93 0.86 0.91 0.94 0.81 0.93 0.94 0.93 0.93 0.93 0.94 0.93 0.93 0.93 0.94 0.93 0.94 0.98 0.96 1.00 0.96 0.96 0.96 0.96 0.96 0.96 0.96 0.96 0.96 0.53 0.94 0.94 0.94 0.94 0.94 0.52 0.52 0.18 0.30 0.93 0.94 0.94 0.94 0.94 0.94 0.93 0.94 0.94 0.94 0.94 0.93 0.93 0.93 0.90 0.93 0.93 0.93 0.87 0.89 0.89 0.89
0.37 0.40 0.40 0.42 0.25 0.36 0.40 0.40 0.37 0.35 0.36 0.35 0.35 0.32 0.33 0.32 0.16 0.31 0.25 0.30 0.32 0.32 0.33 0.31 0.14 0.20 0.30 0.13 0.25 0.29 0.29 0.29 0.31 0.29 0.29 0.29 0.26 0.29 0.26 0.54 0.88 0.72 1.00 0.72 0.72 0.68 0.72 0.70 0.66 0.68 0.68 0.68 0.05 0.57 0.57 0.57 0.57 0.57 0.10 0.08 0.01 0.05 0.31 0.38 0.38 0.38 0.38 0.39 0.39 0.39 0.39 0.35 0.38 0.35 0.34 0.34 0.30 0.41 0.46 0.41 0.20 0.20 0.20 0.20
0.67 0.69 0.69 0.69 0.54 0.67 0.69 0.68 0.66 0.67 0.67 0.66 0.67 0.66 0.66 0.65 0.44 0.65 0.60 0.65 0.66 0.66 0.66 0.65 0.45 0.55 0.65 0.42 0.61 0.65 0.65 0.65 0.65 0.65 0.65 0.65 0.63 0.65 0.63 0.75 0.94 0.85 1.00 0.85 0.85 0.84 0.85 0.84 0.83 0.84 0.84 0.84 0.17 0.77 0.77 0.77 0.77 0.77 0.23 0.23 0.04 0.12 0.63 0.68 0.68 0.68 0.68 0.68 0.67 0.68 0.68 0.66 0.68 0.66 0.66 0.66 0.58 0.68 0.70 0.68 0.49 0.52 0.52 0.52
0.64 0.66 0.66 0.67 0.51 0.64 0.66 0.66 0.63 0.64 0.63 0.63 0.64 0.63 0.63 0.62 0.40 0.61 0.56 0.62 0.63 0.63 0.63 0.61 0.41 0.51 0.62 0.37 0.58 0.62 0.61 0.61 0.61 0.62 0.61 0.61 0.59 0.62 0.59 0.73 0.94 0.83 1.00 0.83 0.83 0.81 0.83 0.82 0.80 0.81 0.81 0.81 0.14 0.74 0.74 0.74 0.74 0.74 0.21 0.20 0.03 0.11 0.60 0.65 0.65 0.65 0.65 0.65 0.65 0.65 0.65 0.63 0.65 0.63 0.63 0.63 0.55 0.65 0.67 0.65 0.45 0.48 0.48 0.48
0.38 0.41 0.41 0.42 0.26 0.37 0.41 0.41 0.38 0.36 0.37 0.35 0.36 0.34 0.34 0.33 0.17 0.31 0.26 0.31 0.34 0.34 0.34 0.31 0.14 0.21 0.31 0.13 0.26 0.31 0.30 0.30 0.31 0.31 0.30 0.30 0.28 0.31 0.28 0.55 0.88 0.72 1.00 0.73 0.73 0.69 0.73 0.71 0.67 0.69 0.69 0.69 0.05 0.58 0.58 0.58 0.58 0.58 0.10 0.08 0.01 0.05 0.31 0.38 0.38 0.38 0.38 0.39 0.39 0.39 0.39 0.36 0.38 0.36 0.34 0.35 0.30 0.41 0.47 0.42 0.20 0.21 0.21 0.21
0.97 0.97 0.97 0.97 0.94 0.97 0.97 0.97 0.97 0.97 0.97 0.97 0.97 0.97 0.97 0.97 0.89 0.97 0.96 0.97 0.97 0.97 0.97 0.97 0.93 0.96 0.97 0.90 0.97 0.97 0.97 0.97 0.97 0.97 0.97 0.97 0.97 0.97 0.97 0.97 0.99 0.98 1.00 0.98 0.98 0.98 0.98 0.98 0.98 0.98 0.98 0.98 0.66 0.97 0.97 0.97 0.97 0.97 0.62 0.64 0.29 0.39 0.97 0.97 0.97 0.97 0.97 0.97 0.97 0.97 0.97 0.97 0.97 0.97 0.97 0.97 0.95 0.97 0.97 0.97 0.93 0.95 0.95 0.95
0.83 0.84 0.84 0.84 0.74 0.84 0.84 0.84 0.83 0.83 0.83 0.83 0.83 0.83 0.83 0.83 0.64 0.83 0.80 0.83 0.83 0.83 0.83 0.83 0.68 0.77 0.83 0.64 0.81 0.83 0.83 0.83 0.83 0.83 0.83 0.83 0.81 0.83 0.81 0.87 0.97 0.91 1.00 0.91 0.91 0.90 0.91 0.91 0.90 0.90 0.90 0.90 0.32 0.87 0.87 0.87 0.87 0.87 0.36 0.36 0.08 0.19 0.82 0.84 0.84 0.84 0.84 0.84 0.84 0.84 0.84 0.83 0.84 0.83 0.83 0.83 0.76 0.83 0.84 0.83 0.69 0.74 0.74 0.74
0.37 0.40 0.40 0.41 0.25 0.36 0.40 0.40 0.37 0.35 0.36 0.35 0.35 0.33 0.33 0.32 0.16 0.30 0.25 0.30 0.33 0.33 0.33 0.30 0.14 0.20 0.30 0.13 0.25 0.30 0.29 0.29 0.30 0.30 0.29 0.29 0.27 0.30 0.27 0.54 0.88 0.73 1.00 0.72 0.72 0.68 0.72 0.70 0.66 0.68 0.68 0.68 0.05 0.57 0.57 0.57 0.57 0.57 0.10 0.08 0.01 0.05 0.31 0.38 0.38 0.38 0.38 0.38 0.39 0.38 0.38 0.35 0.38 0.35 0.34 0.34 0.30 0.41 0.46 0.41 0.20 0.20 0.20 0.20
0.39 0.42 0.42 0.44 0.27 0.38 0.42 0.42 0.39 0.37 0.38 0.37 0.37 0.35 0.35 0.35 0.18 0.33 0.28 0.33 0.35 0.35 0.35 0.33 0.16 0.22 0.33 0.15 0.28 0.33 0.32 0.32 0.33 0.33 0.32 0.32 0.30 0.33 0.30 0.57 0.88 0.73 1.00 0.73 0.73 0.68 0.73 0.70 0.66 0.68 0.68 0.68 0.05 0.57 0.57 0.57 0.57 0.57 0.10 0.08 0.01 0.06 0.33 0.39 0.39 0.39 0.39 0.40 0.40 0.40 0.40 0.36 0.39 0.37 0.35 0.36 0.31 0.42 0.48 0.42 0.21 0.21 0.21 0.21
0.40 0.42 0.42 0.44 0.27 0.38 0.42 0.42 0.40 0.38 0.39 0.38 0.38 0.36 0.36 0.36 0.19 0.34 0.28 0.33 0.36 0.36 0.36 0.34 0.16 0.22 0.33 0.15 0.28 0.33 0.32 0.32 0.34 0.33 0.32 0.32 0.30 0.33 0.30 0.56 0.88 0.72 1.00 0.73 0.73 0.69 0.73 0.71 0.67 0.69 0.69 0.69 0.06 0.58 0.58 0.58 0.58 0.58 0.10 0.09 0.01 0.05 0.33 0.40 0.40 0.40 0.40 0.41 0.41 0.41 0.41 0.37 0.40 0.38 0.36 0.36 0.31 0.43 0.48 0.43 0.21 0.23 0.23 0.23
0.54 0.56 0.56 0.57 0.40 0.53 0.56 0.56 0.53 0.53 0.53 0.52 0.53 0.51 0.52 0.51 0.30 0.49 0.44 0.49 0.51 0.51 0.52 0.49 0.29 0.37 0.49 0.28 0.44 0.49 0.48 0.48 0.49 0.49 0.48 0.48 0.46 0.49 0.46 0.66 0.92 0.79 1.00 0.79 0.79 0.77 0.79 0.78 0.75 0.77 0.77 0.77 0.11 0.68 0.68 0.68 0.68 0.68 0.16 0.15 0.01 0.08 0.48 0.55 0.55 0.55 0.55 0.55 0.55 0.55 0.55 0.52 0.55 0.53 0.52 0.51 0.44 0.56 0.60 0.56 0.34 0.36 0.36 0.36
0.66 0.67 0.67 0.68 0.52 0.66 0.67 0.67 0.65 0.65 0.66 0.65 0.65 0.65 0.65 0.64 0.43 0.64 0.58 0.64 0.65 0.65 0.65 0.64 0.43 0.53 0.64 0.40 0.59 0.64 0.63 0.63 0.64 0.64 0.63 0.63 0.61 0.64 0.61 0.74 0.94 0.84 1.00 0.83 0.83 0.82 0.83 0.82 0.81 0.82 0.82 0.82 0.16 0.75 0.75 0.75 0.75 0.75 0.21 0.21 0.03 0.11 0.62 0.66 0.66 0.66 0.66 0.67 0.66 0.67 0.67 0.65 0.66 0.65 0.64 0.64 0.56 0.66 0.69 0.67 0.48 0.50 0.50 0.50
0.85 0.85 0.85 0.85 0.76 0.85 0.85 0.85 0.84 0.85 0.85 0.85 0.85 0.85 0.85 0.84 0.68 0.84 0.82 0.85 0.85 0.85 0.85 0.84 0.70 0.80 0.85 0.67 0.83 0.85 0.85 0.85 0.84 0.85 0.85 0.85 0.83 0.85 0.83 0.88 0.97 0.92 1.00 0.92 0.92 0.91 0.92 0.92 0.91 0.91 0.91 0.91 0.35 0.88 0.88 0.88 0.88 0.88 0.38 0.39 0.09 0.20 0.83 0.85 0.85 0.85 0.85 0.85 0.85 0.85 0.85 0.85 0.85 0.84 0.84 0.84 0.79 0.84 0.85 0.85 0.73 0.76 0.76 0.76
0.71 0.72 0.72 0.72 0.58 0.71 0.72 0.72 0.70 0.71 0.70 0.70 0.71 0.70 0.70 0.69 0.47 0.69 0.64 0.69 0.70 0.70 0.70 0.69 0.49 0.60 0.69 0.46 0.65 0.69 0.68 0.68 0.69 0.69 0.68 0.68 0.67 0.69 0.67 0.78 0.95 0.86 1.00 0.86 0.86 0.85 0.86 0.85 0.84 0.85 0.85 0.85 0.19 0.79 0.79 0.79 0.79 0.79 0.25 0.24 0.04 0.13 0.67 0.71 0.71 0.71 0.71 0.71 0.71 0.71 0.71 0.70 0.71 0.70 0.69 0.70 0.62 0.71 0.73 0.71 0.53 0.56 0.56 0.56
0.78 0.78 0.78 0.79 0.67 0.78 0.78 0.78 0.77 0.77 0.78 0.77 0.77 0.77 0.77 0.77 0.58 0.77 0.73 0.77 0.77 0.77 0.77 0.77 0.61 0.70 0.77 0.56 0.74 0.77 0.77 0.77 0.77 0.77 0.77 0.77 0.75 0.77 0.75 0.83 0.96 0.88 1.00 0.88 0.88 0.88 0.88 0.88 0.87 0.88 0.88 0.88 0.27 0.83 0.83 0.83 0.83 0.83 0.31 0.31 0.06 0.16 0.75 0.78 0.78 0.78 0.78 0.78 0.78 0.78 0.78 0.77 0.78 0.77 0.77 0.77 0.70 0.78 0.79 0.78 0.63 0.66 0.66 0.66
0.93 0.94 0.94 0.94 0.89 0.93 0.94 0.94 0.93 0.93 0.93 0.93 0.93 0.93 0.94 0.93 0.81 0.93 0.92 0.93 0.93 0.93 0.94 0.93 0.86 0.91 0.93 0.82 0.93 0.94 0.93 0.93 0.93 0.94 0.93 0.93 0.93 0.94 0.93 0.94 0.99 0.96 1.00 0.96 0.96 0.96 0.96 0.96 0.96 0.96 0.96 0.96 0.52 0.94 0.94 0.94 0.94 0.94 0.52 0.53 0.19 0.30 0.93 0.94 0.94 0.94 0.94 0.94 0.93 0.94 0.94 0.93 0.94 0.93 0.93 0.93 0.90 0.93 0.93 0.93 0.87 0.90 0.90 0.90
0.60 0.62 0.62 0.63 0.46 0.60 0.62 0.62 0.59 0.59 0.59 0.59 0.59 0.58 0.58 0.57 0.37 0.56 0.50 0.56 0.58 0.58 0.58 0.56 0.35 0.45 0.56 0.33 0.52 0.57 0.56 0.56 0.56 0.57 0.56 0.56 0.54 0.57 0.54 0.70 0.93 0.82 1.00 0.81 0.81 0.79 0.81 0.80 0.78 0.79 0.79 0.79 0.13 0.72 0.72 0.72 0.72 0.72 0.19 0.17 0.02 0.10 0.55 0.60 0.60 0.60 0.60 0.61 0.61 0.61 0.61 0.58 0.60 0.59 0.58 0.58 0.50 0.61 0.64 0.61 0.41 0.43 0.43 0.43
0.68 0.69 0.69 0.70 0.54 0.68 0.69 0.69 0.67 0.67 0.67 0.67 0.67 0.67 0.67 0.66 0.45 0.65 0.60 0.65 0.67 0.67 0.67 0.65 0.46 0.56 0.65 0.42 0.61 0.65 0.65 0.65 0.65 0.65 0.65 0.65 0.63 0.65 0.63 0.75 0.94 0.85 1.00 0.85 0.85 0.83 0.85 0.84 0.83 0.83 0.83 0.83 0.17 0.77 0.77 0.77 0.77 0.77 0.23 0.22 0.03 0.12 0.64 0.68 0.68 0.68 0.68 0.69 0.69 0.69 0.69 0.67 0.68 0.67 0.66 0.66 0.59 0.68 0.71 0.69 0.49 0.53 0.53 0.53
0.81 0.83 0.83 0.83 0.72 0.82 0.83 0.83 0.81 0.82 0.82 0.82 0.82 0.82 0.82 0.81 0.63 0.81 0.78 0.82 0.82 0.82 0.82 0.81 0.66 0.76 0.82 0.62 0.79 0.82 0.81 0.81 0.81 0.82 0.81 0.81 0.80 0.82 0.80 0.86 0.97 0.91 1.00 0.91 0.91 0.90 0.91 0.91 0.90 0.90 0.90 0.90 0.30 0.85 0.85 0.85 0.85 0.85 0.35 0.34 0.08 0.18 0.80 0.82 0.82 0.82 0.82 0.82 0.82 0.82 0.82 0.81 0.82 0.81 0.81 0.81 0.75 0.82 0.82 0.82 0.68 0.71 0.71 0.71
0.60 0.62 0.62 0.63 0.47 0.60 0.62 0.62 0.60 0.59 0.60 0.59 0.59 0.58 0.58 0.57 0.37 0.57 0.52 0.57 0.58 0.58 0.58 0.57 0.37 0.47 0.57 0.35 0.53 0.57 0.56 0.56 0.57 0.57 0.56 0.56 0.54 0.57 0.54 0.71 0.93 0.82 1.00 0.82 0.82 0.79 0.82 0.81 0.79 0.79 0.79 0.79 0.13 0.72 0.72 0.72 0.72 0.72 0.19 0.18 0.02 0.10 0.55 0.61 0.61 0.61 0.61 0.61 0.61 0.61 0.61 0.59 0.61 0.59 0.58 0.58 0.51 0.61 0.64 0.62 0.41 0.44 0.44 0.44
0.59 0.61 0.61 0.62 0.45 0.59 0.61 0.61 0.59 0.58 0.59 0.58 0.58 0.57 0.57 0.56 0.35 0.55 0.50 0.56 0.57 0.57 0.57 0.55 0.35 0.46 0.56 0.33 0.51 0.56 0.55 0.55 0.55 0.56 0.55 0.55 0.53 0.56 0.53 0.70 0.93 0.82 1.00 0.81 0.81 0.79 0.81 0.80 0.78 0.79 0.79 0.79 0.12 0.71 0.71 0.71 0.71 0.71 0.18 0.17 0.02 0.09 0.55 0.60 0.60 0.60 0.60 0.61 0.60 0.61 0.61 0.58 0.60 0.58 0.57 0.57 0.49 0.60 0.64 0.61 0.39 0.42 0.42 0.42
0.73 0.74 0.74 0.74 0.60 0.73 0.74 0.74 0.71 0.73 0.73 0.72 0.73 0.72 0.72 0.71 0.51 0.71 0.67 0.71 0.72 0.72 0.72 0.71 0.52 0.63 0.71 0.48 0.68 0.71 0.71 0.71 0.71 0.71 0.71 0.71 0.69 0.71 0.69 0.79 0.95 0.87 1.00 0.87 0.87 0.86 0.87 0.86 0.85 0.86 0.86 0.86 0.22 0.80 0.80 0.80 0.80 0.80 0.26 0.25 0.04 0.14 0.69 0.73 0.73 0.73 0.73 0.73 0.73 0.73 0.73 0.72 0.73 0.72 0.72 0.71 0.64 0.73 0.74 0.73 0.55 0.59 0.59 0.59
0.84 0.85 0.85 0.85 0.74 0.84 0.85 0.85 0.83 0.84 0.84 0.84 0.84 0.84 0.84 0.84 0.66 0.84 0.80 0.84 0.84 0.84 0.84 0.84 0.69 0.78 0.84 0.65 0.82 0.84 0.84 0.84 0.84 0.84 0.84 0.84 0.83 0.84 0.83 0.87 0.97 0.92 1.00 0.92 0.92 0.91 0.92 0.92 0.91 0.91 0.91 0.91 0.34 0.87 0.87 0.87 0.87 0.87 0.37 0.36 0.09 0.19 0.82 0.84 0.84 0.84 0.84 0.85 0.84 0.85 0.85 0.84 0.84 0.84 0.84 0.84 0.77 0.84 0.84 0.84 0.71 0.75 0.75 0.75
0.95 0.95 0.95 0.96 0.92 0.95 0.95 0.95 0.95 0.95 0.95 0.95 0.95 0.95 0.95 0.95 0.85 0.95 0.94 0.95 0.95 0.95 0.95 0.95 0.90 0.94 0.95 0.87 0.95 0.95 0.95 0.95 0.95 0.95 0.95 0.95 0.95 0.95 0.95 0.96 0.99 0.97 1.00 0.97 0.97 0.97 0.97 0.97 0.97 0.97 0.97 0.97 0.59 0.96 0.96 0.96 0.96 0.96 0.58 0.58 0.24 0.35 0.95 0.95 0.95 0.95 0.95 0.95 0.95 0.95 0.95 0.95 0.95 0.95 0.95 0.95 0.92 0.95 0.95 0.95 0.90 0.93 0.93 0.93
0.35 0.38 0.38 0.39 0.23 0.33 0.38 0.37 0.35 0.32 0.33 0.32 0.32 0.30 0.30 0.30 0.14 0.28 0.22 0.27 0.30 0.30 0.30 0.28 0.12 0.17 0.27 0.11 0.22 0.27 0.26 0.26 0.28 0.27 0.26 0.26 0.24 0.27 0.24 0.53 0.88 0.70 1.00 0.70 0.70 0.66 0.70 0.68 0.63 0.66 0.66 0.66 0.04 0.54 0.54 0.54 0.54 0.54 0.08 0.07 0.01 0.04 0.28 0.35 0.35 0.35 0.35 0.36 0.36 0.36 0.36 0.32 0.35 0.32 0.31 0.31 0.27 0.38 0.44 0.38 0.17 0.18 0.18 0.18
0.79 0.80 0.80 0.80 0.67 0.79 0.80 0.80 0.78 0.79 0.79 0.79 0.79 0.79 0.79 0.78 0.59 0.78 0.74 0.78 0.79 0.79 0.79 0.78 0.61 0.71 0.78 0.57 0.75 0.78 0.78 0.78 0.78 0.78 0.78 0.78 0.77 0.78 0.77 0.84 0.96 0.90 1.00 0.89 0.89 0.88 0.89 0.89 0.88 0.88 0.88 0.88 0.27 0.84 0.84 0.84 0.84 0.84 0.31 0.31 0.06 0.16 0.76 0.79 0.79 0.79 0.79 0.79 0.79 0.79 0.79 0.78 0.79 0.78 0.78 0.78 0.70 0.79 0.80 0.79 0.63 0.67 0.67 0.67
0.43 0.45 0.45 0.47 0.29 0.41 0.45 0.45 0.42 0.40 0.42 0.41 0.40 0.39 0.39 0.38 0.21 0.37 0.31 0.36 0.39 0.39 0.39 0.37 0.18 0.25 0.36 0.16 0.31 0.36 0.35 0.35 0.37 0.36 0.35 0.35 0.33 0.36 0.33 0.59 0.89 0.74 1.00 0.74 0.74 0.70 0.74 0.72 0.69 0.70 0.70 0.70 0.06 0.60 0.60 0.60 0.60 0.60 0.11 0.10 0.01 0.06 0.37 0.43 0.43 0.43 0.43 0.44 0.44 0.44 0.44 0.40 0.43 0.41 0.40 0.40 0.33 0.45 0.51 0.46 0.23 0.24 0.24 0.24
0.60 0.62 0.62 0.63 0.47 0.60 0.62 0.62 0.60 0.60 0.60 0.59 0.60 0.59 0.59 0.58 0.37 0.57 0.52 0.58 0.59 0.59 0.59 0.57 0.37 0.47 0.58 0.34 0.53 0.58 0.57 0.57 0.57 0.58 0.57 0.57 0.55 0.58 0.55 0.71 0.93 0.82 1.00 0.82 0.82 0.80 0.82 0.81 0.78 0.80 0.80 0.80 0.13 0.72 0.72 0.72 0.72 0.72 0.19 0.18 0.02 0.10 0.56 0.61 0.61 0.61 0.61 0.62 0.61 0.62 0.62 0.60 0.61 0.59 0.59 0.59 0.51 0.62 0.65 0.62 0.41 0.44 0.44 0.44
0.95 0.96 0.96 0.96 0.91 0.96 0.96 0.96 0.95 0.96 0.96 0.95 0.96 0.96 0.96 0.95 0.85 0.96 0.94 0.96 0.96 0.96 0.96 0.96 0.90 0.94 0.96 0.85 0.95 0.96 0.96 0.96 0.96 0.96 0.96 0.96 0.95 0.96 0.95 0.96 0.99 0.97 1.00 0.97 0.97 0.97 0.97 0.97 0.97 0.97 0.97 0.97 0.60 0.95 0.95 0.95 0.95 0.95 0.56 0.58 0.23 0.35 0.95 0.96 0.96 0.96 0.96 0.96 0.96 0.96 0.96 0.96 0.96 0.95 0.96 0.95 0.93 0.95 0.95 0.95 0.90 0.93 0.93 0.93
0.57 0.60 0.60 0.60 0.44 0.58 0.60 0.59 0.57 0.57 0.57 0.56 0.57 0.55 0.56 0.55 0.34 0.54 0.48 0.54 0.55 0.55 0.55 0.54 0.33 0.43 0.54 0.31 0.49 0.54 0.53 0.53 0.54 0.54 0.53 0.53 0.51 0.54 0.51 0.69 0.92 0.81 1.00 0.81 0.81 0.78 0.81 0.80 0.77 0.78 0.78 0.78 0.12 0.71 0.71 0.71 0.71 0.71 0.17 0.18 0.02 0.09 0.53 0.58 0.58 0.58 0.58 0.59 0.58 0.59 0.59 0.56 0.58 0.56 0.55 0.55 0.48 0.59 0.62 0.60 0.38 0.40 0.40 0.40
0.42 0.45 0.45 0.46 0.29 0.42 0.45 0.45 0.42 0.41 0.41 0.40 0.41 0.38 0.39 0.38 0.21 0.37 0.31 0.36 0.38 0.38 0.39 0.37 0.18 0.25 0.36 0.17 0.31 0.36 0.35 0.35 0.37 0.36 0.35 0.35 0.33 0.36 0.33 0.58 0.89 0.74 1.00 0.74 0.74 0.70 0.74 0.72 0.68 0.70 0.70 0.70 0.06 0.60 0.60 0.60 0.60 0.60 0.11 0.10 0.01 0.06 0.36 0.43 0.43 0.43 0.43 0.44 0.44 0.44 0.44 0.40 0.43 0.40 0.39 0.39 0.34 0.45 0.51 0.46 0.23 0.24 0.24 0.24
0.47 0.50 0.50 0.51 0.34 0.47 0.50 0.49 0.47 0.46 0.46 0.45 0.46 0.44 0.44 0.43 0.25 0.42 0.36 0.41 0.44 0.44 0.44 0.42 0.22 0.30 0.41 0.20 0.36 0.41 0.41 0.41 0.42 0.41 0.41 0.41 0.39 0.41 0.39 0.62 0.90 0.76 1.00 0.76 0.76 0.73 0.76 0.75 0.71 0.73 0.73 0.73 0.08 0.63 0.63 0.63 0.63 0.63 0.13 0.12 0.01 0.07 0.41 0.47 0.47 0.47 0.47 0.48 0.48 0.48 0.48 0.45 0.47 0.45 0.44 0.44 0.38 0.49 0.54 0.50 0.27 0.29 0.29 0.29
0.68 0.70 0.70 0.70 0.55 0.68 0.70 0.69 0.67 0.68 0.68 0.68 0.68 0.67 0.67 0.66 0.45 0.66 0.61 0.66 0.67 0.67 0.67 0.66 0.45 0.56 0.66 0.42 0.62 0.66 0.66 0.66 0.66 0.66 0.66 0.66 0.64 0.66 0.64 0.76 0.94 0.85 1.00 0.85 0.85 0.83 0.85 0.84 0.82 0.83 0.83 0.83 0.17 0.77 0.77 0.77 0.77 0.77 0.23 0.23 0.03 0.11 0.64 0.69 0.69 0.69 0.69 0.69 0.69 0.69 0.69 0.67 0.69 0.67 0.67 0.67 0.59 0.69 0.71 0.69 0.49 0.52 0.52 0.52
0.60 0.62 0.62 0.63 0.46 0.60 0.62 0.61 0.59 0.59 0.59 0.59 0.59 0.58 0.58 0.57 0.37 0.57 0.52 0.57 0.58 0.58 0.58 0.57 0.36 0.46 0.57 0.33 0.53 0.57 0.56 0.56 0.57 0.57 0.56 0.56 0.54 0.57 0.54 0.70 0.93 0.81 1.00 0.81 0.81 0.79 0.81 0.80 0.78 0.79 0.79 0.79 0.13 0.72 0.72 0.72 0.72 0.72 0.19 0.18 0.02 0.09 0.55 0.61 0.61 0.61 0.61 0.61 0.61 0.61 0.61 0.59 0.61 0.59 0.58 0.58 0.51 0.61 0.64 0.61 0.41 0.44 0.44 0.44
0.34 0.37 0.37 0.39 0.22 0.33 0.37 0.37 0.35 0.31 0.33 0.31 0.31 0.29 0.29 0.29 0.14 0.27 0.22 0.26 0.29 0.29 0.29 0.27 0.12 0.16 0.26 0.11 0.21 0.26 0.25 0.25 0.27 0.26 0.25 0.25 0.23 0.26 0.23 0.52 0.88 0.70 1.00 0.70 0.70 0.66 0.70 0.68 0.64 0.66 0.66 0.66 0.04 0.55 0.55 0.55 0.55 0.55 0.08 0.07 0.01 0.05 0.27 0.34 0.34 0.34 0.34 0.35 0.35 0.35 0.35 0.31 0.34 0.31 0.30 0.30 0.26 0.38 0.43 0.38 0.17 0.18 0.18 0.18
0.33 0.37 0.37 0.39 0.22 0.32 0.37 0.36 0.34 0.31 0.32 0.31 0.31 0.28 0.29 0.28 0.14 0.26 0.21 0.25 0.28 0.28 0.29 0.26 0.11 0.16 0.25 0.10 0.21 0.25 0.24 0.24 0.26 0.25 0.24 0.24 0.22 0.25 0.22 0.52 0.88 0.70 1.00 0.70 0.70 0.66 0.70 0.68 0.63 0.66 0.66 0.66 0.04 0.55 0.55 0.55 0.55 0.55 0.08 0.07 0.00 0.04 0.26 0.33 0.33 0.33 0.33 0.34 0.35 0.34 0.34 0.30 0.33 0.31 0.29 0.29 0.26 0.37 0.43 0.37 0.16 0.17 0.17 0.17
0.88 0.89 0.89 0.89 0.81 0.89 0.89 0.89 0.88 0.89 0.89 0.88 0.89 0.89 0.89 0.88 0.72 0.88 0.86 0.89 0.89 0.89 0.89 0.88 0.77 0.84 0.89 0.72 0.87 0.89 0.88 0.88 0.88 0.89 0.88 0.88 0.88 0.89 0.88 0.90 0.98 0.94 1.00 0.93 0.93 0.93 0.93 0.93 0.93 0.93 0.93 0.93 0.41 0.90 0.90 0.90 0.90 0.90 0.42 0.43 0.12 0.23 0.87 0.89 0.89 0.89 0.89 0.89 0.89 0.89 0.89 0.89 0.89 0.88 0.88 0.88 0.83 0.88 0.89 0.89 0.78 0.81 0.81 0.81
0.54 0.56 0.56 0.57 0.40 0.53 0.56 0.56 0.54 0.52 0.53 0.52 0.52 0.51 0.52 0.51 0.31 0.50 0.44 0.50 0.51 0.51 0.52 0.50 0.29 0.38 0.50 0.27 0.45 0.49 0.49 0.49 0.50 0.49 0.49 0.49 0.47 0.49 0.47 0.66 0.92 0.79 1.00 0.79 0.79 0.76 0.79 0.78 0.75 0.76 0.76 0.76 0.10 0.68 0.68 0.68 0.68 0.68 0.16 0.14 0.02 0.08 0.48 0.54 0.54 0.54 0.54 0.55 0.55 0.55 0.55 0.52 0.54 0.52 0.51 0.51 0.45 0.56 0.59 0.56 0.34 0.36 0.36 0.36
0.97 0.97 0.97 0.97 0.95 0.97 0.97 0.97 0.97 0.97 0.97 0.97 0.97 0.97 0.97 0.97 0.89 0.97 0.96 0.97 0.97 0.97 0.97 0.97 0.93 0.97 0.97 0.90 0.97 0.97 0.97 0.97 0.97 0.97 0.97 0.97 0.97 0.97 0.97 0.98 0.99 0.98 1.00 0.98 0.98 0.98 0.98 0.98 0.98 0.98 0.98 0.98 0.66 0.97 0.97 0.97 0.97 0.97 0.64 0.65 0.31 0.41 0.97 0.97 0.97 0.97 0.97 0.97 0.97 0.97 0.97 0.97 0.97 0.97 0.97 0.97 0.95 0.97 0.97 0.97 0.93 0.95 0.95 0.95
0.50 0.53 0.53 0.54 0.37 0.50 0.53 0.53 0.50 0.49 0.50 0.49 0.49 0.48 0.48 0.47 0.28 0.46 0.41 0.46 0.48 0.48 0.48 0.46 0.27 0.35 0.46 0.25 0.42 0.46 0.46 0.46 0.46 0.46 0.46 0.46 0.44 0.46 0.44 0.64 0.91 0.78 1.00 0.77 0.77 0.75 0.77 0.76 0.74 0.75 0.75 0.75 0.09 0.66 0.66 0.66 0.66 0.66 0.14 0.13 0.01 0.08 0.45 0.51 0.51 0.51 0.51 0.52 0.51 0.52 0.52 0.49 0.51 0.49 0.48 0.48 0.41 0.52 0.56 0.52 0.31 0.33 0.33 0.33
0.40 0.42 0.42 0.44 0.27 0.38 0.42 0.42 0.39 0.38 0.38 0.37 0.38 0.35 0.36 0.35 0.18 0.33 0.28 0.32 0.35 0.35 0.35 0.33 0.16 0.22 0.32 0.14 0.27 0.32 0.31 0.31 0.33 0.32 0.31 0.31 0.29 0.32 0.29 0.57 0.88 0.73 1.00 0.73 0.73 0.69 0.73 0.71 0.67 0.69 0.69 0.69 0.05 0.59 0.59 0.59 0.59 0.59 0.10 0.09 0.01 0.05 0.33 0.40 0.40 0.40 0.40 0.41 0.41 0.41 0.41 0.37 0.40 0.38 0.36 0.36 0.31 0.43 0.49 0.43 0.21 0.22 0.22 0.22
0.48 0.50 0.50 0.51 0.34 0.47 0.50 0.50 0.47 0.46 0.46 0.46 0.46 0.44 0.44 0.44 0.24 0.42 0.37 0.42 0.44 0.44 0.44 0.42 0.23 0.31 0.42 0.21 0.37 0.42 0.41 0.41 0.42 0.42 0.41 0.41 0.39 0.42 0.39 0.62 0.91 0.76 1.00 0.76 0.76 0.73 0.76 0.74 0.71 0.73 0.73 0.73 0.08 0.63 0.63 0.63 0.63 0.63 0.13 0.12 0.01 0.06 0.42 0.48 0.48 0.48 0.48 0.49 0.49 0.49 0.49 0.46 0.48 0.46 0.45 0.45 0.39 0.50 0.54 0.50 0.29 0.30 0.30 0.30
0.79 0.80 0.80 0.80 0.69 0.79 0.80 0.80 0.79 0.79 0.79 0.79 0.79 0.79 0.79 0.78 0.59 0.79 0.75 0.79 0.79 0.79 0.79 0.79 0.62 0.72 0.79 0.58 0.77 0.79 0.79 0.79 0.79 0.79 0.79 0.79 0.77 0.79 0.77 0.84 0.96 0.90 1.00 0.89 0.89 0.89 0.89 0.89 0.88 0.89 0.89 0.89 0.28 0.84 0.84 0.84 0.84 0.84 0.32 0.32 0.07 0.17 0.77 0.80 0.80 0.80 0.80 0.80 0.79 0.80 0.80 0.79 0.80 0.79 0.79 0.79 0.71 0.79 0.81 0.80 0.64 0.68 0.68 0.68
0.63 0.65 0.65 0.66 0.50 0.63 0.65 0.65 0.62 0.63 0.63 0.62 0.63 0.62 0.62 0.61 0.39 0.60 0.55 0.61 0.62 0.62 0.62 0.60 0.39 0.50 0.61 0.37 0.56 0.61 0.60 0.60 0.60 0.61 0.60 0.60 0.58 0.61 0.58 0.73 0.94 0.83 1.00 0.83 0.83 0.81 0.83 0.82 0.80 0.81 0.81 0.81 0.15 0.74 0.74 0.74 0.74 0.74 0.20 0.19 0.03 0.10 0.59 0.64 0.64 0.64 0.64 0.64 0.64 0.64 0.64 0.62 0.64 0.62 0.62 0.61 0.54 0.64 0.67 0.64 0.44 0.47 0.47 0.47
0.75 0.76 0.76 0.77 0.63 0.75 0.76 0.76 0.74 0.75 0.75 0.75 0.75 0.75 0.75 0.74 0.54 0.74 0.70 0.74 0.75 0.75 0.75 0.74 0.56 0.66 0.74 0.52 0.71 0.74 0.74 0.74 0.74 0.74 0.74 0.74 0.72 0.74 0.72 0.80 0.95 0.88 1.00 0.88 0.88 0.86 0.88 0.87 0.86 0.86 0.86 0.86 0.23 0.81 0.81 0.81 0.81 0.81 0.28 0.28 0.05 0.15 0.73 0.76 0.76 0.76 0.76 0.76 0.76 0.76 0.76 0.75 0.76 0.75 0.74 0.74 0.67 0.75 0.77 0.75 0.59 0.63 0.63 0.63
0.97 0.97 0.97 0.97 0.95 0.97 0.97 0.97 0.97 0.97 0.97 0.97 0.97 0.97 0.97 0.97 0.89 0.97 0.96 0.97 0.97 0.97 0.97 0.97 0.93 0.96 0.97 0.90 0.97 0.97 0.97 0.97 0.97 0.97 0.97 0.97 0.97 0.97 0.97 0.97 0.99 0.98 1.00 0.98 0.98 0.98 0.98 0.98 0.98 0.98 0.98 0.98 0.66 0.97 0.97 0.97 0.97 0.97 0.64 0.64 0.31 0.41 0.97 0.97 0.97 0.97 0.97 0.97 0.97 0.97 0.97 0.97 0.97 0.97 0.97 0.97 0.95 0.97 0.97 0.97 0.93 0.95 0.95 0.95
0.52 0.55 0.55 0.56 0.39 0.52 0.55 0.54 0.52 0.51 0.51 0.50 0.51 0.49 0.50 0.49 0.30 0.48 0.43 0.48 0.49 0.49 0.50 0.48 0.28 0.37 0.48 0.26 0.43 0.48 0.47 0.47 0.48 0.48 0.47 0.47 0.45 0.48 0.45 0.66 0.91 0.78 1.00 0.78 0.78 0.76 0.78 0.77 0.74 0.76 0.76 0.76 0.10 0.67 0.67 0.67 0.67 0.67 0.15 0.14 0.02 0.08 0.47 0.53 0.53 0.53 0.53 0.53 0.53 0.53 0.53 0.50 0.53 0.51 0.49 0.49 0.43 0.54 0.58 0.54 0.32 0.34 0.34 0.34
0.65 0.67 0.67 0.68 0.52 0.65 0.67 0.67 0.64 0.65 0.65 0.64 0.65 0.64 0.64 0.63 0.42 0.63 0.58 0.63 0.64 0.64 0.64 0.63 0.42 0.53 0.63 0.39 0.59 0.63 0.63 0.63 0.63 0.63 0.63 0.63 0.61 0.63 0.61 0.74 0.93 0.84 1.00 0.83 0.83 0.82 0.83 0.83 0.81 0.82 0.82 0.82 0.16 0.75 0.75 0.75 0.75 0.75 0.21 0.21 0.03 0.11 0.61 0.66 0.66 0.66 0.66 0.66 0.66 0.66 0.66 0.64 0.66 0.64 0.64 0.64 0.55 0.66 0.69 0.66 0.46 0.49 0.49 0.49
0.62 0.65 0.65 0.65 0.49 0.62 0.65 0.64 0.62 0.62 0.62 0.62 0.62 0.61 0.61 0.60 0.39 0.60 0.54 0.60 0.61 0.61 0.61 0.60 0.39 0.49 0.60 0.37 0.56 0.60 0.59 0.59 0.60 0.60 0.59 0.59 0.57 0.60 0.57 0.72 0.93 0.83 1.00 0.83 0.83 0.81 0.83 0.82 0.80 0.81 0.81 0.81 0.15 0.74 0.74 0.74 0.74 0.74 0.21 0.19 0.03 0.11 0.58 0.63 0.63 0.63 0.63 0.64 0.63 0.64 0.64 0.62 0.63 0.62 0.61 0.61 0.53 0.64 0.67 0.64 0.43 0.46 0.46 0.46
0.71 0.73 0.73 0.73 0.58 0.71 0.73 0.72 0.70 0.71 0.71 0.70 0.71 0.71 0.71 0.70 0.50 0.70 0.65 0.70 0.71 0.71 0.71 0.70 0.51 0.60 0.70 0.46 0.66 0.70 0.69 0.69 0.70 0.70 0.69 0.69 0.67 0.70 0.67 0.78 0.95 0.86 1.00 0.86 0.86 0.84 0.86 0.85 0.84 0.84 0.84 0.84 0.20 0.79 0.79 0.79 0.79 0.79 0.25 0.25 0.04 0.13 0.68 0.72 0.72 0.72 0.72 0.72 0.72 0.72 0.72 0.71 0.72 0.70 0.70 0.70 0.62 0.72 0.74 0.72 0.53 0.56 0.56 0.56
0.85 0.86 0.86 0.86 0.77 0.86 0.86 0.86 0.85 0.85 0.86 0.85 0.85 0.86 0.86 0.85 0.68 0.85 0.83 0.86 0.86 0.86 0.86 0.85 0.71 0.80 0.86 0.67 0.84 0.86 0.85 0.85 0.85 0.86 0.85 0.85 0.84 0.86 0.84 0.88 0.97 0.92 1.00 0.93 0.93 0.92 0.93 0.92 0.92 0.92 0.92 0.92 0.37 0.88 0.88 0.88 0.88 0.88 0.38 0.39 0.10 0.20 0.84 0.86 0.86 0.86 0.86 0.86 0.86 0.86 0.86 0.85 0.86 0.85 0.85 0.85 0.79 0.85 0.86 0.86 0.73 0.77 0.77 0.77
0.52 0.55 0.55 0.56 0.39 0.52 0.55 0.55 0.52 0.52 0.52 0.51 0.52 0.50 0.50 0.49 0.29 0.48 0.42 0.48 0.50 0.50 0.50 0.48 0.28 0.36 0.48 0.26 0.43 0.48 0.47 0.47 0.48 0.48 0.47 0.47 0.45 0.48 0.45 0.65 0.91 0.78 1.00 0.78 0.78 0.75 0.78 0.77 0.74 0.75 0.75 0.75 0.10 0.67 0.67 0.67 0.67 0.67 0.15 0.13 0.01 0.08 0.47 0.53 0.53 0.53 0.53 0.53 0.53 0.53 0.53 0.50 0.53 0.51 0.50 0.50 0.43 0.54 0.58 0.55 0.33 0.34 0.34 0.34
0.94 0.94 0.94 0.94 0.90 0.94 0.94 0.94 0.94 0.94 0.94 0.94 0.94 0.94 0.94 0.94 0.83 0.94 0.93 0.94 0.94 0.94 0.94 0.94 0.88 0.93 0.94 0.84 0.94 0.94 0.94 0.94 0.94 0.94 0.94 0.94 0.94 0.94 0.94 0.95 0.99 0.97 1.00 0.97 0.97 0.96 0.97 0.97 0.96 0.96 0.96 0.96 0.56 0.95 0.95 0.95 0.95 0.95 0.55 0.56 0.22 0.32 0.94 0.94 0.94 0.94 0.94 0.94 0.94 0.94 0.94 0.94 0.94 0.94 0.94 0.94 0.91 0.94 0.94 0.94 0.88 0.91 0.91 0.91
0.72 0.73 0.73 0.73 0.60 0.72 0.73 0.73 0.71 0.72 0.72 0.71 0.72 0.71 0.71 0.71 0.50 0.71 0.66 0.71 0.71 0.71 0.71 0.71 0.52 0.62 0.71 0.48 0.67 0.71 0.70 0.70 0.71 0.71 0.70 0.70 0.69 0.71 0.69 0.78 0.95 0.87 1.00 0.87 0.87 0.85 0.87 0.86 0.85 0.85 0.85 0.85 0.22 0.79 0.79 0.79 0.79 0.79 0.26 0.26 0.04 0.14 0.69 0.73 0.73 0.73 0.73 0.73 0.72 0.73 0.73 0.71 0.73 0.71 0.71 0.71 0.63 0.72 0.74 0.73 0.55 0.58 0.58 0.58
0.93 0.93 0.93 0.93 0.87 0.93 0.93 0.93 0.92 0.93 0.93 0.93 0.93 0.93 0.93 0.93 0.80 0.93 0.91 0.93 0.93 0.93 0.93 0.93 0.85 0.90 0.93 0.81 0.92 0.93 0.93 0.93 0.93 0.93 0.93 0.93 0.92 0.93 0.92 0.93 0.98 0.96 1.00 0.95 0.95 0.95 0.95 0.95 0.95 0.95 0.95 0.95 0.51 0.93 0.93 0.93 0.93 0.93 0.51 0.51 0.17 0.29 0.92 0.93 0.93 0.93 0.93 0.93 0.93 0.93 0.93 0.93 0.93 0.93 0.93 0.93 0.89 0.93 0.92 0.93 0.86 0.88 0.88 0.88
0.36 0.39 0.39 0.41 0.24 0.36 0.39 0.39 0.37 0.35 0.35 0.34 0.35 0.33 0.33 0.32 0.16 0.30 0.25 0.29 0.33 0.33 0.33 0.30 0.14 0.19 0.29 0.13 0.24 0.29 0.28 0.28 0.30 0.29 0.28 0.28 0.26 0.29 0.26 0.54 0.88 0.72 1.00 0.72 0.72 0.68 0.72 0.70 0.65 0.68 0.68 0.68 0.05 0.57 0.57 0.57 0.57 0.57 0.10 0.08 0.01 0.05 0.30 0.37 0.37 0.37 0.37 0.38 0.38 0.38 0.38 0.34 0.37 0.35 0.33 0.33 0.29 0.41 0.46 0.40 0.18 0.20 0.20 0.20
0.69 0.71 0.71 0.71 0.56 0.69 0.71 0.70 0.68 0.69 0.69 0.68 0.69 0.68 0.68 0.67 0.47 0.67 0.62 0.67 0.68 0.68 0.68 0.67 0.47 0.57 0.67 0.44 0.63 0.67 0.67 0.67 0.67 0.67 0.67 0.67 0.65 0.67 0.65 0.76 0.94 0.85 1.00 0.85 0.85 0.84 0.85 0.84 0.83 0.84 0.84 0.84 0.19 0.77 0.77 0.77 0.77 0.77 0.24 0.23 0.03 0.12 0.66 0.70 0.70 0.70 0.70 0.70 0.70 0.70 0.70 0.68 0.70 0.69 0.68 0.68 0.60 0.69 0.71 0.70 0.51 0.54 0.54 0.54
0.64 0.66 0.66 0.66 0.51 0.64 0.66 0.65 0.63 0.64 0.64 0.63 0.64 0.63 0.63 0.62 0.41 0.62 0.57 0.62 0.63 0.63 0.63 0.62 0.41 0.51 0.62 0.39 0.58 0.62 0.61 0.61 0.62 0.62 0.61 0.61 0.59 0.62 0.59 0.73 0.93 0.83 1.00 0.83 0.83 0.81 0.83 0.82 0.81 0.81 0.81 0.81 0.15 0.74 0.74 0.74 0.74 0.74 0.21 0.20 0.03 0.11 0.60 0.65 0.65 0.65 0.65 0.65 0.65 0.65 0.65 0.63 0.65 0.63 0.63 0.63 0.55 0.65 0.68 0.65 0.45 0.48 0.48 0.48
0.34 0.37 0.37 0.39 0.22 0.33 0.37 0.37 0.34 0.32 0.33 0.31 0.32 0.29 0.30 0.29 0.14 0.27 0.22 0.26 0.29 0.29 0.29 0.27 0.12 0.17 0.26 0.11 0.22 0.26 0.25 0.25 0.27 0.26 0.25 0.25 0.23 0.26 0.23 0.52 0.87 0.70 1.00 0.71 0.71 0.66 0.71 0.69 0.64 0.66 0.66 0.66 0.04 0.54 0.54 0.54 0.54 0.54 0.08 0.07 0.01 0.05 0.27 0.34 0.34 0.34 0.34 0.35 0.36 0.35 0.35 0.31 0.34 0.32 0.30 0.30 0.27 0.38 0.44 0.38 0.16 0.17 0.17 0.17
0.94 0.94 0.94 0.94 0.90 0.94 0.94 0.94 0.94 0.94 0.94 0.94 0.94 0.94 0.94 0.94 0.84 0.94 0.93 0.94 0.94 0.94 0.94 0.94 0.88 0.93 0.94 0.85 0.94 0.94 0.94 0.94 0.94 0.94 0.94 0.94 0.94 0.94 0.94 0.95 0.99 0.97 1.00 0.97 0.97 0.96 0.97 0.97 0.96 0.96 0.96 0.96 0.56 0.95 0.95 0.95 0.95 0.95 0.56 0.56 0.22 0.33 0.94 0.94 0.94 0.94 0.94 0.94 0.94 0.94 0.94 0.94 0.94 0.94 0.94 0.94 0.91 0.94 0.94 0.94 0.88 0.91 0.91 0.91
0.48 0.50 0.50 0.52 0.34 0.47 0.50 0.50 0.48 0.46 0.47 0.46 0.46 0.44 0.45 0.44 0.26 0.43 0.37 0.43 0.44 0.44 0.45 0.43 0.23 0.31 0.43 0.21 0.38 0.43 0.42 0.42 0.43 0.43 0.42 0.42 0.40 0.43 0.40 0.63 0.91 0.77 1.00 0.76 0.76 0.73 0.76 0.75 0.72 0.73 0.73 0.73 0.08 0.65 0.65 0.65 0.65 0.65 0.14 0.13 0.01 0.06 0.42 0.48 0.48 0.48 0.48 0.49 0.49 0.49 0.49 0.45 0.48 0.46 0.45 0.44 0.38 0.50 0.55 0.50 0.28 0.30 0.30 0.30
0.40 0.43 0.43 0.44 0.28 0.39 0.43 0.43 0.40 0.38 0.39 0.37 0.38 0.36 0.36 0.35 0.19 0.34 0.29 0.33 0.36 0.36 0.36 0.34 0.16 0.23 0.33 0.15 0.29 0.33 0.32 0.32 0.34 0.33 0.32 0.32 0.30 0.33 0.30 0.57 0.89 0.74 1.00 0.73 0.73 0.70 0.73 0.71 0.68 0.70 0.70 0.70 0.06 0.59 0.59 0.59 0.59 0.59 0.10 0.09 0.01 0.05 0.34 0.40 0.40 0.40 0.40 0.41 0.41 0.41 0.41 0.37 0.40 0.38 0.37 0.36 0.32 0.43 0.48 0.43 0.22 0.23 0.23 0.23
0.33 0.37 0.37 0.39 0.22 0.33 0.37 0.37 0.34 0.32 0.33 0.32 0.32 0.30 0.30 0.30 0.15 0.28 0.22 0.26 0.30 0.30 0.30 0.28 0.12 0.17 0.26 0.11 0.22 0.26 0.26 0.26 0.28 0.26 0.26 0.26 0.25 0.26 0.25 0.52 0.87 0.70 1.00 0.70 0.70 0.65 0.70 0.67 0.63 0.65 0.65 0.65 0.04 0.54 0.54 0.54 0.54 0.54 0.08 0.07 0.00 0.04 0.27 0.34 0.34 0.34 0.34 0.35 0.35 0.35 0.35 0.31 0.34 0.31 0.30 0.30 0.27 0.37 0.43 0.37 0.17 0.17 0.17 0.17
0.38 0.41 0.41 0.42 0.26 0.37 0.41 0.41 0.38 0.36 0.36 0.35 0.36 0.33 0.34 0.33 0.17 0.31 0.26 0.31 0.33 0.33 0.34 0.31 0.15 0.20 0.31 0.14 0.26 0.31 0.30 0.30 0.31 0.31 0.30 0.30 0.28 0.31 0.28 0.55 0.88 0.73 1.00 0.72 0.72 0.68 0.72 0.70 0.66 0.68 0.68 0.68 0.05 0.57 0.57 0.57 0.57 0.57 0.09 0.08 0.01 0.05 0.31 0.38 0.38 0.38 0.38 0.39 0.39 0.39 0.39 0.35 0.38 0.36 0.34 0.34 0.29 0.41 0.46 0.41 0.19 0.20 0.20 0.20
0.56 0.59 0.59 0.60 0.43 0.56 0.59 0.58 0.56 0.55 0.56 0.55 0.55 0.54 0.54 0.53 0.33 0.52 0.47 0.52 0.54 0.54 0.54 0.52 0.32 0.41 0.52 0.29 0.47 0.52 0.51 0.51 0.52 0.52 0.51 0.51 0.49 0.52 0.49 0.69 0.92 0.81 1.00 0.80 0.80 0.78 0.80 0.79 0.77 0.78 0.78 0.78 0.11 0.70 0.70 0.70 0.70 0.70 0.17 0.16 0.02 0.09 0.51 0.57 0.57 0.57 0.57 0.57 0.57 0.57 0.57 0.55 0.57 0.55 0.54 0.54 0.47 0.58 0.62 0.58 0.37 0.39 0.39 0.39
0.40 0.44 0.44 0.45 0.28 0.40 0.44 0.43 0.40 0.38 0.40 0.39 0.38 0.37 0.37 0.36 0.19 0.35 0.30 0.34 0.37 0.37 0.37 0.35 0.17 0.24 0.34 0.17 0.29 0.34 0.33 0.33 0.35 0.34 0.33 0.33 0.31 0.34 0.31 0.57 0.89 0.73 1.00 0.73 0.73 0.70 0.73 0.72 0.68 0.70 0.70 0.70 0.07 0.60 0.60 0.60 0.60 0.60 0.10 0.09 0.01 0.06 0.34 0.41 0.41 0.41 0.41 0.42 0.42 0.42 0.42 0.38 0.41 0.38 0.37 0.37 0.32 0.43 0.49 0.44 0.22 0.23 0.23 0.23
0.94 0.94 0.94 0.94 0.90 0.94 0.94 0.94 0.94 0.94 0.94 0.94 0.94 0.94 0.94 0.94 0.82 0.94 0.93 0.94 0.94 0.94 0.94 0.94 0.88 0.92 0.94 0.84 0.94 0.94 0.94 0.94 0.94 0.94 0.94 0.94 0.94 0.94 0.94 0.95 0.99 0.96 1.00 0.96 0.96 0.96 0.96 0.96 0.96 0.96 0.96 0.96 0.56 0.95 0.95 0.95 0.95 0.95 0.54 0.55 0.21 0.32 0.94 0.94 0.94 0.94 0.94 0.94 0.94 0.94 0.94 0.94 0.94 0.94 0.94 0.94 0.91 0.94 0.94 0.94 0.88 0.91 0.91 0.91
0.78 0.79 0.79 0.79 0.67 0.78 0.79 0.79 0.77 0.78 0.78 0.78 0.78 0.78 0.78 0.77 0.58 0.78 0.73 0.78 0.78 0.78 0.78 0.78 0.60 0.70 0.78 0.57 0.75 0.78 0.77 0.77 0.78 0.78 0.77 0.77 0.76 0.78 0.76 0.83 0.96 0.89 1.00 0.89 0.89 0.88 0.89 0.88 0.87 0.88 0.88 0.88 0.27 0.83 0.83 0.83 0.83 0.83 0.31 0.31 0.06 0.16 0.76 0.79 0.79 0.79 0.79 0.79 0.78 0.79 0.79 0.78 0.79 0.78 0.77 0.77 0.69 0.78 0.79 0.78 0.62 0.66 0.66 0.66
0.42 0.44 0.44 0.46 0.29 0.41 0.44 0.44 0.41 0.40 0.41 0.40 0.40 0.38 0.38 0.37 0.20 0.36 0.31 0.36 0.38 0.38 0.38 0.36 0.18 0.24 0.36 0.17 0.31 0.36 0.35 0.35 0.36 0.36 0.35 0.35 0.32 0.36 0.32 0.58 0.89 0.74 1.00 0.74 0.74 0.71 0.74 0.72 0.69 0.71 0.71 0.71 0.06 0.60 0.60 0.60 0.60 0.60 0.11 0.09 0.01 0.05 0.36 0.42 0.42 0.42 0.42 0.43 0.44 0.43 0.43 0.40 0.42 0.40 0.39 0.39 0.33 0.45 0.50 0.45 0.23 0.24 0.24 0.24
0.84 0.85 0.85 0.85 0.76 0.84 0.85 0.85 0.84 0.84 0.84 0.84 0.84 0.84 0.84 0.84 0.67 0.84 0.81 0.84 0.84 0.84 0.84 0.84 0.70 0.79 0.84 0.66 0.82 0.84 0.84 0.84 0.84 0.84 0.84 0.84 0.83 0.84 0.83 0.87 0.97 0.92 1.00 0.92 0.92 0.91 0.92 0.92 0.91 0.91 0.91 0.91 0.34 0.87 0.87 0.87 0.87 0.87 0.38 0.38 0.09 0.21 0.83 0.84 0.84 0.84 0.84 0.85 0.84 0.85 0.85 0.84 0.84 0.84 0.84 0.83 0.78 0.84 0.85 0.84 0.72 0.75 0.75 0.75
0.64 0.66 0.66 0.66 0.51 0.64 0.66 0.66 0.63 0.63 0.64 0.63 0.63 0.63 0.63 0.62 0.41 0.61 0.57 0.62 0.63 0.63 0.63 0.61 0.41 0.51 0.62 0.38 0.57 0.62 0.61 0.61 0.61 0.62 0.61 0.61 0.59 0.62 0.59 0.73 0.93 0.84 1.00 0.83 0.83 0.82 0.83 0.83 0.81 0.82 0.82 0.82 0.15 0.74 0.74 0.74 0.74 0.74 0.21 0.20 0.03 0.11 0.61 0.65 0.65 0.65 0.65 0.65 0.65 0.65 0.65 0.63 0.65 0.63 0.63 0.62 0.54 0.65 0.68 0.65 0.45 0.48 0.48 0.48
0.88 0.89 0.89 0.89 0.81 0.89 0.89 0.89 0.88 0.88 0.88 0.88 0.88 0.88 0.88 0.88 0.72 0.88 0.86 0.88 0.88 0.88 0.88 0.88 0.76 0.84 0.88 0.72 0.87 0.88 0.88 0.88 0.88 0.88 0.88 0.88 0.87 0.88 0.87 0.90 0.98 0.94 1.00 0.94 0.94 0.93 0.94 0.93 0.93 0.93 0.93 0.93 0.40 0.90 0.90 0.90 0.90 0.90 0.43 0.43 0.12 0.23 0.87 0.89 0.89 0.89 0.89 0.89 0.88 0.89 0.89 0.88 0.89 0.88 0.88 0.88 0.83 0.88 0.89 0.88 0.78 0.81 0.81 0.81
0.78 0.79 0.79 0.80 0.68 0.79 0.79 0.79 0.78 0.79 0.79 0.78 0.79 0.79 0.79 0.78 0.58 0.78 0.74 0.78 0.79 0.79 0.79 0.78 0.61 0.71 0.78 0.58 0.75 0.78 0.78 0.78 0.78 0.78 0.78 0.78 0.76 0.78 0.76 0.83 0.96 0.89 1.00 0.89 0.89 0.88 0.89 0.89 0.88 0.88 0.88 0.88 0.26 0.84 0.84 0.84 0.84 0.84 0.31 0.31 0.06 0.16 0.76 0.79 0.79 0.79 0.79 0.79 0.79 0.79 0.79 0.78 0.79 0.78 0.78 0.78 0.71 0.79 0.80 0.79 0.64 0.68 0.68 0.68
0.91 0.91 0.91 0.92 0.84 0.91 0.91 0.91 0.90 0.91 0.91 0.91 0.91 0.91 0.91 0.91 0.77 0.91 0.89 0.91 0.91 0.91 0.91 0.91 0.82 0.88 0.91 0.77 0.90 0.91 0.91 0.91 0.91 0.91 0.91 0.91 0.91 0.91 0.91 0.92 0.98 0.95 1.00 0.95 0.95 0.95 0.95 0.95 0.94 0.95 0.95 0.95 0.45 0.92 0.92 0.92 0.92 0.92 0.48 0.48 0.15 0.26 0.90 0.91 0.91 0.91 0.91 0.91 0.91 0.91 0.91 0.91 0.91 0.91 0.91 0.91 0.86 0.91 0.91 0.91 0.82 0.86 0.86 0.86
0.39 0.41 0.41 0.43 0.26 0.37 0.41 0.41 0.38 0.37 0.38 0.36 0.37 0.34 0.34 0.34 0.18 0.32 0.27 0.32 0.34 0.34 0.34 0.32 0.15 0.21 0.32 0.14 0.27 0.31 0.31 0.31 0.32 0.31 0.31 0.31 0.29 0.31 0.29 0.56 0.89 0.73 1.00 0.72 0.72 0.68 0.72 0.70 0.66 0.68 0.68 0.68 0.05 0.58 0.58 0.58 0.58 0.58 0.10 0.09 0.01 0.05 0.33 0.39 0.39 0.39 0.39 0.40 0.40 0.40 0.40 0.36 0.39 0.36 0.35 0.35 0.31 0.42 0.48 0.42 0.20 0.21 0.21 0.21
0.43 0.46 0.46 0.47 0.30 0.42 0.46 0.46 0.43 0.41 0.42 0.41 0.41 0.39 0.40 0.39 0.21 0.37 0.32 0.37 0.39 0.39 0.39 0.37 0.19 0.26 0.37 0.18 0.32 0.37 0.36 0.36 0.37 0.37 0.36 0.36 0.34 0.37 0.34 0.59 0.90 0.75 1.00 0.75 0.75 0.71 0.75 0.73 0.69 0.71 0.71 0.71 0.07 0.61 0.61 0.61 0.61 0.61 0.12 0.11 0.01 0.06 0.37 0.43 0.43 0.43 0.43 0.44 0.44 0.44 0.44 0.41 0.43 0.41 0.40 0.40 0.34 0.46 0.51 0.46 0.24 0.26 0.26 0.26
0.33 0.37 0.37 0.39 0.22 0.32 0.37 0.37 0.34 0.31 0.32 0.31 0.31 0.29 0.29 0.29 0.14 0.27 0.22 0.26 0.29 0.29 0.29 0.27 0.11 0.16 0.26 0.11 0.21 0.26 0.25 0.25 0.27 0.26 0.25 0.25 0.23 0.26 0.23 0.52 0.87 0.70 1.00 0.70 0.70 0.66 0.70 0.68 0.63 0.66 0.66 0.66 0.04 0.55 0.55 0.55 0.55 0.55 0.08 0.07 0.01 0.05 0.27 0.34 0.34 0.34 0.34 0.35 0.35 0.35 0.35 0.31 0.34 0.31 0.30 0.30 0.26 0.37 0.43 0.37 0.17 0.17 0.17 0.17
0.63 0.65 0.65 0.66 0.50 0.63 0.65 0.65 0.63 0.63 0.63 0.62 0.63 0.62 0.62 0.61 0.40 0.60 0.56 0.61 0.62 0.62 0.62 0.60 0.40 0.50 0.61 0.36 0.56 0.61 0.60 0.60 0.60 0.61 0.60 0.60 0.58 0.61 0.58 0.73 0.93 0.83 1.00 0.82 0.82 0.80 0.82 0.81 0.79 0.80 0.80 0.80 0.15 0.73 0.73 0.73 0.73 0.73 0.20 0.19 0.03 0.10 0.59 0.64 0.64 0.64 0.64 0.64 0.64 0.64 0.64 0.62 0.64 0.62 0.62 0.62 0.54 0.65 0.67 0.65 0.45 0.47 0.47 0.47
0.94 0.95 0.95 0.95 0.90 0.95 0.95 0.95 0.94 0.95 0.95 0.94 0.95 0.95 0.95 0.94 0.84 0.95 0.93 0.95 0.95 0.95 0.95 0.95 0.89 0.93 0.95 0.84 0.94 0.95 0.95 0.95 0.95 0.95 0.95 0.95 0.94 0.95 0.94 0.95 0.99 0.97 1.00 0.97 0.97 0.97 0.97 0.97 0.97 0.97 0.97 0.97 0.57 0.95 0.95 0.95 0.95 0.95 0.57 0.58 0.23 0.34 0.94 0.95 0.95 0.95 0.95 0.95 0.95 0.95 0.95 0.95 0.95 0.95 0.95 0.95 0.92 0.94 0.94 0.94 0.89 0.92 0.92 0.92
0.62 0.63 0.63 0.64 0.48 0.62 0.63 0.63 0.61 0.61 0.61 0.61 0.61 0.60 0.61 0.60 0.39 0.59 0.54 0.59 0.60 0.60 0.60 0.59 0.38 0.48 0.59 0.36 0.54 0.59 0.59 0.58 0.59 0.59 0.59 0.59 0.57 0.59 0.57 0.71 0.93 0.82 1.00 0.82 0.82 0.80 0.82 0.81 0.79 0.80 0.80 0.80 0.14 0.73 0.73 0.73 0.73 0.73 0.20 0.19 0.02 0.10 0.57 0.63 0.63 0.63 0.63 0.63 0.63 0.63 0.63 0.61 0.63 0.61 0.60 0.60 0.53 0.63 0.66 0.63 0.43 0.45 0.45 0.45
0.39 0.42 0.42 0.44 0.27 0.39 0.42 0.42 0.39 0.37 0.38 0.37 0.37 0.35 0.35 0.35 0.18 0.33 0.28 0.33 0.35 0.35 0.35 0.33 0.16 0.22 0.33 0.15 0.28 0.33 0.32 0.32 0.33 0.33 0.32 0.32 0.30 0.33 0.30 0.57 0.89 0.73 1.00 0.73 0.73 0.69 0.73 0.71 0.67 0.69 0.69 0.69 0.06 0.58 0.58 0.58 0.58 0.58 0.10 0.09 0.01 0.05 0.33 0.40 0.40 0.40 0.40 0.41 0.41 0.41 0.41 0.37 0.40 0.37 0.36 0.36 0.32 0.43 0.48 0.43 0.21 0.22 0.22 0.22
0.96 0.96 0.96 0.96 0.92 0.96 0.96 0.96 0.96 0.96 0.96 0.96 0.96 0.96 0.96 0.96 0.86 0.96 0.95 0.96 0.96 0.96 0.96 0.96 0.91 0.95 0.96 0.87 0.96 0.96 0.96 0.96 0.96 0.96 0.96 0.96 0.96 0.96 0.96 0.96 0.99 0.98 1.00 0.97 0.97 0.97 0.97 0.97 0.97 0.97 0.97 0.97 0.62 0.96 0.96 0.96 0.96 0.96 0.60 0.60 0.27 0.37 0.96 0.96 0.96 0.96 0.96 0.96 0.96 0.96 0.96 0.96 0.96 0.96 0.96 0.96 0.94 0.96 0.96 0.96 0.91 0.94 0.94 0.94
0.73 0.74 0.74 0.74 0.61 0.73 0.74 0.74 0.72 0.73 0.73 0.72 0.73 0.72 0.72 0.71 0.51 0.71 0.67 0.72 0.72 0.72 0.72 0.71 0.52 0.63 0.72 0.49 0.68 0.72 0.71 0.71 0.71 0.72 0.71 0.71 0.69 0.72 0.69 0.79 0.95 0.87 1.00 0.87 0.87 0.85 0.87 0.86 0.85 0.85 0.85 0.85 0.22 0.80 0.80 0.80 0.80 0.80 0.27 0.27 0.05 0.14 0.70 0.74 0.74 0.74 0.74 0.74 0.73 0.74 0.74 0.72 0.74 0.72 0.72 0.72 0.65 0.73 0.75 0.74 0.57 0.60 0.60 0.60
0.94 0.94 0.94 0.94 0.89 0.94 0.94 0.94 0.93 0.94 0.94 0.94 0.94 0.94 0.94 0.94 0.82 0.94 0.93 0.94 0.94 0.94 0.94 0.94 0.87 0.92 0.94 0.83 0.93 0.94 0.94 0.94 0.94 0.94 0.94 0.94 0.94 0.94 0.94 0.94 0.99 0.96 1.00 0.96 0.96 0.96 0.96 0.96 0.96 0.96 0.96 0.96 0.55 0.94 0.94 0.94 0.94 0.94 0.54 0.55 0.21 0.32 0.93 0.94 0.94 0.94 0.94 0.94 0.94 0.94 0.94 0.94 0.94 0.94 0.94 0.94 0.90 0.94 0.94 0.94 0.87 0.90 0.90 0.90
0.56 0.58 0.58 0.58 0.41 0.55 0.58 0.57 0.54 0.55 0.55 0.54 0.55 0.53 0.53 0.52 0.32 0.52 0.46 0.52 0.53 0.53 0.53 0.52 0.31 0.40 0.52 0.29 0.47 0.51 0.51 0.51 0.52 0.51 0.51 0.51 0.49 0.51 0.49 0.68 0.92 0.81 1.00 0.80 0.80 0.78 0.80 0.79 0.77 0.78 0.78 0.78 0.11 0.69 0.69 0.69 0.69 0.69 0.16 0.15 0.02 0.08 0.51 0.56 0.56 0.56 0.56 0.57 0.57 0.57 0.57 0.54 0.56 0.54 0.53 0.53 0.46 0.57 0.61 0.58 0.36 0.38 0.38 0.38
0.74 0.76 0.76 0.76 0.62 0.74 0.76 0.75 0.73 0.74 0.74 0.74 0.74 0.74 0.74 0.73 0.52 0.73 0.68 0.73 0.74 0.74 0.74 0.73 0.53 0.64 0.73 0.50 0.70 0.73 0.73 0.73 0.73 0.73 0.73 0.73 0.71 0.73 0.71 0.80 0.95 0.87 1.00 0.87 0.87 0.86 0.87 0.87 0.85 0.86 0.86 0.86 0.21 0.80 0.80 0.80 0.80 0.80 0.27 0.26 0.04 0.13 0.71 0.75 0.75 0.75 0.75 0.75 0.75 0.75 0.75 0.73 0.75 0.73 0.73 0.73 0.65 0.74 0.76 0.75 0.57 0.60 0.60 0.60
0.71 0.73 0.73 0.73 0.59 0.71 0.73 0.72 0.70 0.71 0.71 0.71 0.71 0.71 0.71 0.70 0.50 0.70 0.65 0.70 0.71 0.71 0.71 0.70 0.51 0.61 0.70 0.47 0.67 0.70 0.70 0.69 0.70 0.70 0.70 0.69 0.68 0.70 0.68 0.78 0.94 0.86 1.00 0.86 0.86 0.85 0.86 0.85 0.84 0.85 0.85 0.85 0.20 0.79 0.79 0.79 0.79 0.79 0.26 0.25 0.04 0.13 0.68 0.72 0.72 0.72 0.72 0.72 0.72 0.72 0.72 0.71 0.72 0.71 0.70 0.70 0.63 0.72 0.74 0.72 0.54 0.57 0.57 0.57
0.43 0.45 0.45 0.47 0.29 0.42 0.45 0.45 0.43 0.41 0.42 0.41 0.41 0.39 0.39 0.38 0.21 0.37 0.32 0.36 0.39 0.39 0.39 0.37 0.18 0.25 0.36 0.17 0.31 0.36 0.36 0.36 0.37 0.36 0.36 0.36 0.34 0.36 0.34 0.58 0.90 0.74 1.00 0.75 0.75 0.71 0.75 0.73 0.69 0.71 0.71 0.71 0.07 0.61 0.61 0.61 0.61 0.61 0.11 0.10 0.01 0.06 0.36 0.43 0.43 0.43 0.43 0.44 0.44 0.44 0.44 0.40 0.43 0.41 0.40 0.40 0.34 0.45 0.51 0.46 0.24 0.25 0.25 0.25
0.47 0.50 0.50 0.51 0.35 0.47 0.50 0.50 0.48 0.46 0.47 0.46 0.46 0.45 0.45 0.44 0.25 0.43 0.37 0.42 0.45 0.45 0.45 0.43 0.23 0.31 0.42 0.21 0.37 0.42 0.41 0.41 0.43 0.42 0.41 0.41 0.39 0.42 0.39 0.62 0.90 0.77 1.00 0.76 0.76 0.73 0.76 0.75 0.72 0.73 0.73 0.73 0.08 0.64 0.64 0.64 0.64 0.64 0.13 0.12 0.01 0.07 0.41 0.48 0.48 0.48 0.48 0.49 0.48 0.49 0.49 0.45 0.48 0.45 0.44 0.44 0.39 0.50 0.55 0.51 0.28 0.29 0.29 0.29
0.83 0.84 0.84 0.84 0.74 0.83 0.84 0.83 0.82 0.83 0.83 0.83 0.83 0.83 0.83 0.83 0.64 0.83 0.79 0.83 0.83 0.83 0.83 0.83 0.68 0.77 0.83 0.64 0.81 0.83 0.83 0.83 0.83 0.83 0.83 0.83 0.82 0.83 0.82 0.87 0.97 0.92 1.00 0.91 0.91 0.91 0.91 0.91 0.90 0.91 0.91 0.91 0.32 0.87 0.87 0.87 0.87 0.87 0.36 0.38 0.08 0.19 0.81 0.84 0.84 0.84 0.84 0.84 0.83 0.84 0.84 0.83 0.84 0.83 0.83 0.83 0.76 0.83 0.84 0.83 0.70 0.74 0.74 0.74
0.70 0.71 0.71 0.72 0.57 0.70 0.71 0.71 0.69 0.69 0.69 0.69 0.69 0.69 0.69 0.68 0.48 0.68 0.63 0.68 0.69 0.69 0.69 0.68 0.48 0.59 0.68 0.45 0.65 0.68 0.68 0.68 0.68 0.68 0.68 0.68 0.66 0.68 0.66 0.77 0.94 0.86 1.00 0.86 0.86 0.84 0.86 0.85 0.84 0.84 0.84 0.84 0.19 0.78 0.78 0.78 0.78 0.78 0.25 0.24 0.04 0.12 0.66 0.70 0.70 0.70 0.70 0.70 0.70 0.70 0.70 0.69 0.70 0.69 0.68 0.68 0.60 0.70 0.72 0.71 0.52 0.55 0.55 0.55
0.74 0.75 0.75 0.76 0.63 0.75 0.75 0.75 0.74 0.75 0.74 0.74 0.75 0.74 0.74 0.73 0.53 0.73 0.69 0.74 0.74 0.74 0.74 0.73 0.55 0.65 0.74 0.52 0.70 0.74 0.73 0.73 0.73 0.74 0.73 0.73 0.71 0.74 0.71 0.80 0.95 0.87 1.00 0.87 0.87 0.86 0.87 0.87 0.85 0.86 0.86 0.86 0.23 0.81 0.81 0.81 0.81 0.81 0.28 0.28 0.05 0.13 0.72 0.75 0.75 0.75 0.75 0.75 0.75 0.75 0.75 0.74 0.75 0.74 0.74 0.74 0.67 0.75 0.76 0.75 0.59 0.62 0.62 0.62
0.94 0.95 0.95 0.95 0.90 0.95 0.95 0.95 0.94 0.95 0.94 0.94 0.95 0.95 0.95 0.94 0.84 0.95 0.93 0.95 0.95 0.95 0.95 0.95 0.88 0.93 0.95 0.84 0.94 0.95 0.95 0.95 0.95 0.95 0.95 0.95 0.94 0.95 0.94 0.95 0.99 0.97 1.00 0.97 0.97 0.97 0.97 0.97 0.97 0.97 0.97 0.97 0.56 0.95 0.95 0.95 0.95 0.95 0.55 0.57 0.21 0.33 0.94 0.95 0.95 0.95 0.95 0.95 0.94 0.95 0.95 0.94 0.95 0.94 0.94 0.94 0.91 0.94 0.94 0.94 0.88 0.91 0.91 0.91
0.51 0.54 0.54 0.55 0.39 0.51 0.54 0.54 0.51 0.50 0.51 0.50 0.50 0.49 0.49 0.48 0.30 0.47 0.41 0.47 0.49 0.49 0.49 0.47 0.27 0.35 0.47 0.25 0.42 0.47 0.46 0.46 0.47 0.47 0.46 0.46 0.44 0.47 0.44 0.65 0.91 0.79 1.00 0.78 0.78 0.75 0.78 0.77 0.74 0.75 0.75 0.75 0.09 0.67 0.67 0.67 0.67 0.67 0.15 0.13 0.02 0.08 0.46 0.52 0.52 0.52 0.52 0.53 0.53 0.53 0.53 0.50 0.52 0.50 0.49 0.49 0.42 0.53 0.57 0.54 0.32 0.33 0.33 0.33
0.38 0.42 0.42 0.44 0.26 0.38 0.42 0.42 0.39 0.37 0.38 0.36 0.37 0.34 0.34 0.34 0.17 0.32 0.27 0.32 0.34 0.34 0.34 0.32 0.16 0.21 0.32 0.15 0.27 0.32 0.31 0.31 0.32 0.32 0.31 0.31 0.29 0.32 0.29 0.56 0.88 0.73 1.00 0.72 0.72 0.68 0.72 0.70 0.66 0.68 0.68 0.68 0.06 0.57 0.57 0.57 0.57 0.57 0.09 0.08 0.01 0.05 0.32 0.39 0.39 0.39 0.39 0.40 0.40 0.40 0.40 0.36 0.39 0.37 0.35 0.35 0.30 0.42 0.48 0.42 0.20 0.21 0.21 0.21
0.69 0.70 0.70 0.71 0.55 0.69 0.70 0.70 0.68 0.68 0.68 0.68 0.68 0.68 0.68 0.67 0.46 0.67 0.62 0.67 0.68 0.68 0.68 0.67 0.47 0.57 0.67 0.43 0.63 0.67 0.66 0.66 0.67 0.67 0.66 0.66 0.65 0.67 0.65 0.77 0.95 0.85 1.00 0.85 0.85 0.84 0.85 0.85 0.83 0.84 0.84 0.84 0.18 0.77 0.77 0.77 0.77 0.77 0.24 0.24 0.03 0.12 0.65 0.69 0.69 0.69 0.69 0.70 0.69 0.70 0.70 0.68 0.69 0.68 0.67 0.67 0.59 0.69 0.71 0.69 0.50 0.54 0.54 0.54
0.62 0.64 0.64 0.65 0.49 0.62 0.64 0.64 0.62 0.62 0.62 0.61 0.62 0.61 0.61 0.60 0.39 0.59 0.54 0.59 0.61 0.61 0.61 0.59 0.39 0.49 0.59 0.36 0.55 0.59 0.59 0.59 0.59 0.59 0.59 0.59 0.57 0.59 0.57 0.73 0.93 0.83 1.00 0.83 0.83 0.81 0.83 0.82 0.80 0.81 0.81 0.81 0.15 0.74 0.74 0.74 0.74 0.74 0.20 0.19 0.03 0.11 0.58 0.63 0.63 0.63 0.63 0.63 0.63 0.63 0.63 0.61 0.63 0.61 0.61 0.61 0.53 0.64 0.66 0.64 0.43 0.46 0.46 0.46
0.33 0.37 0.37 0.38 0.22 0.32 0.37 0.36 0.34 0.31 0.32 0.31 0.31 0.29 0.29 0.29 0.14 0.27 0.22 0.26 0.29 0.29 0.29 0.27 0.11 0.17 0.26 0.11 0.21 0.26 0.25 0.25 0.27 0.26 0.25 0.25 0.23 0.26 0.23 0.52 0.87 0.70 1.00 0.70 0.70 0.65 0.70 0.68 0.63 0.65 0.65 0.65 0.04 0.55 0.55 0.55 0.55 0.55 0.08 0.07 0.01 0.05 0.27 0.34 0.34 0.34 0.34 0.35 0.35 0.35 0.35 0.31 0.34 0.32 0.30 0.30 0.26 0.37 0.44 0.38 0.17 0.17 0.17 0.17
0.63 0.64 0.64 0.65 0.50 0.63 0.64 0.64 0.62 0.62 0.62 0.62 0.62 0.61 0.62 0.60 0.40 0.60 0.54 0.60 0.61 0.61 0.61 0.60 0.39 0.49 0.60 0.36 0.56 0.60 0.59 0.59 0.60 0.60 0.59 0.59 0.57 0.60 0.57 0.72 0.93 0.83 1.00 0.83 0.83 0.81 0.83 0.82 0.80 0.81 0.81 0.81 0.15 0.74 0.74 0.74 0.74 0.74 0.20 0.19 0.03 0.10 0.58 0.63 0.63 0.63 0.63 0.64 0.64 0.64 0.64 0.61 0.63 0.61 0.61 0.61 0.53 0.64 0.67 0.64 0.43 0.46 0.46 0.46
0.65 0.67 0.67 0.68 0.52 0.66 0.67 0.67 0.65 0.65 0.65 0.65 0.65 0.64 0.65 0.64 0.43 0.63 0.58 0.64 0.64 0.64 0.65 0.63 0.43 0.53 0.64 0.40 0.59 0.64 0.63 0.63 0.63 0.64 0.63 0.63 0.60 0.64 0.60 0.74 0.93 0.84 1.00 0.84 0.84 0.83 0.84 0.84 0.82 0.83 0.83 0.83 0.16 0.75 0.75 0.75 0.75 0.75 0.22 0.21 0.03 0.11 0.61 0.66 0.66 0.66 0.66 0.67 0.66 0.67 0.67 0.65 0.66 0.64 0.64 0.64 0.56 0.66 0.69 0.66 0.47 0.50 0.50 0.50
0.56 0.58 0.58 0.59 0.42 0.56 0.58 0.58 0.56 0.55 0.56 0.55 0.55 0.54 0.54 0.53 0.33 0.53 0.47 0.53 0.54 0.54 0.54 0.53 0.31 0.41 0.53 0.29 0.48 0.52 0.52 0.52 0.53 0.52 0.52 0.52 0.49 0.52 0.49 0.68 0.92 0.80 1.00 0.80 0.80 0.78 0.80 0.79 0.77 0.78 0.78 0.78 0.11 0.70 0.70 0.70 0.70 0.70 0.17 0.16 0.02 0.09 0.51 0.57 0.57 0.57 0.57 0.57 0.57 0.57 0.57 0.54 0.57 0.55 0.54 0.54 0.46 0.57 0.61 0.58 0.36 0.38 0.38 0.38
0.34 0.38 0.38 0.40 0.24 0.33 0.38 0.38 0.35 0.32 0.34 0.32 0.32 0.30 0.30 0.30 0.14 0.28 0.23 0.27 0.30 0.30 0.30 0.28 0.12 0.18 0.27 0.11 0.23 0.27 0.26 0.26 0.28 0.27 0.26 0.26 0.24 0.27 0.24 0.53 0.87 0.70 1.00 0.70 0.70 0.66 0.70 0.68 0.64 0.66 0.66 0.66 0.05 0.55 0.55 0.55 0.55 0.55 0.08 0.07 0.01 0.05 0.29 0.35 0.35 0.35 0.35 0.36 0.36 0.36 0.36 0.32 0.35 0.32 0.31 0.31 0.27 0.38 0.44 0.38 0.18 0.18 0.18 0.18
0.70 0.72 0.72 0.72 0.58 0.70 0.72 0.71 0.69 0.70 0.70 0.70 0.70 0.70 0.70 0.69 0.48 0.69 0.64 0.69 0.70 0.70 0.70 0.69 0.49 0.59 0.69 0.46 0.65 0.69 0.68 0.68 0.69 0.69 0.68 0.68 0.66 0.69 0.66 0.78 0.94 0.86 1.00 0.86 0.86 0.84 0.86 0.85 0.84 0.84 0.84 0.84 0.20 0.78 0.78 0.78 0.78 0.78 0.25 0.24 0.04 0.12 0.67 0.71 0.71 0.71 0.71 0.71 0.71 0.71 0.71 0.70 0.71 0.69 0.69 0.69 0.62 0.71 0.73 0.71 0.53 0.56 0.56 0.56
0.96 0.96 0.96 0.96 0.93 0.96 0.96 0.96 0.96 0.96 0.96 0.96 0.96 0.96 0.96 0.96 0.87 0.96 0.95 0.96 0.96 0.96 0.96 0.96 0.92 0.95 0.96 0.88 0.96 0.96 0.96 0.96 0.96 0.96 0.96 0.96 0.96 0.96 0.96 0.97 0.99 0.98 1.00 0.98 0.98 0.98 0.98 0.98 0.98 0.98 0.98 0.98 0.63 0.97 0.97 0.97 0.97 0.97 0.61 0.63 0.27 0.37 0.96 0.96 0.96 0.96 0.96 0.96 0.96 0.96 0.96 0.96 0.96 0.96 0.96 0.96 0.94 0.96 0.96 0.96 0.92 0.94 0.94 0.94
0.73 0.74 0.74 0.75 0.61 0.73 0.74 0.74 0.72 0.73 0.73 0.72 0.73 0.72 0.72 0.71 0.51 0.71 0.67 0.72 0.72 0.72 0.72 0.71 0.52 0.63 0.72 0.48 0.68 0.72 0.71 0.71 0.71 0.72 0.71 0.71 0.69 0.72 0.69 0.79 0.95 0.87 1.00 0.87 0.87 0.86 0.87 0.87 0.85 0.86 0.86 0.86 0.21 0.80 0.80 0.80 0.80 0.80 0.27 0.27 0.05 0.14 0.70 0.74 0.74 0.74 0.74 0.74 0.73 0.74 0.74 0.73 0.74 0.72 0.72 0.72 0.64 0.73 0.75 0.74 0.56 0.60 0.60 0.60
0.94 0.94 0.94 0.94 0.89 0.94 0.94 0.94 0.93 0.94 0.94 0.94 0.94 0.94 0.94 0.94 0.82 0.94 0.92 0.94 0.94 0.94 0.94 0.94 0.87 0.92 0.94 0.83 0.93 0.94 0.94 0.94 0.94 0.94 0.94 0.94 0.93 0.94 0.93 0.94 0.99 0.96 1.00 0.96 0.96 0.96 0.96 0.96 0.96 0.96 0.96 0.96 0.54 0.94 0.94 0.94 0.94 0.94 0.53 0.53 0.20 0.32 0.93 0.94 0.94 0.94 0.94 0.94 0.94 0.94 0.94 0.94 0.94 0.94 0.94 0.94 0.90 0.94 0.94 0.94 0.87 0.90 0.90 0.90
0.39 0.42 0.42 0.44 0.27 0.38 0.42 0.43 0.40 0.37 0.38 0.37 0.37 0.35 0.35 0.35 0.18 0.33 0.28 0.32 0.35 0.35 0.35 0.33 0.15 0.21 0.32 0.14 0.27 0.32 0.32 0.32 0.33 0.32 0.32 0.32 0.30 0.32 0.30 0.56 0.88 0.73 1.00 0.72 0.72 0.68 0.72 0.70 0.66 0.68 0.68 0.68 0.05 0.58 0.58 0.58 0.58 0.58 0.10 0.08 0.01 0.05 0.32 0.39 0.39 0.39 0.39 0.40 0.40 0.40 0.40 0.36 0.39 0.37 0.35 0.35 0.30 0.42 0.47 0.42 0.20 0.21 0.21 0.21
0.96 0.96 0.96 0.96 0.92 0.96 0.96 0.96 0.95 0.96 0.96 0.96 0.96 0.96 0.96 0.96 0.86 0.96 0.95 0.96 0.96 0.96 0.96 0.96 0.91 0.94 0.96 0.87 0.95 0.96 0.96 0.96 0.96 0.96 0.96 0.96 0.96 0.96 0.96 0.96 0.99 0.97 1.00 0.97 0.97 0.97 0.97 0.97 0.97 0.97 0.97 0.97 0.61 0.96 0.96 0.96 0.96 0.96 0.59 0.60 0.26 0.36 0.95 0.96 0.96 0.96 0.96 0.96 0.96 0.96 0.96 0.96 0.96 0.96 0.96 0.96 0.93 0.96 0.96 0.96 0.91 0.93 0.93 0.93
0.40 0.43 0.43 0.44 0.28 0.39 0.43 0.43 0.40 0.38 0.39 0.38 0.38 0.36 0.36 0.36 0.19 0.35 0.28 0.34 0.36 0.36 0.36 0.35 0.17 0.23 0.34 0.15 0.29 0.34 0.33 0.33 0.35 0.34 0.33 0.33 0.31 0.34 0.31 0.57 0.89 0.73 1.00 0.73 0.73 0.69 0.73 0.71 0.68 0.69 0.69 0.69 0.05 0.59 0.59 0.59 0.59 0.59 0.11 0.09 0.01 0.05 0.34 0.41 0.41 0.41 0.41 0.42 0.42 0.42 0.42 0.38 0.41 0.38 0.37 0.37 0.32 0.43 0.48 0.44 0.22 0.22 0.22 0.22
0.33 0.36 0.36 0.38 0.21 0.32 0.36 0.36 0.33 0.31 0.32 0.31 0.31 0.28 0.29 0.28 0.14 0.27 0.21 0.25 0.28 0.28 0.29 0.27 0.11 0.16 0.25 0.10 0.21 0.25 0.24 0.24 0.27 0.25 0.24 0.24 0.23 0.25 0.23 0.51 0.87 0.69 1.00 0.69 0.69 0.65 0.69 0.67 0.62 0.65 0.65 0.65 0.04 0.54 0.54 0.54 0.54 0.54 0.09 0.07 0.01 0.05 0.26 0.33 0.33 0.33 0.33 0.34 0.34 0.34 0.34 0.30 0.33 0.31 0.29 0.29 0.25 0.36 0.42 0.36 0.16 0.17 0.17 0.17
0.54 0.56 0.56 0.57 0.40 0.54 0.56 0.56 0.54 0.53 0.53 0.52 0.53 0.52 0.52 0.51 0.31 0.50 0.45 0.50 0.52 0.52 0.52 0.50 0.30 0.38 0.50 0.27 0.45 0.50 0.49 0.49 0.50 0.50 0.49 0.49 0.47 0.50 0.47 0.66 0.91 0.79 1.00 0.79 0.79 0.77 0.79 0.78 0.75 0.77 0.77 0.77 0.10 0.68 0.68 0.68 0.68 0.68 0.15 0.15 0.02 0.08 0.49 0.55 0.55 0.55 0.55 0.56 0.56 0.56 0.56 0.53 0.55 0.53 0.52 0.52 0.45 0.56 0.60 0.57 0.34 0.36 0.36 0.36
0.45 0.48 0.48 0.49 0.32 0.44 0.48 0.47 0.45 0.43 0.44 0.43 0.43 0.41 0.42 0.41 0.23 0.40 0.34 0.40 0.41 0.41 0.42 0.40 0.20 0.28 0.40 0.20 0.34 0.39 0.39 0.39 0.40 0.39 0.39 0.39 0.37 0.39 0.37 0.60 0.89 0.75 1.00 0.75 0.75 0.72 0.75 0.73 0.70 0.72 0.72 0.72 0.07 0.62 0.62 0.62 0.62 0.62 0.12 0.11 0.01 0.06 0.39 0.46 0.46 0.46 0.46 0.46 0.46 0.46 0.46 0.43 0.46 0.43 0.42 0.42 0.36 0.48 0.52 0.48 0.25 0.26 0.26 0.26
0.59 0.61 0.61 0.62 0.46 0.59 0.61 0.61 0.59 0.58 0.59 0.58 0.58 0.58 0.58 0.56 0.36 0.56 0.50 0.56 0.58 0.58 0.58 0.56 0.35 0.44 0.56 0.32 0.51 0.56 0.55 0.55 0.56 0.56 0.55 0.55 0.53 0.56 0.53 0.70 0.93 0.81 1.00 0.81 0.81 0.79 0.81 0.80 0.77 0.79 0.79 0.79 0.12 0.71 0.71 0.71 0.71 0.71 0.18 0.17 0.02 0.09 0.54 0.60 0.60 0.60 0.60 0.61 0.60 0.61 0.61 0.58 0.60 0.58 0.57 0.57 0.50 0.60 0.64 0.61 0.39 0.42 0.42 0.42
0.71 0.72 0.72 0.73 0.59 0.71 0.72 0.72 0.70 0.71 0.71 0.71 0.71 0.70 0.70 0.70 0.49 0.69 0.64 0.70 0.70 0.70 0.70 0.69 0.51 0.60 0.70 0.47 0.66 0.70 0.69 0.69 0.69 0.70 0.69 0.69 0.68 0.70 0.68 0.78 0.95 0.86 1.00 0.86 0.86 0.84 0.86 0.85 0.84 0.84 0.84 0.84 0.21 0.78 0.78 0.78 0.78 0.78 0.26 0.25 0.04 0.13 0.68 0.72 0.72 0.72 0.72 0.72 0.71 0.72 0.72 0.70 0.72 0.70 0.70 0.70 0.62 0.71 0.73 0.72 0.53 0.57 0.57 0.57
0.57 0.60 0.60 0.60 0.43 0.57 0.60 0.59 0.57 0.56 0.57 0.56 0.56 0.55 0.56 0.54 0.35 0.54 0.48 0.54 0.55 0.55 0.56 0.54 0.33 0.42 0.54 0.30 0.49 0.54 0.53 0.53 0.54 0.54 0.53 0.53 0.51 0.54 0.51 0.69 0.92 0.80 1.00 0.80 0.80 0.78 0.80 0.79 0.76 0.78 0.78 0.78 0.12 0.70 0.70 0.70 0.70 0.70 0.17 0.17 0.02 0.09 0.52 0.58 0.58 0.58 0.58 0.58 0.58 0.58 0.58 0.56 0.58 0.56 0.55 0.55 0.47 0.58 0.62 0.59 0.37 0.40 0.40 0.40
0.42 0.45 0.45 0.47 0.30 0.41 0.45 0.45 0.43 0.40 0.41 0.40 0.40 0.39 0.39 0.38 0.21 0.37 0.31 0.36 0.39 0.39 0.39 0.37 0.19 0.25 0.36 0.17 0.31 0.36 0.35 0.35 0.37 0.36 0.35 0.35 0.33 0.36 0.33 0.59 0.89 0.75 1.00 0.74 0.74 0.71 0.74 0.73 0.69 0.71 0.71 0.71 0.07 0.60 0.60 0.60 0.60 0.60 0.11 0.09 0.01 0.06 0.36 0.43 0.43 0.43 0.43 0.44 0.44 0.44 0.44 0.40 0.43 0.41 0.39 0.39 0.34 0.46 0.51 0.46 0.23 0.25 0.25 0.25
0.58 0.61 0.61 0.62 0.45 0.58 0.61 0.61 0.58 0.57 0.58 0.57 0.57 0.57 0.57 0.56 0.35 0.55 0.49 0.55 0.57 0.57 0.57 0.55 0.35 0.45 0.55 0.33 0.51 0.55 0.54 0.54 0.55 0.55 0.54 0.54 0.52 0.55 0.52 0.70 0.92 0.81 1.00 0.81 0.81 0.79 0.81 0.80 0.78 0.79 0.79 0.79 0.12 0.71 0.71 0.71 0.71 0.71 0.18 0.17 0.02 0.09 0.54 0.59 0.59 0.59 0.59 0.59 0.59 0.59 0.59 0.57 0.59 0.57 0.56 0.56 0.49 0.60 0.63 0.60 0.38 0.40 0.40 0.40
0.85 0.86 0.86 0.86 0.76 0.86 0.86 0.86 0.85 0.85 0.85 0.85 0.85 0.86 0.86 0.85 0.68 0.85 0.83 0.85 0.86 0.86 0.86 0.85 0.73 0.80 0.85 0.68 0.84 0.85 0.85 0.85 0.85 0.85 0.85 0.85 0.84 0.85 0.84 0.89 0.97 0.93 1.00 0.92 0.92 0.92 0.92 0.92 0.91 0.92 0.92 0.92 0.36 0.88 0.88 0.88 0.88 0.88 0.39 0.40 0.10 0.22 0.84 0.86 0.86 0.86 0.86 0.86 0.86 0.86 0.86 0.85 0.86 0.85 0.85 0.85 0.80 0.85 0.86 0.86 0.74 0.77 0.77 0.77
0.95 0.95 0.95 0.95 0.91 0.95 0.95 0.95 0.94 0.95 0.95 0.95 0.95 0.95 0.95 0.95 0.84 0.95 0.93 0.95 0.95 0.95 0.95 0.95 0.89 0.93 0.95 0.85 0.94 0.95 0.95 0.95 0.95 0.95 0.95 0.95 0.94 0.95 0.94 0.96 0.99 0.97 1.00 0.97 0.97 0.97 0.97 0.97 0.97 0.97 0.97 0.97 0.58 0.95 0.95 0.95 0.95 0.95 0.56 0.57 0.22 0.34 0.94 0.95 0.95 0.95 0.95 0.95 0.95 0.95 0.95 0.95 0.95 0.95 0.95 0.95 0.92 0.95 0.95 0.95 0.89 0.92 0.92 0.92
0.93 0.93 0.93 0.93 0.88 0.93 0.93 0.93 0.93 0.93 0.93 0.93 0.93 0.93 0.93 0.93 0.81 0.93 0.92 0.93 0.93 0.93 0.93 0.93 0.86 0.91 0.93 0.82 0.92 0.93 0.93 0.93 0.93 0.93 0.93 0.93 0.93 0.93 0.93 0.94 0.99 0.96 1.00 0.96 0.96 0.95 0.96 0.96 0.95 0.95 0.95 0.95 0.53 0.93 0.93 0.93 0.93 0.93 0.52 0.53 0.18 0.30 0.92 0.93 0.93 0.93 0.93 0.93 0.93 0.93 0.93 0.93 0.93 0.93 0.93 0.93 0.90 0.93 0.93 0.93 0.86 0.89 0.89 0.89
0.97 0.97 0.97 0.97 0.94 0.97 0.97 0.97 0.97 0.97 0.97 0.97 0.97 0.97 0.97 0.97 0.89 0.97 0.96 0.97 0.97 0.97 0.97 0.97 0.93 0.96 0.97 0.89 0.97 0.97 0.97 0.97 0.97 0.97 0.97 0.97 0.97 0.97 0.97 0.97 0.99 0.98 1.00 0.98 0.98 0.98 0.98 0.98 0.98 0.98 0.98 0.98 0.66 0.97 0.97 0.97 0.97 0.97 0.63 0.64 0.30 0.40 0.97 0.97 0.97 0.97 0.97 0.97 0.97 0.97 0.97 0.97 0.97 0.97 0.97 0.97 0.95 0.97 0.97 0.97 0.93 0.95 0.95 0.95
0.69 0.70 0.70 0.70 0.56 0.69 0.70 0.70 0.68 0.68 0.68 0.68 0.68 0.68 0.68 0.67 0.46 0.66 0.62 0.67 0.68 0.68 0.68 0.66 0.47 0.58 0.67 0.44 0.63 0.67 0.66 0.66 0.66 0.67 0.66 0.66 0.65 0.67 0.65 0.76 0.94 0.85 1.00 0.85 0.85 0.84 0.85 0.85 0.83 0.84 0.84 0.84 0.18 0.77 0.77 0.77 0.77 0.77 0.24 0.23 0.04 0.12 0.65 0.69 0.69 0.69 0.69 0.70 0.69 0.70 0.70 0.68 0.69 0.68 0.68 0.68 0.59 0.69 0.71 0.70 0.51 0.54 0.54 0.54
0.56 0.58 0.58 0.59 0.42 0.56 0.58 0.58 0.55 0.55 0.55 0.55 0.55 0.54 0.54 0.53 0.33 0.52 0.47 0.52 0.54 0.54 0.54 0.52 0.31 0.41 0.52 0.29 0.47 0.52 0.52 0.52 0.52 0.52 0.52 0.52 0.50 0.52 0.50 0.68 0.92 0.80 1.00 0.80 0.80 0.78 0.80 0.79 0.77 0.78 0.78 0.78 0.11 0.69 0.69 0.69 0.69 0.69 0.16 0.15 0.02 0.09 0.51 0.57 0.57 0.57 0.57 0.57 0.57 0.57 0.57 0.55 0.57 0.55 0.54 0.54 0.46 0.57 0.61 0.58 0.37 0.38 0.38 0.38
0.40 0.43 0.43 0.44 0.27 0.39 0.43 0.43 0.40 0.38 0.40 0.38 0.38 0.36 0.37 0.36 0.19 0.34 0.29 0.34 0.36 0.36 0.37 0.34 0.16 0.23 0.34 0.15 0.29 0.34 0.33 0.33 0.34 0.34 0.33 0.33 0.31 0.34 0.31 0.57 0.89 0.73 1.00 0.73 0.73 0.69 0.73 0.71 0.67 0.69 0.69 0.69 0.06 0.59 0.59 0.59 0.59 0.59 0.10 0.09 0.01 0.06 0.34 0.41 0.41 0.41 0.41 0.42 0.41 0.42 0.42 0.38 0.41 0.38 0.37 0.37 0.31 0.43 0.48 0.43 0.21 0.22 0.22 0.22
0.37 0.40 0.40 0.42 0.25 0.36 0.40 0.40 0.38 0.35 0.36 0.35 0.35 0.33 0.34 0.33 0.17 0.31 0.26 0.30 0.33 0.33 0.33 0.31 0.14 0.20 0.30 0.13 0.25 0.30 0.29 0.29 0.31 0.30 0.29 0.29 0.27 0.30 0.27 0.55 0.88 0.72 1.00 0.72 0.72 0.68 0.72 0.70 0.66 0.68 0.68 0.68 0.05 0.57 0.57 0.57 0.57 0.57 0.09 0.08 0.01 0.05 0.30 0.37 0.37 0.37 0.37 0.39 0.38 0.39 0.39 0.34 0.37 0.35 0.34 0.34 0.29 0.40 0.46 0.41 0.19 0.20 0.20 0.20
0.63 0.65 0.65 0.66 0.49 0.64 0.65 0.65 0.62 0.63 0.64 0.63 0.63 0.62 0.62 0.62 0.40 0.61 0.56 0.61 0.62 0.62 0.62 0.61 0.41 0.51 0.61 0.38 0.57 0.61 0.61 0.61 0.61 0.61 0.61 0.61 0.58 0.61 0.58 0.73 0.93 0.83 1.00 0.83 0.83 0.81 0.83 0.82 0.80 0.81 0.81 0.81 0.15 0.74 0.74 0.74 0.74 0.74 0.20 0.19 0.03 0.11 0.59 0.64 0.64 0.64 0.64 0.65 0.64 0.65 0.65 0.62 0.64 0.62 0.62 0.62 0.54 0.65 0.67 0.65 0.44 0.47 0.47 0.47
0.67 0.69 0.69 0.69 0.54 0.68 0.69 0.68 0.66 0.67 0.67 0.66 0.67 0.66 0.66 0.65 0.45 0.65 0.60 0.65 0.66 0.66 0.66 0.65 0.44 0.55 0.65 0.42 0.61 0.65 0.64 0.64 0.65 0.65 0.64 0.64 0.62 0.65 0.62 0.75 0.94 0.85 1.00 0.85 0.85 0.83 0.85 0.84 0.82 0.83 0.83 0.83 0.17 0.76 0.76 0.76 0.76 0.76 0.23 0.22 0.03 0.11 0.64 0.68 0.68 0.68 0.68 0.69 0.68 0.69 0.69 0.67 0.68 0.67 0.67 0.66 0.58 0.68 0.70 0.69 0.49 0.52 0.52 0.52
0.59 0.61 0.61 0.62 0.45 0.59 0.61 0.61 0.58 0.58 0.59 0.58 0.58 0.57 0.57 0.56 0.36 0.55 0.50 0.56 0.57 0.57 0.57 0.55 0.34 0.44 0.56 0.32 0.51 0.56 0.55 0.55 0.55 0.56 0.55 0.55 0.53 0.56 0.53 0.70 0.92 0.81 1.00 0.82 0.82 0.79 0.82 0.80 0.79 0.79 0.79 0.79 0.13 0.71 0.71 0.71 0.71 0.71 0.18 0.17 0.02 0.09 0.54 0.60 0.60 0.60 0.60 0.60 0.60 0.60 0.60 0.58 0.60 0.58 0.57 0.57 0.49 0.60 0.63 0.61 0.39 0.42 0.42 0.42
0.38 0.41 0.41 0.43 0.26 0.37 0.41 0.41 0.38 0.36 0.37 0.35 0.36 0.34 0.34 0.33 0.17 0.31 0.26 0.31 0.34 0.34 0.34 0.31 0.15 0.20 0.31 0.14 0.26 0.31 0.30 0.30 0.31 0.31 0.30 0.30 0.28 0.31 0.28 0.56 0.89 0.73 1.00 0.72 0.72 0.68 0.72 0.70 0.66 0.68 0.68 0.68 0.05 0.57 0.57 0.57 0.57 0.57 0.10 0.09 0.01 0.05 0.32 0.38 0.38 0.38 0.38 0.39 0.39 0.39 0.39 0.35 0.38 0.36 0.34 0.34 0.30 0.41 0.46 0.41 0.20 0.20 0.20 0.20
0.40 0.43 0.43 0.45 0.28 0.40 0.43 0.43 0.41 0.39 0.40 0.39 0.39 0.37 0.37 0.36 0.19 0.35 0.30 0.34 0.37 0.37 0.37 0.35 0.17 0.23 0.34 0.16 0.29 0.34 0.33 0.33 0.35 0.34 0.33 0.33 0.31 0.34 0.31 0.57 0.89 0.73 1.00 0.73 0.73 0.70 0.73 0.72 0.68 0.70 0.70 0.70 0.06 0.59 0.59 0.59 0.59 0.59 0.11 0.09 0.01 0.06 0.34 0.41 0.41 0.41 0.41 0.42 0.42 0.42 0.42 0.38 0.41 0.39 0.37 0.37 0.32 0.44 0.49 0.44 0.22 0.23 0.23 0.23
0.35 0.38 0.38 0.40 0.23 0.34 0.38 0.38 0.35 0.33 0.34 0.33 0.33 0.31 0.31 0.31 0.16 0.29 0.24 0.28 0.31 0.31 0.31 0.29 0.13 0.18 0.28 0.12 0.24 0.28 0.27 0.27 0.29 0.28 0.27 0.27 0.26 0.28 0.26 0.54 0.88 0.71 1.00 0.71 0.71 0.67 0.71 0.69 0.65 0.67 0.67 0.67 0.04 0.56 0.56 0.56 0.56 0.56 0.09 0.08 0.01 0.05 0.28 0.35 0.35 0.35 0.35 0.36 0.36 0.36 0.36 0.32 0.35 0.33 0.31 0.31 0.27 0.39 0.45 0.39 0.17 0.18 0.18 0.18
0.39 0.42 0.42 0.44 0.27 0.38 0.42 0.42 0.39 0.37 0.38 0.37 0.37 0.35 0.35 0.34 0.18 0.33 0.28 0.32 0.35 0.35 0.35 0.33 0.15 0.21 0.32 0.14 0.27 0.32 0.31 0.31 0.33 0.32 0.31 0.31 0.29 0.32 0.29 0.56 0.88 0.72 1.00 0.72 0.72 0.68 0.72 0.70 0.66 0.68 0.68 0.68 0.05 0.58 0.58 0.58 0.58 0.58 0.10 0.09 0.01 0.05 0.33 0.40 0.40 0.40 0.40 0.40 0.40 0.40 0.40 0.37 0.40 0.37 0.36 0.36 0.31 0.42 0.48 0.43 0.20 0.21 0.21 0.21
0.95 0.95 0.95 0.95 0.90 0.95 0.95 0.95 0.94 0.95 0.95 0.95 0.95 0.95 0.95 0.95 0.84 0.95 0.94 0.95 0.95 0.95 0.95 0.95 0.89 0.93 0.95 0.85 0.94 0.95 0.95 0.95 0.95 0.95 0.95 0.95 0.94 0.95 0.94 0.95 0.99 0.97 1.00 0.97 0.97 0.97 0.97 0.97 0.97 0.97 0.97 0.97 0.57 0.95 0.95 0.95 0.95 0.95 0.56 0.57 0.22 0.33 0.94 0.95 0.95 0.95 0.95 0.95 0.95 0.95 0.95 0.95 0.95 0.95 0.95 0.95 0.92 0.95 0.95 0.95 0.89 0.92 0.92 0.92
0.71 0.73 0.73 0.73 0.58 0.72 0.73 0.72 0.70 0.71 0.71 0.71 0.71 0.71 0.71 0.70 0.50 0.70 0.64 0.70 0.71 0.71 0.71 0.70 0.50 0.61 0.70 0.47 0.66 0.70 0.69 0.69 0.70 0.70 0.69 0.69 0.68 0.70 0.68 0.78 0.94 0.86 1.00 0.86 0.86 0.84 0.86 0.85 0.84 0.84 0.84 0.84 0.20 0.78 0.78 0.78 0.78 0.78 0.25 0.24 0.04 0.14 0.68 0.72 0.72 0.72 0.72 0.72 0.72 0.72 0.72 0.71 0.72 0.71 0.70 0.70 0.63 0.72 0.74 0.72 0.53 0.57 0.57 0.57
0.51 0.54 0.54 0.55 0.37 0.51 0.54 0.53 0.50 0.50 0.50 0.49 0.50 0.49 0.49 0.48 0.28 0.47 0.41 0.47 0.49 0.49 0.49 0.47 0.27 0.35 0.47 0.25 0.41 0.47 0.46 0.46 0.47 0.47 0.46 0.46 0.44 0.47 0.44 0.64 0.91 0.78 1.00 0.78 0.78 0.75 0.78 0.77 0.74 0.75 0.75 0.75 0.10 0.66 0.66 0.66 0.66 0.66 0.15 0.13 0.01 0.08 0.45 0.52 0.52 0.52 0.52 0.52 0.52 0.52 0.52 0.49 0.52 0.50 0.49 0.49 0.42 0.54 0.58 0.54 0.31 0.34 0.34 0.34
0.95 0.95 0.95 0.95 0.90 0.95 0.95 0.95 0.94 0.95 0.95 0.95 0.95 0.95 0.95 0.95 0.83 0.95 0.93 0.95 0.95 0.95 0.95 0.95 0.88 0.93 0.95 0.84 0.94 0.95 0.95 0.95 0.95 0.95 0.95 0.95 0.94 0.95 0.94 0.95 0.99 0.97 1.00 0.97 0.97 0.97 0.97 0.97 0.96 0.97 0.97 0.97 0.56 0.95 0.95 0.95 0.95 0.95 0.54 0.56 0.21 0.32 0.94 0.95 0.95 0.95 0.95 0.95 0.95 0.95 0.95 0.95 0.95 0.95 0.95 0.95 0.91 0.94 0.94 0.94 0.89 0.92 0.92 0.92
0.93 0.94 0.94 0.94 0.88 0.94 0.94 0.94 0.93 0.93 0.93 0.93 0.93 0.94 0.93 0.93 0.81 0.93 0.92 0.93 0.94 0.94 0.94 0.93 0.86 0.92 0.93 0.82 0.93 0.93 0.93 0.94 0.93 0.93 0.93 0.94 0.93 0.93 0.93 0.94 0.99 0.96 1.00 0.96 0.96 0.96 0.96 0.96 0.96 0.96 0.96 0.96 0.53 0.94 0.94 0.94 0.94 0.94 0.52 0.53 0.19 0.31 0.93 0.94 0.94 0.94 0.94 0.94 0.93 0.94 0.94 0.93 0.94 0.93 0.93 0.93 0.90 0.93 0.93 0.93 0.86 0.90 0.90 0.90
0.61 0.63 0.63 0.64 0.48 0.61 0.63 0.63 0.60 0.61 0.61 0.61 0.61 0.60 0.60 0.59 0.38 0.59 0.53 0.59 0.60 0.60 0.60 0.59 0.38 0.48 0.59 0.35 0.55 0.59 0.58 0.58 0.59 0.59 0.58 0.58 0.56 0.59 0.56 0.71 0.93 0.82 1.00 0.82 0.82 0.79 0.82 0.81 0.78 0.79 0.79 0.79 0.13 0.72 0.72 0.72 0.72 0.72 0.20 0.19 0.02 0.10 0.57 0.62 0.62 0.62 0.62 0.63 0.62 0.63 0.63 0.61 0.62 0.61 0.60 0.60 0.52 0.63 0.66 0.63 0.42 0.45 0.45 0.45
0.56 0.58 0.58 0.59 0.42 0.55 0.58 0.57 0.55 0.54 0.55 0.54 0.54 0.53 0.54 0.53 0.32 0.52 0.46 0.52 0.53 0.53 0.54 0.52 0.31 0.40 0.52 0.29 0.47 0.52 0.51 0.51 0.52 0.52 0.51 0.51 0.49 0.52 0.49 0.67 0.92 0.79 1.00 0.80 0.80 0.77 0.80 0.79 0.76 0.77 0.77 0.77 0.10 0.69 0.69 0.69 0.69 0.69 0.16 0.16 0.02 0.08 0.51 0.56 0.56 0.56 0.56 0.57 0.56 0.57 0.57 0.54 0.56 0.54 0.53 0.53 0.45 0.57 0.60 0.57 0.35 0.38 0.38 0.38
0.51 0.53 0.53 0.55 0.37 0.50 0.53 0.53 0.51 0.49 0.50 0.49 0.49 0.48 0.48 0.48 0.28 0.46 0.40 0.46 0.48 0.48 0.48 0.46 0.26 0.35 0.46 0.24 0.41 0.46 0.45 0.45 0.46 0.46 0.45 0.45 0.43 0.46 0.43 0.64 0.91 0.78 1.00 0.78 0.78 0.75 0.78 0.77 0.74 0.75 0.75 0.75 0.10 0.66 0.66 0.66 0.66 0.66 0.14 0.13 0.01 0.08 0.45 0.51 0.51 0.51 0.51 0.52 0.52 0.52 0.52 0.49 0.51 0.49 0.48 0.48 0.42 0.53 0.57 0.53 0.32 0.33 0.33 0.33
0.92 0.92 0.92 0.92 0.86 0.92 0.92 0.92 0.91 0.92 0.92 0.92 0.92 0.92 0.92 0.92 0.78 0.92 0.90 0.92 0.92 0.92 0.92 0.92 0.83 0.89 0.92 0.79 0.91 0.92 0.92 0.92 0.92 0.92 0.92 0.92 0.91 0.92 0.91 0.93 0.98 0.95 1.00 0.95 0.95 0.95 0.95 0.95 0.95 0.95 0.95 0.95 0.49 0.93 0.93 0.93 0.93 0.93 0.49 0.49 0.16 0.28 0.91 0.92 0.92 0.92 0.92 0.92 0.92 0.92 0.92 0.92 0.92 0.92 0.92 0.92 0.88 0.92 0.92 0.92 0.84 0.87 0.87 0.87
0.63 0.65 0.65 0.66 0.49 0.63 0.65 0.65 0.63 0.63 0.63 0.62 0.63 0.62 0.62 0.61 0.41 0.61 0.55 0.61 0.62 0.62 0.62 0.61 0.40 0.50 0.61 0.37 0.56 0.61 0.60 0.60 0.61 0.61 0.60 0.60 0.58 0.61 0.58 0.73 0.94 0.83 1.00 0.82 0.82 0.81 0.82 0.82 0.80 0.81 0.81 0.81 0.15 0.74 0.74 0.74 0.74 0.74 0.20 0.19 0.02 0.10 0.59 0.64 0.64 0.64 0.64 0.64 0.64 0.64 0.64 0.62 0.64 0.62 0.62 0.62 0.54 0.64 0.67 0.65 0.45 0.48 0.48 0.48
0.35 0.38 0.38 0.40 0.23 0.33 0.38 0.38 0.35 0.32 0.34 0.33 0.32 0.30 0.30 0.30 0.15 0.28 0.23 0.27 0.30 0.30 0.30 0.28 0.12 0.17 0.27 0.11 0.23 0.27 0.26 0.26 0.28 0.27 0.26 0.26 0.24 0.27 0.24 0.53 0.87 0.70 1.00 0.70 0.70 0.66 0.70 0.68 0.63 0.66 0.66 0.66 0.05 0.54 0.54 0.54 0.54 0.54 0.08 0.07 0.00 0.05 0.28 0.35 0.35 0.35 0.35 0.36 0.36 0.36 0.36 0.32 0.35 0.32 0.31 0.31 0.27 0.39 0.44 0.39 0.17 0.18 0.18 0.18
0.52 0.54 0.54 0.56 0.39 0.52 0.54 0.54 0.52 0.51 0.52 0.50 0.51 0.49 0.49 0.49 0.29 0.48 0.42 0.48 0.49 0.49 0.49 0.48 0.27 0.36 0.48 0.25 0.43 0.48 0.47 0.47 0.48 0.48 0.47 0.47 0.45 0.48 0.45 0.65 0.91 0.79 1.00 0.79 0.79 0.76 0.79 0.77 0.75 0.76 0.76 0.76 0.10 0.67 0.67 0.67 0.67 0.67 0.15 0.14 0.01 0.08 0.47 0.53 0.53 0.53 0.53 0.53 0.53 0.53 0.53 0.50 0.53 0.51 0.50 0.50 0.42 0.54 0.58 0.55 0.32 0.34 0.34 0.34
0.45 0.48 0.48 0.50 0.32 0.45 0.48 0.48 0.46 0.44 0.45 0.44 0.44 0.42 0.42 0.42 0.23 0.41 0.35 0.40 0.42 0.42 0.42 0.41 0.22 0.29 0.40 0.20 0.35 0.40 0.39 0.39 0.41 0.40 0.39 0.39 0.37 0.40 0.37 0.60 0.90 0.75 1.00 0.75 0.75 0.72 0.75 0.74 0.70 0.72 0.72 0.72 0.07 0.62 0.62 0.62 0.62 0.62 0.12 0.11 0.01 0.06 0.40 0.46 0.46 0.46 0.46 0.47 0.47 0.47 0.47 0.43 0.46 0.44 0.43 0.43 0.37 0.48 0.53 0.48 0.26 0.27 0.27 0.27
0.66 0.68 0.68 0.68 0.53 0.66 0.68 0.67 0.65 0.66 0.66 0.66 0.66 0.66 0.66 0.64 0.44 0.64 0.59 0.64 0.66 0.66 0.66 0.64 0.44 0.54 0.64 0.41 0.60 0.64 0.64 0.64 0.64 0.64 0.64 0.64 0.62 0.64 0.62 0.75 0.94 0.84 1.00 0.84 0.84 0.82 0.84 0.83 0.81 0.82 0.82 0.82 0.16 0.76 0.76 0.76 0.76 0.76 0.22 0.22 0.03 0.11 0.63 0.67 0.67 0.67 0.67 0.68 0.67 0.68 0.68 0.66 0.67 0.66 0.65 0.65 0.57 0.67 0.70 0.68 0.48 0.51 0.51 0.51
0.87 0.88 0.88 0.88 0.79 0.87 0.88 0.88 0.87 0.87 0.88 0.87 0.87 0.88 0.88 0.87 0.70 0.87 0.85 0.88 0.88 0.88 0.88 0.87 0.75 0.83 0.88 0.71 0.86 0.88 0.87 0.87 0.87 0.88 0.87 0.87 0.86 0.88 0.86 0.90 0.97 0.93 1.00 0.93 0.93 0.93 0.93 0.93 0.93 0.93 0.93 0.93 0.39 0.90 0.90 0.90 0.90 0.90 0.41 0.41 0.11 0.22 0.86 0.88 0.88 0.88 0.88 0.88 0.88 0.88 0.88 0.87 0.88 0.87 0.87 0.87 0.82 0.87 0.88 0.87 0.76 0.80 0.80 0.80
0.72 0.73 0.73 0.74 0.59 0.72 0.73 0.73 0.72 0.72 0.72 0.72 0.72 0.72 0.72 0.71 0.50 0.70 0.66 0.71 0.72 0.72 0.72 0.70 0.51 0.62 0.71 0.47 0.67 0.71 0.70 0.70 0.70 0.71 0.70 0.70 0.69 0.71 0.69 0.79 0.95 0.87 1.00 0.87 0.87 0.86 0.87 0.87 0.85 0.86 0.86 0.86 0.21 0.80 0.80 0.80 0.80 0.80 0.26 0.25 0.04 0.13 0.69 0.73 0.73 0.73 0.73 0.73 0.73 0.73 0.73 0.72 0.73 0.72 0.71 0.72 0.64 0.73 0.75 0.73 0.55 0.58 0.58 0.58
0.81 0.82 0.82 0.82 0.71 0.82 0.82 0.82 0.80 0.82 0.82 0.81 0.82 0.81 0.82 0.81 0.63 0.81 0.78 0.81 0.81 0.81 0.82 0.81 0.65 0.75 0.81 0.61 0.79 0.81 0.81 0.81 0.81 0.81 0.81 0.81 0.80 0.81 0.80 0.86 0.96 0.91 1.00 0.91 0.91 0.90 0.91 0.91 0.90 0.90 0.90 0.90 0.29 0.86 0.86 0.86 0.86 0.86 0.35 0.34 0.07 0.17 0.79 0.82 0.82 0.82 0.82 0.82 0.82 0.82 0.82 0.81 0.82 0.81 0.81 0.81 0.74 0.82 0.83 0.82 0.68 0.71 0.71 0.71
0.44 0.47 0.47 0.49 0.31 0.44 0.47 0.47 0.44 0.43 0.44 0.43 0.43 0.41 0.41 0.41 0.22 0.39 0.33 0.39 0.41 0.41 0.41 0.39 0.20 0.27 0.39 0.19 0.33 0.38 0.37 0.37 0.39 0.38 0.37 0.37 0.35 0.38 0.35 0.59 0.90 0.75 1.00 0.75 0.75 0.71 0.75 0.73 0.70 0.71 0.71 0.71 0.07 0.62 0.62 0.62 0.62 0.62 0.12 0.10 0.01 0.06 0.39 0.45 0.45 0.45 0.45 0.46 0.46 0.46 0.46 0.42 0.45 0.43 0.42 0.42 0.35 0.47 0.52 0.47 0.25 0.27 0.27 0.27
0.95 0.95 0.95 0.95 0.90 0.95 0.95 0.95 0.94 0.95 0.95 0.95 0.95 0.95 0.95 0.95 0.84 0.95 0.94 0.95 0.95 0.95 0.95 0.95 0.88 0.93 0.95 0.84 0.94 0.95 0.95 0.95 0.95 0.95 0.95 0.95 0.94 0.95 0.94 0.95 0.99 0.97 1.00 0.97 0.97 0.97 0.97 0.97 0.96 0.97 0.97 0.97 0.56 0.95 0.95 0.95 0.95 0.95 0.54 0.56 0.21 0.33 0.94 0.95 0.95 0.95 0.95 0.95 0.95 0.95 0.95 0.95 0.95 0.95 0.95 0.95 0.92 0.95 0.95 0.95 0.89 0.91 0.91 0.91
0.41 0.44 0.44 0.45 0.28 0.40 0.44 0.43 0.41 0.39 0.40 0.39 0.39 0.37 0.37 0.36 0.19 0.35 0.30 0.34 0.37 0.37 0.37 0.35 0.17 0.23 0.34 0.16 0.29 0.34 0.33 0.33 0.35 0.34 0.33 0.33 0.31 0.34 0.31 0.57 0.88 0.74 1.00 0.73 0.73 0.69 0.73 0.71 0.67 0.69 0.69 0.69 0.06 0.59 0.59 0.59 0.59 0.59 0.11 0.09 0.01 0.06 0.35 0.41 0.41 0.41 0.41 0.42 0.42 0.42 0.42 0.39 0.41 0.39 0.38 0.38 0.32 0.43 0.49 0.44 0.22 0.23 0.23 0.23
0.94 0.94 0.94 0.94 0.89 0.94 0.94 0.94 0.94 0.94 0.94 0.94 0.94 0.94 0.94 0.94 0.82 0.94 0.92 0.94 0.94 0.94 0.94 0.94 0.86 0.92 0.94 0.83 0.93 0.94 0.94 0.94 0.94 0.94 0.94 0.94 0.94 0.94 0.94 0.95 0.99 0.96 1.00 0.96 0.96 0.96 0.96 0.96 0.96 0.96 0.96 0.96 0.55 0.94 0.94 0.94 0.94 0.94 0.53 0.54 0.19 0.30 0.93 0.94 0.94 0.94 0.94 0.94 0.94 0.94 0.94 0.94 0.94 0.94 0.94 0.94 0.91 0.94 0.94 0.94 0.88 0.91 0.91 0.91
0.54 0.56 0.56 0.57 0.40 0.54 0.56 0.56 0.54 0.54 0.54 0.53 0.54 0.52 0.52 0.51 0.30 0.50 0.44 0.50 0.52 0.52 0.52 0.50 0.30 0.39 0.50 0.28 0.45 0.50 0.49 0.49 0.50 0.50 0.49 0.49 0.47 0.50 0.47 0.66 0.92 0.79 1.00 0.79 0.79 0.77 0.79 0.78 0.76 0.77 0.77 0.77 0.10 0.69 0.69 0.69 0.69 0.69 0.17 0.15 0.02 0.08 0.49 0.55 0.55 0.55 0.55 0.55 0.55 0.55 0.55 0.53 0.55 0.53 0.52 0.52 0.45 0.56 0.60 0.57 0.35 0.37 0.37 0.37
0.52 0.55 0.55 0.56 0.39 0.52 0.55 0.54 0.52 0.51 0.52 0.51 0.51 0.49 0.49 0.48 0.28 0.47 0.42 0.47 0.49 0.49 0.49 0.47 0.27 0.36 0.47 0.25 0.42 0.47 0.46 0.46 0.47 0.47 0.46 0.46 0.44 0.47 0.44 0.65 0.91 0.78 1.00 0.78 0.78 0.75 0.78 0.77 0.74 0.75 0.75 0.75 0.10 0.66 0.66 0.66 0.66 0.66 0.15 0.13 0.01 0.07 0.46 0.52 0.52 0.52 0.52 0.53 0.53 0.53 0.53 0.50 0.52 0.50 0.49 0.49 0.42 0.54 0.58 0.54 0.32 0.34 0.34 0.34
0.69 0.70 0.70 0.71 0.56 0.69 0.70 0.70 0.68 0.69 0.68 0.68 0.69 0.68 0.68 0.67 0.47 0.66 0.62 0.67 0.68 0.68 0.68 0.66 0.47 0.57 0.67 0.44 0.63 0.67 0.66 0.66 0.66 0.67 0.66 0.66 0.64 0.67 0.64 0.77 0.95 0.85 1.00 0.85 0.85 0.83 0.85 0.84 0.82 0.83 0.83 0.83 0.18 0.77 0.77 0.77 0.77 0.77 0.24 0.22 0.03 0.12 0.65 0.70 0.70 0.70 0.70 0.70 0.69 0.70 0.70 0.68 0.70 0.68 0.67 0.67 0.60 0.69 0.71 0.70 0.51 0.54 0.54 0.54
0.40 0.42 0.42 0.44 0.26 0.38 0.42 0.42 0.39 0.38 0.38 0.37 0.38 0.35 0.35 0.35 0.18 0.32 0.27 0.32 0.35 0.35 0.35 0.32 0.15 0.22 0.32 0.15 0.27 0.32 0.31 0.31 0.32 0.32 0.31 0.31 0.29 0.32 0.29 0.56 0.88 0.73 1.00 0.73 0.73 0.69 0.73 0.71 0.67 0.69 0.69 0.69 0.06 0.59 0.59 0.59 0.59 0.59 0.10 0.09 0.01 0.05 0.33 0.40 0.40 0.40 0.40 0.41 0.41 0.41 0.41 0.37 0.40 0.38 0.36 0.36 0.31 0.43 0.49 0.43 0.21 0.22 0.22 0.22
0.46 0.48 0.48 0.50 0.34 0.45 0.48 0.48 0.46 0.44 0.45 0.43 0.44 0.42 0.42 0.42 0.24 0.41 0.35 0.40 0.42 0.42 0.43 0.41 0.22 0.29 0.40 0.20 0.35 0.40 0.39 0.39 0.41 0.40 0.39 0.39 0.38 0.40 0.38 0.61 0.91 0.76 1.00 0.76 0.76 0.73 0.76 0.75 0.71 0.73 0.73 0.73 0.08 0.63 0.63 0.63 0.63 0.63 0.13 0.12 0.01 0.07 0.40 0.46 0.46 0.46 0.46 0.47 0.47 0.47 0.47 0.44 0.46 0.44 0.43 0.43 0.37 0.49 0.54 0.49 0.27 0.28 0.28 0.28
0.48 0.51 0.51 0.52 0.34 0.47 0.51 0.50 0.48 0.47 0.47 0.46 0.47 0.45 0.45 0.44 0.25 0.43 0.37 0.43 0.45 0.45 0.45 0.43 0.23 0.31 0.43 0.21 0.37 0.42 0.42 0.42 0.43 0.42 0.42 0.42 0.39 0.42 0.39 0.62 0.90 0.77 1.00 0.77 0.77 0.74 0.77 0.75 0.72 0.74 0.74 0.74 0.08 0.64 0.64 0.64 0.64 0.64 0.13 0.12 0.01 0.07 0.42 0.48 0.48 0.48 0.48 0.49 0.49 0.49 0.49 0.46 0.48 0.46 0.45 0.45 0.38 0.50 0.55 0.50 0.28 0.29 0.29 0.29
0.42 0.45 0.45 0.46 0.29 0.42 0.45 0.45 0.42 0.41 0.41 0.40 0.41 0.39 0.39 0.38 0.21 0.36 0.31 0.36 0.39 0.39 0.39 0.36 0.18 0.25 0.36 0.17 0.31 0.36 0.35 0.35 0.36 0.36 0.35 0.35 0.33 0.36 0.33 0.58 0.89 0.74 1.00 0.74 0.74 0.70 0.74 0.72 0.69 0.70 0.70 0.70 0.06 0.60 0.60 0.60 0.60 0.60 0.11 0.10 0.01 0.06 0.36 0.43 0.43 0.43 0.43 0.43 0.43 0.43 0.43 0.40 0.43 0.40 0.39 0.39 0.34 0.45 0.50 0.46 0.23 0.24 0.24 0.24
0.95 0.95 0.95 0.95 0.91 0.95 0.95 0.95 0.95 0.95 0.95 0.95 0.95 0.95 0.95 0.95 0.85 0.95 0.94 0.95 0.95 0.95 0.95 0.95 0.90 0.94 0.95 0.86 0.95 0.95 0.95 0.95 0.95 0.95 0.95 0.95 0.95 0.95 0.95 0.96 0.99 0.97 1.00 0.97 0.97 0.97 0.97 0.97 0.97 0.97 0.97 0.97 0.60 0.95 0.95 0.95 0.95 0.95 0.59 0.58 0.23 0.35 0.94 0.95 0.95 0.95 0.95 0.95 0.95 0.95 0.95 0.95 0.95 0.95 0.95 0.95 0.92 0.95 0.95 0.95 0.90 0.92 0.92 0.92
0.92 0.92 0.92 0.92 0.86 0.92 0.92 0.92 0.91 0.92 0.92 0.92 0.92 0.92 0.92 0.92 0.79 0.92 0.90 0.92 0.92 0.92 0.92 0.92 0.83 0.89 0.92 0.79 0.91 0.92 0.92 0.92 0.92 0.92 0.92 0.92 0.91 0.92 0.91 0.93 0.98 0.95 1.00 0.95 0.95 0.95 0.95 0.95 0.95 0.95 0.95 0.95 0.49 0.93 0.93 0.93 0.93 0.93 0.48 0.50 0.17 0.29 0.91 0.92 0.92 0.92 0.92 0.92 0.92 0.92 0.92 0.92 0.92 0.92 0.92 0.92 0.88 0.92 0.92 0.92 0.84 0.87 0.87 0.87
0.51 0.53 0.53 0.55 0.37 0.50 0.53 0.53 0.51 0.50 0.51 0.50 0.50 0.49 0.49 0.48 0.28 0.47 0.41 0.46 0.49 0.49 0.49 0.47 0.27 0.35 0.46 0.24 0.41 0.46 0.45 0.45 0.47 0.46 0.45 0.45 0.43 0.46 0.43 0.64 0.91 0.78 1.00 0.77 0.77 0.74 0.77 0.76 0.73 0.74 0.74 0.74 0.09 0.66 0.66 0.66 0.66 0.66 0.15 0.13 0.01 0.07 0.45 0.52 0.52 0.52 0.52 0.53 0.52 0.53 0.53 0.49 0.52 0.49 0.49 0.48 0.42 0.53 0.57 0.54 0.32 0.33 0.33 0.33
0.60 0.62 0.62 0.63 0.47 0.60 0.62 0.62 0.59 0.60 0.60 0.59 0.60 0.59 0.59 0.58 0.37 0.57 0.52 0.57 0.59 0.59 0.59 0.57 0.37 0.46 0.57 0.34 0.53 0.57 0.57 0.57 0.57 0.57 0.57 0.57 0.55 0.57 0.55 0.71 0.93 0.82 1.00 0.82 0.82 0.80 0.82 0.81 0.79 0.80 0.80 0.80 0.13 0.73 0.73 0.73 0.73 0.73 0.20 0.18 0.02 0.10 0.56 0.61 0.61 0.61 0.61 0.61 0.61 0.61 0.61 0.59 0.61 0.60 0.59 0.59 0.51 0.61 0.65 0.62 0.41 0.44 0.44 0.44
0.66 0.68 0.68 0.68 0.53 0.66 0.68 0.67 0.65 0.66 0.66 0.65 0.66 0.65 0.65 0.64 0.43 0.64 0.58 0.64 0.65 0.65 0.65 0.64 0.43 0.54 0.64 0.40 0.60 0.64 0.63 0.63 0.64 0.64 0.63 0.63 0.61 0.64 0.61 0.75 0.94 0.84 1.00 0.84 0.84 0.83 0.84 0.83 0.82 0.83 0.83 0.83 0.17 0.76 0.76 0.76 0.76 0.76 0.22 0.21 0.03 0.11 0.62 0.67 0.67 0.67 0.67 0.67 0.67 0.67 0.67 0.65 0.67 0.65 0.65 0.65 0.57 0.67 0.70 0.68 0.48 0.50 0.50 0.50
0.69 0.71 0.71 0.71 0.56 0.69 0.71 0.70 0.68 0.69 0.69 0.69 0.69 0.68 0.68 0.68 0.46 0.67 0.62 0.67 0.68 0.68 0.68 0.67 0.48 0.58 0.67 0.44 0.63 0.67 0.67 0.67 0.67 0.67 0.67 0.67 0.65 0.67 0.65 0.77 0.95 0.86 1.00 0.86 0.86 0.84 0.86 0.85 0.83 0.84 0.84 0.84 0.18 0.77 0.77 0.77 0.77 0.77 0.24 0.23 0.04 0.13 0.66 0.70 0.70 0.70 0.70 0.70 0.70 0.70 0.70 0.68 0.70 0.69 0.68 0.68 0.60 0.70 0.72 0.71 0.52 0.55 0.55 0.55
0.71 0.72 0.72 0.72 0.57 0.70 0.72 0.72 0.70 0.70 0.70 0.70 0.70 0.70 0.70 0.69 0.48 0.69 0.64 0.69 0.70 0.70 0.70 0.69 0.49 0.60 0.69 0.45 0.66 0.69 0.69 0.69 0.69 0.69 0.69 0.69 0.67 0.69 0.67 0.77 0.95 0.86 1.00 0.86 0.86 0.84 0.86 0.85 0.83 0.84 0.84 0.84 0.20 0.78 0.78 0.78 0.78 0.78 0.25 0.25 0.04 0.13 0.67 0.71 0.71 0.71 0.71 0.71 0.71 0.71 0.71 0.70 0.71 0.70 0.69 0.69 0.62 0.71 0.73 0.71 0.53 0.56 0.56 0.56
0.35 0.38 0.38 0.40 0.23 0.34 0.38 0.38 0.36 0.33 0.34 0.33 0.33 0.31 0.31 0.31 0.15 0.29 0.24 0.28 0.31 0.31 0.31 0.29 0.13 0.18 0.28 0.12 0.23 0.28 0.27 0.27 0.29 0.28 0.27 0.27 0.25 0.28 0.25 0.53 0.87 0.71 1.00 0.71 0.71 0.66 0.71 0.68 0.63 0.66 0.66 0.66 0.04 0.55 0.55 0.55 0.55 0.55 0.08 0.07 0.00 0.05 0.29 0.35 0.35 0.35 0.35 0.36 0.36 0.36 0.36 0.32 0.35 0.33 0.31 0.31 0.28 0.39 0.45 0.39 0.17 0.18 0.18 0.18
0.97 0.97 0.97 0.97 0.94 0.97 0.97 0.97 0.96 0.97 0.97 0.97 0.97 0.97 0.97 0.97 0.88 0.97 0.96 0.97 0.97 0.97 0.97 0.97 0.92 0.96 0.97 0.89 0.96 0.97 0.97 0.97 0.97 0.97 0.97 0.97 0.96 0.97 0.96 0.97 0.99 0.98 1.00 0.98 0.98 0.98 0.98 0.98 0.98 0.98 0.98 0.98 0.66 0.97 0.97 0.97 0.97 0.97 0.62 0.64 0.29 0.39 0.96 0.97 0.97 0.97 0.97 0.97 0.97 0.97 0.97 0.97 0.97 0.97 0.97 0.97 0.95 0.96 0.96 0.97 0.93 0.95 0.95 0.95
0.68 0.70 0.70 0.71 0.56 0.69 0.70 0.70 0.68 0.68 0.68 0.68 0.68 0.68 0.68 0.67 0.46 0.67 0.62 0.67 0.68 0.68 0.68 0.67 0.46 0.58 0.67 0.43 0.63 0.67 0.66 0.66 0.67 0.67 0.66 0.66 0.65 0.67 0.65 0.76 0.94 0.85 1.00 0.85 0.85 0.83 0.85 0.84 0.82 0.83 0.83 0.83 0.17 0.77 0.77 0.77 0.77 0.77 0.23 0.23 0.03 0.12 0.65 0.69 0.69 0.69 0.69 0.70 0.69 0.70 0.70 0.68 0.69 0.68 0.67 0.67 0.60 0.69 0.71 0.70 0.51 0.54 0.54 0.54
0.93 0.94 0.94 0.94 0.88 0.93 0.94 0.94 0.93 0.93 0.93 0.93 0.93 0.93 0.93 0.93 0.81 0.93 0.92 0.93 0.93 0.93 0.93 0.93 0.86 0.91 0.93 0.82 0.93 0.93 0.93 0.93 0.93 0.93 0.93 0.93 0.93 0.93 0.93 0.94 0.99 0.96 1.00 0.96 0.96 0.96 0.96 0.96 0.96 0.96 0.96 0.96 0.53 0.94 0.94 0.94 0.94 0.94 0.52 0.53 0.19 0.30 0.93 0.94 0.94 0.94 0.94 0.94 0.94 0.94 0.94 0.93 0.94 0.93 0.93 0.93 0.90 0.93 0.93 0.93 0.86 0.89 0.89 0.89
0.38 0.41 0.41 0.42 0.25 0.37 0.41 0.40 0.38 0.36 0.37 0.35 0.36 0.33 0.34 0.33 0.17 0.32 0.26 0.31 0.33 0.33 0.33 0.32 0.14 0.21 0.31 0.14 0.26 0.30 0.30 0.30 0.32 0.30 0.30 0.30 0.28 0.30 0.28 0.54 0.87 0.71 1.00 0.71 0.71 0.67 0.71 0.69 0.65 0.67 0.67 0.67 0.04 0.57 0.57 0.57 0.57 0.57 0.09 0.08 0.01 0.05 0.32 0.38 0.38 0.38 0.38 0.39 0.39 0.39 0.39 0.35 0.38 0.36 0.34 0.34 0.30 0.41 0.47 0.41 0.19 0.20 0.20 0.20
0.94 0.94 0.94 0.94 0.89 0.94 0.94 0.94 0.93 0.94 0.94 0.94 0.94 0.94 0.94 0.94 0.82 0.94 0.92 0.94 0.94 0.94 0.94 0.94 0.87 0.92 0.94 0.83 0.93 0.94 0.94 0.94 0.94 0.94 0.94 0.94 0.93 0.94 0.93 0.94 0.99 0.96 1.00 0.96 0.96 0.96 0.96 0.96 0.96 0.96 0.96 0.96 0.54 0.94 0.94 0.94 0.94 0.94 0.53 0.53 0.20 0.31 0.93 0.94 0.94 0.94 0.94 0.94 0.94 0.94 0.94 0.94 0.94 0.94 0.94 0.94 0.90 0.94 0.93 0.94 0.87 0.90 0.90 0.90
0.95 0.95 0.95 0.95 0.91 0.95 0.95 0.95 0.95 0.95 0.95 0.95 0.95 0.95 0.95 0.95 0.85 0.95 0.94 0.95 0.95 0.95 0.95 0.95 0.90 0.94 0.95 0.86 0.95 0.95 0.95 0.95 0.95 0.95 0.95 0.95 0.95 0.95 0.95 0.96 0.99 0.97 1.00 0.97 0.97 0.97 0.97 0.97 0.97 0.97 0.97 0.97 0.59 0.96 0.96 0.96 0.96 0.96 0.57 0.59 0.23 0.34 0.95 0.95 0.95 0.95 0.95 0.95 0.95 0.95 0.95 0.95 0.95 0.95 0.95 0.95 0.93 0.95 0.95 0.95 0.90 0.93 0.93 0.93
0.66 0.68 0.68 0.69 0.53 0.67 0.68 0.68 0.66 0.66 0.66 0.66 0.66 0.65 0.65 0.64 0.43 0.64 0.59 0.64 0.65 0.65 0.65 0.64 0.43 0.54 0.64 0.41 0.60 0.64 0.64 0.64 0.64 0.64 0.64 0.64 0.62 0.64 0.62 0.75 0.94 0.85 1.00 0.85 0.85 0.83 0.85 0.84 0.82 0.83 0.83 0.83 0.17 0.76 0.76 0.76 0.76 0.76 0.23 0.22 0.03 0.12 0.63 0.67 0.67 0.67 0.67 0.67 0.67 0.67 0.67 0.65 0.67 0.65 0.65 0.65 0.57 0.67 0.69 0.67 0.48 0.50 0.50 0.50
0.81 0.82 0.82 0.82 0.70 0.81 0.82 0.82 0.80 0.81 0.81 0.81 0.81 0.81 0.81 0.80 0.62 0.81 0.77 0.81 0.81 0.81 0.81 0.81 0.65 0.74 0.81 0.61 0.78 0.81 0.81 0.81 0.81 0.81 0.81 0.81 0.79 0.81 0.79 0.85 0.96 0.90 1.00 0.90 0.90 0.89 0.90 0.90 0.89 0.89 0.89 0.89 0.29 0.85 0.85 0.85 0.85 0.85 0.34 0.34 0.08 0.18 0.79 0.82 0.82 0.82 0.82 0.82 0.81 0.82 0.82 0.81 0.82 0.81 0.81 0.80 0.73 0.81 0.82 0.81 0.67 0.70 0.70 0.70
0.38 0.41 0.41 0.42 0.26 0.37 0.41 0.40 0.38 0.36 0.37 0.36 0.36 0.34 0.34 0.33 0.17 0.32 0.27 0.31 0.34 0.34 0.34 0.32 0.15 0.20 0.31 0.14 0.26 0.31 0.30 0.30 0.32 0.31 0.30 0.30 0.28 0.31 0.28 0.55 0.88 0.72 1.00 0.72 0.72 0.68 0.72 0.70 0.66 0.68 0.68 0.68 0.05 0.57 0.57 0.57 0.57 0.57 0.10 0.08 0.01 0.05 0.31 0.38 0.38 0.38 0.38 0.39 0.39 0.39 0.39 0.35 0.38 0.36 0.35 0.35 0.30 0.41 0.47 0.41 0.20 0.21 0.21 0.21
0.91 0.92 0.92 0.92 0.85 0.91 0.92 0.92 0.91 0.91 0.91 0.91 0.91 0.92 0.92 0.91 0.78 0.91 0.90 0.91 0.92 0.92 0.92 0.91 0.83 0.88 0.91 0.78 0.90 0.91 0.91 0.91 0.91 0.91 0.91 0.91 0.91 0.91 0.91 0.93 0.98 0.95 1.00 0.95 0.95 0.95 0.95 0.95 0.95 0.95 0.95 0.95 0.48 0.93 0.93 0.93 0.93 0.93 0.49 0.49 0.15 0.27 0.91 0.92 0.92 0.92 0.92 0.92 0.91 0.92 0.92 0.91 0.92 0.91 0.91 0.91 0.87 0.91 0.91 0.91 0.83 0.86 0.86 0.86
0.76 0.77 0.77 0.77 0.63 0.76 0.77 0.76 0.75 0.75 0.75 0.75 0.75 0.75 0.75 0.74 0.54 0.74 0.71 0.75 0.75 0.75 0.75 0.74 0.56 0.66 0.75 0.53 0.71 0.75 0.74 0.74 0.74 0.75 0.74 0.74 0.73 0.75 0.73 0.81 0.95 0.88 1.00 0.88 0.88 0.87 0.88 0.87 0.86 0.87 0.87 0.87 0.23 0.81 0.81 0.81 0.81 0.81 0.28 0.28 0.05 0.15 0.72 0.76 0.76 0.76 0.76 0.76 0.76 0.76 0.76 0.75 0.76 0.75 0.75 0.75 0.67 0.75 0.77 0.76 0.59 0.62 0.62 0.62
0.49 0.52 0.52 0.53 0.36 0.49 0.52 0.52 0.49 0.48 0.49 0.48 0.48 0.47 0.47 0.46 0.27 0.45 0.39 0.45 0.47 0.47 0.47 0.45 0.25 0.33 0.45 0.24 0.39 0.45 0.44 0.44 0.45 0.45 0.44 0.44 0.42 0.45 0.42 0.63 0.91 0.77 1.00 0.77 0.77 0.74 0.77 0.75 0.73 0.74 0.74 0.74 0.09 0.65 0.65 0.65 0.65 0.65 0.14 0.13 0.01 0.07 0.44 0.50 0.50 0.50 0.50 0.51 0.51 0.51 0.51 0.48 0.50 0.48 0.47 0.47 0.40 0.51 0.56 0.52 0.30 0.32 0.32 0.32
