0.84 0.86 0.86 0.87 0.68 0.84 0.86 0.86 0.84 0.84 0.85 0.84 0.84 0.84 0.84 0.83 0.59 0.83 0.78 0.83 0.84 0.84 0.84 0.83 0.63 0.74 0.83 0.58 0.80 0.83 0.83 0.83 0.83 0.83 0.83 0.83 0.81 0.83 0.81 1.00 0.77 0.91 0.81 0.88 0.88 0.87 0.88 0.88 0.87 0.87 0.87 0.87 0.24 0.82 0.82 0.82 0.82 0.82 0.29 0.27 0.05 0.15 0.80 0.84 0.84 0.84 0.84 0.84 0.84 0.84 0.84 0.83 0.84 0.83 0.83 0.83 0.73 0.82 0.82 0.82 0.64 0.68 0.68 0.68
0.56 0.66 0.66 0.69 0.40 0.55 0.66 0.67 0.62 0.55 0.59 0.58 0.55 0.54 0.55 0.55 0.29 0.52 0.41 0.49 0.54 0.54 0.54 0.52 0.25 0.35 0.49 0.23 0.43 0.49 0.49 0.49 0.52 0.49 0.49 0.49 0.46 0.49 0.46 1.00 0.50 0.77 0.57 0.68 0.68 0.65 0.68 0.67 0.64 0.65 0.65 0.65 0.05 0.56 0.56 0.56 0.56 0.56 0.10 0.09 0.01 0.05 0.47 0.55 0.55 0.55 0.55 0.56 0.54 0.56 0.56 0.51 0.55 0.52 0.50 0.50 0.39 0.51 0.53 0.52 0.27 0.30 0.30 0.30
0.98 0.98 0.98 0.98 0.95 0.98 0.98 0.98 0.98 0.98 0.98 0.98 0.98 0.98 0.98 0.98 0.90 0.98 0.97 0.98 0.98 0.98 0.98 0.98 0.94 0.97 0.98 0.91 0.98 0.98 0.98 0.98 0.98 0.98 0.98 0.98 0.98 0.98 0.98 1.00 0.96 0.99 0.97 0.98 0.98 0.98 0.98 0.98 0.98 0.98 0.98 0.98 0.66 0.97 0.97 0.97 0.97 0.97 0.63 0.64 0.30 0.41 0.98 0.98 0.98 0.98 0.98 0.98 0.98 0.98 0.98 0.98 0.98 0.98 0.98 0.98 0.96 0.98 0.98 0.98 0.94 0.96 0.96 0.96
0.73 0.78 0.78 0.80 0.56 0.73 0.78 0.78 0.75 0.73 0.74 0.73 0.73 0.72 0.72 0.72 0.46 0.70 0.63 0.70 0.72 0.72 0.72 0.70 0.44 0.56 0.70 0.41 0.64 0.70 0.69 0.69 0.70 0.70 0.69 0.69 0.67 0.70 0.67 1.00 0.65 0.85 0.70 0.80 0.80 0.78 0.80 0.79 0.77 0.78 0.78 0.78 0.13 0.71 0.71 0.71 0.71 0.71 0.19 0.17 0.02 0.09 0.66 0.73 0.73 0.73 0.73 0.73 0.72 0.73 0.73 0.70 0.73 0.70 0.69 0.69 0.58 0.69 0.70 0.70 0.47 0.51 0.51 0.51
0.96 0.97 0.97 0.97 0.90 0.96 0.97 0.97 0.96 0.96 0.96 0.96 0.96 0.96 0.96 0.96 0.83 0.96 0.95 0.96 0.96 0.96 0.96 0.96 0.89 0.94 0.96 0.84 0.96 0.96 0.96 0.96 0.96 0.96 0.96 0.96 0.96 0.96 0.96 1.00 0.93 0.97 0.94 0.97 0.97 0.97 0.97 0.97 0.97 0.97 0.97 0.97 0.53 0.95 0.95 0.95 0.95 0.95 0.51 0.52 0.19 0.30 0.96 0.96 0.96 0.96 0.96 0.96 0.96 0.96 0.96 0.96 0.96 0.96 0.96 0.96 0.93 0.96 0.96 0.96 0.90 0.92 0.92 0.92
0.88 0.90 0.90 0.90 0.76 0.88 0.90 0.90 0.88 0.88 0.88 0.88 0.88 0.88 0.88 0.88 0.66 0.88 0.83 0.88 0.88 0.88 0.88 0.88 0.70 0.81 0.88 0.65 0.85 0.88 0.88 0.88 0.88 0.88 0.88 0.88 0.86 0.88 0.86 1.00 0.82 0.93 0.85 0.91 0.91 0.90 0.91 0.91 0.90 0.90 0.90 0.90 0.30 0.86 0.86 0.86 0.86 0.86 0.33 0.33 0.07 0.17 0.85 0.88 0.88 0.88 0.88 0.88 0.88 0.88 0.88 0.87 0.88 0.87 0.87 0.87 0.80 0.87 0.86 0.87 0.72 0.76 0.76 0.76
0.82 0.85 0.85 0.86 0.67 0.83 0.85 0.85 0.83 0.83 0.83 0.83 0.83 0.83 0.83 0.82 0.58 0.82 0.75 0.82 0.83 0.83 0.83 0.82 0.59 0.71 0.82 0.56 0.78 0.82 0.81 0.81 0.82 0.82 0.81 0.81 0.79 0.82 0.79 1.00 0.75 0.90 0.79 0.87 0.87 0.86 0.87 0.87 0.85 0.86 0.86 0.86 0.23 0.80 0.80 0.80 0.80 0.80 0.26 0.26 0.04 0.14 0.78 0.83 0.83 0.83 0.83 0.83 0.82 0.83 0.83 0.82 0.83 0.82 0.81 0.81 0.71 0.80 0.80 0.81 0.62 0.66 0.66 0.66
0.66 0.73 0.73 0.75 0.48 0.66 0.73 0.73 0.69 0.66 0.68 0.67 0.66 0.65 0.65 0.64 0.38 0.63 0.54 0.62 0.65 0.65 0.65 0.63 0.36 0.47 0.62 0.34 0.56 0.62 0.61 0.61 0.63 0.62 0.61 0.61 0.59 0.62 0.59 1.00 0.59 0.81 0.65 0.75 0.75 0.73 0.75 0.75 0.72 0.73 0.73 0.73 0.10 0.64 0.64 0.64 0.64 0.64 0.14 0.12 0.01 0.07 0.59 0.66 0.66 0.66 0.66 0.67 0.65 0.67 0.67 0.63 0.66 0.63 0.62 0.62 0.51 0.62 0.63 0.63 0.39 0.42 0.42 0.42
0.84 0.87 0.87 0.88 0.70 0.85 0.87 0.87 0.85 0.85 0.85 0.85 0.85 0.85 0.85 0.84 0.61 0.84 0.79 0.84 0.85 0.85 0.85 0.84 0.63 0.74 0.84 0.59 0.80 0.84 0.83 0.83 0.84 0.84 0.83 0.83 0.82 0.84 0.82 1.00 0.78 0.91 0.81 0.88 0.88 0.87 0.88 0.88 0.87 0.87 0.87 0.87 0.24 0.82 0.82 0.82 0.82 0.82 0.28 0.27 0.04 0.14 0.81 0.85 0.85 0.85 0.85 0.85 0.84 0.85 0.85 0.84 0.85 0.84 0.83 0.83 0.74 0.83 0.83 0.83 0.65 0.69 0.69 0.69
0.61 0.69 0.69 0.73 0.44 0.61 0.69 0.70 0.66 0.61 0.64 0.62 0.61 0.60 0.60 0.59 0.33 0.57 0.48 0.56 0.60 0.60 0.60 0.57 0.29 0.40 0.56 0.28 0.49 0.56 0.55 0.54 0.57 0.56 0.55 0.55 0.52 0.56 0.52 1.00 0.55 0.80 0.61 0.73 0.73 0.70 0.73 0.72 0.68 0.70 0.70 0.70 0.08 0.60 0.60 0.60 0.60 0.60 0.12 0.11 0.01 0.07 0.53 0.61 0.61 0.61 0.61 0.62 0.61 0.62 0.62 0.57 0.61 0.58 0.56 0.56 0.45 0.58 0.59 0.59 0.33 0.36 0.36 0.36
0.64 0.71 0.71 0.74 0.47 0.63 0.71 0.72 0.68 0.63 0.66 0.64 0.63 0.62 0.63 0.62 0.36 0.60 0.51 0.59 0.62 0.62 0.63 0.60 0.33 0.43 0.59 0.31 0.52 0.59 0.58 0.58 0.60 0.59 0.58 0.58 0.55 0.59 0.55 1.00 0.57 0.80 0.63 0.74 0.74 0.71 0.74 0.73 0.69 0.71 0.71 0.71 0.08 0.62 0.62 0.62 0.62 0.62 0.13 0.12 0.01 0.06 0.55 0.63 0.63 0.63 0.63 0.64 0.63 0.64 0.64 0.60 0.63 0.60 0.58 0.58 0.47 0.59 0.60 0.60 0.36 0.38 0.38 0.38
0.63 0.71 0.71 0.74 0.46 0.63 0.71 0.72 0.68 0.63 0.66 0.65 0.63 0.63 0.63 0.62 0.36 0.60 0.51 0.59 0.63 0.63 0.63 0.60 0.33 0.44 0.59 0.31 0.52 0.59 0.58 0.58 0.60 0.59 0.58 0.58 0.55 0.59 0.55 1.00 0.57 0.80 0.62 0.74 0.74 0.71 0.74 0.73 0.70 0.71 0.71 0.71 0.09 0.62 0.62 0.62 0.62 0.62 0.13 0.12 0.01 0.06 0.55 0.63 0.63 0.63 0.63 0.64 0.62 0.64 0.64 0.59 0.63 0.60 0.59 0.58 0.47 0.59 0.60 0.60 0.35 0.39 0.39 0.39
0.71 0.77 0.77 0.78 0.54 0.71 0.77 0.77 0.73 0.71 0.73 0.72 0.71 0.71 0.71 0.70 0.44 0.69 0.61 0.68 0.71 0.71 0.71 0.69 0.42 0.55 0.68 0.39 0.63 0.68 0.68 0.68 0.69 0.68 0.68 0.68 0.65 0.68 0.65 1.00 0.64 0.84 0.69 0.79 0.79 0.77 0.79 0.78 0.75 0.77 0.77 0.77 0.11 0.69 0.69 0.69 0.69 0.69 0.17 0.16 0.02 0.08 0.65 0.71 0.71 0.71 0.71 0.72 0.71 0.72 0.72 0.69 0.71 0.69 0.68 0.68 0.57 0.67 0.68 0.68 0.45 0.49 0.49 0.49
0.92 0.93 0.93 0.93 0.82 0.92 0.93 0.93 0.92 0.92 0.92 0.92 0.92 0.92 0.92 0.92 0.74 0.92 0.89 0.92 0.92 0.92 0.93 0.92 0.79 0.88 0.92 0.75 0.90 0.92 0.92 0.92 0.92 0.92 0.92 0.92 0.91 0.92 0.91 1.00 0.87 0.95 0.89 0.94 0.94 0.93 0.94 0.94 0.93 0.93 0.93 0.93 0.39 0.90 0.90 0.90 0.90 0.90 0.41 0.40 0.11 0.22 0.90 0.92 0.92 0.92 0.92 0.93 0.92 0.93 0.93 0.92 0.92 0.92 0.92 0.92 0.86 0.91 0.91 0.91 0.80 0.84 0.84 0.84
0.70 0.75 0.75 0.77 0.52 0.70 0.75 0.76 0.73 0.70 0.71 0.70 0.70 0.69 0.69 0.68 0.42 0.67 0.59 0.66 0.69 0.69 0.69 0.67 0.41 0.53 0.66 0.38 0.61 0.67 0.66 0.66 0.67 0.67 0.66 0.66 0.64 0.67 0.64 1.00 0.64 0.84 0.69 0.79 0.79 0.77 0.79 0.78 0.75 0.77 0.77 0.77 0.12 0.69 0.69 0.69 0.69 0.69 0.17 0.16 0.02 0.08 0.63 0.70 0.70 0.70 0.70 0.71 0.70 0.71 0.71 0.68 0.70 0.68 0.67 0.66 0.55 0.67 0.68 0.68 0.44 0.47 0.47 0.47
0.54 0.64 0.64 0.68 0.39 0.54 0.64 0.66 0.61 0.54 0.58 0.56 0.54 0.53 0.53 0.53 0.28 0.50 0.40 0.48 0.53 0.53 0.53 0.50 0.23 0.34 0.48 0.22 0.42 0.48 0.47 0.47 0.50 0.48 0.47 0.47 0.44 0.48 0.44 1.00 0.50 0.76 0.57 0.68 0.68 0.64 0.68 0.66 0.63 0.64 0.64 0.64 0.05 0.55 0.55 0.55 0.55 0.55 0.10 0.09 0.01 0.05 0.45 0.53 0.53 0.53 0.53 0.55 0.53 0.55 0.55 0.49 0.53 0.50 0.48 0.48 0.37 0.49 0.52 0.51 0.26 0.29 0.29 0.29
0.93 0.94 0.94 0.94 0.84 0.94 0.94 0.94 0.93 0.94 0.94 0.93 0.94 0.94 0.94 0.93 0.77 0.93 0.91 0.94 0.94 0.94 0.94 0.93 0.81 0.89 0.94 0.76 0.92 0.94 0.93 0.93 0.93 0.94 0.93 0.93 0.92 0.94 0.92 1.00 0.88 0.96 0.90 0.95 0.95 0.94 0.95 0.95 0.94 0.94 0.94 0.94 0.42 0.91 0.91 0.91 0.91 0.91 0.43 0.44 0.12 0.24 0.92 0.94 0.94 0.94 0.94 0.94 0.93 0.94 0.94 0.93 0.94 0.93 0.93 0.93 0.88 0.92 0.92 0.93 0.82 0.85 0.85 0.85
0.53 0.64 0.64 0.68 0.38 0.52 0.64 0.65 0.61 0.51 0.57 0.55 0.51 0.51 0.52 0.51 0.26 0.48 0.38 0.46 0.51 0.51 0.51 0.48 0.22 0.31 0.46 0.21 0.39 0.46 0.45 0.45 0.48 0.46 0.45 0.45 0.43 0.46 0.43 1.00 0.49 0.76 0.55 0.67 0.67 0.64 0.67 0.66 0.62 0.64 0.64 0.64 0.05 0.54 0.54 0.54 0.54 0.54 0.09 0.08 0.01 0.05 0.43 0.52 0.52 0.52 0.52 0.53 0.51 0.53 0.53 0.48 0.52 0.48 0.47 0.46 0.37 0.49 0.51 0.50 0.25 0.28 0.28 0.28
0.94 0.94 0.94 0.94 0.84 0.94 0.94 0.94 0.93 0.94 0.94 0.94 0.94 0.94 0.94 0.94 0.77 0.94 0.91 0.94 0.94 0.94 0.94 0.94 0.81 0.90 0.94 0.76 0.92 0.94 0.94 0.94 0.94 0.94 0.94 0.94 0.93 0.94 0.93 1.00 0.88 0.96 0.90 0.95 0.95 0.95 0.95 0.95 0.95 0.95 0.95 0.95 0.44 0.92 0.92 0.92 0.92 0.92 0.44 0.44 0.13 0.24 0.92 0.94 0.94 0.94 0.94 0.94 0.94 0.94 0.94 0.94 0.94 0.94 0.94 0.93 0.88 0.93 0.93 0.93 0.83 0.87 0.87 0.87
0.74 0.78 0.78 0.80 0.56 0.74 0.78 0.78 0.75 0.73 0.75 0.74 0.73 0.73 0.73 0.73 0.47 0.72 0.64 0.71 0.73 0.73 0.74 0.72 0.46 0.58 0.71 0.43 0.65 0.71 0.71 0.71 0.72 0.71 0.71 0.71 0.68 0.71 0.68 1.00 0.67 0.86 0.72 0.81 0.81 0.80 0.81 0.81 0.79 0.80 0.80 0.80 0.14 0.72 0.72 0.72 0.72 0.72 0.19 0.18 0.02 0.10 0.68 0.74 0.74 0.74 0.74 0.75 0.73 0.75 0.75 0.71 0.74 0.72 0.71 0.71 0.60 0.71 0.71 0.72 0.49 0.53 0.53 0.53
0.62 0.70 0.70 0.73 0.45 0.62 0.70 0.70 0.67 0.62 0.65 0.63 0.62 0.61 0.61 0.60 0.34 0.58 0.49 0.57 0.61 0.61 0.61 0.58 0.31 0.42 0.57 0.29 0.51 0.57 0.56 0.56 0.58 0.57 0.56 0.56 0.53 0.57 0.53 1.00 0.57 0.81 0.63 0.74 0.74 0.71 0.74 0.73 0.70 0.71 0.71 0.71 0.08 0.62 0.62 0.62 0.62 0.62 0.13 0.12 0.01 0.06 0.54 0.62 0.62 0.62 0.62 0.63 0.61 0.63 0.63 0.58 0.62 0.59 0.57 0.57 0.46 0.58 0.60 0.59 0.34 0.37 0.37 0.37
0.80 0.83 0.83 0.84 0.64 0.80 0.83 0.83 0.81 0.80 0.81 0.80 0.80 0.80 0.80 0.79 0.55 0.79 0.73 0.79 0.80 0.80 0.80 0.79 0.55 0.68 0.79 0.51 0.74 0.79 0.78 0.78 0.79 0.79 0.78 0.78 0.76 0.79 0.76 1.00 0.72 0.89 0.76 0.85 0.85 0.84 0.85 0.84 0.83 0.84 0.84 0.84 0.19 0.77 0.77 0.77 0.77 0.77 0.24 0.23 0.04 0.12 0.75 0.80 0.80 0.80 0.80 0.81 0.80 0.81 0.81 0.78 0.80 0.79 0.78 0.78 0.67 0.77 0.77 0.78 0.56 0.61 0.61 0.61
0.77 0.81 0.81 0.83 0.60 0.78 0.81 0.82 0.78 0.77 0.78 0.78 0.77 0.77 0.77 0.76 0.51 0.76 0.68 0.76 0.77 0.77 0.77 0.76 0.50 0.63 0.76 0.47 0.71 0.76 0.75 0.75 0.76 0.76 0.75 0.75 0.72 0.76 0.72 1.00 0.70 0.88 0.74 0.84 0.84 0.82 0.84 0.83 0.81 0.82 0.82 0.82 0.16 0.76 0.76 0.76 0.76 0.76 0.22 0.21 0.03 0.11 0.72 0.78 0.78 0.78 0.78 0.78 0.77 0.78 0.78 0.76 0.78 0.75 0.75 0.75 0.63 0.75 0.75 0.75 0.53 0.57 0.57 0.57
0.77 0.81 0.81 0.82 0.61 0.78 0.81 0.81 0.78 0.78 0.79 0.78 0.78 0.77 0.77 0.76 0.51 0.76 0.69 0.76 0.77 0.77 0.77 0.76 0.51 0.63 0.76 0.47 0.70 0.76 0.75 0.75 0.76 0.76 0.75 0.75 0.73 0.76 0.73 1.00 0.69 0.87 0.74 0.83 0.83 0.81 0.83 0.82 0.80 0.81 0.81 0.81 0.16 0.74 0.74 0.74 0.74 0.74 0.21 0.21 0.03 0.11 0.72 0.77 0.77 0.77 0.77 0.78 0.77 0.78 0.78 0.75 0.77 0.75 0.74 0.74 0.64 0.75 0.75 0.75 0.53 0.57 0.57 0.57
0.73 0.78 0.78 0.80 0.56 0.73 0.78 0.78 0.75 0.73 0.75 0.74 0.73 0.73 0.73 0.72 0.46 0.71 0.63 0.71 0.73 0.73 0.73 0.71 0.44 0.57 0.71 0.41 0.65 0.71 0.70 0.70 0.71 0.71 0.70 0.70 0.68 0.71 0.68 1.00 0.65 0.85 0.70 0.80 0.80 0.77 0.80 0.79 0.76 0.77 0.77 0.77 0.14 0.70 0.70 0.70 0.70 0.70 0.18 0.18 0.02 0.09 0.67 0.73 0.73 0.73 0.73 0.74 0.73 0.74 0.74 0.71 0.73 0.71 0.70 0.70 0.59 0.69 0.70 0.71 0.48 0.51 0.51 0.51
0.55 0.65 0.65 0.69 0.40 0.55 0.65 0.66 0.62 0.54 0.59 0.57 0.54 0.53 0.54 0.54 0.28 0.50 0.41 0.49 0.53 0.53 0.54 0.50 0.24 0.34 0.49 0.23 0.43 0.49 0.48 0.48 0.50 0.49 0.48 0.48 0.45 0.49 0.45 1.00 0.51 0.77 0.58 0.69 0.69 0.65 0.69 0.68 0.64 0.65 0.65 0.65 0.06 0.57 0.57 0.57 0.57 0.57 0.10 0.09 0.01 0.05 0.46 0.55 0.55 0.55 0.55 0.56 0.54 0.56 0.56 0.50 0.55 0.52 0.49 0.49 0.39 0.51 0.54 0.53 0.27 0.30 0.30 0.30
0.90 0.91 0.91 0.91 0.77 0.90 0.91 0.91 0.89 0.90 0.90 0.90 0.90 0.90 0.90 0.89 0.70 0.90 0.86 0.90 0.90 0.90 0.90 0.90 0.74 0.83 0.90 0.69 0.88 0.90 0.90 0.90 0.90 0.90 0.90 0.90 0.88 0.90 0.88 1.00 0.84 0.94 0.86 0.92 0.92 0.91 0.92 0.92 0.91 0.91 0.91 0.91 0.34 0.87 0.87 0.87 0.87 0.87 0.36 0.36 0.08 0.20 0.88 0.90 0.90 0.90 0.90 0.90 0.90 0.90 0.90 0.89 0.90 0.89 0.89 0.89 0.82 0.88 0.88 0.88 0.75 0.79 0.79 0.79
0.95 0.95 0.95 0.95 0.87 0.95 0.95 0.95 0.94 0.95 0.95 0.95 0.95 0.95 0.95 0.95 0.80 0.95 0.93 0.95 0.95 0.95 0.95 0.95 0.85 0.92 0.95 0.80 0.94 0.95 0.95 0.95 0.95 0.95 0.95 0.95 0.94 0.95 0.94 1.00 0.91 0.97 0.92 0.96 0.96 0.96 0.96 0.96 0.96 0.96 0.96 0.96 0.47 0.93 0.93 0.93 0.93 0.93 0.49 0.48 0.15 0.26 0.94 0.95 0.95 0.95 0.95 0.95 0.95 0.95 0.95 0.95 0.95 0.95 0.95 0.95 0.90 0.94 0.94 0.94 0.85 0.89 0.89 0.89
0.97 0.97 0.97 0.97 0.91 0.97 0.97 0.97 0.96 0.97 0.97 0.97 0.97 0.97 0.97 0.97 0.85 0.97 0.95 0.97 0.97 0.97 0.97 0.97 0.90 0.95 0.97 0.85 0.96 0.97 0.97 0.97 0.97 0.97 0.97 0.97 0.96 0.97 0.96 1.00 0.93 0.98 0.94 0.97 0.97 0.97 0.97 0.97 0.97 0.97 0.97 0.97 0.56 0.95 0.95 0.95 0.95 0.95 0.54 0.55 0.20 0.32 0.96 0.97 0.97 0.97 0.97 0.97 0.97 0.97 0.97 0.97 0.97 0.97 0.97 0.97 0.93 0.96 0.96 0.96 0.90 0.93 0.93 0.93
0.93 0.93 0.93 0.94 0.83 0.93 0.93 0.93 0.92 0.93 0.93 0.93 0.93 0.93 0.93 0.92 0.75 0.93 0.90 0.93 0.93 0.93 0.93 0.93 0.80 0.88 0.93 0.75 0.91 0.93 0.93 0.93 0.93 0.93 0.93 0.93 0.92 0.93 0.92 1.00 0.87 0.95 0.89 0.94 0.94 0.94 0.94 0.94 0.94 0.94 0.94 0.94 0.40 0.90 0.90 0.90 0.90 0.90 0.42 0.42 0.11 0.23 0.91 0.93 0.93 0.93 0.93 0.93 0.93 0.93 0.93 0.92 0.93 0.92 0.92 0.92 0.87 0.92 0.92 0.92 0.81 0.85 0.85 0.85
0.51 0.62 0.62 0.67 0.36 0.51 0.62 0.64 0.59 0.50 0.55 0.53 0.50 0.49 0.49 0.49 0.25 0.46 0.36 0.44 0.49 0.49 0.49 0.46 0.20 0.28 0.44 0.19 0.37 0.44 0.43 0.43 0.46 0.44 0.43 0.43 0.40 0.44 0.40 1.00 0.48 0.75 0.54 0.66 0.66 0.62 0.66 0.64 0.60 0.62 0.62 0.62 0.05 0.52 0.52 0.52 0.52 0.52 0.08 0.07 0.01 0.05 0.41 0.50 0.50 0.50 0.50 0.52 0.49 0.52 0.52 0.46 0.50 0.47 0.45 0.45 0.34 0.46 0.48 0.47 0.23 0.25 0.25 0.25
0.97 0.97 0.97 0.97 0.91 0.97 0.97 0.97 0.96 0.97 0.97 0.97 0.97 0.97 0.97 0.97 0.85 0.97 0.96 0.97 0.97 0.97 0.97 0.97 0.90 0.95 0.97 0.86 0.96 0.97 0.97 0.97 0.97 0.97 0.97 0.97 0.96 0.97 0.96 1.00 0.94 0.98 0.95 0.98 0.98 0.97 0.98 0.98 0.97 0.97 0.97 0.97 0.56 0.96 0.96 0.96 0.96 0.96 0.55 0.55 0.21 0.33 0.96 0.97 0.97 0.97 0.97 0.97 0.97 0.97 0.97 0.97 0.97 0.97 0.97 0.97 0.93 0.96 0.96 0.96 0.90 0.93 0.93 0.93
0.80 0.83 0.83 0.84 0.64 0.80 0.83 0.83 0.81 0.80 0.81 0.80 0.80 0.80 0.80 0.79 0.54 0.78 0.72 0.78 0.80 0.80 0.80 0.78 0.55 0.68 0.78 0.52 0.74 0.78 0.78 0.78 0.78 0.78 0.78 0.78 0.76 0.78 0.76 1.00 0.73 0.89 0.77 0.85 0.85 0.84 0.85 0.85 0.83 0.84 0.84 0.84 0.19 0.78 0.78 0.78 0.78 0.78 0.24 0.23 0.04 0.12 0.76 0.80 0.80 0.80 0.80 0.81 0.80 0.81 0.81 0.79 0.80 0.79 0.78 0.78 0.67 0.77 0.78 0.78 0.57 0.62 0.62 0.62
0.60 0.68 0.68 0.71 0.43 0.60 0.68 0.69 0.65 0.59 0.63 0.61 0.59 0.59 0.59 0.58 0.32 0.56 0.47 0.55 0.59 0.59 0.59 0.56 0.28 0.39 0.55 0.27 0.48 0.55 0.53 0.53 0.56 0.55 0.53 0.53 0.50 0.55 0.50 1.00 0.55 0.79 0.60 0.71 0.71 0.69 0.71 0.70 0.67 0.69 0.69 0.69 0.07 0.60 0.60 0.60 0.60 0.60 0.11 0.10 0.01 0.05 0.51 0.59 0.59 0.59 0.59 0.61 0.59 0.61 0.61 0.56 0.59 0.56 0.55 0.55 0.43 0.55 0.57 0.57 0.31 0.34 0.34 0.34
0.97 0.98 0.98 0.98 0.93 0.97 0.98 0.98 0.97 0.98 0.97 0.97 0.98 0.98 0.98 0.97 0.88 0.97 0.96 0.98 0.98 0.98 0.98 0.97 0.92 0.96 0.98 0.88 0.97 0.98 0.98 0.98 0.97 0.98 0.98 0.98 0.97 0.98 0.97 1.00 0.95 0.98 0.96 0.98 0.98 0.98 0.98 0.98 0.98 0.98 0.98 0.98 0.62 0.97 0.97 0.97 0.97 0.97 0.60 0.61 0.26 0.37 0.97 0.97 0.97 0.97 0.97 0.97 0.97 0.97 0.97 0.97 0.97 0.97 0.97 0.97 0.95 0.97 0.97 0.97 0.92 0.95 0.95 0.95
0.93 0.94 0.94 0.94 0.84 0.94 0.94 0.94 0.93 0.93 0.93 0.93 0.93 0.94 0.94 0.93 0.77 0.93 0.90 0.93 0.94 0.94 0.94 0.93 0.82 0.90 0.93 0.77 0.92 0.93 0.93 0.93 0.93 0.93 0.93 0.93 0.93 0.93 0.93 1.00 0.88 0.96 0.90 0.95 0.95 0.94 0.95 0.95 0.94 0.94 0.94 0.94 0.43 0.92 0.92 0.92 0.92 0.92 0.44 0.45 0.13 0.24 0.92 0.94 0.94 0.94 0.94 0.94 0.93 0.94 0.94 0.93 0.94 0.93 0.93 0.93 0.88 0.92 0.92 0.93 0.83 0.87 0.87 0.87
0.82 0.84 0.84 0.85 0.66 0.82 0.84 0.84 0.82 0.82 0.83 0.82 0.82 0.82 0.82 0.81 0.57 0.81 0.75 0.81 0.82 0.82 0.82 0.81 0.58 0.71 0.81 0.54 0.77 0.81 0.80 0.80 0.81 0.81 0.80 0.80 0.78 0.81 0.78 1.00 0.74 0.89 0.78 0.86 0.86 0.85 0.86 0.86 0.84 0.85 0.85 0.85 0.21 0.79 0.79 0.79 0.79 0.79 0.26 0.25 0.04 0.13 0.77 0.82 0.82 0.82 0.82 0.82 0.81 0.82 0.82 0.80 0.82 0.80 0.80 0.80 0.70 0.79 0.79 0.80 0.60 0.64 0.64 0.64
0.53 0.63 0.63 0.68 0.37 0.53 0.63 0.64 0.60 0.52 0.57 0.55 0.52 0.50 0.51 0.51 0.26 0.48 0.39 0.47 0.50 0.50 0.51 0.48 0.23 0.32 0.47 0.21 0.40 0.46 0.45 0.45 0.48 0.46 0.45 0.45 0.43 0.46 0.43 1.00 0.49 0.75 0.55 0.67 0.67 0.64 0.67 0.66 0.61 0.64 0.64 0.64 0.06 0.55 0.55 0.55 0.55 0.55 0.09 0.08 0.01 0.05 0.43 0.53 0.53 0.53 0.53 0.54 0.52 0.54 0.54 0.48 0.53 0.49 0.47 0.47 0.37 0.49 0.51 0.50 0.25 0.28 0.28 0.28
0.96 0.97 0.97 0.97 0.90 0.97 0.97 0.97 0.96 0.97 0.97 0.97 0.97 0.97 0.97 0.97 0.85 0.97 0.95 0.97 0.97 0.97 0.97 0.97 0.89 0.95 0.97 0.85 0.96 0.97 0.97 0.97 0.97 0.97 0.97 0.97 0.96 0.97 0.96 1.00 0.93 0.98 0.94 0.97 0.97 0.97 0.97 0.97 0.97 0.97 0.97 0.97 0.53 0.95 0.95 0.95 0.95 0.95 0.52 0.54 0.19 0.32 0.96 0.97 0.97 0.97 0.97 0.97 0.97 0.97 0.97 0.97 0.97 0.96 0.96 0.96 0.93 0.96 0.96 0.96 0.90 0.93 0.93 0.93
0.80 0.83 0.83 0.84 0.64 0.81 0.83 0.83 0.81 0.80 0.81 0.80 0.80 0.80 0.80 0.79 0.54 0.79 0.72 0.79 0.80 0.80 0.80 0.79 0.56 0.68 0.79 0.52 0.74 0.79 0.78 0.78 0.79 0.79 0.78 0.78 0.76 0.79 0.76 1.00 0.73 0.89 0.77 0.86 0.86 0.84 0.86 0.85 0.84 0.84 0.84 0.84 0.20 0.78 0.78 0.78 0.78 0.78 0.24 0.24 0.04 0.12 0.75 0.81 0.81 0.81 0.81 0.81 0.80 0.81 0.81 0.79 0.81 0.79 0.78 0.78 0.68 0.77 0.78 0.78 0.58 0.62 0.62 0.62
0.80 0.83 0.83 0.85 0.64 0.81 0.83 0.84 0.81 0.80 0.81 0.81 0.80 0.81 0.81 0.80 0.55 0.79 0.73 0.79 0.81 0.81 0.81 0.79 0.56 0.68 0.79 0.52 0.75 0.79 0.79 0.79 0.79 0.79 0.79 0.79 0.77 0.79 0.77 1.00 0.72 0.89 0.76 0.85 0.85 0.84 0.85 0.85 0.83 0.84 0.84 0.84 0.19 0.77 0.77 0.77 0.77 0.77 0.24 0.23 0.04 0.12 0.76 0.80 0.80 0.80 0.80 0.81 0.80 0.81 0.81 0.79 0.80 0.79 0.78 0.78 0.67 0.77 0.78 0.78 0.58 0.62 0.62 0.62
0.69 0.75 0.75 0.77 0.52 0.69 0.75 0.76 0.72 0.69 0.71 0.70 0.69 0.68 0.69 0.67 0.42 0.66 0.58 0.66 0.68 0.68 0.68 0.66 0.40 0.51 0.66 0.37 0.59 0.66 0.65 0.65 0.66 0.66 0.65 0.65 0.62 0.66 0.62 1.00 0.62 0.84 0.67 0.78 0.78 0.76 0.78 0.77 0.74 0.76 0.76 0.76 0.11 0.67 0.67 0.67 0.67 0.67 0.16 0.14 0.02 0.08 0.62 0.69 0.69 0.69 0.69 0.70 0.69 0.70 0.70 0.66 0.69 0.67 0.65 0.65 0.54 0.65 0.66 0.66 0.42 0.46 0.46 0.46
0.77 0.81 0.81 0.82 0.60 0.77 0.81 0.81 0.78 0.77 0.78 0.77 0.77 0.76 0.77 0.76 0.51 0.75 0.68 0.75 0.76 0.76 0.77 0.75 0.50 0.63 0.75 0.47 0.70 0.75 0.75 0.75 0.75 0.75 0.75 0.75 0.72 0.75 0.72 1.00 0.70 0.87 0.74 0.83 0.83 0.81 0.83 0.82 0.80 0.81 0.81 0.81 0.16 0.75 0.75 0.75 0.75 0.75 0.21 0.20 0.03 0.11 0.72 0.77 0.77 0.77 0.77 0.78 0.77 0.78 0.78 0.75 0.77 0.76 0.75 0.75 0.63 0.74 0.74 0.75 0.53 0.57 0.57 0.57
0.97 0.97 0.97 0.97 0.92 0.97 0.97 0.97 0.96 0.97 0.97 0.97 0.97 0.97 0.97 0.97 0.85 0.97 0.96 0.97 0.97 0.97 0.97 0.97 0.90 0.95 0.97 0.87 0.96 0.97 0.97 0.97 0.97 0.97 0.97 0.97 0.97 0.97 0.97 1.00 0.94 0.98 0.95 0.98 0.98 0.97 0.98 0.98 0.97 0.97 0.97 0.97 0.57 0.96 0.96 0.96 0.96 0.96 0.55 0.57 0.22 0.33 0.96 0.97 0.97 0.97 0.97 0.97 0.97 0.97 0.97 0.97 0.97 0.97 0.97 0.97 0.93 0.96 0.96 0.97 0.90 0.94 0.94 0.94
0.90 0.91 0.91 0.92 0.79 0.91 0.91 0.92 0.90 0.91 0.91 0.90 0.91 0.91 0.91 0.90 0.71 0.90 0.87 0.91 0.91 0.91 0.91 0.90 0.74 0.84 0.91 0.70 0.89 0.91 0.90 0.90 0.90 0.91 0.90 0.90 0.89 0.91 0.89 1.00 0.85 0.95 0.87 0.93 0.93 0.92 0.93 0.93 0.92 0.92 0.92 0.92 0.34 0.89 0.89 0.89 0.89 0.89 0.37 0.38 0.09 0.19 0.89 0.91 0.91 0.91 0.91 0.91 0.90 0.91 0.91 0.90 0.91 0.90 0.90 0.90 0.82 0.89 0.89 0.89 0.76 0.80 0.80 0.80
0.95 0.95 0.95 0.95 0.87 0.95 0.95 0.95 0.94 0.95 0.95 0.95 0.95 0.95 0.95 0.95 0.81 0.95 0.93 0.95 0.95 0.95 0.95 0.95 0.85 0.92 0.95 0.80 0.94 0.95 0.95 0.95 0.95 0.95 0.95 0.95 0.94 0.95 0.94 1.00 0.91 0.97 0.92 0.96 0.96 0.96 0.96 0.96 0.96 0.96 0.96 0.96 0.48 0.94 0.94 0.94 0.94 0.94 0.49 0.49 0.16 0.27 0.94 0.95 0.95 0.95 0.95 0.95 0.95 0.95 0.95 0.95 0.95 0.95 0.95 0.95 0.90 0.94 0.94 0.94 0.86 0.90 0.90 0.90
0.51 0.61 0.61 0.66 0.36 0.50 0.61 0.63 0.58 0.50 0.55 0.52 0.50 0.48 0.49 0.48 0.24 0.45 0.35 0.43 0.48 0.48 0.48 0.45 0.20 0.28 0.43 0.19 0.36 0.43 0.42 0.42 0.45 0.43 0.42 0.42 0.39 0.43 0.39 1.00 0.48 0.75 0.54 0.66 0.66 0.62 0.66 0.65 0.60 0.62 0.62 0.62 0.05 0.52 0.52 0.52 0.52 0.52 0.08 0.07 0.00 0.04 0.41 0.50 0.50 0.50 0.50 0.52 0.50 0.52 0.52 0.46 0.50 0.47 0.45 0.45 0.36 0.48 0.50 0.49 0.24 0.26 0.26 0.26
0.89 0.90 0.90 0.91 0.75 0.89 0.90 0.90 0.88 0.89 0.89 0.89 0.89 0.89 0.89 0.88 0.68 0.88 0.84 0.89 0.89 0.89 0.89 0.88 0.70 0.81 0.89 0.66 0.86 0.89 0.88 0.88 0.88 0.89 0.88 0.88 0.87 0.89 0.87 1.00 0.82 0.93 0.85 0.91 0.91 0.91 0.91 0.91 0.90 0.91 0.91 0.91 0.30 0.86 0.86 0.86 0.86 0.86 0.35 0.34 0.07 0.18 0.86 0.89 0.89 0.89 0.89 0.89 0.89 0.89 0.89 0.88 0.89 0.88 0.88 0.88 0.80 0.87 0.87 0.87 0.72 0.77 0.77 0.77
0.73 0.78 0.78 0.80 0.56 0.73 0.78 0.78 0.75 0.73 0.75 0.74 0.73 0.73 0.73 0.72 0.46 0.71 0.63 0.71 0.73 0.73 0.73 0.71 0.45 0.57 0.71 0.41 0.65 0.71 0.70 0.70 0.71 0.71 0.70 0.70 0.68 0.71 0.68 1.00 0.66 0.85 0.71 0.81 0.81 0.79 0.81 0.81 0.78 0.79 0.79 0.79 0.13 0.71 0.71 0.71 0.71 0.71 0.19 0.18 0.02 0.09 0.67 0.74 0.74 0.74 0.74 0.74 0.73 0.74 0.74 0.71 0.74 0.72 0.70 0.70 0.58 0.70 0.71 0.71 0.47 0.51 0.51 0.51
0.82 0.85 0.85 0.86 0.67 0.83 0.85 0.85 0.83 0.83 0.84 0.83 0.83 0.83 0.83 0.82 0.58 0.82 0.76 0.82 0.83 0.83 0.83 0.82 0.60 0.72 0.82 0.56 0.78 0.82 0.81 0.81 0.82 0.82 0.81 0.81 0.79 0.82 0.79 1.00 0.76 0.90 0.79 0.87 0.87 0.86 0.87 0.86 0.85 0.86 0.86 0.86 0.23 0.80 0.80 0.80 0.80 0.80 0.27 0.27 0.04 0.13 0.79 0.83 0.83 0.83 0.83 0.83 0.82 0.83 0.83 0.82 0.83 0.82 0.81 0.81 0.71 0.80 0.80 0.81 0.62 0.67 0.67 0.67
0.83 0.85 0.85 0.86 0.67 0.83 0.85 0.86 0.83 0.83 0.83 0.83 0.83 0.83 0.83 0.82 0.58 0.82 0.76 0.82 0.83 0.83 0.83 0.82 0.59 0.72 0.82 0.55 0.78 0.82 0.82 0.82 0.82 0.82 0.82 0.82 0.80 0.82 0.80 1.00 0.75 0.90 0.79 0.87 0.87 0.85 0.87 0.87 0.85 0.85 0.85 0.85 0.21 0.79 0.79 0.79 0.79 0.79 0.26 0.25 0.04 0.13 0.79 0.83 0.83 0.83 0.83 0.83 0.82 0.83 0.83 0.82 0.83 0.81 0.81 0.81 0.71 0.80 0.81 0.81 0.62 0.66 0.66 0.66
0.96 0.96 0.96 0.97 0.90 0.96 0.96 0.97 0.96 0.96 0.96 0.96 0.96 0.96 0.96 0.96 0.83 0.96 0.94 0.96 0.96 0.96 0.96 0.96 0.89 0.94 0.96 0.84 0.96 0.96 0.96 0.96 0.96 0.96 0.96 0.96 0.96 0.96 0.96 1.00 0.93 0.98 0.94 0.97 0.97 0.97 0.97 0.97 0.97 0.97 0.97 0.97 0.53 0.95 0.95 0.95 0.95 0.95 0.52 0.53 0.19 0.30 0.95 0.96 0.96 0.96 0.96 0.96 0.96 0.96 0.96 0.96 0.96 0.96 0.96 0.96 0.92 0.96 0.95 0.96 0.89 0.92 0.92 0.92
0.55 0.65 0.65 0.69 0.39 0.55 0.65 0.66 0.62 0.55 0.59 0.57 0.55 0.53 0.54 0.54 0.28 0.51 0.41 0.49 0.53 0.53 0.54 0.51 0.24 0.33 0.49 0.23 0.41 0.48 0.47 0.47 0.51 0.48 0.47 0.47 0.45 0.48 0.45 1.00 0.51 0.77 0.57 0.69 0.69 0.65 0.69 0.68 0.64 0.65 0.65 0.65 0.06 0.56 0.56 0.56 0.56 0.56 0.10 0.09 0.01 0.06 0.46 0.55 0.55 0.55 0.55 0.56 0.54 0.56 0.56 0.51 0.55 0.52 0.50 0.50 0.39 0.51 0.53 0.52 0.27 0.30 0.30 0.30
0.49 0.60 0.60 0.65 0.34 0.48 0.60 0.62 0.57 0.47 0.53 0.51 0.47 0.46 0.47 0.47 0.23 0.44 0.34 0.41 0.46 0.46 0.47 0.44 0.19 0.26 0.41 0.17 0.34 0.41 0.40 0.40 0.44 0.41 0.40 0.40 0.38 0.41 0.38 1.00 0.46 0.74 0.53 0.65 0.65 0.61 0.65 0.63 0.59 0.61 0.61 0.61 0.04 0.50 0.50 0.50 0.50 0.50 0.08 0.06 0.01 0.04 0.39 0.48 0.48 0.48 0.48 0.49 0.47 0.49 0.49 0.43 0.48 0.44 0.42 0.42 0.33 0.45 0.48 0.46 0.21 0.23 0.23 0.23
0.98 0.99 0.99 0.99 0.96 0.99 0.99 0.99 0.98 0.99 0.99 0.99 0.99 0.99 0.99 0.99 0.90 0.99 0.98 0.99 0.99 0.99 0.99 0.99 0.95 0.98 0.99 0.92 0.98 0.99 0.99 0.99 0.99 0.99 0.99 0.99 0.98 0.99 0.98 1.00 0.97 0.99 0.97 0.99 0.99 0.99 0.99 0.99 0.99 0.99 0.99 0.99 0.67 0.98 0.98 0.98 0.98 0.98 0.64 0.65 0.30 0.41 0.98 0.99 0.99 0.99 0.99 0.99 0.98 0.99 0.99 0.99 0.99 0.98 0.99 0.99 0.96 0.98 0.98 0.98 0.94 0.97 0.97 0.97
0.65 0.72 0.72 0.75 0.47 0.65 0.72 0.73 0.69 0.64 0.67 0.66 0.64 0.63 0.64 0.63 0.37 0.61 0.52 0.60 0.63 0.63 0.64 0.61 0.34 0.45 0.60 0.31 0.54 0.60 0.60 0.60 0.61 0.60 0.60 0.60 0.57 0.60 0.57 1.00 0.58 0.81 0.64 0.75 0.75 0.72 0.75 0.74 0.71 0.72 0.72 0.72 0.08 0.63 0.63 0.63 0.63 0.63 0.14 0.13 0.01 0.08 0.57 0.65 0.65 0.65 0.65 0.66 0.64 0.66 0.66 0.62 0.65 0.62 0.61 0.61 0.49 0.61 0.62 0.62 0.37 0.40 0.40 0.40
0.70 0.76 0.76 0.78 0.52 0.70 0.76 0.76 0.73 0.69 0.72 0.71 0.69 0.69 0.70 0.69 0.42 0.67 0.59 0.66 0.69 0.69 0.69 0.67 0.41 0.52 0.66 0.38 0.61 0.66 0.66 0.66 0.67 0.66 0.66 0.66 0.63 0.66 0.63 1.00 0.63 0.83 0.68 0.78 0.78 0.75 0.78 0.77 0.74 0.75 0.75 0.75 0.11 0.68 0.68 0.68 0.68 0.68 0.17 0.16 0.02 0.08 0.63 0.70 0.70 0.70 0.70 0.70 0.69 0.70 0.70 0.67 0.70 0.67 0.66 0.66 0.54 0.66 0.67 0.67 0.43 0.46 0.46 0.46
0.87 0.89 0.89 0.90 0.74 0.88 0.89 0.89 0.87 0.88 0.88 0.88 0.88 0.88 0.88 0.87 0.65 0.87 0.82 0.87 0.88 0.88 0.88 0.87 0.68 0.79 0.87 0.64 0.84 0.87 0.87 0.87 0.87 0.87 0.87 0.87 0.85 0.87 0.85 1.00 0.81 0.92 0.84 0.90 0.90 0.90 0.90 0.90 0.89 0.90 0.90 0.90 0.29 0.85 0.85 0.85 0.85 0.85 0.32 0.32 0.07 0.16 0.84 0.88 0.88 0.88 0.88 0.88 0.87 0.88 0.88 0.87 0.88 0.87 0.87 0.87 0.78 0.86 0.86 0.86 0.70 0.75 0.75 0.75
0.66 0.73 0.73 0.76 0.48 0.66 0.73 0.74 0.70 0.66 0.68 0.67 0.66 0.65 0.65 0.64 0.37 0.63 0.54 0.62 0.65 0.65 0.65 0.63 0.35 0.46 0.62 0.33 0.55 0.62 0.61 0.61 0.63 0.62 0.61 0.61 0.58 0.62 0.58 1.00 0.59 0.81 0.64 0.75 0.75 0.73 0.75 0.74 0.71 0.73 0.73 0.73 0.10 0.64 0.64 0.64 0.64 0.64 0.14 0.13 0.01 0.07 0.58 0.66 0.66 0.66 0.66 0.67 0.65 0.67 0.67 0.63 0.66 0.63 0.62 0.61 0.50 0.62 0.63 0.63 0.38 0.41 0.41 0.41
0.95 0.95 0.95 0.95 0.87 0.95 0.95 0.95 0.94 0.95 0.95 0.95 0.95 0.95 0.95 0.95 0.80 0.95 0.92 0.95 0.95 0.95 0.95 0.95 0.84 0.91 0.95 0.80 0.94 0.95 0.95 0.95 0.95 0.95 0.95 0.95 0.94 0.95 0.94 1.00 0.90 0.97 0.92 0.96 0.96 0.96 0.96 0.96 0.96 0.96 0.96 0.96 0.46 0.93 0.93 0.93 0.93 0.93 0.46 0.46 0.14 0.25 0.94 0.95 0.95 0.95 0.95 0.95 0.95 0.95 0.95 0.95 0.95 0.95 0.95 0.95 0.90 0.94 0.94 0.94 0.85 0.89 0.89 0.89
0.64 0.71 0.71 0.74 0.46 0.64 0.71 0.72 0.68 0.63 0.67 0.65 0.63 0.62 0.63 0.62 0.35 0.60 0.50 0.59 0.62 0.62 0.63 0.60 0.34 0.44 0.59 0.31 0.52 0.59 0.58 0.58 0.60 0.59 0.58 0.58 0.55 0.59 0.55 1.00 0.57 0.81 0.63 0.74 0.74 0.72 0.74 0.73 0.70 0.72 0.72 0.72 0.08 0.63 0.63 0.63 0.63 0.63 0.14 0.12 0.01 0.07 0.55 0.64 0.64 0.64 0.64 0.65 0.64 0.65 0.65 0.61 0.64 0.61 0.59 0.59 0.48 0.60 0.61 0.61 0.37 0.40 0.40 0.40
0.69 0.75 0.75 0.77 0.51 0.69 0.75 0.75 0.72 0.68 0.71 0.69 0.68 0.68 0.68 0.67 0.41 0.65 0.57 0.65 0.68 0.68 0.68 0.65 0.39 0.50 0.65 0.36 0.58 0.65 0.64 0.64 0.65 0.65 0.64 0.64 0.61 0.65 0.61 1.00 0.62 0.83 0.67 0.77 0.77 0.74 0.77 0.76 0.73 0.74 0.74 0.74 0.11 0.66 0.66 0.66 0.66 0.66 0.15 0.15 0.02 0.08 0.61 0.69 0.69 0.69 0.69 0.70 0.68 0.70 0.70 0.65 0.69 0.66 0.64 0.64 0.52 0.65 0.66 0.66 0.40 0.44 0.44 0.44
0.70 0.75 0.75 0.78 0.53 0.70 0.75 0.76 0.72 0.70 0.72 0.71 0.70 0.69 0.70 0.69 0.43 0.68 0.59 0.67 0.69 0.69 0.70 0.68 0.41 0.52 0.67 0.39 0.61 0.67 0.66 0.66 0.68 0.67 0.66 0.66 0.64 0.67 0.64 1.00 0.63 0.84 0.68 0.79 0.79 0.77 0.79 0.78 0.75 0.77 0.77 0.77 0.12 0.68 0.68 0.68 0.68 0.68 0.17 0.17 0.02 0.08 0.63 0.70 0.70 0.70 0.70 0.71 0.69 0.71 0.71 0.67 0.70 0.68 0.66 0.66 0.55 0.66 0.67 0.67 0.44 0.47 0.47 0.47
0.57 0.66 0.66 0.70 0.41 0.57 0.66 0.67 0.63 0.56 0.60 0.58 0.56 0.55 0.56 0.55 0.29 0.52 0.43 0.51 0.55 0.55 0.55 0.52 0.26 0.35 0.51 0.24 0.43 0.50 0.50 0.49 0.52 0.50 0.50 0.50 0.47 0.50 0.47 1.00 0.52 0.77 0.58 0.70 0.70 0.67 0.70 0.69 0.65 0.67 0.67 0.67 0.06 0.57 0.57 0.57 0.57 0.57 0.10 0.09 0.01 0.06 0.48 0.57 0.57 0.57 0.57 0.58 0.56 0.58 0.58 0.53 0.57 0.53 0.52 0.51 0.41 0.53 0.54 0.54 0.30 0.32 0.32 0.32
0.83 0.86 0.86 0.87 0.68 0.84 0.86 0.86 0.84 0.84 0.84 0.84 0.84 0.83 0.84 0.83 0.58 0.82 0.77 0.83 0.83 0.83 0.84 0.82 0.61 0.73 0.83 0.57 0.79 0.83 0.82 0.82 0.82 0.83 0.82 0.82 0.80 0.83 0.80 1.00 0.77 0.91 0.80 0.88 0.88 0.87 0.88 0.88 0.86 0.87 0.87 0.87 0.23 0.81 0.81 0.81 0.81 0.81 0.27 0.27 0.05 0.14 0.80 0.84 0.84 0.84 0.84 0.84 0.83 0.84 0.84 0.83 0.84 0.82 0.82 0.82 0.72 0.81 0.81 0.82 0.63 0.67 0.67 0.67
0.78 0.82 0.82 0.83 0.61 0.79 0.82 0.82 0.79 0.79 0.80 0.79 0.79 0.78 0.79 0.78 0.53 0.77 0.71 0.77 0.78 0.78 0.79 0.77 0.53 0.65 0.77 0.49 0.72 0.77 0.77 0.77 0.77 0.77 0.77 0.77 0.74 0.77 0.74 1.00 0.71 0.88 0.75 0.84 0.84 0.82 0.84 0.83 0.82 0.82 0.82 0.82 0.18 0.76 0.76 0.76 0.76 0.76 0.23 0.21 0.03 0.11 0.74 0.79 0.79 0.79 0.79 0.79 0.78 0.79 0.79 0.77 0.79 0.77 0.76 0.76 0.66 0.76 0.76 0.77 0.56 0.60 0.60 0.60
0.57 0.66 0.66 0.70 0.40 0.57 0.66 0.67 0.63 0.56 0.61 0.59 0.56 0.55 0.55 0.56 0.29 0.53 0.43 0.50 0.55 0.55 0.55 0.53 0.25 0.36 0.50 0.24 0.44 0.50 0.50 0.50 0.53 0.50 0.50 0.50 0.47 0.50 0.47 1.00 0.52 0.78 0.58 0.69 0.69 0.66 0.69 0.68 0.64 0.66 0.66 0.66 0.06 0.56 0.56 0.56 0.56 0.56 0.10 0.09 0.01 0.06 0.48 0.56 0.56 0.56 0.56 0.58 0.56 0.58 0.58 0.52 0.56 0.53 0.51 0.51 0.41 0.53 0.55 0.54 0.29 0.32 0.32 0.32
0.88 0.89 0.89 0.90 0.73 0.88 0.89 0.89 0.87 0.88 0.88 0.88 0.88 0.88 0.88 0.87 0.66 0.87 0.82 0.88 0.88 0.88 0.88 0.87 0.69 0.80 0.88 0.65 0.85 0.88 0.87 0.87 0.87 0.88 0.87 0.87 0.86 0.88 0.86 1.00 0.80 0.93 0.83 0.91 0.91 0.89 0.91 0.90 0.89 0.89 0.89 0.89 0.28 0.85 0.85 0.85 0.85 0.85 0.32 0.32 0.07 0.17 0.85 0.88 0.88 0.88 0.88 0.88 0.87 0.88 0.88 0.87 0.88 0.87 0.87 0.86 0.77 0.86 0.86 0.86 0.70 0.74 0.74 0.74
0.96 0.97 0.97 0.97 0.91 0.97 0.97 0.97 0.96 0.97 0.97 0.96 0.97 0.97 0.97 0.96 0.84 0.96 0.95 0.97 0.97 0.97 0.97 0.96 0.89 0.94 0.97 0.86 0.96 0.97 0.96 0.96 0.96 0.97 0.96 0.96 0.96 0.97 0.96 1.00 0.93 0.98 0.94 0.97 0.97 0.97 0.97 0.97 0.97 0.97 0.97 0.97 0.54 0.95 0.95 0.95 0.95 0.95 0.53 0.53 0.20 0.31 0.96 0.96 0.96 0.96 0.96 0.97 0.96 0.97 0.97 0.96 0.96 0.96 0.96 0.96 0.93 0.96 0.96 0.96 0.89 0.93 0.93 0.93
0.69 0.74 0.74 0.76 0.51 0.68 0.74 0.75 0.71 0.68 0.70 0.69 0.68 0.67 0.68 0.67 0.41 0.66 0.58 0.66 0.67 0.67 0.68 0.66 0.39 0.51 0.66 0.36 0.59 0.66 0.65 0.65 0.66 0.66 0.65 0.65 0.62 0.66 0.62 1.00 0.63 0.84 0.68 0.78 0.78 0.76 0.78 0.77 0.75 0.76 0.76 0.76 0.12 0.68 0.68 0.68 0.68 0.68 0.16 0.15 0.02 0.09 0.62 0.68 0.68 0.68 0.68 0.69 0.68 0.69 0.69 0.66 0.68 0.66 0.65 0.65 0.53 0.65 0.66 0.66 0.42 0.45 0.45 0.45
0.89 0.91 0.91 0.91 0.76 0.89 0.91 0.90 0.89 0.89 0.89 0.89 0.89 0.90 0.90 0.89 0.69 0.89 0.85 0.89 0.90 0.90 0.90 0.89 0.72 0.82 0.89 0.68 0.87 0.89 0.89 0.89 0.89 0.89 0.89 0.89 0.88 0.89 0.88 1.00 0.82 0.93 0.85 0.91 0.91 0.90 0.91 0.91 0.90 0.90 0.90 0.90 0.31 0.86 0.86 0.86 0.86 0.86 0.34 0.35 0.07 0.18 0.87 0.90 0.90 0.90 0.90 0.90 0.89 0.90 0.90 0.89 0.90 0.89 0.88 0.88 0.80 0.87 0.87 0.88 0.73 0.78 0.78 0.78
0.59 0.68 0.68 0.71 0.43 0.59 0.68 0.69 0.65 0.59 0.63 0.61 0.59 0.58 0.58 0.57 0.31 0.55 0.46 0.53 0.58 0.58 0.58 0.55 0.28 0.38 0.53 0.26 0.47 0.53 0.53 0.53 0.55 0.53 0.53 0.53 0.50 0.53 0.50 1.00 0.54 0.78 0.60 0.71 0.71 0.68 0.71 0.70 0.66 0.68 0.68 0.68 0.07 0.58 0.58 0.58 0.58 0.58 0.11 0.10 0.01 0.06 0.51 0.59 0.59 0.59 0.59 0.60 0.59 0.60 0.60 0.55 0.59 0.56 0.54 0.54 0.43 0.56 0.57 0.57 0.31 0.34 0.34 0.34
0.63 0.70 0.70 0.73 0.45 0.62 0.70 0.71 0.67 0.62 0.65 0.63 0.62 0.61 0.61 0.61 0.35 0.59 0.50 0.58 0.61 0.61 0.61 0.59 0.32 0.43 0.58 0.30 0.51 0.58 0.57 0.57 0.59 0.58 0.57 0.57 0.54 0.58 0.54 1.00 0.57 0.80 0.63 0.74 0.74 0.72 0.74 0.73 0.70 0.72 0.72 0.72 0.08 0.63 0.63 0.63 0.63 0.63 0.14 0.12 0.01 0.06 0.54 0.63 0.63 0.63 0.63 0.64 0.62 0.64 0.64 0.59 0.63 0.60 0.58 0.58 0.46 0.59 0.60 0.60 0.35 0.37 0.37 0.37
0.94 0.95 0.95 0.95 0.84 0.94 0.95 0.95 0.93 0.94 0.94 0.94 0.94 0.94 0.94 0.94 0.77 0.94 0.91 0.94 0.94 0.94 0.94 0.94 0.82 0.90 0.94 0.77 0.92 0.94 0.94 0.94 0.94 0.94 0.94 0.94 0.93 0.94 0.93 1.00 0.88 0.96 0.90 0.95 0.95 0.94 0.95 0.95 0.94 0.94 0.94 0.94 0.41 0.91 0.91 0.91 0.91 0.91 0.43 0.44 0.12 0.23 0.92 0.94 0.94 0.94 0.94 0.94 0.94 0.94 0.94 0.94 0.94 0.94 0.94 0.94 0.88 0.93 0.92 0.93 0.82 0.86 0.86 0.86
0.54 0.64 0.64 0.68 0.37 0.52 0.64 0.65 0.60 0.52 0.57 0.54 0.52 0.50 0.51 0.51 0.26 0.48 0.38 0.45 0.50 0.50 0.50 0.48 0.21 0.30 0.45 0.20 0.38 0.45 0.44 0.44 0.48 0.45 0.44 0.44 0.41 0.45 0.41 1.00 0.49 0.76 0.55 0.67 0.67 0.64 0.67 0.66 0.62 0.64 0.64 0.64 0.05 0.54 0.54 0.54 0.54 0.54 0.09 0.08 0.01 0.04 0.44 0.52 0.52 0.52 0.52 0.54 0.52 0.54 0.54 0.48 0.52 0.49 0.47 0.47 0.37 0.49 0.51 0.50 0.25 0.27 0.27 0.27
0.78 0.82 0.82 0.83 0.62 0.79 0.82 0.82 0.79 0.78 0.80 0.79 0.78 0.79 0.79 0.78 0.52 0.77 0.71 0.77 0.79 0.79 0.79 0.77 0.53 0.65 0.77 0.50 0.72 0.77 0.77 0.76 0.77 0.77 0.77 0.76 0.74 0.77 0.74 1.00 0.71 0.88 0.76 0.84 0.84 0.83 0.84 0.84 0.82 0.83 0.83 0.83 0.18 0.76 0.76 0.76 0.76 0.76 0.23 0.22 0.03 0.12 0.74 0.79 0.79 0.79 0.79 0.79 0.78 0.79 0.79 0.77 0.79 0.77 0.76 0.76 0.65 0.76 0.76 0.76 0.55 0.59 0.59 0.59
0.84 0.86 0.86 0.87 0.69 0.84 0.86 0.86 0.84 0.84 0.85 0.84 0.84 0.84 0.84 0.84 0.60 0.83 0.77 0.83 0.84 0.84 0.84 0.83 0.62 0.74 0.83 0.57 0.80 0.83 0.83 0.83 0.83 0.83 0.83 0.83 0.81 0.83 0.81 1.00 0.77 0.91 0.80 0.88 0.88 0.87 0.88 0.88 0.86 0.87 0.87 0.87 0.24 0.81 0.81 0.81 0.81 0.81 0.28 0.27 0.05 0.15 0.81 0.84 0.84 0.84 0.84 0.85 0.84 0.85 0.85 0.83 0.84 0.83 0.83 0.83 0.73 0.81 0.82 0.82 0.64 0.69 0.69 0.69
0.60 0.68 0.68 0.72 0.44 0.60 0.68 0.69 0.66 0.60 0.63 0.62 0.60 0.59 0.60 0.59 0.33 0.57 0.47 0.55 0.59 0.59 0.59 0.57 0.30 0.40 0.55 0.28 0.49 0.55 0.55 0.54 0.57 0.55 0.55 0.54 0.52 0.55 0.52 1.00 0.54 0.79 0.60 0.72 0.72 0.69 0.72 0.71 0.67 0.69 0.69 0.69 0.07 0.59 0.59 0.59 0.59 0.59 0.12 0.10 0.01 0.06 0.52 0.61 0.61 0.61 0.61 0.62 0.60 0.62 0.62 0.57 0.61 0.57 0.56 0.56 0.45 0.56 0.58 0.57 0.32 0.35 0.35 0.35
0.82 0.85 0.85 0.85 0.65 0.82 0.85 0.84 0.82 0.82 0.83 0.82 0.82 0.82 0.82 0.81 0.57 0.80 0.74 0.80 0.82 0.82 0.82 0.80 0.57 0.69 0.80 0.53 0.76 0.80 0.80 0.80 0.80 0.80 0.80 0.80 0.78 0.80 0.78 1.00 0.74 0.90 0.78 0.86 0.86 0.85 0.86 0.86 0.84 0.85 0.85 0.85 0.20 0.79 0.79 0.79 0.79 0.79 0.25 0.24 0.04 0.12 0.77 0.82 0.82 0.82 0.82 0.82 0.81 0.82 0.82 0.80 0.82 0.80 0.80 0.80 0.69 0.79 0.79 0.80 0.60 0.64 0.64 0.64
0.64 0.71 0.71 0.74 0.46 0.64 0.71 0.72 0.68 0.63 0.66 0.64 0.63 0.62 0.63 0.62 0.36 0.61 0.51 0.59 0.62 0.62 0.63 0.61 0.33 0.44 0.59 0.31 0.53 0.59 0.58 0.58 0.61 0.59 0.58 0.58 0.55 0.59 0.55 1.00 0.56 0.81 0.62 0.74 0.74 0.71 0.74 0.73 0.70 0.71 0.71 0.71 0.08 0.62 0.62 0.62 0.62 0.62 0.13 0.12 0.01 0.07 0.55 0.63 0.63 0.63 0.63 0.64 0.63 0.64 0.64 0.59 0.63 0.60 0.59 0.59 0.48 0.60 0.61 0.61 0.36 0.39 0.39 0.39
0.80 0.83 0.83 0.84 0.64 0.80 0.83 0.83 0.81 0.80 0.81 0.80 0.80 0.80 0.80 0.79 0.55 0.79 0.72 0.79 0.80 0.80 0.80 0.79 0.56 0.68 0.79 0.51 0.75 0.79 0.78 0.79 0.79 0.79 0.78 0.79 0.76 0.79 0.76 1.00 0.72 0.89 0.76 0.85 0.85 0.83 0.85 0.84 0.82 0.83 0.83 0.83 0.19 0.77 0.77 0.77 0.77 0.77 0.23 0.23 0.04 0.12 0.75 0.80 0.80 0.80 0.80 0.81 0.80 0.81 0.81 0.79 0.80 0.79 0.78 0.78 0.67 0.77 0.77 0.78 0.57 0.62 0.62 0.62
0.97 0.98 0.98 0.98 0.93 0.97 0.98 0.98 0.97 0.97 0.97 0.97 0.97 0.97 0.97 0.97 0.87 0.97 0.96 0.97 0.97 0.97 0.98 0.97 0.91 0.96 0.97 0.88 0.97 0.97 0.97 0.97 0.97 0.97 0.97 0.97 0.97 0.97 0.97 1.00 0.95 0.98 0.96 0.98 0.98 0.98 0.98 0.98 0.98 0.98 0.98 0.98 0.59 0.96 0.96 0.96 0.96 0.96 0.57 0.58 0.23 0.34 0.97 0.98 0.98 0.98 0.98 0.98 0.97 0.98 0.98 0.97 0.98 0.97 0.97 0.97 0.94 0.97 0.97 0.97 0.92 0.94 0.94 0.94
0.97 0.97 0.97 0.97 0.92 0.97 0.97 0.97 0.97 0.97 0.97 0.97 0.97 0.97 0.97 0.97 0.86 0.97 0.96 0.97 0.97 0.97 0.97 0.97 0.91 0.95 0.97 0.87 0.97 0.97 0.97 0.97 0.97 0.97 0.97 0.97 0.97 0.97 0.97 1.00 0.94 0.98 0.95 0.97 0.97 0.97 0.97 0.97 0.97 0.97 0.97 0.97 0.57 0.96 0.96 0.96 0.96 0.96 0.56 0.57 0.22 0.33 0.96 0.97 0.97 0.97 0.97 0.97 0.97 0.97 0.97 0.97 0.97 0.97 0.97 0.97 0.94 0.97 0.96 0.97 0.91 0.94 0.94 0.94
0.70 0.76 0.76 0.78 0.52 0.70 0.76 0.76 0.73 0.70 0.72 0.70 0.70 0.69 0.69 0.68 0.41 0.67 0.59 0.66 0.69 0.69 0.69 0.67 0.40 0.52 0.66 0.37 0.60 0.66 0.66 0.66 0.67 0.66 0.66 0.66 0.63 0.66 0.63 1.00 0.63 0.84 0.68 0.79 0.79 0.76 0.79 0.78 0.75 0.76 0.76 0.76 0.12 0.68 0.68 0.68 0.68 0.68 0.17 0.15 0.02 0.08 0.63 0.69 0.69 0.69 0.69 0.70 0.69 0.70 0.70 0.66 0.69 0.67 0.65 0.65 0.54 0.67 0.67 0.68 0.43 0.46 0.46 0.46
0.69 0.75 0.75 0.77 0.51 0.69 0.75 0.76 0.72 0.69 0.71 0.70 0.69 0.68 0.69 0.68 0.42 0.67 0.59 0.66 0.68 0.68 0.69 0.67 0.39 0.52 0.66 0.36 0.60 0.66 0.66 0.66 0.67 0.66 0.66 0.66 0.63 0.66 0.63 1.00 0.62 0.83 0.67 0.78 0.78 0.75 0.78 0.77 0.74 0.75 0.75 0.75 0.11 0.67 0.67 0.67 0.67 0.67 0.16 0.16 0.02 0.08 0.63 0.69 0.69 0.69 0.69 0.70 0.69 0.70 0.70 0.66 0.69 0.67 0.66 0.65 0.54 0.66 0.67 0.67 0.42 0.46 0.46 0.46
0.48 0.60 0.60 0.64 0.34 0.47 0.60 0.61 0.56 0.47 0.53 0.50 0.47 0.46 0.47 0.47 0.23 0.44 0.33 0.41 0.46 0.46 0.46 0.44 0.19 0.26 0.41 0.17 0.34 0.41 0.40 0.40 0.44 0.41 0.40 0.40 0.37 0.41 0.37 1.00 0.46 0.73 0.52 0.64 0.64 0.60 0.64 0.63 0.58 0.60 0.60 0.60 0.04 0.50 0.50 0.50 0.50 0.50 0.07 0.06 0.00 0.04 0.38 0.47 0.47 0.47 0.47 0.49 0.47 0.49 0.49 0.43 0.47 0.43 0.41 0.41 0.32 0.45 0.47 0.45 0.21 0.23 0.23 0.23
0.50 0.61 0.61 0.66 0.34 0.49 0.61 0.62 0.57 0.48 0.53 0.50 0.48 0.46 0.47 0.47 0.23 0.44 0.35 0.41 0.46 0.46 0.47 0.44 0.18 0.27 0.41 0.18 0.34 0.41 0.40 0.40 0.44 0.41 0.40 0.40 0.38 0.41 0.38 1.00 0.46 0.74 0.53 0.64 0.64 0.60 0.64 0.62 0.58 0.60 0.60 0.60 0.04 0.50 0.50 0.50 0.50 0.50 0.08 0.07 0.00 0.04 0.40 0.49 0.49 0.49 0.49 0.51 0.49 0.51 0.51 0.44 0.49 0.45 0.43 0.43 0.32 0.45 0.47 0.47 0.21 0.23 0.23 0.23
0.97 0.97 0.97 0.97 0.91 0.97 0.97 0.97 0.97 0.97 0.97 0.97 0.97 0.97 0.97 0.97 0.86 0.97 0.96 0.97 0.97 0.97 0.97 0.97 0.90 0.95 0.97 0.87 0.97 0.97 0.97 0.97 0.97 0.97 0.97 0.97 0.97 0.97 0.97 1.00 0.94 0.98 0.96 0.98 0.98 0.98 0.98 0.98 0.98 0.98 0.98 0.98 0.57 0.96 0.96 0.96 0.96 0.96 0.56 0.57 0.21 0.33 0.96 0.97 0.97 0.97 0.97 0.97 0.97 0.97 0.97 0.97 0.97 0.97 0.97 0.97 0.94 0.97 0.97 0.97 0.90 0.93 0.93 0.93
0.63 0.71 0.71 0.74 0.46 0.63 0.71 0.71 0.67 0.63 0.66 0.65 0.63 0.62 0.63 0.62 0.36 0.61 0.51 0.59 0.62 0.62 0.63 0.61 0.33 0.44 0.59 0.31 0.53 0.59 0.58 0.58 0.61 0.59 0.58 0.58 0.55 0.59 0.55 1.00 0.57 0.80 0.63 0.74 0.74 0.71 0.74 0.73 0.70 0.71 0.71 0.71 0.09 0.62 0.62 0.62 0.62 0.62 0.13 0.12 0.01 0.07 0.56 0.64 0.64 0.64 0.64 0.64 0.63 0.64 0.64 0.60 0.64 0.61 0.59 0.59 0.47 0.60 0.61 0.61 0.35 0.39 0.39 0.39
0.83 0.86 0.86 0.87 0.68 0.84 0.86 0.86 0.84 0.84 0.84 0.84 0.84 0.84 0.84 0.83 0.59 0.83 0.77 0.83 0.84 0.84 0.84 0.83 0.61 0.72 0.83 0.57 0.79 0.83 0.82 0.82 0.83 0.83 0.82 0.82 0.80 0.83 0.80 1.00 0.76 0.91 0.80 0.88 0.88 0.87 0.88 0.88 0.86 0.87 0.87 0.87 0.23 0.81 0.81 0.81 0.81 0.81 0.28 0.27 0.04 0.14 0.80 0.84 0.84 0.84 0.84 0.84 0.83 0.84 0.84 0.82 0.84 0.82 0.82 0.82 0.72 0.81 0.81 0.82 0.64 0.67 0.67 0.67
0.57 0.66 0.66 0.70 0.41 0.57 0.66 0.68 0.63 0.56 0.60 0.58 0.56 0.55 0.56 0.55 0.30 0.53 0.42 0.51 0.55 0.55 0.56 0.53 0.25 0.36 0.51 0.24 0.44 0.51 0.50 0.50 0.53 0.51 0.50 0.50 0.47 0.51 0.47 1.00 0.53 0.78 0.58 0.70 0.70 0.66 0.70 0.68 0.65 0.66 0.66 0.66 0.06 0.57 0.57 0.57 0.57 0.57 0.10 0.10 0.01 0.05 0.48 0.56 0.56 0.56 0.56 0.58 0.55 0.58 0.58 0.52 0.56 0.53 0.51 0.51 0.40 0.52 0.55 0.53 0.28 0.31 0.31 0.31
0.88 0.90 0.90 0.90 0.74 0.88 0.90 0.90 0.88 0.88 0.88 0.88 0.88 0.88 0.88 0.88 0.66 0.88 0.83 0.88 0.88 0.88 0.88 0.88 0.69 0.80 0.88 0.65 0.85 0.88 0.88 0.88 0.88 0.88 0.88 0.88 0.86 0.88 0.86 1.00 0.82 0.93 0.84 0.91 0.91 0.90 0.91 0.91 0.90 0.90 0.90 0.90 0.30 0.86 0.86 0.86 0.86 0.86 0.33 0.32 0.06 0.17 0.85 0.88 0.88 0.88 0.88 0.88 0.88 0.88 0.88 0.87 0.88 0.87 0.87 0.87 0.79 0.86 0.86 0.87 0.71 0.75 0.75 0.75
0.80 0.84 0.84 0.85 0.64 0.81 0.84 0.84 0.81 0.81 0.82 0.81 0.81 0.81 0.81 0.79 0.55 0.79 0.73 0.80 0.81 0.81 0.81 0.79 0.55 0.68 0.80 0.53 0.75 0.80 0.79 0.79 0.79 0.80 0.79 0.79 0.77 0.80 0.77 1.00 0.72 0.88 0.76 0.85 0.85 0.83 0.85 0.84 0.83 0.83 0.83 0.83 0.19 0.77 0.77 0.77 0.77 0.77 0.25 0.23 0.04 0.13 0.76 0.81 0.81 0.81 0.81 0.81 0.80 0.81 0.81 0.79 0.81 0.79 0.78 0.78 0.68 0.78 0.77 0.78 0.58 0.62 0.62 0.62
0.98 0.98 0.98 0.98 0.93 0.98 0.98 0.98 0.97 0.98 0.98 0.98 0.98 0.98 0.98 0.97 0.88 0.98 0.97 0.98 0.98 0.98 0.98 0.98 0.92 0.96 0.98 0.88 0.97 0.98 0.98 0.98 0.98 0.98 0.98 0.98 0.97 0.98 0.97 1.00 0.95 0.99 0.96 0.98 0.98 0.98 0.98 0.98 0.98 0.98 0.98 0.98 0.60 0.97 0.97 0.97 0.97 0.97 0.57 0.59 0.25 0.35 0.97 0.98 0.98 0.98 0.98 0.98 0.98 0.98 0.98 0.98 0.98 0.97 0.98 0.97 0.95 0.97 0.97 0.97 0.92 0.95 0.95 0.95
0.48 0.60 0.60 0.64 0.34 0.47 0.60 0.61 0.56 0.47 0.52 0.50 0.47 0.45 0.46 0.46 0.22 0.43 0.33 0.41 0.45 0.45 0.46 0.43 0.18 0.26 0.41 0.17 0.34 0.40 0.39 0.39 0.43 0.40 0.39 0.40 0.37 0.40 0.37 1.00 0.45 0.73 0.51 0.64 0.64 0.60 0.64 0.62 0.58 0.60 0.60 0.60 0.04 0.49 0.49 0.49 0.49 0.49 0.08 0.06 0.00 0.04 0.38 0.47 0.47 0.47 0.47 0.49 0.47 0.49 0.49 0.42 0.47 0.43 0.41 0.41 0.31 0.44 0.46 0.45 0.20 0.22 0.22 0.22
0.84 0.87 0.87 0.88 0.69 0.85 0.87 0.87 0.85 0.85 0.86 0.85 0.85 0.85 0.85 0.84 0.61 0.84 0.79 0.84 0.85 0.85 0.85 0.84 0.63 0.75 0.84 0.58 0.80 0.84 0.84 0.84 0.84 0.84 0.84 0.84 0.82 0.84 0.82 1.00 0.78 0.91 0.81 0.88 0.88 0.87 0.88 0.88 0.87 0.87 0.87 0.87 0.23 0.82 0.82 0.82 0.82 0.82 0.28 0.28 0.05 0.14 0.81 0.85 0.85 0.85 0.85 0.85 0.84 0.85 0.85 0.84 0.85 0.84 0.83 0.83 0.73 0.82 0.82 0.83 0.64 0.69 0.69 0.69
0.98 0.98 0.98 0.98 0.93 0.98 0.98 0.98 0.98 0.98 0.98 0.98 0.98 0.98 0.98 0.98 0.88 0.98 0.97 0.98 0.98 0.98 0.98 0.98 0.92 0.96 0.98 0.89 0.97 0.98 0.98 0.98 0.98 0.98 0.98 0.98 0.97 0.98 0.97 1.00 0.95 0.98 0.96 0.98 0.98 0.98 0.98 0.98 0.98 0.98 0.98 0.98 0.62 0.97 0.97 0.97 0.97 0.97 0.59 0.60 0.25 0.36 0.97 0.98 0.98 0.98 0.98 0.98 0.98 0.98 0.98 0.98 0.98 0.98 0.98 0.98 0.95 0.97 0.97 0.97 0.93 0.95 0.95 0.95
0.56 0.66 0.66 0.70 0.40 0.55 0.66 0.67 0.62 0.55 0.59 0.57 0.55 0.54 0.54 0.54 0.29 0.52 0.41 0.49 0.54 0.54 0.54 0.52 0.24 0.34 0.49 0.23 0.42 0.49 0.48 0.48 0.52 0.49 0.48 0.48 0.45 0.49 0.45 1.00 0.50 0.76 0.57 0.69 0.69 0.65 0.69 0.67 0.64 0.65 0.65 0.65 0.06 0.56 0.56 0.56 0.56 0.56 0.10 0.09 0.01 0.05 0.46 0.55 0.55 0.55 0.55 0.56 0.55 0.56 0.56 0.51 0.55 0.52 0.50 0.50 0.39 0.51 0.54 0.53 0.27 0.30 0.30 0.30
0.80 0.83 0.83 0.84 0.64 0.80 0.83 0.83 0.81 0.80 0.81 0.80 0.80 0.80 0.80 0.79 0.55 0.79 0.72 0.79 0.80 0.80 0.80 0.79 0.55 0.68 0.79 0.52 0.74 0.79 0.78 0.78 0.79 0.79 0.78 0.78 0.76 0.79 0.76 1.00 0.72 0.89 0.77 0.85 0.85 0.84 0.85 0.85 0.83 0.84 0.84 0.84 0.19 0.77 0.77 0.77 0.77 0.77 0.24 0.23 0.03 0.12 0.75 0.80 0.80 0.80 0.80 0.81 0.80 0.81 0.81 0.78 0.80 0.79 0.78 0.78 0.67 0.78 0.78 0.78 0.57 0.61 0.61 0.61
0.53 0.63 0.63 0.68 0.38 0.52 0.63 0.65 0.60 0.52 0.57 0.55 0.52 0.51 0.52 0.51 0.26 0.48 0.38 0.45 0.51 0.51 0.51 0.48 0.22 0.31 0.45 0.20 0.39 0.45 0.45 0.45 0.48 0.45 0.45 0.45 0.43 0.45 0.43 1.00 0.49 0.75 0.55 0.67 0.67 0.64 0.67 0.66 0.62 0.64 0.64 0.64 0.05 0.54 0.54 0.54 0.54 0.54 0.09 0.08 0.01 0.05 0.44 0.53 0.53 0.53 0.53 0.54 0.52 0.54 0.54 0.48 0.53 0.49 0.47 0.47 0.37 0.49 0.51 0.50 0.25 0.27 0.27 0.27
0.97 0.97 0.97 0.98 0.92 0.97 0.97 0.97 0.97 0.97 0.97 0.97 0.97 0.97 0.97 0.97 0.86 0.97 0.96 0.97 0.97 0.97 0.97 0.97 0.92 0.96 0.97 0.88 0.97 0.97 0.97 0.97 0.97 0.97 0.97 0.97 0.97 0.97 0.97 1.00 0.94 0.98 0.95 0.98 0.98 0.98 0.98 0.98 0.98 0.98 0.98 0.98 0.58 0.96 0.96 0.96 0.96 0.96 0.57 0.58 0.22 0.34 0.97 0.97 0.97 0.97 0.97 0.97 0.97 0.97 0.97 0.97 0.97 0.97 0.97 0.97 0.94 0.97 0.97 0.97 0.91 0.94 0.94 0.94
0.76 0.80 0.80 0.82 0.58 0.77 0.80 0.80 0.77 0.76 0.78 0.77 0.76 0.76 0.76 0.75 0.50 0.75 0.68 0.74 0.76 0.76 0.76 0.75 0.50 0.62 0.74 0.46 0.70 0.74 0.74 0.74 0.75 0.74 0.74 0.74 0.71 0.74 0.71 1.00 0.69 0.87 0.74 0.82 0.82 0.80 0.82 0.82 0.80 0.80 0.80 0.80 0.16 0.74 0.74 0.74 0.74 0.74 0.21 0.20 0.03 0.11 0.71 0.76 0.76 0.76 0.76 0.77 0.76 0.77 0.77 0.74 0.76 0.75 0.74 0.74 0.63 0.73 0.74 0.74 0.52 0.56 0.56 0.56
0.79 0.82 0.82 0.84 0.62 0.79 0.82 0.83 0.80 0.79 0.80 0.79 0.79 0.79 0.79 0.78 0.54 0.78 0.71 0.78 0.79 0.79 0.79 0.78 0.54 0.65 0.78 0.49 0.73 0.78 0.77 0.77 0.78 0.78 0.77 0.77 0.75 0.78 0.75 1.00 0.71 0.88 0.75 0.84 0.84 0.83 0.84 0.84 0.82 0.83 0.83 0.83 0.19 0.76 0.76 0.76 0.76 0.76 0.23 0.22 0.03 0.12 0.75 0.79 0.79 0.79 0.79 0.80 0.79 0.80 0.80 0.78 0.79 0.78 0.77 0.77 0.66 0.76 0.77 0.77 0.56 0.60 0.60 0.60
0.71 0.76 0.76 0.78 0.53 0.71 0.76 0.77 0.73 0.71 0.72 0.71 0.71 0.70 0.70 0.69 0.42 0.68 0.60 0.68 0.70 0.70 0.70 0.68 0.41 0.54 0.68 0.39 0.61 0.67 0.67 0.66 0.68 0.67 0.67 0.67 0.64 0.67 0.64 1.00 0.64 0.84 0.69 0.79 0.79 0.77 0.79 0.78 0.76 0.77 0.77 0.77 0.12 0.69 0.69 0.69 0.69 0.69 0.17 0.16 0.02 0.09 0.64 0.71 0.71 0.71 0.71 0.72 0.70 0.72 0.72 0.68 0.71 0.68 0.68 0.67 0.56 0.68 0.69 0.69 0.45 0.48 0.48 0.48
0.68 0.74 0.74 0.77 0.51 0.69 0.74 0.75 0.71 0.69 0.71 0.69 0.69 0.68 0.68 0.68 0.41 0.66 0.58 0.65 0.68 0.68 0.68 0.66 0.39 0.52 0.65 0.37 0.60 0.65 0.65 0.65 0.66 0.65 0.65 0.65 0.62 0.65 0.62 1.00 0.62 0.82 0.67 0.77 0.77 0.75 0.77 0.76 0.74 0.75 0.75 0.75 0.11 0.67 0.67 0.67 0.67 0.67 0.16 0.15 0.02 0.09 0.62 0.69 0.69 0.69 0.69 0.70 0.68 0.70 0.70 0.66 0.69 0.67 0.65 0.65 0.53 0.65 0.66 0.66 0.42 0.46 0.46 0.46
0.82 0.85 0.85 0.86 0.67 0.83 0.85 0.85 0.83 0.83 0.83 0.82 0.83 0.82 0.82 0.82 0.58 0.81 0.76 0.82 0.82 0.82 0.83 0.81 0.59 0.71 0.82 0.55 0.77 0.82 0.81 0.81 0.81 0.82 0.81 0.81 0.79 0.82 0.79 1.00 0.75 0.90 0.79 0.87 0.87 0.86 0.87 0.87 0.85 0.86 0.86 0.86 0.22 0.80 0.80 0.80 0.80 0.80 0.27 0.27 0.04 0.14 0.79 0.83 0.83 0.83 0.83 0.83 0.82 0.83 0.83 0.81 0.83 0.81 0.81 0.81 0.71 0.80 0.80 0.81 0.62 0.66 0.66 0.66
0.85 0.87 0.87 0.88 0.70 0.85 0.87 0.87 0.85 0.85 0.85 0.85 0.85 0.85 0.85 0.84 0.61 0.84 0.79 0.85 0.85 0.85 0.85 0.84 0.63 0.76 0.85 0.59 0.81 0.85 0.84 0.84 0.84 0.85 0.84 0.84 0.83 0.85 0.83 1.00 0.78 0.91 0.81 0.89 0.89 0.88 0.89 0.89 0.87 0.88 0.88 0.88 0.25 0.83 0.83 0.83 0.83 0.83 0.29 0.28 0.05 0.15 0.82 0.85 0.85 0.85 0.85 0.85 0.85 0.85 0.85 0.84 0.85 0.84 0.83 0.83 0.74 0.82 0.82 0.83 0.65 0.70 0.70 0.70
0.85 0.87 0.87 0.88 0.71 0.86 0.87 0.88 0.85 0.86 0.86 0.86 0.86 0.86 0.86 0.85 0.63 0.85 0.80 0.85 0.86 0.86 0.86 0.85 0.65 0.76 0.85 0.61 0.82 0.85 0.85 0.85 0.85 0.85 0.85 0.85 0.83 0.85 0.83 1.00 0.78 0.91 0.81 0.89 0.89 0.88 0.89 0.88 0.87 0.88 0.88 0.88 0.26 0.83 0.83 0.83 0.83 0.83 0.30 0.29 0.05 0.15 0.82 0.86 0.86 0.86 0.86 0.86 0.85 0.86 0.86 0.85 0.86 0.84 0.84 0.84 0.75 0.83 0.83 0.84 0.66 0.71 0.71 0.71
0.57 0.66 0.66 0.70 0.40 0.57 0.66 0.67 0.63 0.56 0.60 0.58 0.56 0.55 0.56 0.55 0.30 0.53 0.43 0.51 0.55 0.55 0.56 0.53 0.25 0.36 0.51 0.24 0.44 0.51 0.50 0.50 0.53 0.51 0.50 0.50 0.47 0.51 0.47 1.00 0.52 0.77 0.58 0.69 0.69 0.66 0.69 0.68 0.64 0.66 0.66 0.66 0.06 0.57 0.57 0.57 0.57 0.57 0.11 0.10 0.01 0.06 0.48 0.57 0.57 0.57 0.57 0.58 0.56 0.58 0.58 0.53 0.57 0.54 0.52 0.52 0.41 0.53 0.55 0.54 0.30 0.32 0.32 0.32
0.71 0.76 0.76 0.78 0.54 0.71 0.76 0.77 0.74 0.71 0.73 0.71 0.71 0.71 0.71 0.70 0.45 0.69 0.61 0.68 0.71 0.71 0.71 0.69 0.43 0.55 0.68 0.40 0.63 0.68 0.68 0.68 0.69 0.68 0.68 0.68 0.65 0.68 0.65 1.00 0.64 0.84 0.70 0.80 0.80 0.78 0.80 0.79 0.77 0.78 0.78 0.78 0.13 0.70 0.70 0.70 0.70 0.70 0.17 0.17 0.02 0.09 0.65 0.71 0.71 0.71 0.71 0.72 0.71 0.72 0.72 0.69 0.71 0.69 0.68 0.68 0.57 0.68 0.69 0.69 0.46 0.49 0.49 0.49
0.54 0.65 0.65 0.69 0.39 0.54 0.65 0.66 0.61 0.54 0.58 0.56 0.54 0.52 0.53 0.53 0.27 0.50 0.40 0.48 0.52 0.52 0.53 0.50 0.23 0.33 0.48 0.22 0.41 0.48 0.47 0.47 0.50 0.48 0.47 0.47 0.44 0.48 0.44 1.00 0.49 0.76 0.56 0.68 0.68 0.64 0.68 0.66 0.62 0.64 0.64 0.64 0.05 0.54 0.54 0.54 0.54 0.54 0.09 0.08 0.01 0.05 0.45 0.53 0.53 0.53 0.53 0.55 0.53 0.55 0.55 0.49 0.53 0.50 0.48 0.48 0.37 0.50 0.52 0.51 0.26 0.28 0.28 0.28
0.82 0.85 0.85 0.86 0.67 0.82 0.85 0.85 0.82 0.82 0.83 0.83 0.82 0.83 0.83 0.82 0.58 0.82 0.76 0.82 0.83 0.83 0.83 0.82 0.59 0.71 0.82 0.56 0.78 0.82 0.81 0.81 0.82 0.82 0.81 0.81 0.79 0.82 0.79 1.00 0.75 0.89 0.79 0.86 0.86 0.85 0.86 0.86 0.85 0.85 0.85 0.85 0.22 0.79 0.79 0.79 0.79 0.79 0.26 0.25 0.04 0.14 0.79 0.82 0.82 0.82 0.82 0.83 0.82 0.83 0.83 0.81 0.82 0.81 0.80 0.80 0.70 0.79 0.80 0.80 0.61 0.65 0.65 0.65
0.83 0.85 0.85 0.86 0.68 0.83 0.85 0.85 0.83 0.83 0.83 0.83 0.83 0.83 0.83 0.82 0.58 0.82 0.76 0.82 0.83 0.83 0.83 0.82 0.60 0.72 0.82 0.56 0.78 0.82 0.81 0.81 0.82 0.82 0.81 0.81 0.80 0.82 0.80 1.00 0.76 0.90 0.80 0.87 0.87 0.86 0.87 0.87 0.86 0.86 0.86 0.86 0.23 0.80 0.80 0.80 0.80 0.80 0.27 0.26 0.04 0.14 0.79 0.83 0.83 0.83 0.83 0.84 0.83 0.84 0.84 0.82 0.83 0.82 0.81 0.81 0.72 0.81 0.81 0.81 0.63 0.68 0.68 0.68
0.91 0.93 0.93 0.93 0.81 0.92 0.93 0.93 0.91 0.92 0.92 0.92 0.92 0.92 0.92 0.92 0.73 0.92 0.88 0.92 0.92 0.92 0.92 0.92 0.78 0.87 0.92 0.72 0.90 0.92 0.92 0.92 0.92 0.92 0.92 0.92 0.91 0.92 0.91 1.00 0.86 0.95 0.88 0.93 0.93 0.93 0.93 0.93 0.93 0.93 0.93 0.93 0.37 0.90 0.90 0.90 0.90 0.90 0.39 0.39 0.10 0.21 0.90 0.92 0.92 0.92 0.92 0.92 0.92 0.92 0.92 0.91 0.92 0.91 0.91 0.91 0.85 0.91 0.90 0.91 0.78 0.83 0.83 0.83
0.76 0.80 0.80 0.82 0.59 0.76 0.80 0.80 0.77 0.76 0.77 0.76 0.76 0.75 0.76 0.74 0.48 0.74 0.67 0.73 0.75 0.75 0.76 0.74 0.48 0.61 0.73 0.45 0.68 0.73 0.73 0.73 0.74 0.73 0.73 0.73 0.70 0.73 0.70 1.00 0.67 0.86 0.72 0.81 0.81 0.79 0.81 0.81 0.78 0.79 0.79 0.79 0.15 0.72 0.72 0.72 0.72 0.72 0.20 0.19 0.03 0.10 0.70 0.76 0.76 0.76 0.76 0.77 0.75 0.77 0.77 0.74 0.76 0.74 0.73 0.73 0.61 0.72 0.73 0.73 0.51 0.55 0.55 0.55
0.98 0.98 0.98 0.98 0.93 0.98 0.98 0.98 0.97 0.98 0.98 0.98 0.98 0.98 0.98 0.98 0.88 0.98 0.97 0.98 0.98 0.98 0.98 0.98 0.93 0.96 0.98 0.89 0.97 0.98 0.98 0.98 0.98 0.98 0.98 0.98 0.97 0.98 0.97 1.00 0.95 0.98 0.96 0.98 0.98 0.98 0.98 0.98 0.98 0.98 0.98 0.98 0.62 0.97 0.97 0.97 0.97 0.97 0.60 0.62 0.27 0.38 0.97 0.98 0.98 0.98 0.98 0.98 0.98 0.98 0.98 0.98 0.98 0.98 0.98 0.98 0.95 0.97 0.97 0.97 0.93 0.95 0.95 0.95
0.96 0.96 0.96 0.96 0.90 0.96 0.96 0.96 0.96 0.96 0.96 0.96 0.96 0.96 0.96 0.96 0.84 0.96 0.95 0.96 0.96 0.96 0.96 0.96 0.88 0.94 0.96 0.84 0.95 0.96 0.96 0.96 0.96 0.96 0.96 0.96 0.96 0.96 0.96 1.00 0.93 0.97 0.94 0.97 0.97 0.97 0.97 0.97 0.97 0.97 0.97 0.97 0.52 0.95 0.95 0.95 0.95 0.95 0.52 0.52 0.18 0.29 0.95 0.96 0.96 0.96 0.96 0.96 0.96 0.96 0.96 0.96 0.96 0.96 0.96 0.96 0.92 0.96 0.95 0.96 0.88 0.92 0.92 0.92
0.72 0.77 0.77 0.79 0.54 0.72 0.77 0.78 0.74 0.72 0.74 0.73 0.72 0.72 0.72 0.71 0.45 0.70 0.62 0.70 0.72 0.72 0.72 0.70 0.44 0.56 0.70 0.40 0.64 0.70 0.69 0.69 0.70 0.70 0.69 0.69 0.67 0.70 0.67 1.00 0.65 0.85 0.71 0.80 0.80 0.78 0.80 0.79 0.77 0.78 0.78 0.78 0.13 0.70 0.70 0.70 0.70 0.70 0.18 0.18 0.02 0.09 0.66 0.73 0.73 0.73 0.73 0.73 0.72 0.73 0.73 0.70 0.73 0.70 0.69 0.69 0.57 0.69 0.69 0.70 0.46 0.50 0.50 0.50
0.62 0.70 0.70 0.73 0.46 0.62 0.70 0.71 0.67 0.62 0.65 0.64 0.62 0.61 0.62 0.61 0.35 0.59 0.49 0.57 0.61 0.61 0.62 0.59 0.31 0.42 0.57 0.29 0.51 0.57 0.57 0.57 0.59 0.57 0.57 0.57 0.54 0.57 0.54 1.00 0.55 0.79 0.61 0.72 0.72 0.69 0.72 0.71 0.68 0.69 0.69 0.69 0.08 0.61 0.61 0.61 0.61 0.61 0.13 0.11 0.01 0.07 0.54 0.62 0.62 0.62 0.62 0.63 0.61 0.63 0.63 0.59 0.62 0.59 0.58 0.58 0.46 0.57 0.59 0.59 0.34 0.37 0.37 0.37
0.51 0.62 0.62 0.67 0.36 0.50 0.62 0.63 0.58 0.50 0.55 0.53 0.50 0.49 0.50 0.50 0.25 0.46 0.36 0.44 0.49 0.49 0.49 0.46 0.20 0.29 0.44 0.19 0.37 0.44 0.43 0.43 0.46 0.44 0.43 0.43 0.40 0.44 0.40 1.00 0.47 0.74 0.54 0.66 0.66 0.62 0.66 0.64 0.60 0.62 0.62 0.62 0.05 0.52 0.52 0.52 0.52 0.52 0.09 0.07 0.01 0.04 0.42 0.50 0.50 0.50 0.50 0.52 0.50 0.52 0.52 0.46 0.50 0.47 0.45 0.44 0.35 0.47 0.49 0.48 0.23 0.25 0.25 0.25
0.88 0.90 0.90 0.90 0.75 0.89 0.90 0.90 0.88 0.89 0.89 0.89 0.89 0.89 0.89 0.88 0.66 0.88 0.84 0.88 0.89 0.89 0.89 0.88 0.69 0.81 0.88 0.65 0.85 0.88 0.88 0.88 0.88 0.88 0.88 0.88 0.86 0.88 0.86 1.00 0.81 0.93 0.84 0.91 0.91 0.90 0.91 0.91 0.90 0.90 0.90 0.90 0.30 0.85 0.85 0.85 0.85 0.85 0.33 0.32 0.07 0.17 0.86 0.89 0.89 0.89 0.89 0.89 0.88 0.89 0.89 0.88 0.89 0.88 0.87 0.87 0.79 0.87 0.87 0.87 0.72 0.76 0.76 0.76
0.73 0.77 0.77 0.79 0.56 0.73 0.77 0.78 0.74 0.72 0.74 0.73 0.72 0.72 0.72 0.71 0.45 0.70 0.62 0.70 0.72 0.72 0.72 0.70 0.44 0.56 0.70 0.41 0.64 0.70 0.69 0.69 0.70 0.70 0.69 0.69 0.66 0.70 0.66 1.00 0.66 0.86 0.71 0.81 0.81 0.79 0.81 0.80 0.78 0.79 0.79 0.79 0.13 0.71 0.71 0.71 0.71 0.71 0.19 0.17 0.02 0.10 0.66 0.73 0.73 0.73 0.73 0.74 0.72 0.74 0.74 0.71 0.73 0.71 0.70 0.70 0.59 0.70 0.71 0.71 0.47 0.51 0.51 0.51
0.84 0.87 0.87 0.87 0.69 0.85 0.87 0.87 0.84 0.85 0.85 0.84 0.85 0.84 0.84 0.83 0.61 0.83 0.78 0.84 0.84 0.84 0.84 0.83 0.62 0.74 0.84 0.59 0.80 0.83 0.83 0.83 0.83 0.83 0.83 0.83 0.81 0.83 0.81 1.00 0.77 0.91 0.80 0.88 0.88 0.87 0.88 0.88 0.87 0.87 0.87 0.87 0.25 0.82 0.82 0.82 0.82 0.82 0.28 0.28 0.05 0.14 0.81 0.85 0.85 0.85 0.85 0.85 0.84 0.85 0.85 0.84 0.85 0.84 0.83 0.83 0.73 0.82 0.83 0.83 0.64 0.69 0.69 0.69
0.66 0.72 0.72 0.75 0.48 0.65 0.72 0.73 0.69 0.65 0.67 0.66 0.65 0.65 0.65 0.64 0.38 0.62 0.54 0.61 0.65 0.65 0.65 0.62 0.34 0.47 0.61 0.32 0.55 0.61 0.61 0.61 0.62 0.61 0.61 0.61 0.58 0.61 0.58 1.00 0.58 0.81 0.64 0.75 0.75 0.73 0.75 0.74 0.71 0.73 0.73 0.73 0.10 0.64 0.64 0.64 0.64 0.64 0.14 0.13 0.01 0.08 0.59 0.66 0.66 0.66 0.66 0.67 0.65 0.67 0.67 0.63 0.66 0.63 0.62 0.62 0.50 0.62 0.63 0.63 0.39 0.42 0.42 0.42
0.95 0.96 0.96 0.96 0.86 0.95 0.96 0.95 0.95 0.95 0.95 0.95 0.95 0.95 0.95 0.95 0.80 0.95 0.92 0.95 0.95 0.95 0.95 0.95 0.85 0.91 0.95 0.80 0.94 0.95 0.95 0.95 0.95 0.95 0.95 0.95 0.94 0.95 0.94 1.00 0.90 0.97 0.92 0.96 0.96 0.96 0.96 0.96 0.96 0.96 0.96 0.96 0.46 0.93 0.93 0.93 0.93 0.93 0.47 0.47 0.14 0.26 0.94 0.95 0.95 0.95 0.95 0.95 0.95 0.95 0.95 0.95 0.95 0.95 0.95 0.95 0.89 0.94 0.94 0.95 0.85 0.89 0.89 0.89
0.97 0.98 0.98 0.98 0.93 0.97 0.98 0.98 0.97 0.97 0.97 0.97 0.97 0.97 0.97 0.97 0.87 0.97 0.96 0.97 0.97 0.97 0.97 0.97 0.92 0.96 0.97 0.88 0.97 0.97 0.97 0.97 0.97 0.97 0.97 0.97 0.97 0.97 0.97 1.00 0.95 0.98 0.96 0.98 0.98 0.98 0.98 0.98 0.98 0.98 0.98 0.98 0.60 0.97 0.97 0.97 0.97 0.97 0.59 0.60 0.24 0.35 0.97 0.97 0.97 0.97 0.97 0.97 0.97 0.97 0.97 0.97 0.97 0.97 0.97 0.97 0.95 0.97 0.97 0.97 0.92 0.95 0.95 0.95
0.75 0.79 0.79 0.81 0.58 0.75 0.79 0.79 0.76 0.75 0.76 0.75 0.75 0.75 0.75 0.74 0.49 0.73 0.66 0.73 0.75 0.75 0.75 0.73 0.47 0.60 0.73 0.44 0.67 0.73 0.72 0.72 0.73 0.73 0.72 0.72 0.70 0.73 0.70 1.00 0.68 0.86 0.72 0.82 0.82 0.80 0.82 0.81 0.79 0.80 0.80 0.80 0.15 0.73 0.73 0.73 0.73 0.73 0.20 0.19 0.02 0.10 0.69 0.75 0.75 0.75 0.75 0.76 0.74 0.76 0.76 0.73 0.75 0.73 0.72 0.72 0.62 0.72 0.73 0.73 0.51 0.54 0.54 0.54
0.75 0.79 0.79 0.81 0.58 0.75 0.79 0.80 0.77 0.75 0.77 0.76 0.75 0.75 0.75 0.74 0.48 0.73 0.65 0.73 0.75 0.75 0.75 0.73 0.48 0.59 0.73 0.44 0.67 0.73 0.72 0.72 0.73 0.73 0.72 0.72 0.70 0.73 0.70 1.00 0.68 0.87 0.72 0.82 0.82 0.80 0.82 0.81 0.79 0.80 0.80 0.80 0.15 0.73 0.73 0.73 0.73 0.73 0.20 0.19 0.02 0.11 0.69 0.75 0.75 0.75 0.75 0.76 0.74 0.76 0.76 0.73 0.75 0.73 0.72 0.72 0.61 0.72 0.73 0.72 0.50 0.54 0.54 0.54
0.97 0.97 0.97 0.97 0.92 0.97 0.97 0.97 0.97 0.97 0.97 0.97 0.97 0.97 0.97 0.97 0.86 0.97 0.96 0.97 0.97 0.97 0.97 0.97 0.90 0.95 0.97 0.86 0.97 0.97 0.97 0.97 0.97 0.97 0.97 0.97 0.97 0.97 0.97 1.00 0.94 0.98 0.95 0.98 0.98 0.97 0.98 0.98 0.97 0.97 0.97 0.97 0.58 0.96 0.96 0.96 0.96 0.96 0.56 0.56 0.21 0.33 0.96 0.97 0.97 0.97 0.97 0.97 0.97 0.97 0.97 0.97 0.97 0.97 0.97 0.97 0.94 0.97 0.97 0.97 0.91 0.94 0.94 0.94
0.71 0.77 0.77 0.79 0.54 0.72 0.77 0.77 0.73 0.71 0.73 0.72 0.71 0.71 0.71 0.70 0.44 0.69 0.61 0.68 0.71 0.71 0.71 0.69 0.42 0.54 0.68 0.40 0.62 0.68 0.67 0.67 0.69 0.68 0.67 0.67 0.65 0.68 0.65 1.00 0.64 0.84 0.69 0.79 0.79 0.77 0.79 0.78 0.76 0.77 0.77 0.77 0.13 0.69 0.69 0.69 0.69 0.69 0.18 0.16 0.02 0.09 0.65 0.71 0.71 0.71 0.71 0.72 0.71 0.72 0.72 0.69 0.71 0.69 0.68 0.68 0.56 0.68 0.69 0.69 0.45 0.48 0.48 0.48
0.70 0.76 0.76 0.78 0.52 0.70 0.76 0.77 0.73 0.70 0.72 0.71 0.70 0.69 0.70 0.69 0.43 0.67 0.59 0.67 0.69 0.69 0.70 0.67 0.40 0.53 0.67 0.37 0.60 0.67 0.66 0.66 0.67 0.67 0.66 0.66 0.64 0.67 0.64 1.00 0.62 0.83 0.67 0.78 0.78 0.76 0.78 0.77 0.75 0.76 0.76 0.76 0.12 0.68 0.68 0.68 0.68 0.68 0.17 0.16 0.02 0.08 0.63 0.70 0.70 0.70 0.70 0.71 0.69 0.71 0.71 0.67 0.70 0.67 0.66 0.66 0.54 0.66 0.67 0.68 0.43 0.46 0.46 0.46
0.98 0.98 0.98 0.98 0.94 0.98 0.98 0.98 0.98 0.98 0.98 0.98 0.98 0.98 0.98 0.98 0.88 0.98 0.97 0.98 0.98 0.98 0.98 0.98 0.93 0.97 0.98 0.89 0.98 0.98 0.98 0.98 0.98 0.98 0.98 0.98 0.98 0.98 0.98 1.00 0.96 0.99 0.96 0.98 0.98 0.98 0.98 0.98 0.98 0.98 0.98 0.98 0.63 0.97 0.97 0.97 0.97 0.97 0.61 0.61 0.27 0.38 0.98 0.98 0.98 0.98 0.98 0.98 0.98 0.98 0.98 0.98 0.98 0.98 0.98 0.98 0.96 0.98 0.97 0.98 0.93 0.96 0.96 0.96
0.82 0.85 0.85 0.86 0.66 0.83 0.85 0.85 0.82 0.82 0.83 0.82 0.82 0.82 0.82 0.81 0.57 0.81 0.75 0.81 0.82 0.82 0.82 0.81 0.59 0.71 0.81 0.55 0.77 0.81 0.81 0.81 0.81 0.81 0.81 0.81 0.79 0.81 0.79 1.00 0.74 0.89 0.78 0.86 0.86 0.85 0.86 0.86 0.84 0.85 0.85 0.85 0.21 0.80 0.80 0.80 0.80 0.80 0.27 0.25 0.04 0.13 0.78 0.83 0.83 0.83 0.83 0.83 0.82 0.83 0.83 0.81 0.83 0.81 0.81 0.80 0.70 0.80 0.80 0.80 0.61 0.65 0.65 0.65
0.98 0.98 0.98 0.98 0.94 0.98 0.98 0.98 0.98 0.98 0.98 0.98 0.98 0.98 0.98 0.98 0.89 0.98 0.97 0.98 0.98 0.98 0.98 0.98 0.93 0.97 0.98 0.89 0.98 0.98 0.98 0.98 0.98 0.98 0.98 0.98 0.98 0.98 0.98 1.00 0.96 0.99 0.97 0.98 0.98 0.98 0.98 0.98 0.98 0.98 0.98 0.98 0.63 0.97 0.97 0.97 0.97 0.97 0.60 0.61 0.26 0.36 0.98 0.98 0.98 0.98 0.98 0.98 0.98 0.98 0.98 0.98 0.98 0.98 0.98 0.98 0.96 0.98 0.98 0.98 0.93 0.96 0.96 0.96
0.73 0.78 0.78 0.80 0.56 0.73 0.78 0.78 0.75 0.73 0.75 0.73 0.73 0.72 0.73 0.72 0.45 0.71 0.63 0.70 0.72 0.72 0.73 0.71 0.45 0.57 0.70 0.41 0.64 0.70 0.70 0.70 0.71 0.70 0.70 0.70 0.67 0.70 0.67 1.00 0.65 0.84 0.70 0.80 0.80 0.77 0.80 0.79 0.77 0.77 0.77 0.77 0.14 0.70 0.70 0.70 0.70 0.70 0.19 0.17 0.02 0.09 0.67 0.74 0.74 0.74 0.74 0.74 0.73 0.74 0.74 0.71 0.74 0.71 0.70 0.70 0.59 0.70 0.71 0.71 0.48 0.51 0.51 0.51
0.97 0.97 0.97 0.97 0.93 0.97 0.97 0.97 0.97 0.97 0.97 0.97 0.97 0.97 0.97 0.97 0.87 0.97 0.96 0.97 0.97 0.97 0.97 0.97 0.92 0.96 0.97 0.88 0.97 0.97 0.97 0.97 0.97 0.97 0.97 0.97 0.97 0.97 0.97 1.00 0.95 0.98 0.96 0.98 0.98 0.98 0.98 0.98 0.98 0.98 0.98 0.98 0.61 0.96 0.96 0.96 0.96 0.96 0.58 0.59 0.24 0.35 0.97 0.97 0.97 0.97 0.97 0.97 0.97 0.97 0.97 0.97 0.97 0.97 0.97 0.97 0.95 0.97 0.97 0.97 0.92 0.95 0.95 0.95
0.88 0.89 0.89 0.90 0.74 0.88 0.89 0.89 0.87 0.88 0.88 0.88 0.88 0.88 0.88 0.87 0.66 0.87 0.82 0.88 0.88 0.88 0.88 0.87 0.69 0.80 0.88 0.64 0.85 0.88 0.87 0.87 0.87 0.88 0.87 0.87 0.86 0.88 0.86 1.00 0.81 0.93 0.84 0.91 0.91 0.90 0.91 0.91 0.90 0.90 0.90 0.90 0.29 0.86 0.86 0.86 0.86 0.86 0.33 0.32 0.07 0.17 0.85 0.88 0.88 0.88 0.88 0.88 0.88 0.88 0.88 0.87 0.88 0.87 0.87 0.87 0.79 0.86 0.86 0.87 0.71 0.76 0.76 0.76
0.55 0.65 0.65 0.69 0.39 0.54 0.65 0.65 0.61 0.54 0.58 0.56 0.54 0.52 0.53 0.52 0.27 0.49 0.41 0.48 0.52 0.52 0.53 0.49 0.23 0.33 0.48 0.21 0.41 0.48 0.47 0.47 0.49 0.48 0.47 0.47 0.44 0.48 0.44 1.00 0.50 0.76 0.56 0.68 0.68 0.64 0.68 0.66 0.63 0.64 0.64 0.64 0.06 0.55 0.55 0.55 0.55 0.55 0.09 0.08 0.01 0.04 0.46 0.54 0.54 0.54 0.54 0.55 0.53 0.55 0.55 0.50 0.54 0.50 0.49 0.49 0.38 0.50 0.52 0.51 0.27 0.29 0.29 0.29
0.80 0.83 0.83 0.84 0.63 0.80 0.83 0.83 0.80 0.80 0.80 0.80 0.80 0.80 0.80 0.79 0.54 0.78 0.72 0.78 0.80 0.80 0.80 0.78 0.55 0.68 0.78 0.51 0.74 0.78 0.78 0.78 0.78 0.78 0.78 0.78 0.76 0.78 0.76 1.00 0.73 0.88 0.77 0.85 0.85 0.84 0.85 0.85 0.83 0.84 0.84 0.84 0.19 0.77 0.77 0.77 0.77 0.77 0.24 0.23 0.03 0.12 0.75 0.80 0.80 0.80 0.80 0.81 0.79 0.81 0.81 0.78 0.80 0.78 0.78 0.77 0.67 0.77 0.77 0.78 0.57 0.61 0.61 0.61
0.50 0.61 0.61 0.66 0.34 0.49 0.61 0.62 0.57 0.48 0.54 0.51 0.48 0.47 0.47 0.47 0.23 0.44 0.34 0.41 0.47 0.47 0.47 0.44 0.19 0.27 0.41 0.18 0.34 0.41 0.40 0.40 0.44 0.41 0.40 0.40 0.38 0.41 0.38 1.00 0.47 0.74 0.53 0.65 0.65 0.61 0.65 0.64 0.59 0.61 0.61 0.61 0.04 0.51 0.51 0.51 0.51 0.51 0.08 0.07 0.00 0.04 0.40 0.49 0.49 0.49 0.49 0.50 0.48 0.50 0.50 0.44 0.49 0.45 0.43 0.43 0.34 0.45 0.47 0.46 0.22 0.24 0.24 0.24
0.91 0.92 0.92 0.93 0.80 0.92 0.92 0.92 0.91 0.92 0.92 0.92 0.92 0.92 0.92 0.91 0.72 0.91 0.88 0.92 0.92 0.92 0.92 0.91 0.77 0.86 0.92 0.73 0.90 0.92 0.91 0.91 0.91 0.92 0.91 0.91 0.90 0.92 0.90 1.00 0.87 0.95 0.89 0.93 0.93 0.93 0.93 0.93 0.93 0.93 0.93 0.93 0.37 0.89 0.89 0.89 0.89 0.89 0.38 0.40 0.10 0.21 0.90 0.92 0.92 0.92 0.92 0.92 0.91 0.92 0.92 0.91 0.92 0.91 0.91 0.91 0.84 0.90 0.90 0.90 0.77 0.82 0.82 0.82
0.58 0.67 0.67 0.71 0.41 0.58 0.67 0.68 0.64 0.58 0.62 0.60 0.58 0.56 0.57 0.56 0.30 0.54 0.45 0.52 0.56 0.56 0.57 0.54 0.27 0.37 0.52 0.25 0.46 0.52 0.52 0.51 0.54 0.52 0.52 0.51 0.49 0.52 0.49 1.00 0.53 0.78 0.59 0.70 0.70 0.67 0.70 0.69 0.66 0.67 0.67 0.67 0.07 0.58 0.58 0.58 0.58 0.58 0.11 0.09 0.01 0.06 0.50 0.58 0.58 0.58 0.58 0.59 0.57 0.59 0.59 0.54 0.58 0.54 0.53 0.53 0.42 0.54 0.56 0.55 0.30 0.32 0.32 0.32
0.69 0.75 0.75 0.77 0.52 0.69 0.75 0.75 0.72 0.69 0.71 0.70 0.69 0.68 0.69 0.68 0.42 0.66 0.58 0.66 0.68 0.68 0.68 0.66 0.40 0.51 0.66 0.37 0.59 0.66 0.65 0.65 0.66 0.66 0.65 0.65 0.62 0.66 0.62 1.00 0.62 0.83 0.67 0.78 0.78 0.76 0.78 0.77 0.75 0.76 0.76 0.76 0.11 0.68 0.68 0.68 0.68 0.68 0.17 0.15 0.02 0.07 0.62 0.69 0.69 0.69 0.69 0.70 0.68 0.70 0.70 0.66 0.69 0.67 0.65 0.66 0.54 0.66 0.67 0.67 0.43 0.47 0.47 0.47
0.97 0.97 0.97 0.97 0.90 0.97 0.97 0.97 0.96 0.97 0.97 0.97 0.97 0.97 0.97 0.97 0.84 0.97 0.95 0.97 0.97 0.97 0.97 0.97 0.90 0.95 0.97 0.86 0.96 0.97 0.97 0.97 0.97 0.97 0.97 0.97 0.96 0.97 0.96 1.00 0.93 0.98 0.94 0.97 0.97 0.97 0.97 0.97 0.97 0.97 0.97 0.97 0.55 0.95 0.95 0.95 0.95 0.95 0.54 0.54 0.20 0.33 0.96 0.97 0.97 0.97 0.97 0.97 0.97 0.97 0.97 0.97 0.97 0.97 0.97 0.97 0.93 0.96 0.96 0.96 0.90 0.93 0.93 0.93
0.97 0.97 0.97 0.97 0.91 0.97 0.97 0.97 0.96 0.97 0.97 0.97 0.97 0.97 0.97 0.97 0.85 0.97 0.95 0.97 0.97 0.97 0.97 0.97 0.89 0.95 0.97 0.85 0.96 0.97 0.97 0.97 0.97 0.97 0.97 0.97 0.96 0.97 0.96 1.00 0.94 0.98 0.95 0.97 0.97 0.97 0.97 0.97 0.97 0.97 0.97 0.97 0.55 0.96 0.96 0.96 0.96 0.96 0.53 0.55 0.21 0.32 0.96 0.97 0.97 0.97 0.97 0.97 0.97 0.97 0.97 0.97 0.97 0.97 0.97 0.97 0.93 0.96 0.96 0.97 0.90 0.93 0.93 0.93
0.48 0.60 0.60 0.65 0.33 0.47 0.60 0.61 0.56 0.47 0.52 0.50 0.47 0.45 0.46 0.46 0.22 0.43 0.32 0.39 0.45 0.45 0.45 0.43 0.18 0.25 0.39 0.17 0.33 0.39 0.39 0.39 0.43 0.39 0.39 0.39 0.36 0.39 0.36 1.00 0.45 0.73 0.52 0.64 0.64 0.60 0.64 0.62 0.58 0.60 0.60 0.60 0.04 0.50 0.50 0.50 0.50 0.50 0.08 0.07 0.00 0.04 0.38 0.47 0.47 0.47 0.47 0.48 0.47 0.48 0.48 0.42 0.47 0.43 0.41 0.41 0.32 0.44 0.47 0.45 0.21 0.22 0.22 0.22
0.74 0.79 0.79 0.81 0.57 0.75 0.79 0.79 0.76 0.74 0.76 0.75 0.74 0.75 0.75 0.74 0.48 0.73 0.65 0.72 0.75 0.75 0.75 0.73 0.47 0.59 0.72 0.44 0.67 0.72 0.72 0.72 0.73 0.72 0.72 0.72 0.69 0.72 0.69 1.00 0.67 0.86 0.72 0.82 0.82 0.80 0.82 0.81 0.79 0.80 0.80 0.80 0.15 0.72 0.72 0.72 0.72 0.72 0.20 0.18 0.03 0.10 0.69 0.75 0.75 0.75 0.75 0.75 0.74 0.75 0.75 0.72 0.75 0.73 0.72 0.72 0.61 0.72 0.72 0.73 0.50 0.53 0.53 0.53
0.73 0.78 0.78 0.79 0.54 0.73 0.78 0.78 0.74 0.73 0.74 0.74 0.73 0.72 0.73 0.72 0.45 0.70 0.63 0.70 0.72 0.72 0.72 0.70 0.44 0.56 0.70 0.41 0.65 0.70 0.70 0.70 0.70 0.70 0.70 0.70 0.67 0.70 0.67 1.00 0.65 0.85 0.70 0.80 0.80 0.78 0.80 0.79 0.77 0.78 0.78 0.78 0.13 0.70 0.70 0.70 0.70 0.70 0.18 0.17 0.02 0.09 0.66 0.73 0.73 0.73 0.73 0.73 0.72 0.73 0.73 0.70 0.73 0.70 0.69 0.69 0.58 0.69 0.70 0.70 0.47 0.51 0.51 0.51
0.54 0.64 0.64 0.68 0.38 0.53 0.64 0.65 0.60 0.52 0.57 0.55 0.52 0.51 0.52 0.52 0.27 0.49 0.38 0.46 0.51 0.51 0.51 0.49 0.22 0.31 0.46 0.21 0.39 0.46 0.46 0.45 0.49 0.46 0.46 0.46 0.43 0.46 0.43 1.00 0.49 0.76 0.56 0.67 0.67 0.63 0.67 0.66 0.62 0.63 0.63 0.63 0.05 0.53 0.53 0.53 0.53 0.53 0.09 0.08 0.01 0.05 0.44 0.52 0.52 0.52 0.52 0.54 0.52 0.54 0.54 0.48 0.52 0.49 0.47 0.47 0.37 0.49 0.52 0.50 0.26 0.27 0.27 0.27
0.72 0.77 0.77 0.79 0.54 0.72 0.77 0.78 0.74 0.72 0.73 0.72 0.72 0.71 0.71 0.70 0.44 0.69 0.61 0.69 0.71 0.71 0.71 0.69 0.42 0.55 0.69 0.39 0.63 0.69 0.68 0.68 0.69 0.69 0.68 0.68 0.65 0.69 0.65 1.00 0.64 0.85 0.69 0.80 0.80 0.77 0.80 0.79 0.76 0.77 0.77 0.77 0.13 0.69 0.69 0.69 0.69 0.69 0.17 0.16 0.02 0.09 0.65 0.72 0.72 0.72 0.72 0.73 0.71 0.73 0.73 0.69 0.72 0.69 0.68 0.68 0.57 0.68 0.69 0.69 0.45 0.49 0.49 0.49
0.63 0.70 0.70 0.73 0.45 0.62 0.70 0.70 0.67 0.62 0.65 0.63 0.62 0.61 0.61 0.61 0.35 0.59 0.50 0.58 0.61 0.61 0.61 0.59 0.31 0.42 0.58 0.29 0.51 0.58 0.57 0.57 0.59 0.58 0.57 0.57 0.54 0.58 0.54 1.00 0.56 0.80 0.62 0.73 0.73 0.70 0.73 0.72 0.69 0.70 0.70 0.70 0.08 0.61 0.61 0.61 0.61 0.61 0.13 0.11 0.01 0.07 0.54 0.62 0.62 0.62 0.62 0.63 0.62 0.63 0.63 0.59 0.62 0.60 0.58 0.57 0.46 0.58 0.60 0.60 0.34 0.37 0.37 0.37
0.85 0.87 0.87 0.88 0.70 0.86 0.87 0.87 0.85 0.85 0.86 0.85 0.85 0.85 0.85 0.84 0.62 0.84 0.79 0.84 0.85 0.85 0.85 0.84 0.64 0.75 0.84 0.60 0.81 0.84 0.84 0.84 0.84 0.84 0.84 0.84 0.82 0.84 0.82 1.00 0.78 0.92 0.81 0.88 0.88 0.87 0.88 0.88 0.87 0.87 0.87 0.87 0.24 0.82 0.82 0.82 0.82 0.82 0.29 0.29 0.05 0.15 0.82 0.86 0.86 0.86 0.86 0.86 0.85 0.86 0.86 0.84 0.86 0.84 0.84 0.84 0.74 0.83 0.83 0.83 0.66 0.70 0.70 0.70
0.50 0.61 0.61 0.66 0.35 0.48 0.61 0.62 0.57 0.48 0.54 0.51 0.48 0.47 0.47 0.48 0.23 0.44 0.34 0.41 0.47 0.47 0.47 0.44 0.19 0.27 0.41 0.17 0.34 0.41 0.40 0.40 0.44 0.41 0.40 0.40 0.37 0.41 0.37 1.00 0.46 0.74 0.53 0.65 0.65 0.61 0.65 0.63 0.59 0.61 0.61 0.61 0.04 0.51 0.51 0.51 0.51 0.51 0.08 0.07 0.01 0.04 0.39 0.48 0.48 0.48 0.48 0.50 0.48 0.50 0.50 0.44 0.48 0.45 0.42 0.43 0.33 0.45 0.47 0.46 0.22 0.23 0.23 0.23
0.98 0.98 0.98 0.98 0.95 0.98 0.98 0.98 0.98 0.98 0.98 0.98 0.98 0.98 0.98 0.98 0.90 0.98 0.97 0.98 0.98 0.98 0.98 0.98 0.94 0.97 0.98 0.91 0.98 0.98 0.98 0.98 0.98 0.98 0.98 0.98 0.98 0.98 0.98 1.00 0.96 0.99 0.97 0.99 0.99 0.99 0.99 0.99 0.99 0.99 0.99 0.99 0.66 0.97 0.97 0.97 0.97 0.97 0.62 0.64 0.30 0.40 0.98 0.98 0.98 0.98 0.98 0.98 0.98 0.98 0.98 0.98 0.98 0.98 0.98 0.98 0.96 0.98 0.98 0.98 0.94 0.96 0.96 0.96
0.70 0.76 0.76 0.78 0.52 0.71 0.76 0.76 0.73 0.70 0.72 0.71 0.70 0.69 0.69 0.68 0.42 0.67 0.60 0.67 0.69 0.69 0.69 0.67 0.41 0.53 0.67 0.38 0.61 0.67 0.66 0.66 0.67 0.67 0.66 0.66 0.63 0.67 0.63 1.00 0.63 0.84 0.68 0.79 0.79 0.76 0.79 0.78 0.75 0.76 0.76 0.76 0.12 0.69 0.69 0.69 0.69 0.69 0.17 0.16 0.02 0.08 0.64 0.71 0.71 0.71 0.71 0.71 0.70 0.71 0.71 0.68 0.71 0.68 0.67 0.67 0.55 0.67 0.68 0.68 0.44 0.48 0.48 0.48
0.75 0.80 0.80 0.81 0.57 0.75 0.80 0.80 0.77 0.75 0.77 0.76 0.75 0.75 0.75 0.74 0.48 0.73 0.65 0.73 0.75 0.75 0.75 0.73 0.48 0.60 0.73 0.44 0.68 0.73 0.72 0.72 0.73 0.73 0.72 0.72 0.70 0.73 0.70 1.00 0.67 0.86 0.72 0.82 0.82 0.80 0.82 0.81 0.79 0.80 0.80 0.80 0.14 0.72 0.72 0.72 0.72 0.72 0.19 0.19 0.02 0.10 0.69 0.75 0.75 0.75 0.75 0.76 0.74 0.76 0.76 0.73 0.75 0.73 0.72 0.72 0.61 0.72 0.73 0.73 0.50 0.53 0.53 0.53
0.87 0.89 0.89 0.89 0.74 0.88 0.89 0.89 0.87 0.87 0.88 0.88 0.87 0.88 0.88 0.87 0.65 0.87 0.82 0.87 0.88 0.88 0.88 0.87 0.68 0.80 0.87 0.64 0.84 0.87 0.87 0.87 0.87 0.87 0.87 0.87 0.85 0.87 0.85 1.00 0.81 0.92 0.84 0.90 0.90 0.89 0.90 0.90 0.89 0.89 0.89 0.89 0.28 0.85 0.85 0.85 0.85 0.85 0.31 0.33 0.07 0.16 0.84 0.88 0.88 0.88 0.88 0.88 0.87 0.88 0.88 0.87 0.88 0.86 0.86 0.86 0.78 0.86 0.86 0.86 0.70 0.74 0.74 0.74
0.78 0.82 0.82 0.83 0.61 0.79 0.82 0.82 0.79 0.78 0.79 0.79 0.78 0.78 0.78 0.77 0.53 0.76 0.70 0.77 0.78 0.78 0.78 0.76 0.52 0.64 0.77 0.49 0.72 0.77 0.76 0.76 0.76 0.77 0.76 0.76 0.74 0.77 0.74 1.00 0.71 0.88 0.75 0.84 0.84 0.82 0.84 0.83 0.81 0.82 0.82 0.82 0.17 0.75 0.75 0.75 0.75 0.75 0.22 0.21 0.03 0.11 0.73 0.79 0.79 0.79 0.79 0.79 0.78 0.79 0.79 0.76 0.79 0.77 0.76 0.76 0.64 0.75 0.76 0.76 0.55 0.58 0.58 0.58
0.77 0.81 0.81 0.83 0.60 0.78 0.81 0.81 0.78 0.78 0.78 0.78 0.78 0.77 0.77 0.76 0.51 0.75 0.68 0.75 0.77 0.77 0.77 0.75 0.50 0.63 0.75 0.47 0.70 0.75 0.75 0.75 0.75 0.75 0.75 0.75 0.72 0.75 0.72 1.00 0.70 0.88 0.74 0.83 0.83 0.82 0.83 0.83 0.81 0.82 0.82 0.82 0.16 0.75 0.75 0.75 0.75 0.75 0.21 0.20 0.03 0.11 0.72 0.78 0.78 0.78 0.78 0.78 0.77 0.78 0.78 0.76 0.78 0.76 0.75 0.75 0.64 0.74 0.75 0.75 0.53 0.56 0.56 0.56
0.52 0.62 0.62 0.67 0.36 0.50 0.62 0.64 0.59 0.50 0.56 0.53 0.50 0.49 0.50 0.49 0.25 0.46 0.36 0.44 0.49 0.49 0.49 0.46 0.21 0.29 0.44 0.19 0.37 0.44 0.43 0.43 0.46 0.44 0.43 0.43 0.40 0.44 0.40 1.00 0.49 0.76 0.56 0.67 0.67 0.64 0.67 0.66 0.62 0.64 0.64 0.64 0.04 0.53 0.53 0.53 0.53 0.53 0.08 0.07 0.01 0.05 0.41 0.50 0.50 0.50 0.50 0.52 0.50 0.52 0.52 0.46 0.50 0.47 0.45 0.45 0.35 0.47 0.50 0.48 0.24 0.26 0.26 0.26
0.88 0.90 0.90 0.90 0.75 0.88 0.90 0.90 0.88 0.88 0.88 0.88 0.88 0.88 0.88 0.88 0.66 0.88 0.83 0.88 0.88 0.88 0.88 0.88 0.70 0.81 0.88 0.65 0.85 0.88 0.88 0.88 0.88 0.88 0.88 0.88 0.86 0.88 0.86 1.00 0.81 0.93 0.84 0.91 0.91 0.90 0.91 0.90 0.89 0.90 0.90 0.90 0.30 0.85 0.85 0.85 0.85 0.85 0.33 0.33 0.07 0.18 0.86 0.88 0.88 0.88 0.88 0.89 0.88 0.89 0.89 0.88 0.88 0.87 0.87 0.87 0.79 0.87 0.87 0.87 0.71 0.76 0.76 0.76
0.90 0.91 0.91 0.91 0.78 0.90 0.91 0.91 0.89 0.90 0.90 0.90 0.90 0.90 0.90 0.89 0.70 0.90 0.86 0.90 0.90 0.90 0.90 0.90 0.74 0.83 0.90 0.69 0.87 0.90 0.90 0.90 0.90 0.90 0.90 0.90 0.88 0.90 0.88 1.00 0.83 0.94 0.86 0.92 0.92 0.92 0.92 0.92 0.91 0.92 0.92 0.92 0.33 0.88 0.88 0.88 0.88 0.88 0.36 0.36 0.08 0.19 0.88 0.90 0.90 0.90 0.90 0.90 0.90 0.90 0.90 0.90 0.90 0.89 0.89 0.89 0.82 0.89 0.88 0.89 0.76 0.79 0.79 0.79
0.96 0.97 0.97 0.97 0.91 0.97 0.97 0.97 0.96 0.97 0.97 0.97 0.97 0.97 0.97 0.97 0.84 0.97 0.95 0.97 0.97 0.97 0.97 0.97 0.89 0.95 0.97 0.84 0.96 0.97 0.97 0.97 0.97 0.97 0.97 0.97 0.96 0.97 0.96 1.00 0.93 0.98 0.94 0.97 0.97 0.97 0.97 0.97 0.97 0.97 0.97 0.97 0.54 0.95 0.95 0.95 0.95 0.95 0.53 0.54 0.19 0.31 0.96 0.97 0.97 0.97 0.97 0.97 0.97 0.97 0.97 0.97 0.97 0.96 0.96 0.96 0.92 0.96 0.96 0.96 0.89 0.93 0.93 0.93
0.72 0.77 0.77 0.79 0.54 0.72 0.77 0.77 0.74 0.72 0.73 0.72 0.72 0.71 0.72 0.70 0.45 0.70 0.62 0.69 0.71 0.71 0.71 0.70 0.43 0.55 0.69 0.41 0.63 0.69 0.68 0.68 0.70 0.69 0.68 0.68 0.66 0.69 0.66 1.00 0.64 0.85 0.69 0.79 0.79 0.77 0.79 0.78 0.76 0.77 0.77 0.77 0.12 0.69 0.69 0.69 0.69 0.69 0.17 0.17 0.02 0.09 0.66 0.72 0.72 0.72 0.72 0.73 0.71 0.73 0.73 0.70 0.72 0.70 0.69 0.69 0.57 0.69 0.69 0.70 0.46 0.49 0.49 0.49
0.97 0.97 0.97 0.97 0.91 0.97 0.97 0.97 0.96 0.97 0.97 0.97 0.97 0.97 0.97 0.96 0.85 0.97 0.95 0.97 0.97 0.97 0.97 0.97 0.89 0.95 0.97 0.85 0.96 0.97 0.97 0.97 0.97 0.97 0.97 0.97 0.96 0.97 0.96 1.00 0.93 0.98 0.94 0.97 0.97 0.97 0.97 0.97 0.97 0.97 0.97 0.97 0.55 0.95 0.95 0.95 0.95 0.95 0.53 0.53 0.18 0.31 0.96 0.97 0.97 0.97 0.97 0.97 0.96 0.97 0.97 0.96 0.97 0.96 0.96 0.96 0.93 0.96 0.96 0.96 0.89 0.93 0.93 0.93
0.82 0.85 0.85 0.86 0.67 0.83 0.85 0.85 0.83 0.83 0.84 0.83 0.83 0.83 0.83 0.82 0.58 0.82 0.75 0.82 0.83 0.83 0.83 0.82 0.59 0.72 0.82 0.56 0.78 0.82 0.82 0.82 0.82 0.82 0.82 0.82 0.79 0.82 0.79 1.00 0.75 0.90 0.78 0.86 0.86 0.85 0.86 0.86 0.84 0.85 0.85 0.85 0.21 0.79 0.79 0.79 0.79 0.79 0.25 0.25 0.04 0.13 0.79 0.83 0.83 0.83 0.83 0.83 0.82 0.83 0.83 0.82 0.83 0.81 0.81 0.81 0.71 0.80 0.80 0.81 0.62 0.66 0.66 0.66
0.85 0.87 0.87 0.88 0.70 0.85 0.87 0.87 0.85 0.85 0.85 0.85 0.85 0.85 0.85 0.84 0.62 0.84 0.79 0.84 0.85 0.85 0.85 0.84 0.63 0.74 0.84 0.59 0.80 0.84 0.84 0.84 0.84 0.84 0.84 0.84 0.82 0.84 0.82 1.00 0.77 0.91 0.81 0.88 0.88 0.87 0.88 0.88 0.87 0.87 0.87 0.87 0.24 0.82 0.82 0.82 0.82 0.82 0.28 0.27 0.04 0.14 0.82 0.85 0.85 0.85 0.85 0.85 0.85 0.85 0.85 0.84 0.85 0.84 0.83 0.83 0.74 0.83 0.83 0.83 0.66 0.70 0.70 0.70
0.82 0.85 0.85 0.86 0.67 0.82 0.85 0.85 0.83 0.82 0.83 0.82 0.82 0.82 0.82 0.81 0.58 0.81 0.75 0.81 0.82 0.82 0.82 0.81 0.59 0.71 0.81 0.55 0.77 0.81 0.81 0.81 0.81 0.81 0.81 0.81 0.79 0.81 0.79 1.00 0.75 0.90 0.79 0.87 0.87 0.85 0.87 0.86 0.85 0.85 0.85 0.85 0.22 0.79 0.79 0.79 0.79 0.79 0.26 0.25 0.04 0.14 0.78 0.82 0.82 0.82 0.82 0.83 0.82 0.83 0.83 0.81 0.82 0.81 0.80 0.80 0.70 0.79 0.80 0.80 0.61 0.65 0.65 0.65
0.57 0.66 0.66 0.70 0.40 0.56 0.66 0.67 0.63 0.56 0.61 0.58 0.56 0.55 0.55 0.55 0.29 0.53 0.43 0.51 0.55 0.55 0.55 0.53 0.26 0.35 0.51 0.24 0.44 0.51 0.50 0.50 0.53 0.51 0.50 0.50 0.47 0.51 0.47 1.00 0.52 0.76 0.58 0.69 0.69 0.66 0.69 0.68 0.64 0.66 0.66 0.66 0.06 0.57 0.57 0.57 0.57 0.57 0.10 0.09 0.01 0.05 0.48 0.56 0.56 0.56 0.56 0.58 0.56 0.58 0.58 0.52 0.56 0.53 0.51 0.51 0.40 0.53 0.55 0.54 0.29 0.31 0.31 0.31
0.97 0.98 0.98 0.98 0.92 0.98 0.98 0.98 0.97 0.98 0.98 0.97 0.98 0.98 0.98 0.97 0.87 0.98 0.96 0.98 0.98 0.98 0.98 0.98 0.92 0.96 0.98 0.88 0.97 0.98 0.98 0.98 0.98 0.98 0.98 0.98 0.97 0.98 0.97 1.00 0.94 0.98 0.95 0.98 0.98 0.98 0.98 0.98 0.98 0.98 0.98 0.98 0.58 0.96 0.96 0.96 0.96 0.96 0.57 0.58 0.23 0.34 0.97 0.98 0.98 0.98 0.98 0.98 0.98 0.98 0.98 0.98 0.98 0.97 0.98 0.98 0.95 0.97 0.97 0.97 0.92 0.95 0.95 0.95
0.81 0.84 0.84 0.85 0.64 0.81 0.84 0.84 0.81 0.81 0.82 0.81 0.81 0.81 0.81 0.80 0.56 0.80 0.74 0.80 0.81 0.81 0.81 0.80 0.58 0.69 0.80 0.53 0.76 0.80 0.79 0.79 0.80 0.80 0.79 0.79 0.77 0.80 0.77 1.00 0.74 0.89 0.78 0.86 0.86 0.84 0.86 0.85 0.84 0.84 0.84 0.84 0.20 0.78 0.78 0.78 0.78 0.78 0.25 0.24 0.04 0.13 0.77 0.81 0.81 0.81 0.81 0.82 0.81 0.82 0.82 0.80 0.81 0.80 0.79 0.79 0.69 0.78 0.79 0.79 0.59 0.63 0.63 0.63
0.70 0.75 0.75 0.77 0.52 0.70 0.75 0.76 0.72 0.69 0.71 0.70 0.69 0.68 0.69 0.67 0.41 0.66 0.58 0.65 0.68 0.68 0.68 0.66 0.40 0.51 0.65 0.36 0.60 0.65 0.65 0.65 0.66 0.65 0.65 0.65 0.62 0.65 0.62 1.00 0.63 0.84 0.68 0.78 0.78 0.76 0.78 0.77 0.75 0.76 0.76 0.76 0.12 0.68 0.68 0.68 0.68 0.68 0.16 0.15 0.02 0.09 0.63 0.70 0.70 0.70 0.70 0.71 0.69 0.71 0.71 0.67 0.70 0.67 0.66 0.66 0.53 0.66 0.67 0.67 0.42 0.46 0.46 0.46
0.50 0.61 0.61 0.65 0.34 0.48 0.61 0.61 0.57 0.48 0.54 0.52 0.48 0.46 0.48 0.48 0.24 0.44 0.34 0.41 0.46 0.46 0.47 0.44 0.19 0.27 0.41 0.18 0.35 0.41 0.40 0.40 0.44 0.41 0.40 0.40 0.38 0.41 0.38 1.00 0.47 0.73 0.52 0.64 0.64 0.60 0.64 0.63 0.58 0.60 0.60 0.60 0.04 0.50 0.50 0.50 0.50 0.50 0.08 0.06 0.01 0.04 0.39 0.48 0.48 0.48 0.48 0.50 0.48 0.50 0.50 0.44 0.48 0.45 0.42 0.43 0.33 0.45 0.48 0.46 0.22 0.24 0.24 0.24
0.73 0.78 0.78 0.80 0.55 0.74 0.78 0.78 0.75 0.73 0.75 0.74 0.73 0.73 0.73 0.72 0.46 0.71 0.63 0.70 0.73 0.73 0.73 0.71 0.44 0.57 0.70 0.41 0.65 0.70 0.70 0.70 0.71 0.70 0.70 0.70 0.67 0.70 0.67 1.00 0.66 0.85 0.71 0.80 0.80 0.78 0.80 0.80 0.77 0.78 0.78 0.78 0.14 0.71 0.71 0.71 0.71 0.71 0.18 0.17 0.02 0.09 0.67 0.73 0.73 0.73 0.73 0.74 0.73 0.74 0.74 0.71 0.73 0.71 0.70 0.70 0.58 0.70 0.70 0.71 0.47 0.51 0.51 0.51
0.77 0.81 0.81 0.83 0.60 0.77 0.81 0.81 0.79 0.77 0.78 0.78 0.77 0.77 0.77 0.76 0.51 0.75 0.68 0.75 0.77 0.77 0.77 0.75 0.51 0.63 0.75 0.47 0.70 0.75 0.75 0.75 0.75 0.75 0.75 0.75 0.72 0.75 0.72 1.00 0.69 0.88 0.74 0.83 0.83 0.81 0.83 0.83 0.80 0.81 0.81 0.81 0.16 0.75 0.75 0.75 0.75 0.75 0.22 0.20 0.03 0.11 0.72 0.77 0.77 0.77 0.77 0.78 0.76 0.78 0.78 0.75 0.77 0.75 0.74 0.75 0.63 0.74 0.74 0.75 0.53 0.57 0.57 0.57
0.96 0.96 0.96 0.97 0.90 0.96 0.96 0.97 0.96 0.96 0.96 0.96 0.96 0.96 0.96 0.96 0.84 0.96 0.95 0.96 0.96 0.96 0.96 0.96 0.89 0.94 0.96 0.85 0.95 0.96 0.96 0.96 0.96 0.96 0.96 0.96 0.96 0.96 0.96 1.00 0.93 0.98 0.94 0.97 0.97 0.97 0.97 0.97 0.97 0.97 0.97 0.97 0.54 0.95 0.95 0.95 0.95 0.95 0.53 0.54 0.19 0.30 0.95 0.96 0.96 0.96 0.96 0.96 0.96 0.96 0.96 0.96 0.96 0.96 0.96 0.96 0.92 0.96 0.95 0.96 0.89 0.92 0.92 0.92
0.61 0.69 0.69 0.72 0.43 0.61 0.69 0.70 0.66 0.61 0.64 0.62 0.61 0.60 0.60 0.59 0.33 0.57 0.48 0.56 0.60 0.60 0.60 0.57 0.31 0.41 0.56 0.29 0.49 0.56 0.55 0.55 0.57 0.56 0.55 0.55 0.53 0.56 0.53 1.00 0.56 0.79 0.62 0.73 0.73 0.70 0.73 0.71 0.68 0.70 0.70 0.70 0.07 0.60 0.60 0.60 0.60 0.60 0.13 0.11 0.01 0.06 0.53 0.61 0.61 0.61 0.61 0.62 0.60 0.62 0.62 0.57 0.61 0.58 0.56 0.56 0.45 0.57 0.58 0.58 0.33 0.36 0.36 0.36
0.88 0.89 0.89 0.90 0.75 0.88 0.89 0.89 0.87 0.88 0.88 0.88 0.88 0.88 0.88 0.87 0.65 0.87 0.83 0.88 0.88 0.88 0.88 0.87 0.69 0.80 0.88 0.65 0.85 0.88 0.87 0.87 0.87 0.88 0.87 0.87 0.86 0.88 0.86 1.00 0.81 0.93 0.84 0.91 0.91 0.90 0.91 0.91 0.90 0.90 0.90 0.90 0.29 0.85 0.85 0.85 0.85 0.85 0.33 0.33 0.07 0.17 0.85 0.88 0.88 0.88 0.88 0.88 0.88 0.88 0.88 0.87 0.88 0.87 0.87 0.87 0.78 0.86 0.86 0.86 0.71 0.75 0.75 0.75
0.81 0.84 0.84 0.86 0.65 0.82 0.84 0.84 0.82 0.82 0.82 0.82 0.82 0.81 0.81 0.81 0.56 0.80 0.74 0.80 0.81 0.81 0.81 0.80 0.57 0.69 0.80 0.53 0.76 0.80 0.80 0.80 0.80 0.80 0.80 0.80 0.78 0.80 0.78 1.00 0.73 0.89 0.77 0.86 0.86 0.84 0.86 0.85 0.84 0.84 0.84 0.84 0.20 0.78 0.78 0.78 0.78 0.78 0.25 0.24 0.04 0.13 0.77 0.82 0.82 0.82 0.82 0.82 0.81 0.82 0.82 0.80 0.82 0.80 0.80 0.79 0.69 0.79 0.79 0.80 0.60 0.64 0.64 0.64
0.91 0.92 0.92 0.93 0.81 0.92 0.92 0.92 0.91 0.92 0.92 0.92 0.92 0.92 0.92 0.91 0.73 0.91 0.88 0.92 0.92 0.92 0.92 0.91 0.78 0.86 0.92 0.73 0.90 0.92 0.91 0.91 0.91 0.92 0.91 0.91 0.90 0.92 0.90 1.00 0.86 0.95 0.88 0.94 0.94 0.93 0.94 0.93 0.93 0.93 0.93 0.93 0.37 0.89 0.89 0.89 0.89 0.89 0.38 0.39 0.10 0.21 0.90 0.92 0.92 0.92 0.92 0.92 0.91 0.92 0.92 0.91 0.92 0.91 0.91 0.91 0.84 0.90 0.90 0.91 0.78 0.82 0.82 0.82
0.83 0.85 0.85 0.86 0.67 0.83 0.85 0.85 0.83 0.83 0.83 0.83 0.83 0.83 0.83 0.82 0.58 0.82 0.76 0.82 0.83 0.83 0.83 0.82 0.59 0.72 0.82 0.55 0.78 0.82 0.81 0.81 0.82 0.82 0.81 0.81 0.80 0.82 0.80 1.00 0.75 0.90 0.79 0.87 0.87 0.86 0.87 0.87 0.85 0.86 0.86 0.86 0.21 0.80 0.80 0.80 0.80 0.80 0.27 0.27 0.04 0.14 0.79 0.83 0.83 0.83 0.83 0.83 0.82 0.83 0.83 0.82 0.83 0.82 0.81 0.81 0.71 0.80 0.80 0.81 0.61 0.66 0.66 0.66
0.67 0.74 0.74 0.76 0.49 0.68 0.74 0.75 0.71 0.67 0.70 0.68 0.67 0.67 0.67 0.66 0.40 0.65 0.56 0.63 0.67 0.67 0.67 0.65 0.37 0.48 0.63 0.34 0.57 0.63 0.62 0.62 0.65 0.63 0.62 0.62 0.60 0.63 0.60 1.00 0.60 0.82 0.65 0.76 0.76 0.73 0.76 0.75 0.72 0.73 0.73 0.73 0.10 0.65 0.65 0.65 0.65 0.65 0.14 0.13 0.01 0.08 0.60 0.67 0.67 0.67 0.67 0.68 0.67 0.68 0.68 0.64 0.67 0.64 0.63 0.63 0.51 0.63 0.64 0.64 0.40 0.43 0.43 0.43
0.75 0.79 0.79 0.81 0.58 0.75 0.79 0.79 0.76 0.75 0.76 0.75 0.75 0.74 0.74 0.74 0.48 0.72 0.65 0.72 0.74 0.74 0.74 0.72 0.47 0.59 0.72 0.44 0.67 0.72 0.72 0.72 0.72 0.72 0.72 0.72 0.69 0.72 0.69 1.00 0.67 0.86 0.72 0.81 0.81 0.79 0.81 0.81 0.79 0.79 0.79 0.79 0.15 0.73 0.73 0.73 0.73 0.73 0.20 0.19 0.02 0.10 0.69 0.75 0.75 0.75 0.75 0.76 0.75 0.76 0.76 0.73 0.75 0.73 0.72 0.72 0.60 0.71 0.72 0.72 0.50 0.54 0.54 0.54
0.67 0.73 0.73 0.76 0.50 0.67 0.73 0.74 0.70 0.67 0.69 0.68 0.67 0.66 0.67 0.65 0.40 0.64 0.56 0.63 0.66 0.66 0.67 0.64 0.37 0.49 0.63 0.34 0.57 0.63 0.62 0.63 0.64 0.63 0.62 0.63 0.60 0.63 0.60 1.00 0.60 0.82 0.65 0.76 0.76 0.74 0.76 0.75 0.72 0.74 0.74 0.74 0.10 0.65 0.65 0.65 0.65 0.65 0.15 0.14 0.01 0.08 0.60 0.67 0.67 0.67 0.67 0.68 0.67 0.68 0.68 0.64 0.67 0.65 0.63 0.63 0.52 0.63 0.65 0.64 0.40 0.43 0.43 0.43
0.79 0.83 0.83 0.84 0.63 0.80 0.83 0.83 0.80 0.80 0.80 0.80 0.80 0.80 0.80 0.79 0.54 0.78 0.72 0.78 0.80 0.80 0.80 0.78 0.55 0.67 0.78 0.51 0.74 0.78 0.78 0.78 0.78 0.78 0.78 0.78 0.76 0.78 0.76 1.00 0.72 0.89 0.76 0.85 0.85 0.84 0.85 0.85 0.83 0.84 0.84 0.84 0.19 0.78 0.78 0.78 0.78 0.78 0.24 0.23 0.03 0.12 0.75 0.80 0.80 0.80 0.80 0.80 0.79 0.80 0.80 0.78 0.80 0.78 0.78 0.77 0.67 0.77 0.77 0.78 0.57 0.61 0.61 0.61
0.76 0.80 0.80 0.82 0.59 0.76 0.80 0.81 0.77 0.76 0.77 0.77 0.76 0.76 0.77 0.76 0.49 0.75 0.67 0.74 0.76 0.76 0.77 0.75 0.49 0.62 0.74 0.45 0.69 0.74 0.74 0.74 0.75 0.74 0.74 0.74 0.71 0.74 0.71 1.00 0.69 0.87 0.73 0.83 0.83 0.81 0.83 0.83 0.80 0.81 0.81 0.81 0.15 0.74 0.74 0.74 0.74 0.74 0.20 0.19 0.03 0.10 0.71 0.77 0.77 0.77 0.77 0.77 0.76 0.77 0.77 0.74 0.77 0.74 0.74 0.74 0.63 0.73 0.74 0.74 0.52 0.56 0.56 0.56
0.69 0.75 0.75 0.77 0.51 0.69 0.75 0.75 0.71 0.69 0.72 0.70 0.69 0.68 0.69 0.68 0.41 0.67 0.58 0.66 0.68 0.68 0.69 0.67 0.40 0.52 0.66 0.37 0.60 0.66 0.65 0.65 0.67 0.66 0.65 0.65 0.63 0.66 0.63 1.00 0.62 0.83 0.68 0.78 0.78 0.76 0.78 0.77 0.75 0.76 0.76 0.76 0.11 0.68 0.68 0.68 0.68 0.68 0.17 0.16 0.02 0.08 0.63 0.69 0.69 0.69 0.69 0.70 0.68 0.70 0.70 0.66 0.69 0.67 0.65 0.65 0.53 0.65 0.66 0.66 0.42 0.45 0.45 0.45
0.56 0.65 0.65 0.69 0.39 0.55 0.65 0.67 0.62 0.54 0.59 0.57 0.54 0.53 0.54 0.53 0.28 0.50 0.41 0.49 0.53 0.53 0.53 0.50 0.24 0.33 0.49 0.22 0.41 0.49 0.48 0.47 0.50 0.49 0.48 0.47 0.45 0.49 0.45 1.00 0.50 0.76 0.56 0.68 0.68 0.65 0.68 0.67 0.63 0.65 0.65 0.65 0.06 0.55 0.55 0.55 0.55 0.55 0.10 0.08 0.01 0.05 0.46 0.55 0.55 0.55 0.55 0.56 0.54 0.56 0.56 0.51 0.55 0.52 0.49 0.49 0.39 0.51 0.53 0.52 0.26 0.29 0.29 0.29
0.73 0.78 0.78 0.80 0.55 0.73 0.78 0.78 0.75 0.73 0.74 0.73 0.73 0.72 0.73 0.72 0.46 0.71 0.64 0.70 0.72 0.72 0.73 0.71 0.44 0.56 0.70 0.41 0.65 0.70 0.70 0.70 0.71 0.70 0.70 0.70 0.67 0.70 0.67 1.00 0.65 0.86 0.70 0.80 0.80 0.78 0.80 0.80 0.77 0.78 0.78 0.78 0.13 0.71 0.71 0.71 0.71 0.71 0.19 0.17 0.02 0.09 0.67 0.73 0.73 0.73 0.73 0.74 0.72 0.74 0.74 0.71 0.73 0.71 0.70 0.70 0.59 0.70 0.70 0.70 0.47 0.51 0.51 0.51
0.97 0.98 0.98 0.98 0.93 0.97 0.98 0.97 0.97 0.97 0.97 0.97 0.97 0.98 0.97 0.97 0.87 0.97 0.96 0.97 0.98 0.98 0.98 0.97 0.92 0.96 0.97 0.88 0.97 0.97 0.97 0.97 0.97 0.97 0.97 0.97 0.97 0.97 0.97 1.00 0.95 0.98 0.96 0.98 0.98 0.98 0.98 0.98 0.98 0.98 0.98 0.98 0.60 0.96 0.96 0.96 0.96 0.96 0.58 0.59 0.24 0.34 0.97 0.97 0.97 0.97 0.97 0.97 0.97 0.97 0.97 0.97 0.97 0.97 0.97 0.97 0.95 0.97 0.97 0.97 0.92 0.95 0.95 0.95
0.89 0.90 0.90 0.91 0.76 0.89 0.90 0.90 0.88 0.89 0.89 0.89 0.89 0.89 0.89 0.88 0.67 0.88 0.84 0.89 0.89 0.89 0.89 0.88 0.71 0.81 0.89 0.66 0.86 0.89 0.88 0.88 0.88 0.89 0.88 0.88 0.87 0.89 0.87 1.00 0.82 0.93 0.85 0.91 0.91 0.91 0.91 0.91 0.90 0.91 0.91 0.91 0.30 0.86 0.86 0.86 0.86 0.86 0.33 0.33 0.07 0.17 0.86 0.89 0.89 0.89 0.89 0.89 0.89 0.89 0.89 0.88 0.89 0.88 0.88 0.88 0.80 0.88 0.87 0.88 0.72 0.77 0.77 0.77
0.72 0.77 0.77 0.79 0.54 0.72 0.77 0.77 0.74 0.72 0.74 0.73 0.72 0.72 0.72 0.71 0.45 0.70 0.62 0.69 0.72 0.72 0.72 0.70 0.44 0.56 0.69 0.41 0.64 0.69 0.69 0.69 0.70 0.69 0.69 0.69 0.66 0.69 0.66 1.00 0.65 0.85 0.70 0.80 0.80 0.78 0.80 0.79 0.77 0.78 0.78 0.78 0.13 0.70 0.70 0.70 0.70 0.70 0.18 0.16 0.02 0.10 0.66 0.72 0.72 0.72 0.72 0.73 0.72 0.73 0.73 0.70 0.72 0.70 0.69 0.69 0.57 0.69 0.70 0.70 0.46 0.49 0.49 0.49
0.60 0.69 0.69 0.72 0.43 0.59 0.69 0.69 0.65 0.59 0.63 0.61 0.59 0.59 0.59 0.58 0.33 0.56 0.47 0.55 0.59 0.59 0.59 0.56 0.29 0.40 0.55 0.27 0.48 0.55 0.53 0.53 0.56 0.55 0.53 0.54 0.51 0.55 0.51 1.00 0.54 0.78 0.60 0.72 0.72 0.69 0.72 0.70 0.67 0.69 0.69 0.69 0.07 0.59 0.59 0.59 0.59 0.59 0.11 0.10 0.01 0.06 0.51 0.59 0.59 0.59 0.59 0.60 0.59 0.60 0.60 0.55 0.59 0.56 0.54 0.54 0.43 0.55 0.57 0.56 0.32 0.34 0.34 0.34
0.87 0.89 0.89 0.89 0.72 0.87 0.89 0.89 0.87 0.87 0.87 0.87 0.87 0.87 0.87 0.86 0.64 0.86 0.81 0.87 0.87 0.87 0.87 0.86 0.67 0.78 0.87 0.63 0.83 0.87 0.86 0.86 0.86 0.87 0.86 0.86 0.84 0.87 0.84 1.00 0.79 0.92 0.82 0.90 0.90 0.89 0.90 0.90 0.88 0.89 0.89 0.89 0.27 0.84 0.84 0.84 0.84 0.84 0.30 0.31 0.05 0.15 0.84 0.87 0.87 0.87 0.87 0.87 0.87 0.87 0.87 0.86 0.87 0.86 0.86 0.86 0.77 0.85 0.84 0.85 0.68 0.73 0.73 0.73
0.66 0.72 0.72 0.75 0.49 0.66 0.72 0.73 0.69 0.65 0.68 0.67 0.65 0.65 0.65 0.64 0.38 0.63 0.54 0.62 0.65 0.65 0.65 0.63 0.36 0.47 0.62 0.34 0.56 0.62 0.61 0.61 0.63 0.62 0.61 0.61 0.59 0.62 0.59 1.00 0.60 0.82 0.65 0.76 0.76 0.74 0.76 0.75 0.72 0.74 0.74 0.74 0.10 0.65 0.65 0.65 0.65 0.65 0.15 0.13 0.01 0.08 0.59 0.66 0.66 0.66 0.66 0.67 0.65 0.67 0.67 0.63 0.66 0.63 0.62 0.62 0.50 0.62 0.63 0.63 0.39 0.42 0.42 0.42
0.77 0.81 0.81 0.82 0.61 0.77 0.81 0.81 0.78 0.77 0.78 0.77 0.77 0.77 0.77 0.76 0.51 0.75 0.69 0.75 0.77 0.77 0.77 0.75 0.51 0.63 0.75 0.47 0.70 0.75 0.75 0.75 0.75 0.75 0.75 0.75 0.72 0.75 0.72 1.00 0.71 0.88 0.75 0.84 0.84 0.82 0.84 0.83 0.82 0.82 0.82 0.82 0.17 0.76 0.76 0.76 0.76 0.76 0.23 0.21 0.03 0.11 0.72 0.77 0.77 0.77 0.77 0.78 0.77 0.78 0.78 0.75 0.77 0.76 0.75 0.75 0.64 0.74 0.74 0.75 0.54 0.58 0.58 0.58
0.49 0.60 0.60 0.65 0.34 0.48 0.60 0.62 0.57 0.48 0.53 0.50 0.48 0.46 0.47 0.47 0.23 0.43 0.33 0.41 0.46 0.46 0.46 0.43 0.18 0.26 0.41 0.17 0.34 0.40 0.40 0.40 0.43 0.40 0.40 0.40 0.37 0.40 0.37 1.00 0.45 0.73 0.51 0.64 0.64 0.60 0.64 0.62 0.57 0.60 0.60 0.60 0.04 0.49 0.49 0.49 0.49 0.49 0.08 0.06 0.00 0.04 0.39 0.48 0.48 0.48 0.48 0.49 0.47 0.49 0.49 0.43 0.48 0.44 0.42 0.42 0.32 0.44 0.46 0.46 0.21 0.23 0.23 0.23
0.82 0.85 0.85 0.86 0.66 0.82 0.85 0.85 0.82 0.82 0.83 0.82 0.82 0.82 0.82 0.81 0.57 0.81 0.75 0.81 0.82 0.82 0.82 0.81 0.59 0.70 0.81 0.54 0.77 0.81 0.80 0.80 0.81 0.81 0.80 0.80 0.78 0.81 0.78 1.00 0.74 0.90 0.78 0.86 0.86 0.85 0.86 0.86 0.84 0.85 0.85 0.85 0.21 0.79 0.79 0.79 0.79 0.79 0.25 0.25 0.04 0.13 0.78 0.82 0.82 0.82 0.82 0.83 0.82 0.83 0.83 0.81 0.82 0.81 0.80 0.80 0.69 0.79 0.79 0.80 0.60 0.65 0.65 0.65
0.76 0.80 0.80 0.82 0.60 0.76 0.80 0.81 0.78 0.76 0.78 0.77 0.76 0.76 0.77 0.75 0.50 0.75 0.68 0.74 0.76 0.76 0.76 0.75 0.50 0.62 0.74 0.47 0.70 0.75 0.74 0.74 0.75 0.75 0.74 0.74 0.72 0.75 0.72 1.00 0.69 0.87 0.73 0.83 0.83 0.81 0.83 0.82 0.80 0.81 0.81 0.81 0.17 0.74 0.74 0.74 0.74 0.74 0.22 0.20 0.03 0.11 0.71 0.77 0.77 0.77 0.77 0.77 0.76 0.77 0.77 0.74 0.77 0.75 0.74 0.74 0.63 0.74 0.74 0.74 0.52 0.56 0.56 0.56
0.84 0.86 0.86 0.87 0.70 0.85 0.86 0.87 0.84 0.85 0.85 0.85 0.85 0.85 0.85 0.84 0.62 0.84 0.78 0.84 0.85 0.85 0.85 0.84 0.63 0.75 0.84 0.59 0.81 0.84 0.84 0.84 0.84 0.84 0.84 0.84 0.82 0.84 0.82 1.00 0.77 0.91 0.80 0.88 0.88 0.87 0.88 0.88 0.87 0.87 0.87 0.87 0.24 0.82 0.82 0.82 0.82 0.82 0.29 0.28 0.05 0.15 0.81 0.85 0.85 0.85 0.85 0.85 0.84 0.85 0.85 0.83 0.85 0.83 0.83 0.83 0.74 0.82 0.82 0.82 0.65 0.69 0.69 0.69
