0.52 0.55 0.55 0.54 0.37 0.54 0.55 0.53 0.51 0.55 0.55 0.55 0.55 0.59 0.58 0.55 0.35 0.56 0.49 0.57 0.59 0.59 0.58 0.56 1.00 0.50 0.57 0.70 0.54 0.58 0.57 0.57 0.56 0.58 0.57 0.57 0.54 0.58 0.54 0.43 0.31 0.40 0.34 0.40 0.40 0.39 0.40 0.40 0.38 0.39 0.39 0.39 0.07 0.35 0.35 0.35 0.35 0.35 0.09 0.09 0.01 0.05 0.48 0.52 0.52 0.52 0.52 0.52 0.50 0.52 0.52 0.50 0.52 0.50 0.49 0.49 0.39 0.45 0.43 0.46 0.32 0.35 0.35 0.35
0.44 0.47 0.47 0.46 0.29 0.45 0.47 0.45 0.43 0.47 0.47 0.48 0.47 0.52 0.51 0.47 0.29 0.48 0.41 0.50 0.52 0.52 0.51 0.48 1.00 0.42 0.50 0.67 0.46 0.50 0.49 0.49 0.48 0.50 0.49 0.49 0.46 0.50 0.46 0.36 0.24 0.32 0.27 0.32 0.32 0.31 0.32 0.31 0.30 0.31 0.31 0.31 0.04 0.27 0.27 0.27 0.27 0.27 0.06 0.06 0.00 0.03 0.40 0.44 0.44 0.44 0.44 0.44 0.42 0.44 0.44 0.42 0.44 0.42 0.41 0.41 0.30 0.37 0.34 0.38 0.24 0.27 0.27 0.27
0.63 0.65 0.65 0.64 0.47 0.64 0.65 0.64 0.61 0.65 0.65 0.65 0.65 0.68 0.67 0.65 0.45 0.66 0.60 0.66 0.68 0.68 0.67 0.66 1.00 0.60 0.66 0.74 0.63 0.67 0.66 0.66 0.66 0.67 0.66 0.66 0.64 0.67 0.64 0.54 0.44 0.52 0.46 0.52 0.52 0.51 0.52 0.52 0.50 0.51 0.51 0.51 0.13 0.47 0.47 0.47 0.47 0.47 0.14 0.14 0.02 0.07 0.60 0.63 0.63 0.63 0.63 0.63 0.61 0.63 0.63 0.62 0.63 0.61 0.61 0.61 0.51 0.57 0.55 0.58 0.44 0.48 0.48 0.48
0.93 0.93 0.93 0.93 0.87 0.93 0.93 0.93 0.92 0.93 0.93 0.93 0.93 0.93 0.93 0.93 0.82 0.93 0.91 0.93 0.93 0.93 0.93 0.93 1.00 0.92 0.93 0.91 0.92 0.93 0.93 0.93 0.93 0.93 0.93 0.93 0.92 0.93 0.92 0.91 0.87 0.90 0.88 0.91 0.91 0.90 0.91 0.91 0.90 0.90 0.90 0.90 0.53 0.89 0.89 0.89 0.89 0.89 0.51 0.51 0.19 0.30 0.92 0.93 0.93 0.93 0.93 0.93 0.93 0.93 0.93 0.93 0.93 0.93 0.93 0.93 0.89 0.92 0.91 0.92 0.86 0.89 0.89 0.89
0.82 0.83 0.83 0.82 0.70 0.82 0.83 0.82 0.81 0.82 0.82 0.82 0.82 0.83 0.83 0.82 0.65 0.82 0.79 0.83 0.83 0.83 0.83 0.82 1.00 0.79 0.83 0.84 0.82 0.83 0.83 0.83 0.82 0.83 0.83 0.83 0.82 0.83 0.82 0.76 0.68 0.75 0.70 0.75 0.75 0.74 0.75 0.75 0.74 0.74 0.74 0.74 0.29 0.71 0.71 0.71 0.71 0.71 0.31 0.30 0.07 0.16 0.80 0.82 0.82 0.82 0.82 0.82 0.81 0.82 0.82 0.81 0.82 0.81 0.81 0.81 0.74 0.79 0.78 0.79 0.68 0.72 0.72 0.72
0.46 0.49 0.49 0.48 0.31 0.48 0.49 0.47 0.45 0.49 0.50 0.50 0.49 0.54 0.53 0.49 0.31 0.50 0.43 0.52 0.54 0.54 0.53 0.50 1.00 0.44 0.52 0.67 0.48 0.52 0.51 0.51 0.50 0.52 0.51 0.51 0.48 0.52 0.48 0.37 0.26 0.34 0.28 0.33 0.33 0.32 0.33 0.33 0.32 0.32 0.32 0.32 0.05 0.29 0.29 0.29 0.29 0.29 0.07 0.06 0.01 0.03 0.42 0.46 0.46 0.46 0.46 0.46 0.45 0.46 0.46 0.44 0.46 0.44 0.43 0.43 0.33 0.39 0.37 0.40 0.26 0.30 0.30 0.30
0.73 0.75 0.75 0.74 0.59 0.74 0.75 0.74 0.72 0.74 0.75 0.75 0.74 0.76 0.76 0.74 0.56 0.75 0.70 0.76 0.76 0.76 0.76 0.75 1.00 0.70 0.76 0.79 0.73 0.76 0.75 0.75 0.75 0.76 0.75 0.75 0.74 0.76 0.74 0.66 0.56 0.64 0.58 0.64 0.64 0.63 0.64 0.64 0.63 0.63 0.63 0.63 0.20 0.59 0.59 0.59 0.59 0.59 0.22 0.22 0.04 0.11 0.71 0.74 0.74 0.74 0.74 0.74 0.73 0.74 0.74 0.73 0.74 0.72 0.72 0.72 0.63 0.69 0.67 0.70 0.56 0.60 0.60 0.60
0.50 0.53 0.53 0.52 0.35 0.51 0.53 0.51 0.49 0.52 0.52 0.53 0.52 0.57 0.56 0.53 0.34 0.54 0.47 0.56 0.57 0.57 0.56 0.54 1.00 0.48 0.56 0.69 0.52 0.56 0.55 0.55 0.54 0.56 0.55 0.55 0.52 0.56 0.52 0.41 0.31 0.39 0.33 0.39 0.39 0.38 0.39 0.38 0.37 0.38 0.38 0.38 0.07 0.34 0.34 0.34 0.34 0.34 0.09 0.08 0.01 0.04 0.46 0.50 0.50 0.50 0.50 0.50 0.48 0.50 0.50 0.48 0.50 0.48 0.47 0.47 0.37 0.44 0.41 0.45 0.30 0.32 0.32 0.32
0.26 0.29 0.29 0.27 0.15 0.28 0.29 0.27 0.25 0.29 0.30 0.31 0.29 0.38 0.36 0.30 0.16 0.31 0.24 0.34 0.38 0.38 0.36 0.31 1.00 0.26 0.34 0.58 0.30 0.35 0.33 0.33 0.31 0.35 0.33 0.33 0.30 0.35 0.30 0.19 0.11 0.16 0.12 0.16 0.16 0.15 0.16 0.15 0.14 0.15 0.15 0.15 0.01 0.12 0.12 0.12 0.12 0.12 0.02 0.02 0.00 0.01 0.22 0.26 0.26 0.26 0.26 0.26 0.24 0.26 0.26 0.23 0.26 0.23 0.22 0.22 0.14 0.19 0.17 0.20 0.10 0.11 0.11 0.11
0.55 0.58 0.58 0.57 0.40 0.57 0.58 0.57 0.54 0.58 0.58 0.59 0.58 0.62 0.61 0.58 0.39 0.59 0.53 0.60 0.62 0.62 0.61 0.59 1.00 0.54 0.60 0.71 0.57 0.61 0.60 0.60 0.59 0.61 0.60 0.60 0.57 0.61 0.57 0.47 0.36 0.45 0.39 0.45 0.45 0.44 0.45 0.45 0.43 0.44 0.44 0.44 0.09 0.40 0.40 0.40 0.40 0.40 0.11 0.10 0.01 0.05 0.52 0.55 0.55 0.55 0.55 0.56 0.54 0.56 0.56 0.53 0.55 0.54 0.53 0.53 0.43 0.50 0.47 0.51 0.36 0.39 0.39 0.39
0.59 0.62 0.62 0.61 0.44 0.61 0.62 0.61 0.58 0.62 0.62 0.62 0.62 0.65 0.64 0.62 0.42 0.62 0.56 0.64 0.65 0.65 0.65 0.62 1.00 0.57 0.64 0.73 0.61 0.64 0.63 0.63 0.62 0.64 0.63 0.63 0.61 0.64 0.61 0.51 0.40 0.48 0.43 0.48 0.48 0.48 0.48 0.48 0.47 0.48 0.48 0.48 0.11 0.44 0.44 0.44 0.44 0.44 0.12 0.12 0.02 0.06 0.56 0.60 0.60 0.60 0.60 0.60 0.58 0.60 0.60 0.58 0.60 0.58 0.57 0.57 0.48 0.54 0.52 0.55 0.40 0.44 0.44 0.44
0.37 0.40 0.40 0.39 0.23 0.39 0.40 0.38 0.36 0.40 0.41 0.42 0.40 0.47 0.46 0.41 0.24 0.43 0.36 0.45 0.47 0.47 0.46 0.43 1.00 0.37 0.45 0.64 0.40 0.45 0.44 0.44 0.43 0.45 0.44 0.44 0.41 0.45 0.41 0.29 0.18 0.25 0.20 0.25 0.25 0.24 0.25 0.25 0.23 0.24 0.24 0.24 0.03 0.21 0.21 0.21 0.21 0.21 0.04 0.04 0.00 0.02 0.33 0.37 0.37 0.37 0.37 0.38 0.36 0.38 0.38 0.35 0.37 0.35 0.34 0.34 0.24 0.30 0.27 0.31 0.18 0.21 0.21 0.21
0.93 0.94 0.94 0.93 0.88 0.93 0.94 0.93 0.93 0.93 0.93 0.93 0.93 0.94 0.94 0.93 0.83 0.94 0.92 0.94 0.94 0.94 0.94 0.94 1.00 0.92 0.94 0.92 0.93 0.94 0.94 0.94 0.94 0.94 0.94 0.94 0.93 0.94 0.93 0.91 0.88 0.91 0.89 0.91 0.91 0.91 0.91 0.91 0.91 0.91 0.91 0.91 0.56 0.90 0.90 0.90 0.90 0.90 0.53 0.55 0.22 0.32 0.93 0.93 0.93 0.93 0.93 0.94 0.93 0.94 0.94 0.93 0.93 0.93 0.93 0.93 0.90 0.93 0.92 0.93 0.88 0.90 0.90 0.90
0.81 0.82 0.82 0.81 0.69 0.81 0.82 0.81 0.80 0.81 0.81 0.81 0.81 0.82 0.82 0.81 0.64 0.82 0.78 0.82 0.82 0.82 0.82 0.82 1.00 0.78 0.82 0.83 0.81 0.82 0.82 0.82 0.82 0.82 0.82 0.82 0.81 0.82 0.81 0.75 0.67 0.74 0.69 0.74 0.74 0.73 0.74 0.74 0.73 0.73 0.73 0.73 0.29 0.70 0.70 0.70 0.70 0.70 0.29 0.29 0.06 0.15 0.79 0.81 0.81 0.81 0.81 0.81 0.80 0.81 0.81 0.80 0.81 0.80 0.80 0.80 0.73 0.78 0.77 0.79 0.68 0.71 0.71 0.71
0.96 0.96 0.96 0.96 0.93 0.96 0.96 0.96 0.96 0.96 0.96 0.96 0.96 0.96 0.96 0.96 0.88 0.96 0.96 0.96 0.96 0.96 0.96 0.96 1.00 0.96 0.96 0.94 0.96 0.96 0.96 0.96 0.96 0.96 0.96 0.96 0.96 0.96 0.96 0.95 0.93 0.95 0.94 0.95 0.95 0.95 0.95 0.95 0.95 0.95 0.95 0.95 0.65 0.94 0.94 0.94 0.94 0.94 0.61 0.62 0.29 0.40 0.96 0.96 0.96 0.96 0.96 0.96 0.96 0.96 0.96 0.96 0.96 0.96 0.96 0.96 0.94 0.96 0.96 0.96 0.93 0.95 0.95 0.95
0.88 0.89 0.89 0.89 0.81 0.89 0.89 0.88 0.88 0.89 0.89 0.89 0.89 0.89 0.89 0.89 0.75 0.89 0.87 0.89 0.89 0.89 0.89 0.89 1.00 0.87 0.89 0.88 0.88 0.89 0.89 0.89 0.89 0.89 0.89 0.89 0.88 0.89 0.88 0.85 0.80 0.84 0.81 0.84 0.84 0.84 0.84 0.84 0.84 0.84 0.84 0.84 0.43 0.82 0.82 0.82 0.82 0.82 0.42 0.42 0.13 0.23 0.88 0.89 0.89 0.89 0.89 0.89 0.88 0.89 0.89 0.88 0.89 0.88 0.88 0.88 0.83 0.87 0.86 0.88 0.80 0.83 0.83 0.83
0.46 0.49 0.49 0.48 0.31 0.47 0.49 0.47 0.45 0.48 0.49 0.50 0.48 0.54 0.53 0.49 0.31 0.50 0.43 0.52 0.54 0.54 0.53 0.50 1.00 0.44 0.52 0.66 0.48 0.52 0.51 0.51 0.50 0.52 0.51 0.51 0.48 0.52 0.48 0.37 0.26 0.34 0.29 0.34 0.34 0.33 0.34 0.34 0.32 0.33 0.33 0.33 0.05 0.30 0.30 0.30 0.30 0.30 0.07 0.06 0.01 0.03 0.42 0.46 0.46 0.46 0.46 0.46 0.44 0.46 0.46 0.43 0.46 0.44 0.43 0.43 0.33 0.39 0.37 0.40 0.27 0.29 0.29 0.29
0.54 0.57 0.57 0.55 0.38 0.55 0.57 0.55 0.53 0.56 0.57 0.58 0.56 0.61 0.60 0.57 0.37 0.58 0.51 0.59 0.61 0.61 0.60 0.58 1.00 0.52 0.59 0.71 0.55 0.59 0.58 0.58 0.58 0.59 0.58 0.58 0.56 0.59 0.56 0.45 0.33 0.42 0.36 0.42 0.42 0.41 0.42 0.42 0.41 0.41 0.41 0.41 0.08 0.37 0.37 0.37 0.37 0.37 0.10 0.09 0.01 0.05 0.50 0.54 0.54 0.54 0.54 0.54 0.53 0.54 0.54 0.52 0.54 0.52 0.52 0.51 0.41 0.47 0.45 0.48 0.34 0.37 0.37 0.37
0.95 0.95 0.95 0.95 0.92 0.95 0.95 0.95 0.95 0.95 0.95 0.95 0.95 0.95 0.95 0.95 0.86 0.95 0.94 0.95 0.95 0.95 0.95 0.95 1.00 0.95 0.95 0.93 0.95 0.95 0.95 0.95 0.95 0.95 0.95 0.95 0.95 0.95 0.95 0.94 0.91 0.94 0.92 0.94 0.94 0.94 0.94 0.94 0.94 0.94 0.94 0.94 0.63 0.93 0.93 0.93 0.93 0.93 0.58 0.61 0.28 0.37 0.95 0.95 0.95 0.95 0.95 0.95 0.95 0.95 0.95 0.95 0.95 0.95 0.95 0.95 0.93 0.95 0.95 0.95 0.91 0.93 0.93 0.93
0.63 0.65 0.65 0.64 0.48 0.64 0.65 0.64 0.62 0.65 0.65 0.65 0.65 0.68 0.67 0.65 0.45 0.66 0.61 0.67 0.68 0.68 0.67 0.66 1.00 0.60 0.67 0.75 0.64 0.67 0.67 0.67 0.66 0.67 0.67 0.67 0.64 0.67 0.64 0.55 0.45 0.53 0.47 0.53 0.53 0.52 0.53 0.53 0.51 0.52 0.52 0.52 0.13 0.48 0.48 0.48 0.48 0.48 0.15 0.14 0.02 0.08 0.60 0.63 0.63 0.63 0.63 0.64 0.62 0.64 0.64 0.62 0.63 0.62 0.62 0.61 0.51 0.58 0.56 0.59 0.44 0.48 0.48 0.48
0.92 0.92 0.92 0.92 0.86 0.92 0.92 0.92 0.91 0.92 0.92 0.92 0.92 0.92 0.92 0.92 0.81 0.92 0.91 0.92 0.92 0.92 0.92 0.92 1.00 0.91 0.92 0.90 0.92 0.92 0.92 0.92 0.92 0.92 0.92 0.92 0.92 0.92 0.92 0.90 0.86 0.90 0.87 0.90 0.90 0.89 0.90 0.90 0.89 0.89 0.89 0.89 0.51 0.88 0.88 0.88 0.88 0.88 0.49 0.50 0.19 0.29 0.91 0.92 0.92 0.92 0.92 0.92 0.92 0.92 0.92 0.92 0.92 0.92 0.92 0.92 0.88 0.91 0.91 0.91 0.86 0.88 0.88 0.88
0.50 0.53 0.53 0.51 0.34 0.51 0.53 0.51 0.48 0.52 0.53 0.53 0.52 0.57 0.56 0.52 0.33 0.53 0.47 0.55 0.57 0.57 0.56 0.53 1.00 0.47 0.55 0.68 0.51 0.56 0.55 0.55 0.53 0.56 0.55 0.55 0.52 0.56 0.52 0.41 0.30 0.38 0.32 0.38 0.38 0.37 0.38 0.38 0.36 0.37 0.37 0.37 0.07 0.33 0.33 0.33 0.33 0.33 0.08 0.08 0.01 0.04 0.46 0.50 0.50 0.50 0.50 0.50 0.48 0.50 0.50 0.48 0.50 0.48 0.47 0.47 0.36 0.43 0.41 0.44 0.29 0.32 0.32 0.32
0.84 0.85 0.85 0.85 0.75 0.85 0.85 0.85 0.84 0.85 0.85 0.85 0.85 0.86 0.86 0.85 0.70 0.85 0.83 0.86 0.86 0.86 0.86 0.85 1.00 0.82 0.86 0.86 0.84 0.86 0.86 0.86 0.85 0.86 0.86 0.86 0.85 0.86 0.85 0.80 0.74 0.80 0.76 0.80 0.80 0.79 0.80 0.80 0.79 0.79 0.79 0.79 0.35 0.77 0.77 0.77 0.77 0.77 0.36 0.36 0.10 0.19 0.83 0.85 0.85 0.85 0.85 0.85 0.84 0.85 0.85 0.84 0.85 0.84 0.84 0.84 0.78 0.83 0.81 0.83 0.73 0.77 0.77 0.77
0.27 0.30 0.30 0.29 0.15 0.29 0.30 0.28 0.26 0.31 0.31 0.32 0.31 0.39 0.37 0.31 0.17 0.32 0.25 0.35 0.39 0.39 0.37 0.32 1.00 0.26 0.35 0.59 0.30 0.35 0.34 0.34 0.32 0.35 0.34 0.34 0.31 0.35 0.31 0.20 0.12 0.17 0.13 0.16 0.16 0.15 0.16 0.16 0.15 0.15 0.15 0.15 0.01 0.13 0.13 0.13 0.13 0.13 0.02 0.02 0.00 0.01 0.23 0.27 0.27 0.27 0.27 0.27 0.25 0.27 0.27 0.24 0.27 0.25 0.24 0.24 0.15 0.20 0.19 0.21 0.11 0.12 0.12 0.12
0.48 0.51 0.51 0.50 0.33 0.50 0.51 0.49 0.46 0.50 0.51 0.52 0.50 0.56 0.55 0.51 0.33 0.52 0.45 0.53 0.56 0.56 0.55 0.52 1.00 0.46 0.53 0.67 0.50 0.54 0.53 0.53 0.52 0.54 0.53 0.53 0.50 0.54 0.50 0.39 0.27 0.36 0.30 0.35 0.35 0.34 0.35 0.35 0.34 0.34 0.34 0.34 0.06 0.31 0.31 0.31 0.31 0.31 0.07 0.07 0.01 0.04 0.45 0.48 0.48 0.48 0.48 0.49 0.47 0.49 0.49 0.46 0.48 0.46 0.45 0.45 0.34 0.41 0.38 0.42 0.28 0.32 0.32 0.32
0.38 0.41 0.41 0.40 0.24 0.40 0.41 0.39 0.37 0.41 0.42 0.43 0.41 0.48 0.46 0.42 0.25 0.43 0.36 0.45 0.48 0.48 0.47 0.43 1.00 0.37 0.45 0.63 0.41 0.46 0.44 0.44 0.43 0.46 0.44 0.44 0.42 0.46 0.42 0.30 0.20 0.27 0.22 0.26 0.26 0.25 0.26 0.26 0.25 0.25 0.25 0.25 0.03 0.22 0.22 0.22 0.22 0.22 0.04 0.04 0.00 0.02 0.34 0.38 0.38 0.38 0.38 0.39 0.37 0.39 0.39 0.35 0.38 0.36 0.35 0.34 0.25 0.31 0.29 0.32 0.19 0.22 0.22 0.22
0.58 0.60 0.60 0.59 0.42 0.59 0.60 0.58 0.56 0.60 0.60 0.60 0.60 0.63 0.63 0.60 0.41 0.61 0.55 0.62 0.63 0.63 0.63 0.61 1.00 0.55 0.62 0.73 0.58 0.62 0.62 0.62 0.61 0.62 0.62 0.62 0.59 0.62 0.59 0.49 0.38 0.47 0.41 0.46 0.46 0.45 0.46 0.46 0.45 0.45 0.45 0.45 0.10 0.42 0.42 0.42 0.42 0.42 0.11 0.11 0.02 0.06 0.54 0.58 0.58 0.58 0.58 0.58 0.57 0.58 0.58 0.56 0.58 0.56 0.56 0.56 0.45 0.52 0.49 0.53 0.39 0.42 0.42 0.42
0.70 0.71 0.71 0.70 0.56 0.70 0.71 0.70 0.68 0.71 0.71 0.71 0.71 0.73 0.73 0.71 0.51 0.72 0.67 0.72 0.73 0.73 0.73 0.72 1.00 0.67 0.72 0.78 0.70 0.72 0.72 0.72 0.72 0.72 0.72 0.72 0.70 0.72 0.70 0.62 0.52 0.60 0.54 0.60 0.60 0.59 0.60 0.60 0.59 0.59 0.59 0.59 0.17 0.55 0.55 0.55 0.55 0.55 0.19 0.19 0.03 0.10 0.67 0.70 0.70 0.70 0.70 0.70 0.69 0.70 0.70 0.69 0.70 0.69 0.68 0.68 0.59 0.65 0.63 0.66 0.53 0.56 0.56 0.56
0.93 0.93 0.93 0.93 0.87 0.93 0.93 0.93 0.92 0.93 0.93 0.93 0.93 0.93 0.93 0.93 0.82 0.93 0.92 0.93 0.93 0.93 0.93 0.93 1.00 0.92 0.93 0.91 0.92 0.93 0.93 0.93 0.93 0.93 0.93 0.93 0.93 0.93 0.93 0.90 0.87 0.90 0.88 0.90 0.90 0.90 0.90 0.90 0.90 0.90 0.90 0.90 0.53 0.88 0.88 0.88 0.88 0.88 0.51 0.51 0.19 0.29 0.92 0.93 0.93 0.93 0.93 0.93 0.93 0.93 0.93 0.93 0.93 0.93 0.93 0.93 0.89 0.92 0.91 0.92 0.87 0.90 0.90 0.90
0.26 0.29 0.29 0.28 0.15 0.28 0.29 0.27 0.25 0.30 0.30 0.31 0.30 0.38 0.36 0.30 0.16 0.31 0.25 0.34 0.38 0.38 0.36 0.31 1.00 0.26 0.34 0.58 0.30 0.35 0.33 0.33 0.31 0.35 0.33 0.33 0.30 0.35 0.30 0.19 0.11 0.16 0.13 0.16 0.16 0.15 0.16 0.16 0.14 0.15 0.15 0.15 0.01 0.12 0.12 0.12 0.12 0.12 0.02 0.02 0.00 0.01 0.23 0.26 0.26 0.26 0.26 0.26 0.24 0.26 0.26 0.23 0.26 0.24 0.23 0.23 0.15 0.19 0.17 0.20 0.10 0.12 0.12 0.12
0.68 0.70 0.70 0.69 0.52 0.69 0.70 0.69 0.67 0.69 0.70 0.70 0.69 0.72 0.72 0.70 0.49 0.70 0.65 0.71 0.72 0.72 0.72 0.70 1.00 0.65 0.71 0.77 0.68 0.71 0.71 0.71 0.70 0.71 0.71 0.71 0.69 0.71 0.69 0.60 0.50 0.58 0.52 0.57 0.57 0.56 0.57 0.57 0.56 0.56 0.56 0.56 0.15 0.53 0.53 0.53 0.53 0.53 0.17 0.17 0.03 0.09 0.65 0.68 0.68 0.68 0.68 0.68 0.67 0.68 0.68 0.67 0.68 0.67 0.67 0.66 0.56 0.63 0.60 0.64 0.49 0.53 0.53 0.53
0.89 0.89 0.89 0.89 0.81 0.89 0.89 0.89 0.88 0.89 0.89 0.89 0.89 0.89 0.89 0.89 0.75 0.89 0.87 0.89 0.89 0.89 0.89 0.89 1.00 0.87 0.89 0.88 0.89 0.89 0.89 0.89 0.89 0.89 0.89 0.89 0.89 0.89 0.89 0.86 0.80 0.85 0.82 0.85 0.85 0.85 0.85 0.85 0.85 0.85 0.85 0.85 0.43 0.83 0.83 0.83 0.83 0.83 0.42 0.42 0.13 0.24 0.88 0.89 0.89 0.89 0.89 0.89 0.89 0.89 0.89 0.89 0.89 0.89 0.89 0.89 0.84 0.88 0.87 0.88 0.79 0.83 0.83 0.83
0.68 0.70 0.70 0.69 0.53 0.69 0.70 0.68 0.67 0.69 0.70 0.70 0.69 0.72 0.71 0.69 0.50 0.70 0.65 0.71 0.72 0.72 0.71 0.70 1.00 0.65 0.71 0.77 0.68 0.71 0.71 0.71 0.70 0.71 0.71 0.71 0.69 0.71 0.69 0.60 0.50 0.58 0.52 0.58 0.58 0.57 0.58 0.57 0.56 0.57 0.57 0.57 0.15 0.53 0.53 0.53 0.53 0.53 0.18 0.17 0.03 0.09 0.65 0.68 0.68 0.68 0.68 0.68 0.67 0.68 0.68 0.67 0.68 0.67 0.67 0.66 0.57 0.63 0.61 0.64 0.50 0.53 0.53 0.53
0.84 0.85 0.85 0.84 0.74 0.84 0.85 0.84 0.83 0.84 0.84 0.84 0.84 0.85 0.85 0.84 0.68 0.84 0.82 0.85 0.85 0.85 0.85 0.84 1.00 0.82 0.85 0.85 0.83 0.85 0.85 0.85 0.84 0.85 0.85 0.85 0.84 0.85 0.84 0.79 0.72 0.78 0.73 0.78 0.78 0.77 0.78 0.78 0.77 0.77 0.77 0.77 0.32 0.74 0.74 0.74 0.74 0.74 0.33 0.33 0.08 0.17 0.82 0.84 0.84 0.84 0.84 0.84 0.83 0.84 0.84 0.83 0.84 0.83 0.83 0.83 0.77 0.81 0.80 0.82 0.72 0.76 0.76 0.76
0.65 0.67 0.67 0.66 0.50 0.65 0.67 0.65 0.63 0.66 0.67 0.67 0.66 0.69 0.68 0.66 0.46 0.67 0.61 0.68 0.69 0.69 0.68 0.67 1.00 0.62 0.68 0.75 0.65 0.68 0.67 0.67 0.67 0.68 0.67 0.67 0.65 0.68 0.65 0.57 0.46 0.54 0.48 0.54 0.54 0.53 0.54 0.54 0.52 0.53 0.53 0.53 0.14 0.49 0.49 0.49 0.49 0.49 0.16 0.15 0.02 0.08 0.62 0.65 0.65 0.65 0.65 0.65 0.64 0.65 0.65 0.64 0.65 0.64 0.64 0.63 0.53 0.60 0.57 0.61 0.47 0.51 0.51 0.51
0.81 0.82 0.82 0.81 0.70 0.81 0.82 0.81 0.80 0.81 0.81 0.81 0.81 0.82 0.82 0.81 0.64 0.82 0.78 0.82 0.82 0.82 0.82 0.82 1.00 0.79 0.82 0.83 0.80 0.82 0.82 0.82 0.82 0.82 0.82 0.82 0.81 0.82 0.81 0.75 0.68 0.75 0.70 0.75 0.75 0.74 0.75 0.75 0.74 0.74 0.74 0.74 0.29 0.71 0.71 0.71 0.71 0.71 0.31 0.31 0.07 0.17 0.79 0.81 0.81 0.81 0.81 0.81 0.80 0.81 0.81 0.81 0.81 0.81 0.80 0.80 0.73 0.78 0.77 0.79 0.68 0.72 0.72 0.72
0.79 0.80 0.80 0.80 0.67 0.79 0.80 0.80 0.78 0.80 0.80 0.80 0.80 0.81 0.81 0.80 0.62 0.80 0.76 0.81 0.81 0.81 0.81 0.80 1.00 0.76 0.81 0.83 0.79 0.81 0.80 0.80 0.80 0.81 0.80 0.80 0.79 0.81 0.79 0.73 0.65 0.72 0.67 0.72 0.72 0.71 0.72 0.72 0.71 0.71 0.71 0.71 0.27 0.69 0.69 0.69 0.69 0.69 0.28 0.28 0.06 0.15 0.77 0.79 0.79 0.79 0.79 0.79 0.79 0.79 0.79 0.79 0.79 0.78 0.78 0.78 0.71 0.76 0.74 0.77 0.65 0.69 0.69 0.69
0.64 0.66 0.66 0.65 0.48 0.65 0.66 0.65 0.62 0.65 0.66 0.66 0.65 0.69 0.68 0.66 0.45 0.67 0.61 0.68 0.69 0.69 0.68 0.67 1.00 0.61 0.68 0.75 0.65 0.68 0.67 0.67 0.67 0.68 0.67 0.67 0.65 0.68 0.65 0.55 0.45 0.53 0.47 0.53 0.53 0.52 0.53 0.53 0.52 0.52 0.52 0.52 0.13 0.48 0.48 0.48 0.48 0.48 0.16 0.14 0.02 0.07 0.61 0.64 0.64 0.64 0.64 0.64 0.63 0.64 0.64 0.63 0.64 0.63 0.62 0.62 0.51 0.59 0.56 0.59 0.44 0.48 0.48 0.48
0.79 0.80 0.80 0.80 0.67 0.80 0.80 0.79 0.78 0.80 0.80 0.80 0.80 0.81 0.81 0.80 0.62 0.80 0.77 0.81 0.81 0.81 0.81 0.80 1.00 0.77 0.81 0.83 0.79 0.81 0.81 0.81 0.80 0.81 0.81 0.81 0.79 0.81 0.79 0.73 0.65 0.72 0.67 0.72 0.72 0.72 0.72 0.72 0.72 0.72 0.72 0.72 0.27 0.69 0.69 0.69 0.69 0.69 0.28 0.28 0.06 0.15 0.78 0.80 0.80 0.80 0.80 0.80 0.79 0.80 0.80 0.79 0.80 0.79 0.79 0.79 0.71 0.76 0.75 0.77 0.65 0.69 0.69 0.69
0.36 0.39 0.39 0.38 0.22 0.37 0.39 0.37 0.34 0.39 0.39 0.40 0.39 0.46 0.44 0.40 0.23 0.41 0.34 0.43 0.46 0.46 0.45 0.41 1.00 0.35 0.43 0.62 0.39 0.44 0.42 0.42 0.41 0.44 0.42 0.42 0.39 0.44 0.39 0.27 0.17 0.24 0.19 0.24 0.24 0.23 0.24 0.24 0.22 0.23 0.23 0.23 0.03 0.20 0.20 0.20 0.20 0.20 0.04 0.04 0.00 0.02 0.32 0.35 0.35 0.35 0.35 0.36 0.34 0.36 0.36 0.33 0.35 0.34 0.33 0.33 0.23 0.29 0.26 0.30 0.17 0.20 0.20 0.20
0.43 0.46 0.46 0.44 0.28 0.45 0.46 0.44 0.42 0.46 0.46 0.47 0.46 0.52 0.50 0.46 0.28 0.47 0.40 0.50 0.52 0.52 0.51 0.47 1.00 0.41 0.50 0.66 0.46 0.50 0.49 0.49 0.47 0.50 0.49 0.49 0.46 0.50 0.46 0.34 0.23 0.31 0.26 0.30 0.30 0.30 0.30 0.30 0.29 0.30 0.30 0.30 0.04 0.26 0.26 0.26 0.26 0.26 0.05 0.05 0.00 0.03 0.39 0.43 0.43 0.43 0.43 0.44 0.42 0.44 0.44 0.40 0.43 0.41 0.40 0.40 0.29 0.36 0.33 0.37 0.23 0.26 0.26 0.26
0.94 0.94 0.94 0.94 0.89 0.94 0.94 0.94 0.93 0.94 0.94 0.94 0.94 0.94 0.94 0.94 0.84 0.94 0.93 0.94 0.94 0.94 0.94 0.94 1.00 0.93 0.94 0.93 0.93 0.94 0.94 0.94 0.94 0.94 0.94 0.94 0.94 0.94 0.94 0.92 0.89 0.92 0.90 0.92 0.92 0.92 0.92 0.92 0.92 0.92 0.92 0.92 0.58 0.90 0.90 0.90 0.90 0.90 0.55 0.56 0.23 0.34 0.93 0.94 0.94 0.94 0.94 0.94 0.94 0.94 0.94 0.94 0.94 0.94 0.94 0.94 0.91 0.93 0.93 0.93 0.89 0.91 0.91 0.91
0.55 0.57 0.57 0.56 0.39 0.56 0.57 0.56 0.53 0.57 0.57 0.58 0.57 0.61 0.60 0.57 0.38 0.58 0.51 0.59 0.61 0.61 0.60 0.58 1.00 0.52 0.59 0.71 0.56 0.60 0.59 0.59 0.58 0.60 0.59 0.59 0.56 0.60 0.56 0.46 0.35 0.43 0.37 0.43 0.43 0.42 0.43 0.43 0.41 0.42 0.42 0.42 0.09 0.38 0.38 0.38 0.38 0.38 0.10 0.10 0.01 0.05 0.51 0.55 0.55 0.55 0.55 0.55 0.53 0.55 0.55 0.53 0.55 0.53 0.52 0.52 0.41 0.48 0.46 0.49 0.35 0.38 0.38 0.38
0.94 0.94 0.94 0.94 0.90 0.94 0.94 0.94 0.94 0.94 0.94 0.94 0.94 0.94 0.94 0.94 0.85 0.94 0.93 0.94 0.94 0.94 0.94 0.94 1.00 0.93 0.94 0.93 0.94 0.94 0.94 0.94 0.94 0.94 0.94 0.94 0.94 0.94 0.94 0.92 0.90 0.92 0.90 0.92 0.92 0.92 0.92 0.92 0.92 0.92 0.92 0.92 0.59 0.91 0.91 0.91 0.91 0.91 0.55 0.56 0.23 0.33 0.94 0.94 0.94 0.94 0.94 0.94 0.94 0.94 0.94 0.94 0.94 0.94 0.94 0.94 0.91 0.94 0.93 0.94 0.89 0.92 0.92 0.92
0.39 0.42 0.42 0.41 0.25 0.41 0.42 0.41 0.38 0.42 0.43 0.44 0.42 0.48 0.47 0.43 0.26 0.44 0.37 0.46 0.48 0.48 0.47 0.44 1.00 0.39 0.46 0.65 0.42 0.47 0.45 0.45 0.44 0.47 0.45 0.45 0.42 0.47 0.42 0.31 0.21 0.28 0.23 0.28 0.28 0.27 0.28 0.28 0.26 0.27 0.27 0.27 0.04 0.23 0.23 0.23 0.23 0.23 0.05 0.05 0.00 0.03 0.36 0.39 0.39 0.39 0.39 0.40 0.38 0.40 0.40 0.37 0.39 0.37 0.36 0.36 0.27 0.32 0.30 0.34 0.20 0.23 0.23 0.23
0.93 0.93 0.93 0.93 0.88 0.93 0.93 0.93 0.92 0.93 0.93 0.93 0.93 0.93 0.93 0.93 0.82 0.93 0.92 0.93 0.93 0.93 0.93 0.93 1.00 0.92 0.93 0.91 0.93 0.93 0.93 0.93 0.93 0.93 0.93 0.93 0.93 0.93 0.93 0.90 0.87 0.90 0.88 0.90 0.90 0.90 0.90 0.90 0.90 0.90 0.90 0.90 0.54 0.89 0.89 0.89 0.89 0.89 0.52 0.53 0.20 0.30 0.92 0.93 0.93 0.93 0.93 0.93 0.93 0.93 0.93 0.93 0.93 0.93 0.93 0.93 0.89 0.92 0.91 0.92 0.87 0.90 0.90 0.90
0.57 0.60 0.60 0.59 0.42 0.58 0.60 0.58 0.56 0.59 0.60 0.60 0.59 0.63 0.62 0.60 0.40 0.61 0.54 0.62 0.63 0.63 0.63 0.61 1.00 0.54 0.62 0.72 0.58 0.62 0.61 0.61 0.61 0.62 0.61 0.61 0.59 0.62 0.59 0.48 0.37 0.46 0.39 0.45 0.45 0.44 0.45 0.45 0.44 0.44 0.44 0.44 0.09 0.40 0.40 0.40 0.40 0.40 0.11 0.11 0.01 0.05 0.54 0.57 0.57 0.57 0.57 0.58 0.56 0.58 0.58 0.55 0.57 0.56 0.55 0.55 0.44 0.51 0.48 0.52 0.37 0.41 0.41 0.41
0.56 0.59 0.59 0.58 0.41 0.58 0.59 0.58 0.55 0.59 0.59 0.60 0.59 0.63 0.62 0.59 0.39 0.60 0.53 0.61 0.63 0.63 0.62 0.60 1.00 0.54 0.61 0.72 0.58 0.61 0.61 0.61 0.60 0.61 0.61 0.61 0.58 0.61 0.58 0.47 0.36 0.45 0.39 0.45 0.45 0.44 0.45 0.45 0.43 0.44 0.44 0.44 0.09 0.40 0.40 0.40 0.40 0.40 0.11 0.11 0.02 0.05 0.53 0.56 0.56 0.56 0.56 0.57 0.55 0.57 0.57 0.55 0.56 0.55 0.54 0.54 0.43 0.50 0.48 0.51 0.37 0.40 0.40 0.40
0.92 0.92 0.92 0.92 0.85 0.92 0.92 0.92 0.91 0.92 0.92 0.92 0.92 0.92 0.92 0.92 0.81 0.92 0.90 0.92 0.92 0.92 0.92 0.92 1.00 0.90 0.92 0.91 0.91 0.92 0.92 0.92 0.92 0.92 0.92 0.92 0.91 0.92 0.91 0.89 0.85 0.89 0.86 0.89 0.89 0.89 0.89 0.89 0.89 0.89 0.89 0.89 0.50 0.87 0.87 0.87 0.87 0.87 0.48 0.50 0.18 0.28 0.91 0.92 0.92 0.92 0.92 0.92 0.92 0.92 0.92 0.92 0.92 0.92 0.92 0.91 0.88 0.91 0.90 0.91 0.85 0.88 0.88 0.88
0.66 0.68 0.68 0.67 0.51 0.67 0.68 0.67 0.65 0.67 0.68 0.68 0.67 0.70 0.70 0.68 0.49 0.69 0.63 0.69 0.70 0.70 0.70 0.69 1.00 0.63 0.69 0.75 0.67 0.70 0.69 0.69 0.69 0.70 0.69 0.69 0.68 0.70 0.68 0.58 0.48 0.56 0.50 0.56 0.56 0.55 0.56 0.56 0.55 0.55 0.55 0.55 0.14 0.51 0.51 0.51 0.51 0.51 0.17 0.16 0.02 0.08 0.63 0.66 0.66 0.66 0.66 0.66 0.65 0.66 0.66 0.65 0.66 0.65 0.64 0.64 0.54 0.61 0.59 0.62 0.48 0.51 0.51 0.51
0.84 0.85 0.85 0.84 0.75 0.84 0.85 0.84 0.83 0.84 0.84 0.84 0.84 0.85 0.85 0.84 0.69 0.85 0.82 0.85 0.85 0.85 0.85 0.85 1.00 0.82 0.85 0.86 0.84 0.85 0.85 0.85 0.85 0.85 0.85 0.85 0.84 0.85 0.84 0.80 0.73 0.79 0.75 0.79 0.79 0.79 0.79 0.79 0.79 0.79 0.79 0.79 0.35 0.76 0.76 0.76 0.76 0.76 0.36 0.36 0.09 0.19 0.83 0.84 0.84 0.84 0.84 0.84 0.84 0.84 0.84 0.84 0.84 0.84 0.84 0.84 0.78 0.82 0.81 0.82 0.74 0.77 0.77 0.77
0.50 0.53 0.53 0.52 0.35 0.51 0.53 0.51 0.49 0.52 0.53 0.53 0.52 0.57 0.56 0.53 0.35 0.54 0.47 0.56 0.57 0.57 0.56 0.54 1.00 0.48 0.56 0.69 0.52 0.56 0.55 0.55 0.54 0.56 0.55 0.55 0.52 0.56 0.52 0.42 0.31 0.39 0.33 0.38 0.38 0.37 0.38 0.38 0.37 0.37 0.37 0.37 0.07 0.34 0.34 0.34 0.34 0.34 0.08 0.08 0.01 0.04 0.47 0.50 0.50 0.50 0.50 0.51 0.49 0.51 0.51 0.48 0.50 0.49 0.48 0.48 0.37 0.44 0.42 0.45 0.30 0.34 0.34 0.34
0.73 0.75 0.75 0.74 0.60 0.74 0.75 0.74 0.72 0.74 0.74 0.75 0.74 0.76 0.76 0.74 0.56 0.75 0.70 0.75 0.76 0.76 0.76 0.75 1.00 0.70 0.75 0.80 0.73 0.75 0.75 0.75 0.75 0.75 0.75 0.75 0.73 0.75 0.73 0.67 0.57 0.65 0.60 0.65 0.65 0.64 0.65 0.65 0.64 0.64 0.64 0.64 0.21 0.61 0.61 0.61 0.61 0.61 0.22 0.22 0.04 0.12 0.71 0.73 0.73 0.73 0.73 0.73 0.73 0.73 0.73 0.72 0.73 0.72 0.72 0.72 0.64 0.69 0.68 0.70 0.57 0.61 0.61 0.61
0.90 0.91 0.91 0.91 0.84 0.91 0.91 0.91 0.90 0.91 0.91 0.91 0.91 0.91 0.91 0.91 0.78 0.91 0.89 0.91 0.91 0.91 0.91 0.91 1.00 0.89 0.91 0.90 0.90 0.91 0.91 0.91 0.91 0.91 0.91 0.91 0.90 0.91 0.90 0.87 0.83 0.87 0.84 0.87 0.87 0.87 0.87 0.87 0.87 0.87 0.87 0.87 0.48 0.85 0.85 0.85 0.85 0.85 0.46 0.47 0.16 0.26 0.90 0.91 0.91 0.91 0.91 0.91 0.91 0.91 0.91 0.91 0.91 0.90 0.90 0.90 0.86 0.90 0.89 0.90 0.83 0.86 0.86 0.86
0.32 0.35 0.35 0.33 0.18 0.34 0.35 0.33 0.30 0.35 0.36 0.37 0.35 0.43 0.41 0.36 0.20 0.37 0.31 0.40 0.43 0.43 0.41 0.37 1.00 0.32 0.40 0.61 0.35 0.40 0.39 0.39 0.37 0.40 0.39 0.39 0.35 0.40 0.35 0.24 0.15 0.21 0.16 0.20 0.20 0.20 0.20 0.20 0.19 0.20 0.20 0.20 0.02 0.17 0.17 0.17 0.17 0.17 0.03 0.02 0.00 0.02 0.28 0.32 0.32 0.32 0.32 0.32 0.30 0.32 0.32 0.29 0.32 0.30 0.28 0.28 0.20 0.25 0.23 0.26 0.14 0.16 0.16 0.16
0.59 0.62 0.62 0.61 0.43 0.60 0.62 0.60 0.57 0.61 0.61 0.62 0.61 0.64 0.64 0.61 0.42 0.62 0.56 0.63 0.64 0.64 0.64 0.62 1.00 0.57 0.63 0.72 0.60 0.64 0.63 0.63 0.62 0.64 0.63 0.63 0.61 0.64 0.61 0.51 0.40 0.48 0.42 0.48 0.48 0.47 0.48 0.48 0.47 0.47 0.47 0.47 0.11 0.43 0.43 0.43 0.43 0.43 0.12 0.12 0.02 0.06 0.56 0.59 0.59 0.59 0.59 0.60 0.58 0.60 0.60 0.58 0.59 0.58 0.57 0.57 0.47 0.53 0.51 0.54 0.40 0.44 0.44 0.44
0.48 0.51 0.51 0.49 0.32 0.49 0.51 0.49 0.47 0.50 0.51 0.51 0.50 0.55 0.54 0.51 0.32 0.52 0.45 0.53 0.55 0.55 0.54 0.52 1.00 0.46 0.53 0.67 0.49 0.53 0.52 0.52 0.52 0.53 0.52 0.52 0.50 0.53 0.50 0.39 0.28 0.36 0.30 0.35 0.35 0.34 0.35 0.35 0.34 0.34 0.34 0.34 0.06 0.31 0.31 0.31 0.31 0.31 0.08 0.07 0.01 0.04 0.44 0.48 0.48 0.48 0.48 0.48 0.46 0.48 0.48 0.46 0.48 0.46 0.45 0.45 0.35 0.41 0.39 0.43 0.29 0.31 0.31 0.31
0.95 0.95 0.95 0.95 0.91 0.95 0.95 0.95 0.95 0.95 0.95 0.95 0.95 0.95 0.95 0.95 0.86 0.95 0.94 0.95 0.95 0.95 0.95 0.95 1.00 0.94 0.95 0.93 0.95 0.95 0.95 0.95 0.95 0.95 0.95 0.95 0.95 0.95 0.95 0.93 0.91 0.93 0.91 0.93 0.93 0.93 0.93 0.93 0.93 0.93 0.93 0.93 0.60 0.92 0.92 0.92 0.92 0.92 0.58 0.59 0.25 0.35 0.95 0.95 0.95 0.95 0.95 0.95 0.95 0.95 0.95 0.95 0.95 0.95 0.95 0.95 0.93 0.95 0.94 0.95 0.90 0.93 0.93 0.93
0.60 0.62 0.62 0.62 0.45 0.61 0.62 0.61 0.59 0.62 0.63 0.63 0.62 0.65 0.65 0.62 0.43 0.63 0.57 0.64 0.65 0.65 0.65 0.63 1.00 0.57 0.64 0.73 0.61 0.64 0.64 0.64 0.63 0.64 0.64 0.64 0.61 0.64 0.61 0.52 0.41 0.49 0.43 0.49 0.49 0.48 0.49 0.49 0.47 0.48 0.48 0.48 0.11 0.44 0.44 0.44 0.44 0.44 0.13 0.12 0.02 0.07 0.57 0.60 0.60 0.60 0.60 0.61 0.59 0.61 0.61 0.59 0.60 0.59 0.58 0.58 0.48 0.54 0.52 0.55 0.41 0.44 0.44 0.44
0.60 0.62 0.62 0.61 0.45 0.61 0.62 0.60 0.58 0.62 0.62 0.62 0.62 0.65 0.64 0.62 0.43 0.63 0.57 0.64 0.65 0.65 0.65 0.63 1.00 0.57 0.64 0.74 0.61 0.64 0.63 0.63 0.63 0.64 0.63 0.63 0.61 0.64 0.61 0.51 0.40 0.49 0.43 0.48 0.48 0.47 0.48 0.48 0.47 0.47 0.47 0.47 0.11 0.44 0.44 0.44 0.44 0.44 0.13 0.13 0.02 0.06 0.57 0.60 0.60 0.60 0.60 0.60 0.59 0.60 0.60 0.58 0.60 0.59 0.58 0.58 0.47 0.54 0.52 0.55 0.40 0.44 0.44 0.44
0.91 0.91 0.91 0.91 0.85 0.91 0.91 0.91 0.91 0.91 0.91 0.91 0.91 0.92 0.92 0.91 0.79 0.91 0.90 0.91 0.92 0.92 0.92 0.91 1.00 0.90 0.91 0.90 0.91 0.91 0.91 0.91 0.91 0.91 0.91 0.91 0.91 0.91 0.91 0.89 0.85 0.88 0.86 0.88 0.88 0.88 0.88 0.88 0.88 0.88 0.88 0.88 0.49 0.86 0.86 0.86 0.86 0.86 0.46 0.47 0.17 0.27 0.90 0.91 0.91 0.91 0.91 0.91 0.91 0.91 0.91 0.91 0.91 0.91 0.91 0.91 0.87 0.90 0.89 0.90 0.83 0.87 0.87 0.87
0.65 0.67 0.67 0.66 0.50 0.66 0.67 0.65 0.63 0.67 0.67 0.67 0.67 0.69 0.69 0.67 0.47 0.67 0.62 0.68 0.69 0.69 0.69 0.67 1.00 0.62 0.68 0.75 0.65 0.68 0.68 0.68 0.67 0.68 0.68 0.68 0.66 0.68 0.66 0.57 0.47 0.55 0.49 0.55 0.55 0.54 0.55 0.55 0.53 0.54 0.54 0.54 0.14 0.50 0.50 0.50 0.50 0.50 0.15 0.16 0.03 0.08 0.62 0.65 0.65 0.65 0.65 0.65 0.64 0.65 0.65 0.64 0.65 0.64 0.63 0.63 0.54 0.60 0.58 0.61 0.47 0.51 0.51 0.51
0.91 0.92 0.92 0.92 0.85 0.92 0.92 0.92 0.91 0.92 0.92 0.91 0.92 0.92 0.92 0.91 0.80 0.92 0.90 0.92 0.92 0.92 0.92 0.92 1.00 0.90 0.92 0.90 0.91 0.92 0.92 0.92 0.92 0.92 0.92 0.92 0.91 0.92 0.91 0.89 0.85 0.89 0.86 0.89 0.89 0.88 0.89 0.89 0.88 0.88 0.88 0.88 0.50 0.87 0.87 0.87 0.87 0.87 0.48 0.49 0.18 0.27 0.91 0.92 0.92 0.92 0.92 0.92 0.91 0.92 0.92 0.91 0.92 0.91 0.91 0.91 0.87 0.90 0.90 0.91 0.84 0.88 0.88 0.88
0.89 0.90 0.90 0.89 0.82 0.90 0.90 0.89 0.89 0.90 0.90 0.89 0.90 0.90 0.90 0.90 0.76 0.90 0.88 0.90 0.90 0.90 0.90 0.90 1.00 0.88 0.90 0.89 0.89 0.90 0.90 0.90 0.90 0.90 0.90 0.90 0.89 0.90 0.89 0.86 0.81 0.85 0.82 0.86 0.86 0.85 0.86 0.86 0.85 0.85 0.85 0.85 0.45 0.83 0.83 0.83 0.83 0.83 0.44 0.45 0.15 0.24 0.89 0.89 0.89 0.89 0.89 0.90 0.89 0.90 0.90 0.89 0.89 0.89 0.89 0.89 0.85 0.88 0.87 0.88 0.82 0.84 0.84 0.84
0.80 0.81 0.81 0.81 0.68 0.80 0.81 0.80 0.79 0.81 0.81 0.81 0.81 0.82 0.82 0.81 0.63 0.81 0.77 0.82 0.82 0.82 0.82 0.81 1.00 0.77 0.82 0.83 0.80 0.82 0.81 0.81 0.81 0.82 0.81 0.81 0.80 0.82 0.80 0.74 0.66 0.73 0.68 0.73 0.73 0.72 0.73 0.73 0.72 0.72 0.72 0.72 0.28 0.69 0.69 0.69 0.69 0.69 0.29 0.28 0.06 0.15 0.78 0.80 0.80 0.80 0.80 0.80 0.79 0.80 0.80 0.80 0.80 0.80 0.79 0.79 0.72 0.77 0.75 0.77 0.66 0.70 0.70 0.70
0.85 0.85 0.85 0.85 0.75 0.85 0.85 0.85 0.84 0.85 0.85 0.85 0.85 0.86 0.86 0.85 0.70 0.85 0.82 0.85 0.86 0.86 0.86 0.85 1.00 0.82 0.85 0.86 0.84 0.85 0.85 0.85 0.85 0.85 0.85 0.85 0.85 0.85 0.85 0.80 0.74 0.80 0.76 0.79 0.79 0.79 0.79 0.79 0.79 0.79 0.79 0.79 0.36 0.76 0.76 0.76 0.76 0.76 0.35 0.36 0.09 0.19 0.83 0.85 0.85 0.85 0.85 0.85 0.84 0.85 0.85 0.85 0.85 0.84 0.84 0.84 0.78 0.83 0.81 0.83 0.73 0.77 0.77 0.77
0.73 0.74 0.74 0.74 0.59 0.74 0.74 0.73 0.72 0.74 0.74 0.74 0.74 0.76 0.75 0.74 0.54 0.74 0.70 0.75 0.76 0.76 0.75 0.74 1.00 0.70 0.75 0.79 0.73 0.75 0.75 0.75 0.74 0.75 0.75 0.75 0.73 0.75 0.73 0.65 0.56 0.64 0.58 0.63 0.63 0.63 0.63 0.63 0.62 0.63 0.63 0.63 0.20 0.59 0.59 0.59 0.59 0.59 0.22 0.22 0.04 0.11 0.71 0.73 0.73 0.73 0.73 0.73 0.72 0.73 0.73 0.72 0.73 0.72 0.72 0.72 0.62 0.69 0.67 0.69 0.56 0.59 0.59 0.59
0.93 0.94 0.94 0.93 0.88 0.93 0.94 0.93 0.93 0.93 0.93 0.93 0.93 0.94 0.94 0.93 0.83 0.94 0.92 0.94 0.94 0.94 0.94 0.94 1.00 0.92 0.94 0.92 0.93 0.94 0.94 0.94 0.94 0.94 0.94 0.94 0.93 0.94 0.93 0.91 0.88 0.91 0.89 0.91 0.91 0.91 0.91 0.91 0.91 0.91 0.91 0.91 0.55 0.90 0.90 0.90 0.90 0.90 0.53 0.54 0.21 0.32 0.93 0.93 0.93 0.93 0.93 0.93 0.93 0.93 0.93 0.93 0.93 0.93 0.93 0.93 0.90 0.93 0.92 0.93 0.87 0.90 0.90 0.90
0.59 0.61 0.61 0.60 0.43 0.59 0.61 0.59 0.57 0.60 0.61 0.61 0.60 0.65 0.64 0.61 0.42 0.62 0.56 0.63 0.65 0.65 0.64 0.62 1.00 0.56 0.63 0.73 0.59 0.63 0.63 0.62 0.62 0.63 0.63 0.62 0.60 0.63 0.60 0.50 0.39 0.48 0.41 0.47 0.47 0.46 0.47 0.47 0.46 0.46 0.46 0.46 0.10 0.42 0.42 0.42 0.42 0.42 0.12 0.12 0.02 0.07 0.55 0.59 0.59 0.59 0.59 0.59 0.57 0.59 0.59 0.57 0.59 0.57 0.57 0.56 0.46 0.53 0.51 0.54 0.38 0.42 0.42 0.42
0.56 0.59 0.59 0.58 0.41 0.58 0.59 0.57 0.55 0.59 0.59 0.60 0.59 0.63 0.62 0.59 0.40 0.60 0.54 0.61 0.63 0.63 0.62 0.60 1.00 0.54 0.61 0.72 0.57 0.62 0.61 0.60 0.60 0.62 0.61 0.60 0.58 0.62 0.58 0.48 0.37 0.45 0.39 0.45 0.45 0.44 0.45 0.45 0.44 0.44 0.44 0.44 0.10 0.40 0.40 0.40 0.40 0.40 0.11 0.11 0.01 0.06 0.53 0.57 0.57 0.57 0.57 0.57 0.55 0.57 0.57 0.55 0.57 0.55 0.54 0.54 0.44 0.51 0.49 0.52 0.37 0.40 0.40 0.40
0.35 0.38 0.38 0.37 0.21 0.37 0.38 0.36 0.34 0.38 0.39 0.39 0.38 0.46 0.44 0.38 0.22 0.39 0.33 0.42 0.46 0.46 0.44 0.39 1.00 0.34 0.42 0.63 0.38 0.43 0.41 0.41 0.39 0.43 0.41 0.41 0.38 0.43 0.38 0.27 0.17 0.24 0.19 0.23 0.23 0.23 0.23 0.23 0.22 0.23 0.23 0.23 0.03 0.19 0.19 0.19 0.19 0.19 0.04 0.03 0.00 0.02 0.31 0.35 0.35 0.35 0.35 0.36 0.33 0.36 0.36 0.33 0.35 0.33 0.32 0.32 0.23 0.28 0.26 0.29 0.16 0.19 0.19 0.19
0.48 0.51 0.51 0.49 0.32 0.49 0.51 0.49 0.46 0.50 0.51 0.51 0.50 0.56 0.55 0.51 0.33 0.52 0.45 0.53 0.56 0.56 0.55 0.52 1.00 0.45 0.53 0.68 0.50 0.54 0.53 0.53 0.52 0.54 0.53 0.53 0.50 0.54 0.50 0.39 0.28 0.36 0.30 0.36 0.36 0.35 0.36 0.36 0.34 0.35 0.35 0.35 0.06 0.31 0.31 0.31 0.31 0.31 0.07 0.07 0.01 0.04 0.44 0.48 0.48 0.48 0.48 0.48 0.46 0.48 0.48 0.46 0.48 0.46 0.45 0.45 0.35 0.41 0.39 0.42 0.28 0.31 0.31 0.31
0.70 0.71 0.71 0.70 0.55 0.70 0.71 0.70 0.68 0.71 0.71 0.71 0.71 0.73 0.73 0.71 0.51 0.72 0.66 0.72 0.73 0.73 0.73 0.72 1.00 0.67 0.72 0.78 0.70 0.73 0.72 0.72 0.72 0.73 0.72 0.72 0.70 0.73 0.70 0.62 0.52 0.60 0.55 0.60 0.60 0.59 0.60 0.60 0.59 0.59 0.59 0.59 0.17 0.55 0.55 0.55 0.55 0.55 0.19 0.19 0.03 0.10 0.67 0.70 0.70 0.70 0.70 0.70 0.69 0.70 0.70 0.69 0.70 0.69 0.68 0.68 0.58 0.65 0.63 0.66 0.52 0.56 0.56 0.56
0.71 0.73 0.73 0.72 0.56 0.72 0.73 0.72 0.70 0.73 0.73 0.73 0.73 0.74 0.74 0.72 0.52 0.73 0.68 0.74 0.74 0.74 0.74 0.73 1.00 0.68 0.74 0.77 0.71 0.74 0.73 0.73 0.73 0.74 0.73 0.73 0.72 0.74 0.72 0.64 0.53 0.61 0.55 0.61 0.61 0.60 0.61 0.61 0.60 0.60 0.60 0.60 0.18 0.57 0.57 0.57 0.57 0.57 0.20 0.19 0.04 0.10 0.69 0.71 0.71 0.71 0.71 0.72 0.70 0.72 0.72 0.70 0.71 0.70 0.70 0.70 0.61 0.67 0.65 0.68 0.54 0.58 0.58 0.58
0.57 0.59 0.59 0.58 0.41 0.58 0.59 0.57 0.55 0.59 0.59 0.60 0.59 0.63 0.62 0.59 0.39 0.60 0.54 0.61 0.63 0.63 0.62 0.60 1.00 0.54 0.61 0.71 0.58 0.62 0.61 0.61 0.60 0.62 0.61 0.61 0.58 0.62 0.58 0.48 0.37 0.45 0.40 0.45 0.45 0.44 0.45 0.45 0.44 0.44 0.44 0.44 0.10 0.40 0.40 0.40 0.40 0.40 0.11 0.10 0.01 0.06 0.53 0.57 0.57 0.57 0.57 0.57 0.55 0.57 0.57 0.55 0.57 0.55 0.55 0.55 0.44 0.51 0.48 0.52 0.37 0.41 0.41 0.41
0.91 0.92 0.92 0.91 0.85 0.91 0.92 0.91 0.91 0.91 0.91 0.91 0.91 0.92 0.92 0.91 0.79 0.91 0.90 0.92 0.92 0.92 0.92 0.91 1.00 0.90 0.92 0.89 0.91 0.92 0.92 0.92 0.91 0.92 0.92 0.92 0.91 0.92 0.91 0.89 0.84 0.88 0.85 0.88 0.88 0.88 0.88 0.88 0.88 0.88 0.88 0.88 0.50 0.87 0.87 0.87 0.87 0.87 0.48 0.48 0.17 0.27 0.91 0.91 0.91 0.91 0.91 0.91 0.91 0.91 0.91 0.91 0.91 0.91 0.91 0.91 0.88 0.90 0.90 0.91 0.84 0.88 0.88 0.88
0.32 0.36 0.36 0.34 0.19 0.34 0.36 0.34 0.32 0.36 0.37 0.37 0.36 0.43 0.41 0.37 0.21 0.38 0.30 0.40 0.43 0.43 0.42 0.38 1.00 0.32 0.40 0.61 0.35 0.40 0.39 0.39 0.38 0.40 0.39 0.39 0.36 0.40 0.36 0.25 0.15 0.21 0.17 0.21 0.21 0.20 0.21 0.21 0.19 0.20 0.20 0.20 0.02 0.16 0.16 0.16 0.16 0.16 0.03 0.02 0.00 0.02 0.28 0.32 0.32 0.32 0.32 0.33 0.30 0.33 0.33 0.30 0.32 0.30 0.29 0.29 0.20 0.25 0.23 0.26 0.15 0.16 0.16 0.16
0.58 0.60 0.60 0.59 0.42 0.59 0.60 0.59 0.57 0.60 0.60 0.60 0.60 0.63 0.63 0.60 0.39 0.61 0.54 0.62 0.63 0.63 0.63 0.61 1.00 0.55 0.62 0.72 0.58 0.62 0.61 0.61 0.61 0.62 0.61 0.61 0.59 0.62 0.59 0.49 0.38 0.47 0.41 0.46 0.46 0.45 0.46 0.46 0.45 0.45 0.45 0.45 0.10 0.41 0.41 0.41 0.41 0.41 0.12 0.11 0.01 0.06 0.55 0.58 0.58 0.58 0.58 0.58 0.56 0.58 0.58 0.56 0.58 0.56 0.56 0.55 0.45 0.52 0.50 0.53 0.38 0.41 0.41 0.41
0.78 0.79 0.79 0.78 0.65 0.78 0.79 0.78 0.76 0.79 0.79 0.79 0.79 0.80 0.79 0.78 0.60 0.79 0.75 0.79 0.80 0.80 0.79 0.79 1.00 0.75 0.79 0.81 0.77 0.80 0.79 0.79 0.79 0.80 0.79 0.79 0.78 0.80 0.78 0.71 0.62 0.70 0.65 0.70 0.70 0.69 0.70 0.70 0.69 0.69 0.69 0.69 0.25 0.66 0.66 0.66 0.66 0.66 0.25 0.26 0.05 0.14 0.76 0.78 0.78 0.78 0.78 0.78 0.77 0.78 0.78 0.78 0.78 0.77 0.77 0.77 0.68 0.75 0.73 0.75 0.62 0.67 0.67 0.67
0.67 0.69 0.69 0.68 0.52 0.68 0.69 0.68 0.66 0.69 0.69 0.69 0.69 0.71 0.71 0.69 0.50 0.70 0.65 0.71 0.71 0.71 0.71 0.70 1.00 0.64 0.71 0.76 0.68 0.71 0.70 0.70 0.70 0.71 0.70 0.70 0.69 0.71 0.69 0.59 0.49 0.57 0.51 0.56 0.56 0.56 0.56 0.56 0.55 0.56 0.56 0.56 0.16 0.52 0.52 0.52 0.52 0.52 0.17 0.17 0.03 0.09 0.64 0.67 0.67 0.67 0.67 0.68 0.66 0.68 0.68 0.66 0.67 0.66 0.66 0.66 0.56 0.62 0.60 0.63 0.49 0.53 0.53 0.53
0.52 0.55 0.55 0.54 0.37 0.54 0.55 0.53 0.51 0.55 0.55 0.56 0.55 0.59 0.58 0.55 0.36 0.56 0.50 0.57 0.59 0.59 0.59 0.56 1.00 0.50 0.57 0.70 0.54 0.57 0.57 0.57 0.56 0.57 0.57 0.57 0.55 0.57 0.55 0.44 0.33 0.41 0.35 0.41 0.41 0.40 0.41 0.41 0.39 0.40 0.40 0.40 0.08 0.36 0.36 0.36 0.36 0.36 0.10 0.08 0.01 0.05 0.49 0.53 0.53 0.53 0.53 0.53 0.51 0.53 0.53 0.51 0.53 0.51 0.50 0.50 0.40 0.46 0.43 0.47 0.33 0.36 0.36 0.36
0.66 0.68 0.68 0.67 0.51 0.67 0.68 0.67 0.65 0.67 0.67 0.68 0.67 0.70 0.69 0.67 0.47 0.68 0.62 0.69 0.70 0.70 0.69 0.68 1.00 0.63 0.69 0.76 0.66 0.69 0.69 0.68 0.68 0.69 0.69 0.68 0.66 0.69 0.66 0.58 0.47 0.56 0.49 0.55 0.55 0.54 0.55 0.55 0.54 0.54 0.54 0.54 0.14 0.50 0.50 0.50 0.50 0.50 0.16 0.16 0.02 0.08 0.63 0.66 0.66 0.66 0.66 0.66 0.65 0.66 0.66 0.64 0.66 0.65 0.64 0.64 0.54 0.61 0.58 0.62 0.47 0.51 0.51 0.51
0.44 0.47 0.47 0.46 0.29 0.45 0.47 0.45 0.43 0.47 0.47 0.48 0.47 0.53 0.51 0.47 0.29 0.48 0.41 0.50 0.53 0.53 0.52 0.48 1.00 0.42 0.50 0.66 0.45 0.50 0.49 0.49 0.48 0.50 0.49 0.49 0.46 0.50 0.46 0.35 0.24 0.32 0.27 0.31 0.31 0.30 0.31 0.31 0.30 0.30 0.30 0.30 0.04 0.27 0.27 0.27 0.27 0.27 0.06 0.05 0.01 0.03 0.39 0.43 0.43 0.43 0.43 0.44 0.42 0.44 0.44 0.41 0.43 0.42 0.40 0.40 0.30 0.37 0.34 0.37 0.24 0.26 0.26 0.26
0.28 0.31 0.31 0.30 0.17 0.30 0.31 0.29 0.27 0.32 0.32 0.33 0.32 0.40 0.37 0.32 0.17 0.33 0.27 0.36 0.40 0.40 0.38 0.33 1.00 0.28 0.36 0.59 0.31 0.36 0.35 0.35 0.33 0.36 0.35 0.35 0.31 0.36 0.31 0.21 0.12 0.18 0.14 0.18 0.18 0.17 0.18 0.18 0.16 0.17 0.17 0.17 0.02 0.14 0.14 0.14 0.14 0.14 0.02 0.02 0.00 0.01 0.24 0.28 0.28 0.28 0.28 0.29 0.27 0.29 0.29 0.26 0.28 0.26 0.25 0.25 0.17 0.22 0.19 0.23 0.12 0.14 0.14 0.14
0.76 0.77 0.77 0.77 0.63 0.77 0.77 0.76 0.75 0.77 0.77 0.77 0.77 0.78 0.78 0.77 0.58 0.77 0.74 0.78 0.78 0.78 0.78 0.77 1.00 0.74 0.78 0.82 0.76 0.78 0.78 0.78 0.77 0.78 0.78 0.78 0.76 0.78 0.76 0.69 0.61 0.68 0.63 0.68 0.68 0.67 0.68 0.68 0.67 0.67 0.67 0.67 0.23 0.64 0.64 0.64 0.64 0.64 0.25 0.25 0.05 0.13 0.74 0.76 0.76 0.76 0.76 0.77 0.76 0.77 0.77 0.76 0.76 0.75 0.75 0.75 0.67 0.73 0.71 0.73 0.61 0.65 0.65 0.65
0.26 0.30 0.30 0.28 0.15 0.28 0.30 0.28 0.25 0.29 0.30 0.31 0.29 0.38 0.35 0.30 0.16 0.31 0.25 0.34 0.38 0.38 0.36 0.31 1.00 0.26 0.34 0.58 0.29 0.35 0.33 0.33 0.31 0.35 0.33 0.33 0.30 0.35 0.30 0.19 0.11 0.16 0.12 0.16 0.16 0.15 0.16 0.16 0.14 0.15 0.15 0.15 0.01 0.12 0.12 0.12 0.12 0.12 0.02 0.02 0.00 0.01 0.22 0.26 0.26 0.26 0.26 0.26 0.24 0.26 0.26 0.23 0.26 0.24 0.23 0.23 0.15 0.19 0.17 0.20 0.10 0.12 0.12 0.12
0.49 0.52 0.52 0.51 0.33 0.51 0.52 0.50 0.48 0.52 0.52 0.53 0.52 0.57 0.56 0.52 0.33 0.53 0.46 0.55 0.57 0.57 0.56 0.53 1.00 0.48 0.55 0.69 0.51 0.55 0.54 0.54 0.53 0.55 0.54 0.54 0.52 0.55 0.52 0.40 0.29 0.37 0.31 0.37 0.37 0.36 0.37 0.37 0.35 0.36 0.36 0.36 0.06 0.32 0.32 0.32 0.32 0.32 0.08 0.08 0.01 0.04 0.45 0.49 0.49 0.49 0.49 0.50 0.48 0.50 0.50 0.47 0.49 0.47 0.47 0.47 0.36 0.43 0.40 0.44 0.29 0.33 0.33 0.33
0.50 0.53 0.53 0.52 0.36 0.52 0.53 0.51 0.49 0.53 0.54 0.54 0.53 0.58 0.57 0.53 0.34 0.54 0.48 0.56 0.58 0.58 0.57 0.54 1.00 0.48 0.56 0.69 0.52 0.56 0.55 0.55 0.54 0.56 0.55 0.55 0.52 0.56 0.52 0.43 0.32 0.40 0.34 0.39 0.39 0.38 0.39 0.39 0.38 0.38 0.38 0.38 0.07 0.35 0.35 0.35 0.35 0.35 0.09 0.09 0.01 0.04 0.47 0.50 0.50 0.50 0.50 0.51 0.49 0.51 0.51 0.48 0.50 0.48 0.48 0.47 0.38 0.44 0.42 0.45 0.31 0.34 0.34 0.34
0.51 0.53 0.53 0.52 0.35 0.52 0.53 0.52 0.49 0.53 0.53 0.54 0.53 0.58 0.57 0.53 0.35 0.54 0.48 0.56 0.58 0.58 0.57 0.54 1.00 0.48 0.56 0.70 0.52 0.56 0.55 0.55 0.54 0.56 0.55 0.55 0.53 0.56 0.53 0.42 0.32 0.39 0.34 0.39 0.39 0.38 0.39 0.39 0.37 0.38 0.38 0.38 0.07 0.34 0.34 0.34 0.34 0.34 0.08 0.08 0.01 0.05 0.47 0.51 0.51 0.51 0.51 0.51 0.49 0.51 0.51 0.49 0.51 0.49 0.48 0.48 0.38 0.44 0.42 0.45 0.31 0.34 0.34 0.34
0.92 0.92 0.92 0.92 0.86 0.92 0.92 0.92 0.91 0.92 0.92 0.92 0.92 0.92 0.92 0.92 0.81 0.92 0.90 0.92 0.92 0.92 0.92 0.92 1.00 0.90 0.92 0.90 0.91 0.92 0.92 0.92 0.92 0.92 0.92 0.92 0.91 0.92 0.91 0.89 0.85 0.89 0.86 0.89 0.89 0.89 0.89 0.89 0.89 0.89 0.89 0.89 0.50 0.87 0.87 0.87 0.87 0.87 0.49 0.50 0.18 0.28 0.91 0.92 0.92 0.92 0.92 0.92 0.92 0.92 0.92 0.91 0.92 0.91 0.91 0.91 0.88 0.91 0.90 0.91 0.85 0.88 0.88 0.88
0.60 0.63 0.63 0.62 0.46 0.61 0.63 0.62 0.59 0.62 0.63 0.63 0.62 0.66 0.65 0.63 0.43 0.64 0.58 0.65 0.66 0.66 0.65 0.64 1.00 0.58 0.65 0.74 0.62 0.65 0.64 0.64 0.64 0.65 0.64 0.64 0.62 0.65 0.62 0.52 0.41 0.50 0.44 0.49 0.49 0.48 0.49 0.49 0.48 0.48 0.48 0.48 0.11 0.44 0.44 0.44 0.44 0.44 0.13 0.12 0.02 0.07 0.57 0.61 0.61 0.61 0.61 0.61 0.59 0.61 0.61 0.59 0.61 0.59 0.58 0.58 0.48 0.55 0.53 0.56 0.41 0.44 0.44 0.44
0.87 0.87 0.87 0.87 0.77 0.87 0.87 0.87 0.86 0.87 0.87 0.87 0.87 0.88 0.88 0.87 0.72 0.87 0.85 0.87 0.88 0.88 0.88 0.87 1.00 0.85 0.87 0.86 0.87 0.87 0.87 0.87 0.87 0.87 0.87 0.87 0.87 0.87 0.87 0.83 0.77 0.82 0.78 0.82 0.82 0.82 0.82 0.82 0.82 0.82 0.82 0.82 0.38 0.80 0.80 0.80 0.80 0.80 0.39 0.39 0.12 0.22 0.86 0.87 0.87 0.87 0.87 0.87 0.87 0.87 0.87 0.87 0.87 0.87 0.87 0.87 0.81 0.85 0.84 0.85 0.76 0.80 0.80 0.80
0.84 0.85 0.85 0.84 0.73 0.84 0.85 0.84 0.83 0.84 0.84 0.84 0.84 0.85 0.85 0.84 0.68 0.85 0.82 0.85 0.85 0.85 0.85 0.85 1.00 0.81 0.85 0.85 0.84 0.85 0.85 0.85 0.85 0.85 0.85 0.85 0.84 0.85 0.84 0.79 0.72 0.78 0.73 0.78 0.78 0.78 0.78 0.78 0.78 0.78 0.78 0.78 0.33 0.75 0.75 0.75 0.75 0.75 0.34 0.34 0.09 0.18 0.83 0.84 0.84 0.84 0.84 0.84 0.84 0.84 0.84 0.84 0.84 0.84 0.84 0.84 0.77 0.82 0.80 0.82 0.72 0.76 0.76 0.76
0.92 0.93 0.93 0.93 0.86 0.92 0.93 0.93 0.92 0.93 0.93 0.93 0.93 0.93 0.93 0.92 0.81 0.93 0.91 0.93 0.93 0.93 0.93 0.93 1.00 0.91 0.93 0.91 0.92 0.93 0.93 0.93 0.93 0.93 0.93 0.93 0.92 0.93 0.92 0.90 0.86 0.90 0.87 0.90 0.90 0.90 0.90 0.90 0.90 0.90 0.90 0.90 0.52 0.88 0.88 0.88 0.88 0.88 0.50 0.51 0.19 0.30 0.92 0.93 0.93 0.93 0.93 0.93 0.92 0.93 0.93 0.92 0.93 0.92 0.92 0.92 0.89 0.92 0.91 0.92 0.86 0.88 0.88 0.88
0.92 0.93 0.93 0.92 0.86 0.92 0.93 0.92 0.92 0.92 0.92 0.92 0.92 0.93 0.93 0.92 0.81 0.92 0.91 0.93 0.93 0.93 0.93 0.92 1.00 0.91 0.93 0.91 0.92 0.93 0.93 0.93 0.92 0.93 0.93 0.93 0.92 0.93 0.92 0.90 0.86 0.90 0.87 0.90 0.90 0.90 0.90 0.90 0.90 0.90 0.90 0.90 0.52 0.88 0.88 0.88 0.88 0.88 0.50 0.50 0.18 0.29 0.92 0.92 0.92 0.92 0.92 0.92 0.92 0.92 0.92 0.92 0.92 0.92 0.92 0.92 0.88 0.91 0.91 0.92 0.85 0.88 0.88 0.88
0.63 0.66 0.66 0.65 0.48 0.64 0.66 0.64 0.62 0.65 0.66 0.66 0.65 0.68 0.68 0.65 0.45 0.66 0.61 0.67 0.68 0.68 0.68 0.66 1.00 0.61 0.67 0.74 0.64 0.67 0.67 0.67 0.66 0.67 0.67 0.67 0.65 0.67 0.65 0.55 0.45 0.53 0.47 0.53 0.53 0.52 0.53 0.53 0.51 0.52 0.52 0.52 0.13 0.48 0.48 0.48 0.48 0.48 0.14 0.15 0.02 0.07 0.61 0.64 0.64 0.64 0.64 0.64 0.62 0.64 0.64 0.62 0.64 0.62 0.62 0.62 0.51 0.58 0.56 0.59 0.44 0.48 0.48 0.48
0.49 0.51 0.51 0.50 0.33 0.50 0.51 0.50 0.47 0.51 0.52 0.52 0.51 0.56 0.55 0.51 0.33 0.53 0.46 0.54 0.56 0.56 0.55 0.53 1.00 0.47 0.54 0.68 0.51 0.55 0.54 0.54 0.53 0.55 0.54 0.54 0.51 0.55 0.51 0.39 0.29 0.37 0.31 0.36 0.36 0.35 0.36 0.36 0.35 0.35 0.35 0.35 0.06 0.32 0.32 0.32 0.32 0.32 0.07 0.07 0.01 0.04 0.45 0.49 0.49 0.49 0.49 0.49 0.47 0.49 0.49 0.47 0.49 0.47 0.46 0.46 0.35 0.42 0.39 0.43 0.28 0.32 0.32 0.32
0.32 0.35 0.35 0.33 0.19 0.34 0.35 0.33 0.30 0.35 0.36 0.36 0.35 0.43 0.41 0.36 0.20 0.37 0.30 0.39 0.43 0.43 0.41 0.37 1.00 0.32 0.39 0.61 0.35 0.40 0.38 0.38 0.37 0.40 0.38 0.38 0.35 0.40 0.35 0.24 0.15 0.20 0.16 0.20 0.20 0.19 0.20 0.20 0.18 0.19 0.19 0.19 0.02 0.16 0.16 0.16 0.16 0.16 0.03 0.02 0.00 0.01 0.28 0.32 0.32 0.32 0.32 0.32 0.30 0.32 0.32 0.29 0.32 0.30 0.29 0.29 0.20 0.25 0.23 0.26 0.15 0.17 0.17 0.17
0.47 0.50 0.50 0.49 0.32 0.48 0.50 0.48 0.46 0.49 0.50 0.51 0.49 0.55 0.54 0.50 0.32 0.51 0.45 0.52 0.55 0.55 0.54 0.51 1.00 0.45 0.52 0.67 0.49 0.53 0.52 0.52 0.51 0.53 0.52 0.52 0.49 0.53 0.49 0.38 0.27 0.35 0.30 0.35 0.35 0.34 0.35 0.35 0.33 0.34 0.34 0.34 0.06 0.30 0.30 0.30 0.30 0.30 0.07 0.06 0.01 0.03 0.43 0.47 0.47 0.47 0.47 0.48 0.45 0.48 0.48 0.45 0.47 0.45 0.44 0.44 0.33 0.40 0.38 0.41 0.27 0.30 0.30 0.30
0.59 0.62 0.62 0.61 0.44 0.61 0.62 0.60 0.58 0.61 0.62 0.62 0.61 0.65 0.64 0.62 0.42 0.63 0.57 0.64 0.65 0.65 0.65 0.63 1.00 0.57 0.64 0.73 0.61 0.64 0.63 0.63 0.63 0.64 0.63 0.63 0.61 0.64 0.61 0.50 0.40 0.48 0.42 0.48 0.48 0.47 0.48 0.48 0.46 0.47 0.47 0.47 0.10 0.43 0.43 0.43 0.43 0.43 0.13 0.11 0.02 0.06 0.56 0.60 0.60 0.60 0.60 0.60 0.58 0.60 0.60 0.58 0.60 0.58 0.58 0.57 0.47 0.54 0.51 0.54 0.40 0.43 0.43 0.43
0.25 0.28 0.28 0.27 0.14 0.27 0.28 0.26 0.24 0.28 0.29 0.30 0.28 0.37 0.35 0.29 0.16 0.30 0.24 0.33 0.37 0.37 0.35 0.30 1.00 0.25 0.33 0.57 0.29 0.34 0.32 0.32 0.30 0.34 0.32 0.32 0.29 0.34 0.29 0.19 0.11 0.16 0.12 0.15 0.15 0.14 0.15 0.15 0.14 0.14 0.14 0.14 0.01 0.12 0.12 0.12 0.12 0.12 0.02 0.02 0.00 0.01 0.21 0.25 0.25 0.25 0.25 0.25 0.23 0.25 0.25 0.22 0.25 0.23 0.22 0.22 0.14 0.19 0.17 0.20 0.10 0.11 0.11 0.11
0.26 0.30 0.30 0.28 0.15 0.28 0.30 0.27 0.25 0.30 0.30 0.31 0.30 0.38 0.36 0.30 0.16 0.31 0.25 0.34 0.38 0.38 0.36 0.31 1.00 0.26 0.34 0.58 0.29 0.35 0.33 0.33 0.31 0.35 0.33 0.33 0.30 0.35 0.30 0.19 0.11 0.16 0.13 0.16 0.16 0.15 0.16 0.16 0.15 0.15 0.15 0.15 0.01 0.12 0.12 0.12 0.12 0.12 0.02 0.02 0.00 0.01 0.23 0.26 0.26 0.26 0.26 0.27 0.25 0.27 0.27 0.24 0.26 0.24 0.23 0.23 0.15 0.20 0.18 0.21 0.11 0.12 0.12 0.12
0.48 0.51 0.51 0.50 0.33 0.49 0.51 0.49 0.47 0.51 0.51 0.52 0.51 0.56 0.55 0.51 0.32 0.52 0.45 0.53 0.56 0.56 0.55 0.52 1.00 0.46 0.53 0.67 0.49 0.54 0.53 0.53 0.52 0.54 0.53 0.53 0.50 0.54 0.50 0.39 0.28 0.36 0.30 0.36 0.36 0.35 0.36 0.36 0.34 0.35 0.35 0.35 0.05 0.30 0.30 0.30 0.30 0.30 0.07 0.07 0.01 0.04 0.44 0.48 0.48 0.48 0.48 0.48 0.46 0.48 0.48 0.46 0.48 0.46 0.45 0.45 0.34 0.41 0.38 0.42 0.27 0.30 0.30 0.30
0.52 0.55 0.55 0.55 0.37 0.53 0.55 0.54 0.51 0.54 0.56 0.56 0.54 0.59 0.58 0.55 0.36 0.56 0.49 0.57 0.59 0.59 0.59 0.56 1.00 0.50 0.57 0.70 0.54 0.58 0.57 0.57 0.56 0.58 0.57 0.57 0.55 0.58 0.55 0.44 0.33 0.41 0.35 0.41 0.41 0.40 0.41 0.41 0.39 0.40 0.40 0.40 0.08 0.36 0.36 0.36 0.36 0.36 0.09 0.08 0.01 0.05 0.49 0.53 0.53 0.53 0.53 0.53 0.51 0.53 0.53 0.51 0.53 0.51 0.50 0.50 0.40 0.47 0.44 0.47 0.33 0.36 0.36 0.36
0.89 0.89 0.89 0.89 0.81 0.89 0.89 0.89 0.88 0.89 0.89 0.89 0.89 0.89 0.89 0.89 0.76 0.89 0.87 0.89 0.89 0.89 0.89 0.89 1.00 0.87 0.89 0.88 0.88 0.89 0.89 0.89 0.89 0.89 0.89 0.89 0.89 0.89 0.89 0.85 0.80 0.85 0.81 0.85 0.85 0.85 0.85 0.85 0.84 0.85 0.85 0.85 0.43 0.82 0.82 0.82 0.82 0.82 0.43 0.44 0.13 0.23 0.88 0.89 0.89 0.89 0.89 0.89 0.88 0.89 0.89 0.89 0.89 0.88 0.89 0.89 0.84 0.87 0.86 0.87 0.80 0.83 0.83 0.83
0.60 0.62 0.62 0.61 0.45 0.62 0.62 0.61 0.59 0.62 0.63 0.63 0.62 0.66 0.65 0.62 0.43 0.63 0.57 0.64 0.66 0.66 0.65 0.63 1.00 0.58 0.64 0.74 0.61 0.65 0.64 0.64 0.63 0.65 0.64 0.64 0.62 0.65 0.62 0.51 0.41 0.49 0.43 0.49 0.49 0.48 0.49 0.49 0.47 0.48 0.48 0.48 0.12 0.43 0.43 0.43 0.43 0.43 0.13 0.13 0.02 0.07 0.57 0.61 0.61 0.61 0.61 0.61 0.59 0.61 0.61 0.59 0.61 0.59 0.58 0.58 0.48 0.54 0.52 0.55 0.42 0.45 0.45 0.45
0.32 0.35 0.35 0.33 0.19 0.33 0.35 0.33 0.30 0.35 0.36 0.36 0.35 0.42 0.41 0.35 0.20 0.37 0.29 0.39 0.42 0.42 0.41 0.37 1.00 0.31 0.39 0.61 0.35 0.39 0.38 0.38 0.37 0.39 0.38 0.38 0.35 0.39 0.35 0.24 0.15 0.21 0.17 0.21 0.21 0.20 0.21 0.21 0.19 0.20 0.20 0.20 0.02 0.17 0.17 0.17 0.17 0.17 0.03 0.03 0.00 0.01 0.28 0.32 0.32 0.32 0.32 0.32 0.30 0.32 0.32 0.29 0.32 0.30 0.28 0.28 0.20 0.25 0.23 0.26 0.15 0.16 0.16 0.16
0.41 0.45 0.45 0.43 0.27 0.43 0.45 0.43 0.40 0.45 0.45 0.46 0.45 0.50 0.49 0.45 0.27 0.46 0.39 0.48 0.50 0.50 0.49 0.46 1.00 0.40 0.48 0.65 0.44 0.49 0.48 0.48 0.46 0.49 0.48 0.48 0.45 0.49 0.45 0.32 0.22 0.30 0.24 0.29 0.29 0.28 0.29 0.29 0.27 0.28 0.28 0.28 0.04 0.24 0.24 0.24 0.24 0.24 0.05 0.05 0.01 0.03 0.38 0.42 0.42 0.42 0.42 0.42 0.40 0.42 0.42 0.39 0.42 0.39 0.39 0.38 0.29 0.34 0.32 0.36 0.22 0.25 0.25 0.25
0.42 0.44 0.44 0.43 0.27 0.43 0.44 0.42 0.40 0.44 0.45 0.45 0.44 0.51 0.49 0.45 0.27 0.46 0.39 0.48 0.51 0.51 0.50 0.46 1.00 0.40 0.48 0.65 0.44 0.49 0.47 0.47 0.46 0.49 0.47 0.47 0.44 0.49 0.44 0.33 0.22 0.30 0.24 0.29 0.29 0.28 0.29 0.29 0.28 0.28 0.28 0.28 0.04 0.24 0.24 0.24 0.24 0.24 0.05 0.05 0.00 0.03 0.37 0.41 0.41 0.41 0.41 0.42 0.40 0.42 0.42 0.39 0.41 0.40 0.38 0.39 0.28 0.34 0.32 0.35 0.22 0.25 0.25 0.25
0.76 0.77 0.77 0.77 0.64 0.77 0.77 0.77 0.75 0.77 0.77 0.77 0.77 0.79 0.78 0.77 0.59 0.77 0.73 0.78 0.79 0.79 0.78 0.77 1.00 0.73 0.78 0.81 0.76 0.78 0.78 0.78 0.77 0.78 0.78 0.78 0.76 0.78 0.76 0.70 0.61 0.69 0.63 0.69 0.69 0.68 0.69 0.68 0.68 0.68 0.68 0.68 0.24 0.65 0.65 0.65 0.65 0.65 0.25 0.24 0.05 0.13 0.74 0.77 0.77 0.77 0.77 0.77 0.76 0.77 0.77 0.76 0.77 0.76 0.75 0.75 0.67 0.72 0.71 0.73 0.61 0.65 0.65 0.65
0.68 0.70 0.70 0.69 0.53 0.69 0.70 0.68 0.66 0.69 0.69 0.70 0.69 0.71 0.71 0.69 0.49 0.70 0.64 0.71 0.71 0.71 0.71 0.70 1.00 0.65 0.71 0.76 0.68 0.71 0.70 0.70 0.70 0.71 0.70 0.70 0.69 0.71 0.69 0.60 0.50 0.58 0.52 0.57 0.57 0.57 0.57 0.58 0.56 0.57 0.57 0.57 0.16 0.53 0.53 0.53 0.53 0.53 0.17 0.18 0.03 0.09 0.65 0.68 0.68 0.68 0.68 0.68 0.67 0.68 0.68 0.67 0.68 0.67 0.66 0.66 0.56 0.63 0.61 0.64 0.50 0.54 0.54 0.54
0.28 0.32 0.32 0.30 0.17 0.30 0.32 0.30 0.28 0.32 0.32 0.33 0.32 0.40 0.38 0.32 0.18 0.34 0.27 0.37 0.40 0.40 0.38 0.34 1.00 0.29 0.37 0.60 0.32 0.37 0.36 0.36 0.34 0.37 0.36 0.36 0.32 0.37 0.32 0.21 0.12 0.18 0.14 0.17 0.17 0.16 0.17 0.17 0.16 0.16 0.16 0.16 0.02 0.14 0.14 0.14 0.14 0.14 0.02 0.02 0.00 0.01 0.24 0.28 0.28 0.28 0.28 0.28 0.27 0.28 0.28 0.25 0.28 0.26 0.25 0.24 0.17 0.22 0.20 0.23 0.12 0.14 0.14 0.14
0.89 0.90 0.90 0.89 0.82 0.89 0.90 0.89 0.89 0.89 0.89 0.89 0.89 0.90 0.90 0.89 0.76 0.90 0.87 0.90 0.90 0.90 0.90 0.90 1.00 0.87 0.90 0.89 0.89 0.90 0.90 0.90 0.90 0.90 0.90 0.90 0.89 0.90 0.89 0.86 0.81 0.86 0.82 0.86 0.86 0.85 0.86 0.86 0.85 0.85 0.85 0.85 0.44 0.84 0.84 0.84 0.84 0.84 0.43 0.44 0.14 0.24 0.88 0.89 0.89 0.89 0.89 0.89 0.89 0.89 0.89 0.89 0.89 0.89 0.89 0.89 0.84 0.88 0.87 0.88 0.81 0.84 0.84 0.84
0.58 0.60 0.60 0.59 0.42 0.59 0.60 0.59 0.57 0.60 0.60 0.60 0.60 0.64 0.63 0.60 0.40 0.61 0.55 0.62 0.64 0.64 0.63 0.61 1.00 0.55 0.62 0.73 0.59 0.62 0.62 0.62 0.61 0.62 0.62 0.62 0.60 0.62 0.60 0.49 0.38 0.46 0.40 0.46 0.46 0.45 0.46 0.46 0.44 0.45 0.45 0.45 0.09 0.41 0.41 0.41 0.41 0.41 0.12 0.11 0.01 0.06 0.55 0.58 0.58 0.58 0.58 0.59 0.57 0.59 0.59 0.57 0.58 0.56 0.56 0.56 0.45 0.52 0.49 0.53 0.38 0.41 0.41 0.41
0.95 0.95 0.95 0.95 0.90 0.95 0.95 0.95 0.94 0.95 0.95 0.95 0.95 0.95 0.95 0.95 0.85 0.95 0.94 0.95 0.95 0.95 0.95 0.95 1.00 0.94 0.95 0.93 0.94 0.95 0.95 0.95 0.95 0.95 0.95 0.95 0.94 0.95 0.94 0.93 0.90 0.93 0.91 0.93 0.93 0.93 0.93 0.93 0.93 0.93 0.93 0.93 0.59 0.91 0.91 0.91 0.91 0.91 0.56 0.57 0.24 0.35 0.94 0.95 0.95 0.95 0.95 0.95 0.95 0.95 0.95 0.95 0.95 0.94 0.95 0.95 0.92 0.94 0.93 0.94 0.89 0.92 0.92 0.92
0.73 0.74 0.74 0.73 0.58 0.73 0.74 0.73 0.71 0.74 0.74 0.74 0.74 0.76 0.75 0.74 0.54 0.74 0.70 0.75 0.76 0.76 0.76 0.74 1.00 0.70 0.75 0.79 0.73 0.75 0.75 0.75 0.74 0.75 0.75 0.75 0.73 0.75 0.73 0.66 0.56 0.64 0.58 0.64 0.64 0.63 0.64 0.64 0.63 0.63 0.63 0.63 0.20 0.59 0.59 0.59 0.59 0.59 0.21 0.21 0.04 0.11 0.70 0.73 0.73 0.73 0.73 0.73 0.72 0.73 0.73 0.72 0.73 0.72 0.72 0.71 0.63 0.69 0.67 0.69 0.56 0.60 0.60 0.60
0.78 0.79 0.79 0.78 0.65 0.78 0.79 0.78 0.77 0.79 0.79 0.79 0.79 0.80 0.80 0.79 0.61 0.79 0.75 0.79 0.80 0.80 0.80 0.79 1.00 0.75 0.79 0.81 0.78 0.79 0.79 0.79 0.79 0.79 0.79 0.79 0.78 0.79 0.78 0.72 0.63 0.71 0.65 0.70 0.70 0.70 0.70 0.70 0.70 0.70 0.70 0.70 0.25 0.67 0.67 0.67 0.67 0.67 0.26 0.26 0.06 0.14 0.76 0.78 0.78 0.78 0.78 0.78 0.77 0.78 0.78 0.77 0.78 0.77 0.77 0.77 0.68 0.75 0.73 0.75 0.62 0.67 0.67 0.67
0.73 0.75 0.75 0.74 0.60 0.74 0.75 0.74 0.72 0.75 0.75 0.75 0.75 0.76 0.76 0.74 0.56 0.75 0.70 0.76 0.76 0.76 0.76 0.75 1.00 0.71 0.76 0.80 0.74 0.76 0.76 0.76 0.75 0.76 0.76 0.76 0.74 0.76 0.74 0.67 0.57 0.65 0.60 0.65 0.65 0.64 0.65 0.65 0.64 0.64 0.64 0.64 0.21 0.61 0.61 0.61 0.61 0.61 0.22 0.22 0.04 0.12 0.71 0.74 0.74 0.74 0.74 0.74 0.73 0.74 0.74 0.73 0.74 0.73 0.73 0.72 0.64 0.69 0.67 0.70 0.58 0.61 0.61 0.61
0.85 0.86 0.86 0.86 0.75 0.86 0.86 0.86 0.84 0.86 0.86 0.86 0.86 0.86 0.86 0.86 0.69 0.86 0.83 0.86 0.86 0.86 0.86 0.86 1.00 0.83 0.86 0.86 0.85 0.86 0.86 0.86 0.86 0.86 0.86 0.86 0.85 0.86 0.85 0.81 0.74 0.80 0.76 0.80 0.80 0.80 0.80 0.80 0.80 0.80 0.80 0.80 0.35 0.77 0.77 0.77 0.77 0.77 0.36 0.36 0.09 0.19 0.84 0.86 0.86 0.86 0.86 0.86 0.85 0.86 0.86 0.85 0.86 0.85 0.85 0.85 0.79 0.83 0.82 0.84 0.74 0.78 0.78 0.78
0.66 0.68 0.68 0.67 0.51 0.67 0.68 0.67 0.64 0.67 0.68 0.68 0.67 0.70 0.69 0.68 0.48 0.68 0.63 0.69 0.70 0.70 0.70 0.68 1.00 0.63 0.69 0.76 0.66 0.69 0.69 0.69 0.68 0.69 0.69 0.69 0.67 0.69 0.67 0.58 0.48 0.56 0.50 0.56 0.56 0.55 0.56 0.55 0.54 0.55 0.55 0.55 0.15 0.51 0.51 0.51 0.51 0.51 0.16 0.16 0.03 0.08 0.63 0.66 0.66 0.66 0.66 0.66 0.65 0.66 0.66 0.65 0.66 0.65 0.64 0.64 0.54 0.61 0.59 0.62 0.47 0.51 0.51 0.51
0.42 0.45 0.45 0.44 0.28 0.43 0.45 0.43 0.41 0.44 0.45 0.46 0.44 0.51 0.50 0.45 0.27 0.46 0.39 0.48 0.51 0.51 0.50 0.46 1.00 0.40 0.48 0.66 0.44 0.49 0.48 0.47 0.46 0.49 0.48 0.48 0.44 0.49 0.44 0.33 0.22 0.30 0.24 0.30 0.30 0.29 0.30 0.30 0.28 0.29 0.29 0.29 0.04 0.25 0.25 0.25 0.25 0.25 0.05 0.05 0.00 0.03 0.38 0.41 0.41 0.41 0.41 0.42 0.40 0.42 0.42 0.39 0.41 0.39 0.38 0.38 0.29 0.34 0.32 0.36 0.22 0.25 0.25 0.25
0.91 0.91 0.91 0.91 0.83 0.91 0.91 0.91 0.90 0.91 0.91 0.91 0.91 0.91 0.91 0.91 0.78 0.91 0.89 0.91 0.91 0.91 0.91 0.91 1.00 0.89 0.91 0.89 0.90 0.91 0.91 0.91 0.91 0.91 0.91 0.91 0.90 0.91 0.90 0.87 0.83 0.87 0.84 0.87 0.87 0.87 0.87 0.87 0.87 0.87 0.87 0.87 0.47 0.85 0.85 0.85 0.85 0.85 0.45 0.46 0.15 0.27 0.90 0.91 0.91 0.91 0.91 0.91 0.91 0.91 0.91 0.91 0.91 0.90 0.91 0.91 0.87 0.90 0.89 0.90 0.83 0.86 0.86 0.86
0.28 0.32 0.32 0.30 0.17 0.30 0.32 0.30 0.28 0.32 0.33 0.34 0.32 0.40 0.38 0.32 0.18 0.33 0.27 0.36 0.40 0.40 0.39 0.33 1.00 0.28 0.36 0.58 0.32 0.37 0.35 0.35 0.33 0.37 0.35 0.35 0.32 0.37 0.32 0.21 0.13 0.18 0.14 0.18 0.18 0.17 0.18 0.18 0.16 0.17 0.17 0.17 0.02 0.14 0.14 0.14 0.14 0.14 0.02 0.02 0.00 0.01 0.25 0.28 0.28 0.28 0.28 0.29 0.27 0.29 0.29 0.26 0.28 0.26 0.25 0.25 0.17 0.22 0.20 0.23 0.12 0.14 0.14 0.14
0.63 0.65 0.65 0.64 0.47 0.63 0.65 0.63 0.61 0.64 0.65 0.65 0.64 0.67 0.67 0.65 0.45 0.65 0.59 0.66 0.67 0.67 0.67 0.65 1.00 0.60 0.66 0.74 0.64 0.66 0.66 0.66 0.65 0.66 0.66 0.66 0.64 0.66 0.64 0.55 0.44 0.53 0.46 0.52 0.52 0.51 0.52 0.52 0.51 0.51 0.51 0.51 0.13 0.48 0.48 0.48 0.48 0.48 0.15 0.14 0.02 0.07 0.59 0.63 0.63 0.63 0.63 0.63 0.61 0.63 0.63 0.61 0.63 0.61 0.61 0.60 0.50 0.57 0.55 0.58 0.43 0.47 0.47 0.47
0.52 0.55 0.55 0.54 0.37 0.53 0.55 0.53 0.50 0.55 0.55 0.55 0.55 0.59 0.58 0.54 0.36 0.56 0.50 0.57 0.59 0.59 0.58 0.56 1.00 0.50 0.57 0.70 0.53 0.57 0.57 0.57 0.56 0.57 0.57 0.57 0.54 0.57 0.54 0.44 0.33 0.41 0.35 0.41 0.41 0.40 0.41 0.41 0.39 0.40 0.40 0.40 0.07 0.36 0.36 0.36 0.36 0.36 0.09 0.09 0.01 0.04 0.48 0.52 0.52 0.52 0.52 0.53 0.51 0.53 0.53 0.50 0.52 0.51 0.50 0.50 0.39 0.46 0.44 0.47 0.32 0.36 0.36 0.36
0.44 0.47 0.47 0.46 0.29 0.45 0.47 0.45 0.42 0.47 0.47 0.48 0.47 0.53 0.51 0.47 0.28 0.48 0.41 0.50 0.53 0.53 0.52 0.48 1.00 0.43 0.50 0.67 0.46 0.51 0.50 0.50 0.48 0.51 0.50 0.50 0.47 0.51 0.47 0.35 0.25 0.32 0.27 0.32 0.32 0.31 0.32 0.32 0.30 0.31 0.31 0.31 0.05 0.27 0.27 0.27 0.27 0.27 0.06 0.06 0.01 0.03 0.40 0.44 0.44 0.44 0.44 0.44 0.42 0.44 0.44 0.42 0.44 0.42 0.41 0.41 0.31 0.37 0.34 0.38 0.24 0.26 0.26 0.26
0.78 0.79 0.79 0.79 0.66 0.79 0.79 0.79 0.77 0.79 0.79 0.79 0.79 0.80 0.80 0.79 0.61 0.79 0.75 0.80 0.80 0.80 0.80 0.79 1.00 0.76 0.80 0.83 0.78 0.80 0.80 0.80 0.79 0.80 0.80 0.80 0.78 0.80 0.78 0.72 0.64 0.71 0.66 0.71 0.71 0.70 0.71 0.71 0.70 0.70 0.70 0.70 0.25 0.67 0.67 0.67 0.67 0.67 0.28 0.27 0.06 0.14 0.76 0.78 0.78 0.78 0.78 0.79 0.78 0.79 0.79 0.78 0.78 0.78 0.78 0.77 0.69 0.75 0.73 0.75 0.64 0.67 0.67 0.67
0.28 0.32 0.32 0.31 0.16 0.31 0.32 0.30 0.28 0.32 0.33 0.34 0.32 0.40 0.38 0.33 0.18 0.34 0.27 0.37 0.40 0.40 0.39 0.34 1.00 0.28 0.37 0.59 0.32 0.37 0.36 0.36 0.34 0.37 0.36 0.36 0.32 0.37 0.32 0.22 0.13 0.18 0.14 0.18 0.18 0.17 0.18 0.18 0.17 0.17 0.17 0.17 0.02 0.14 0.14 0.14 0.14 0.14 0.03 0.02 0.00 0.01 0.25 0.29 0.29 0.29 0.29 0.29 0.27 0.29 0.29 0.26 0.29 0.26 0.25 0.25 0.17 0.23 0.20 0.24 0.12 0.14 0.14 0.14
0.31 0.35 0.35 0.33 0.19 0.33 0.35 0.33 0.31 0.35 0.35 0.36 0.35 0.43 0.41 0.36 0.20 0.37 0.30 0.39 0.43 0.43 0.41 0.37 1.00 0.32 0.39 0.61 0.35 0.40 0.38 0.38 0.37 0.40 0.38 0.38 0.35 0.40 0.35 0.24 0.15 0.21 0.16 0.20 0.20 0.19 0.20 0.20 0.19 0.19 0.19 0.19 0.02 0.17 0.17 0.17 0.17 0.17 0.03 0.02 0.00 0.01 0.27 0.31 0.31 0.31 0.31 0.32 0.30 0.32 0.32 0.29 0.31 0.29 0.28 0.28 0.20 0.25 0.23 0.26 0.15 0.16 0.16 0.16
0.31 0.34 0.34 0.33 0.18 0.32 0.34 0.32 0.29 0.34 0.35 0.35 0.34 0.42 0.40 0.35 0.19 0.36 0.29 0.38 0.42 0.42 0.40 0.36 1.00 0.31 0.38 0.61 0.34 0.39 0.37 0.37 0.36 0.39 0.37 0.37 0.34 0.39 0.34 0.23 0.14 0.20 0.16 0.19 0.19 0.19 0.19 0.19 0.18 0.19 0.19 0.19 0.02 0.16 0.16 0.16 0.16 0.16 0.03 0.02 0.00 0.01 0.27 0.30 0.30 0.30 0.30 0.31 0.29 0.31 0.31 0.28 0.30 0.28 0.27 0.27 0.19 0.24 0.22 0.25 0.14 0.16 0.16 0.16
0.61 0.63 0.63 0.62 0.45 0.61 0.63 0.61 0.59 0.62 0.63 0.63 0.62 0.66 0.65 0.62 0.43 0.63 0.58 0.65 0.66 0.66 0.65 0.63 1.00 0.58 0.65 0.73 0.61 0.65 0.64 0.64 0.63 0.65 0.64 0.64 0.62 0.65 0.62 0.52 0.41 0.50 0.43 0.49 0.49 0.49 0.49 0.49 0.48 0.49 0.49 0.49 0.11 0.45 0.45 0.45 0.45 0.45 0.14 0.12 0.02 0.07 0.57 0.61 0.61 0.61 0.61 0.61 0.59 0.61 0.61 0.59 0.61 0.59 0.59 0.59 0.48 0.55 0.52 0.55 0.41 0.44 0.44 0.44
0.63 0.65 0.65 0.64 0.48 0.64 0.65 0.64 0.61 0.64 0.65 0.65 0.64 0.67 0.67 0.64 0.45 0.65 0.59 0.66 0.67 0.67 0.67 0.65 1.00 0.60 0.66 0.74 0.64 0.67 0.66 0.66 0.65 0.67 0.66 0.66 0.64 0.67 0.64 0.54 0.43 0.52 0.46 0.52 0.52 0.51 0.52 0.52 0.51 0.51 0.51 0.51 0.13 0.47 0.47 0.47 0.47 0.47 0.14 0.14 0.02 0.07 0.60 0.63 0.63 0.63 0.63 0.63 0.62 0.63 0.63 0.62 0.63 0.62 0.61 0.61 0.50 0.57 0.55 0.58 0.44 0.48 0.48 0.48
0.53 0.55 0.55 0.54 0.37 0.54 0.55 0.54 0.51 0.54 0.55 0.56 0.54 0.59 0.58 0.55 0.35 0.56 0.49 0.57 0.59 0.59 0.58 0.56 1.00 0.50 0.57 0.69 0.54 0.57 0.57 0.57 0.56 0.57 0.57 0.57 0.54 0.57 0.54 0.44 0.33 0.41 0.35 0.41 0.41 0.40 0.41 0.41 0.39 0.40 0.40 0.40 0.07 0.36 0.36 0.36 0.36 0.36 0.09 0.08 0.01 0.05 0.49 0.53 0.53 0.53 0.53 0.53 0.51 0.53 0.53 0.51 0.53 0.51 0.50 0.50 0.39 0.46 0.43 0.47 0.33 0.36 0.36 0.36
0.95 0.95 0.95 0.95 0.90 0.95 0.95 0.95 0.94 0.95 0.95 0.95 0.95 0.95 0.95 0.95 0.85 0.95 0.94 0.95 0.95 0.95 0.95 0.95 1.00 0.94 0.95 0.93 0.94 0.95 0.95 0.95 0.95 0.95 0.95 0.95 0.94 0.95 0.94 0.93 0.90 0.93 0.91 0.93 0.93 0.93 0.93 0.93 0.93 0.93 0.93 0.93 0.60 0.92 0.92 0.92 0.92 0.92 0.56 0.58 0.24 0.34 0.94 0.95 0.95 0.95 0.95 0.95 0.95 0.95 0.95 0.95 0.95 0.95 0.95 0.95 0.92 0.94 0.93 0.94 0.90 0.92 0.92 0.92
0.78 0.79 0.79 0.78 0.66 0.78 0.79 0.78 0.77 0.79 0.79 0.79 0.79 0.80 0.80 0.79 0.60 0.79 0.75 0.80 0.80 0.80 0.80 0.79 1.00 0.76 0.80 0.82 0.78 0.80 0.79 0.79 0.79 0.80 0.79 0.79 0.78 0.80 0.78 0.72 0.64 0.71 0.66 0.70 0.70 0.70 0.70 0.71 0.70 0.70 0.70 0.70 0.26 0.67 0.67 0.67 0.67 0.67 0.28 0.27 0.06 0.14 0.76 0.78 0.78 0.78 0.78 0.78 0.77 0.78 0.78 0.77 0.78 0.77 0.77 0.77 0.70 0.75 0.73 0.75 0.64 0.68 0.68 0.68
0.72 0.74 0.74 0.73 0.59 0.73 0.74 0.73 0.71 0.73 0.74 0.74 0.73 0.75 0.75 0.73 0.54 0.74 0.70 0.75 0.75 0.75 0.75 0.74 1.00 0.69 0.75 0.79 0.72 0.75 0.74 0.74 0.74 0.75 0.74 0.74 0.73 0.75 0.73 0.66 0.55 0.64 0.58 0.64 0.64 0.63 0.64 0.64 0.63 0.63 0.63 0.63 0.19 0.59 0.59 0.59 0.59 0.59 0.21 0.21 0.04 0.11 0.70 0.72 0.72 0.72 0.72 0.73 0.72 0.73 0.73 0.71 0.72 0.71 0.71 0.71 0.62 0.68 0.66 0.69 0.55 0.59 0.59 0.59
0.67 0.69 0.69 0.68 0.53 0.68 0.69 0.68 0.65 0.68 0.69 0.69 0.68 0.71 0.71 0.68 0.49 0.69 0.64 0.70 0.71 0.71 0.71 0.69 1.00 0.64 0.70 0.77 0.67 0.70 0.70 0.70 0.69 0.70 0.70 0.70 0.68 0.70 0.68 0.59 0.49 0.57 0.51 0.57 0.57 0.56 0.57 0.57 0.56 0.56 0.56 0.56 0.15 0.52 0.52 0.52 0.52 0.52 0.17 0.17 0.03 0.09 0.64 0.67 0.67 0.67 0.67 0.68 0.66 0.68 0.68 0.66 0.67 0.66 0.66 0.66 0.56 0.62 0.60 0.63 0.49 0.53 0.53 0.53
0.25 0.28 0.28 0.27 0.15 0.27 0.28 0.26 0.24 0.29 0.29 0.29 0.29 0.37 0.34 0.29 0.16 0.30 0.24 0.33 0.37 0.37 0.35 0.30 1.00 0.25 0.33 0.58 0.29 0.34 0.32 0.32 0.30 0.34 0.32 0.32 0.29 0.34 0.29 0.18 0.10 0.15 0.11 0.15 0.15 0.14 0.15 0.15 0.14 0.14 0.14 0.14 0.01 0.11 0.11 0.11 0.11 0.11 0.02 0.01 0.00 0.01 0.22 0.25 0.25 0.25 0.25 0.26 0.24 0.26 0.26 0.22 0.25 0.23 0.21 0.21 0.14 0.19 0.17 0.20 0.10 0.11 0.11 0.11
0.94 0.94 0.94 0.94 0.89 0.94 0.94 0.94 0.94 0.94 0.94 0.94 0.94 0.94 0.94 0.94 0.84 0.94 0.93 0.94 0.94 0.94 0.94 0.94 1.00 0.93 0.94 0.92 0.94 0.94 0.94 0.94 0.94 0.94 0.94 0.94 0.94 0.94 0.94 0.92 0.89 0.92 0.90 0.92 0.92 0.92 0.92 0.92 0.92 0.92 0.92 0.92 0.58 0.91 0.91 0.91 0.91 0.91 0.54 0.56 0.23 0.33 0.94 0.94 0.94 0.94 0.94 0.94 0.94 0.94 0.94 0.94 0.94 0.94 0.94 0.94 0.91 0.94 0.93 0.94 0.89 0.91 0.91 0.91
0.67 0.69 0.69 0.68 0.52 0.68 0.69 0.67 0.65 0.68 0.69 0.69 0.68 0.71 0.70 0.69 0.49 0.69 0.64 0.70 0.71 0.71 0.71 0.69 1.00 0.64 0.70 0.77 0.67 0.70 0.69 0.69 0.69 0.70 0.69 0.70 0.68 0.70 0.68 0.59 0.49 0.57 0.51 0.57 0.57 0.56 0.57 0.57 0.56 0.56 0.56 0.56 0.16 0.53 0.53 0.53 0.53 0.53 0.17 0.17 0.03 0.09 0.65 0.67 0.67 0.67 0.67 0.67 0.66 0.67 0.67 0.66 0.67 0.66 0.65 0.65 0.56 0.62 0.60 0.63 0.50 0.53 0.53 0.53
0.28 0.31 0.31 0.30 0.16 0.30 0.31 0.29 0.27 0.31 0.32 0.33 0.31 0.39 0.37 0.32 0.17 0.33 0.27 0.35 0.39 0.39 0.38 0.33 1.00 0.27 0.35 0.59 0.31 0.36 0.34 0.34 0.33 0.36 0.34 0.34 0.31 0.36 0.31 0.21 0.12 0.18 0.14 0.18 0.18 0.17 0.18 0.18 0.16 0.17 0.17 0.17 0.02 0.14 0.14 0.14 0.14 0.14 0.02 0.02 0.00 0.01 0.24 0.28 0.28 0.28 0.28 0.28 0.26 0.28 0.28 0.25 0.28 0.25 0.24 0.24 0.17 0.21 0.19 0.22 0.12 0.13 0.13 0.13
0.34 0.37 0.37 0.36 0.20 0.35 0.37 0.35 0.33 0.37 0.37 0.38 0.37 0.44 0.42 0.37 0.22 0.39 0.32 0.41 0.44 0.44 0.42 0.39 1.00 0.32 0.41 0.62 0.36 0.42 0.40 0.40 0.39 0.42 0.40 0.40 0.37 0.42 0.37 0.26 0.17 0.23 0.18 0.22 0.22 0.21 0.22 0.22 0.21 0.21 0.21 0.21 0.02 0.19 0.19 0.19 0.19 0.19 0.03 0.03 0.00 0.02 0.30 0.33 0.33 0.33 0.33 0.34 0.32 0.34 0.34 0.31 0.33 0.31 0.30 0.30 0.21 0.26 0.24 0.28 0.16 0.18 0.18 0.18
0.61 0.63 0.63 0.61 0.45 0.62 0.63 0.61 0.59 0.62 0.63 0.63 0.62 0.66 0.65 0.63 0.43 0.63 0.57 0.65 0.66 0.66 0.65 0.63 1.00 0.58 0.65 0.73 0.61 0.65 0.64 0.64 0.63 0.65 0.64 0.64 0.62 0.65 0.62 0.52 0.41 0.49 0.43 0.49 0.49 0.48 0.49 0.49 0.48 0.48 0.48 0.48 0.11 0.45 0.45 0.45 0.45 0.45 0.13 0.12 0.02 0.06 0.57 0.61 0.61 0.61 0.61 0.61 0.59 0.61 0.61 0.59 0.61 0.59 0.59 0.59 0.48 0.55 0.52 0.56 0.41 0.46 0.46 0.46
0.86 0.87 0.87 0.86 0.77 0.86 0.87 0.86 0.85 0.86 0.87 0.87 0.86 0.87 0.87 0.86 0.71 0.87 0.84 0.87 0.87 0.87 0.87 0.87 1.00 0.84 0.87 0.86 0.86 0.87 0.87 0.87 0.87 0.87 0.87 0.87 0.86 0.87 0.86 0.82 0.76 0.81 0.77 0.81 0.81 0.81 0.81 0.81 0.81 0.81 0.81 0.81 0.37 0.79 0.79 0.79 0.79 0.79 0.37 0.37 0.10 0.20 0.85 0.86 0.86 0.86 0.86 0.86 0.86 0.86 0.86 0.86 0.86 0.86 0.86 0.86 0.80 0.84 0.83 0.85 0.75 0.79 0.79 0.79
0.74 0.75 0.75 0.75 0.61 0.75 0.75 0.75 0.73 0.75 0.75 0.75 0.75 0.77 0.76 0.75 0.57 0.75 0.71 0.76 0.77 0.77 0.76 0.75 1.00 0.71 0.76 0.80 0.74 0.76 0.76 0.76 0.75 0.76 0.76 0.76 0.74 0.76 0.74 0.68 0.58 0.66 0.60 0.66 0.66 0.65 0.66 0.66 0.65 0.65 0.65 0.65 0.22 0.62 0.62 0.62 0.62 0.62 0.23 0.24 0.04 0.12 0.72 0.74 0.74 0.74 0.74 0.74 0.73 0.74 0.74 0.73 0.74 0.73 0.73 0.73 0.64 0.70 0.68 0.71 0.58 0.62 0.62 0.62
0.81 0.81 0.81 0.81 0.69 0.81 0.81 0.81 0.79 0.81 0.81 0.81 0.81 0.82 0.82 0.81 0.63 0.81 0.78 0.82 0.82 0.82 0.82 0.81 1.00 0.78 0.82 0.83 0.80 0.82 0.82 0.82 0.81 0.82 0.82 0.82 0.80 0.82 0.80 0.75 0.67 0.74 0.69 0.73 0.73 0.73 0.73 0.73 0.72 0.73 0.73 0.73 0.28 0.70 0.70 0.70 0.70 0.70 0.28 0.29 0.07 0.16 0.79 0.81 0.81 0.81 0.81 0.81 0.80 0.81 0.81 0.80 0.81 0.80 0.80 0.80 0.72 0.78 0.76 0.78 0.67 0.71 0.71 0.71
0.43 0.46 0.46 0.44 0.28 0.44 0.46 0.44 0.42 0.46 0.47 0.47 0.46 0.52 0.51 0.46 0.28 0.47 0.40 0.49 0.52 0.52 0.51 0.47 1.00 0.41 0.49 0.65 0.45 0.50 0.49 0.48 0.47 0.50 0.49 0.48 0.45 0.50 0.45 0.34 0.23 0.31 0.25 0.31 0.31 0.29 0.31 0.30 0.29 0.29 0.29 0.29 0.04 0.26 0.26 0.26 0.26 0.26 0.06 0.05 0.00 0.03 0.39 0.43 0.43 0.43 0.43 0.43 0.41 0.43 0.43 0.40 0.43 0.41 0.40 0.40 0.30 0.36 0.34 0.37 0.24 0.26 0.26 0.26
0.62 0.64 0.64 0.63 0.46 0.63 0.64 0.62 0.60 0.64 0.64 0.64 0.64 0.67 0.66 0.63 0.43 0.64 0.58 0.65 0.67 0.67 0.66 0.64 1.00 0.58 0.65 0.74 0.62 0.66 0.65 0.65 0.64 0.66 0.65 0.65 0.62 0.66 0.62 0.53 0.43 0.51 0.45 0.51 0.51 0.50 0.51 0.51 0.49 0.50 0.50 0.50 0.11 0.46 0.46 0.46 0.46 0.46 0.14 0.13 0.02 0.07 0.58 0.62 0.62 0.62 0.62 0.63 0.61 0.63 0.63 0.61 0.62 0.61 0.60 0.60 0.49 0.56 0.54 0.57 0.42 0.46 0.46 0.46
0.28 0.31 0.31 0.30 0.16 0.30 0.31 0.29 0.27 0.31 0.32 0.33 0.31 0.40 0.38 0.32 0.18 0.33 0.26 0.36 0.40 0.40 0.38 0.33 1.00 0.28 0.36 0.60 0.31 0.37 0.35 0.35 0.33 0.37 0.35 0.35 0.31 0.37 0.31 0.20 0.13 0.18 0.14 0.18 0.18 0.17 0.18 0.17 0.16 0.17 0.17 0.17 0.01 0.14 0.14 0.14 0.14 0.14 0.02 0.02 0.00 0.01 0.24 0.28 0.28 0.28 0.28 0.28 0.26 0.28 0.28 0.25 0.28 0.25 0.24 0.24 0.16 0.21 0.20 0.22 0.12 0.13 0.13 0.13
0.96 0.96 0.96 0.96 0.93 0.96 0.96 0.96 0.96 0.96 0.96 0.96 0.96 0.96 0.96 0.96 0.87 0.96 0.95 0.96 0.96 0.96 0.96 0.96 1.00 0.95 0.96 0.94 0.96 0.96 0.96 0.96 0.96 0.96 0.96 0.96 0.96 0.96 0.96 0.95 0.93 0.95 0.93 0.95 0.95 0.95 0.95 0.95 0.95 0.95 0.95 0.95 0.63 0.94 0.94 0.94 0.94 0.94 0.60 0.61 0.27 0.38 0.96 0.96 0.96 0.96 0.96 0.96 0.96 0.96 0.96 0.96 0.96 0.96 0.96 0.96 0.94 0.96 0.95 0.96 0.92 0.94 0.94 0.94
0.78 0.79 0.79 0.79 0.66 0.79 0.79 0.79 0.77 0.79 0.79 0.79 0.79 0.80 0.80 0.79 0.61 0.79 0.75 0.80 0.80 0.80 0.80 0.79 1.00 0.76 0.80 0.81 0.78 0.80 0.80 0.80 0.79 0.80 0.80 0.80 0.78 0.80 0.78 0.72 0.63 0.71 0.65 0.71 0.71 0.70 0.71 0.71 0.70 0.70 0.70 0.70 0.25 0.66 0.66 0.66 0.66 0.66 0.27 0.26 0.06 0.14 0.77 0.79 0.79 0.79 0.79 0.79 0.78 0.79 0.79 0.78 0.79 0.78 0.78 0.78 0.69 0.75 0.73 0.76 0.63 0.67 0.67 0.67
0.82 0.83 0.83 0.83 0.72 0.83 0.83 0.83 0.81 0.83 0.83 0.83 0.83 0.84 0.84 0.83 0.67 0.83 0.80 0.84 0.84 0.84 0.84 0.83 1.00 0.80 0.84 0.85 0.82 0.84 0.83 0.84 0.83 0.84 0.83 0.84 0.82 0.84 0.82 0.77 0.71 0.77 0.72 0.77 0.77 0.76 0.77 0.77 0.76 0.76 0.76 0.76 0.33 0.73 0.73 0.73 0.73 0.73 0.33 0.33 0.08 0.17 0.81 0.83 0.83 0.83 0.83 0.83 0.82 0.83 0.83 0.82 0.83 0.82 0.82 0.82 0.76 0.80 0.79 0.81 0.70 0.74 0.74 0.74
0.45 0.48 0.48 0.47 0.30 0.47 0.48 0.46 0.44 0.48 0.48 0.48 0.48 0.53 0.52 0.48 0.29 0.49 0.42 0.51 0.53 0.53 0.52 0.49 1.00 0.42 0.51 0.66 0.47 0.51 0.50 0.50 0.49 0.51 0.50 0.50 0.48 0.51 0.48 0.36 0.26 0.33 0.28 0.33 0.33 0.32 0.33 0.33 0.31 0.32 0.32 0.32 0.05 0.29 0.29 0.29 0.29 0.29 0.06 0.05 0.00 0.03 0.41 0.45 0.45 0.45 0.45 0.46 0.44 0.46 0.46 0.43 0.45 0.43 0.42 0.42 0.32 0.38 0.36 0.39 0.25 0.28 0.28 0.28
0.70 0.72 0.72 0.71 0.56 0.71 0.72 0.70 0.68 0.71 0.71 0.71 0.71 0.73 0.73 0.71 0.52 0.72 0.67 0.72 0.73 0.73 0.73 0.72 1.00 0.67 0.72 0.78 0.70 0.73 0.72 0.72 0.72 0.73 0.72 0.72 0.70 0.73 0.70 0.62 0.52 0.60 0.54 0.60 0.60 0.59 0.60 0.60 0.59 0.59 0.59 0.59 0.17 0.56 0.56 0.56 0.56 0.56 0.19 0.18 0.03 0.10 0.67 0.70 0.70 0.70 0.70 0.70 0.69 0.70 0.70 0.69 0.70 0.69 0.69 0.68 0.59 0.65 0.63 0.66 0.52 0.56 0.56 0.56
0.37 0.41 0.41 0.39 0.23 0.39 0.41 0.38 0.36 0.40 0.41 0.42 0.40 0.48 0.46 0.41 0.24 0.42 0.35 0.44 0.48 0.48 0.46 0.42 1.00 0.36 0.44 0.63 0.39 0.45 0.43 0.43 0.42 0.45 0.43 0.43 0.40 0.45 0.40 0.29 0.19 0.26 0.21 0.25 0.25 0.24 0.25 0.25 0.24 0.24 0.24 0.24 0.03 0.21 0.21 0.21 0.21 0.21 0.04 0.04 0.00 0.02 0.33 0.37 0.37 0.37 0.37 0.37 0.35 0.37 0.37 0.34 0.37 0.35 0.34 0.34 0.25 0.30 0.28 0.31 0.19 0.20 0.20 0.20
0.67 0.69 0.69 0.68 0.52 0.68 0.69 0.68 0.65 0.68 0.69 0.69 0.68 0.71 0.70 0.68 0.49 0.69 0.64 0.70 0.71 0.71 0.70 0.69 1.00 0.64 0.70 0.76 0.68 0.70 0.70 0.70 0.69 0.70 0.70 0.70 0.68 0.70 0.68 0.59 0.49 0.57 0.51 0.57 0.57 0.56 0.57 0.57 0.56 0.56 0.56 0.56 0.16 0.52 0.52 0.52 0.52 0.52 0.18 0.16 0.03 0.09 0.64 0.67 0.67 0.67 0.67 0.67 0.66 0.67 0.67 0.66 0.67 0.66 0.66 0.66 0.56 0.62 0.60 0.63 0.49 0.53 0.53 0.53
0.91 0.91 0.91 0.91 0.84 0.91 0.91 0.91 0.90 0.91 0.91 0.91 0.91 0.91 0.91 0.91 0.78 0.91 0.89 0.91 0.91 0.91 0.91 0.91 1.00 0.89 0.91 0.90 0.90 0.91 0.91 0.91 0.91 0.91 0.91 0.91 0.91 0.91 0.91 0.88 0.83 0.88 0.85 0.88 0.88 0.88 0.88 0.88 0.88 0.88 0.88 0.88 0.47 0.86 0.86 0.86 0.86 0.86 0.46 0.47 0.16 0.27 0.90 0.91 0.91 0.91 0.91 0.91 0.91 0.91 0.91 0.91 0.91 0.91 0.91 0.91 0.87 0.90 0.89 0.90 0.83 0.86 0.86 0.86
0.64 0.66 0.66 0.65 0.49 0.65 0.66 0.65 0.63 0.66 0.66 0.66 0.66 0.68 0.68 0.66 0.46 0.66 0.61 0.68 0.68 0.68 0.68 0.66 1.00 0.62 0.68 0.75 0.65 0.68 0.67 0.67 0.66 0.68 0.67 0.67 0.65 0.68 0.65 0.56 0.46 0.54 0.48 0.54 0.54 0.53 0.54 0.54 0.53 0.53 0.53 0.53 0.13 0.49 0.49 0.49 0.49 0.49 0.15 0.15 0.02 0.08 0.61 0.64 0.64 0.64 0.64 0.65 0.63 0.65 0.65 0.63 0.64 0.63 0.62 0.62 0.52 0.59 0.57 0.60 0.46 0.49 0.49 0.49
0.65 0.67 0.67 0.66 0.50 0.66 0.67 0.66 0.64 0.67 0.67 0.67 0.67 0.69 0.69 0.67 0.47 0.67 0.62 0.68 0.69 0.69 0.69 0.67 1.00 0.62 0.68 0.75 0.66 0.69 0.68 0.68 0.67 0.69 0.68 0.68 0.66 0.69 0.66 0.57 0.46 0.55 0.49 0.55 0.55 0.54 0.55 0.55 0.53 0.54 0.54 0.54 0.14 0.50 0.50 0.50 0.50 0.50 0.16 0.15 0.03 0.08 0.62 0.65 0.65 0.65 0.65 0.66 0.64 0.66 0.66 0.64 0.65 0.64 0.63 0.63 0.54 0.60 0.58 0.61 0.47 0.50 0.50 0.50
0.92 0.93 0.93 0.93 0.87 0.93 0.93 0.92 0.92 0.93 0.92 0.92 0.93 0.93 0.93 0.92 0.81 0.93 0.91 0.93 0.93 0.93 0.93 0.93 1.00 0.91 0.93 0.91 0.92 0.93 0.93 0.93 0.93 0.93 0.93 0.93 0.92 0.93 0.92 0.90 0.86 0.90 0.87 0.90 0.90 0.90 0.90 0.90 0.89 0.90 0.90 0.90 0.52 0.88 0.88 0.88 0.88 0.88 0.50 0.50 0.19 0.30 0.92 0.93 0.93 0.93 0.93 0.93 0.92 0.93 0.93 0.92 0.93 0.92 0.92 0.92 0.89 0.92 0.91 0.92 0.85 0.88 0.88 0.88
0.55 0.57 0.57 0.56 0.38 0.56 0.57 0.55 0.53 0.57 0.57 0.58 0.57 0.61 0.61 0.57 0.38 0.58 0.52 0.60 0.61 0.61 0.61 0.58 1.00 0.53 0.60 0.71 0.57 0.60 0.59 0.59 0.58 0.60 0.59 0.59 0.57 0.60 0.57 0.46 0.34 0.43 0.37 0.43 0.43 0.42 0.43 0.43 0.42 0.42 0.42 0.42 0.08 0.38 0.38 0.38 0.38 0.38 0.10 0.10 0.01 0.05 0.51 0.55 0.55 0.55 0.55 0.55 0.54 0.55 0.55 0.53 0.55 0.53 0.52 0.52 0.42 0.49 0.46 0.50 0.35 0.38 0.38 0.38
0.43 0.46 0.46 0.45 0.28 0.45 0.46 0.44 0.41 0.46 0.46 0.47 0.46 0.52 0.50 0.47 0.28 0.47 0.40 0.49 0.52 0.52 0.51 0.47 1.00 0.41 0.49 0.66 0.46 0.50 0.49 0.49 0.47 0.50 0.49 0.49 0.46 0.50 0.46 0.34 0.24 0.32 0.26 0.31 0.31 0.30 0.31 0.31 0.29 0.30 0.30 0.30 0.04 0.26 0.26 0.26 0.26 0.26 0.06 0.05 0.01 0.03 0.39 0.43 0.43 0.43 0.43 0.44 0.42 0.44 0.44 0.41 0.43 0.41 0.40 0.40 0.30 0.36 0.34 0.38 0.23 0.26 0.26 0.26
0.58 0.60 0.60 0.59 0.42 0.59 0.60 0.58 0.56 0.60 0.60 0.61 0.60 0.63 0.63 0.60 0.40 0.61 0.55 0.62 0.63 0.63 0.63 0.61 1.00 0.55 0.62 0.72 0.59 0.62 0.61 0.62 0.61 0.62 0.61 0.62 0.59 0.62 0.59 0.49 0.38 0.47 0.41 0.46 0.46 0.45 0.46 0.46 0.45 0.45 0.45 0.45 0.10 0.41 0.41 0.41 0.41 0.41 0.12 0.11 0.02 0.06 0.54 0.58 0.58 0.58 0.58 0.58 0.57 0.58 0.58 0.56 0.58 0.56 0.56 0.55 0.45 0.52 0.50 0.53 0.38 0.41 0.41 0.41
0.72 0.74 0.74 0.73 0.59 0.73 0.74 0.73 0.71 0.73 0.74 0.74 0.73 0.75 0.75 0.73 0.54 0.74 0.69 0.75 0.75 0.75 0.75 0.74 1.00 0.70 0.75 0.79 0.73 0.75 0.75 0.74 0.74 0.75 0.75 0.74 0.73 0.75 0.73 0.65 0.56 0.64 0.58 0.64 0.64 0.63 0.64 0.64 0.63 0.63 0.63 0.63 0.20 0.59 0.59 0.59 0.59 0.59 0.21 0.21 0.04 0.12 0.70 0.73 0.73 0.73 0.73 0.73 0.71 0.73 0.73 0.72 0.73 0.72 0.71 0.71 0.62 0.68 0.67 0.69 0.56 0.60 0.60 0.60
0.28 0.31 0.31 0.29 0.16 0.30 0.31 0.29 0.27 0.31 0.32 0.32 0.31 0.39 0.37 0.32 0.17 0.33 0.26 0.35 0.39 0.39 0.37 0.33 1.00 0.28 0.35 0.59 0.31 0.36 0.35 0.35 0.33 0.36 0.35 0.35 0.31 0.36 0.31 0.20 0.12 0.17 0.13 0.17 0.17 0.16 0.17 0.17 0.16 0.16 0.16 0.16 0.01 0.13 0.13 0.13 0.13 0.13 0.02 0.02 0.00 0.01 0.24 0.27 0.27 0.27 0.27 0.28 0.26 0.28 0.28 0.25 0.27 0.25 0.24 0.24 0.16 0.21 0.19 0.22 0.12 0.13 0.13 0.13
0.30 0.33 0.33 0.32 0.18 0.31 0.33 0.31 0.29 0.33 0.34 0.34 0.33 0.41 0.39 0.34 0.19 0.35 0.28 0.37 0.41 0.41 0.39 0.35 1.00 0.29 0.37 0.59 0.33 0.38 0.37 0.37 0.35 0.38 0.37 0.37 0.34 0.38 0.34 0.22 0.13 0.20 0.15 0.19 0.19 0.18 0.19 0.19 0.18 0.18 0.18 0.18 0.02 0.16 0.16 0.16 0.16 0.16 0.03 0.02 0.00 0.02 0.26 0.29 0.29 0.29 0.29 0.30 0.28 0.30 0.30 0.27 0.29 0.27 0.26 0.26 0.18 0.23 0.21 0.24 0.13 0.15 0.15 0.15
0.29 0.32 0.32 0.30 0.17 0.31 0.32 0.30 0.28 0.33 0.33 0.33 0.33 0.40 0.38 0.33 0.18 0.34 0.27 0.36 0.40 0.40 0.39 0.34 1.00 0.28 0.36 0.60 0.32 0.37 0.35 0.35 0.34 0.37 0.35 0.35 0.32 0.37 0.32 0.21 0.13 0.18 0.14 0.18 0.18 0.17 0.18 0.17 0.16 0.17 0.17 0.17 0.02 0.14 0.14 0.14 0.14 0.14 0.02 0.02 0.00 0.01 0.25 0.29 0.29 0.29 0.29 0.29 0.27 0.29 0.29 0.26 0.29 0.27 0.26 0.26 0.17 0.22 0.19 0.23 0.12 0.14 0.14 0.14
0.49 0.51 0.51 0.50 0.33 0.50 0.51 0.49 0.47 0.51 0.51 0.52 0.51 0.56 0.55 0.51 0.32 0.52 0.46 0.54 0.56 0.56 0.55 0.52 1.00 0.47 0.54 0.68 0.50 0.54 0.54 0.53 0.52 0.54 0.54 0.53 0.51 0.54 0.51 0.39 0.28 0.37 0.31 0.36 0.36 0.35 0.36 0.36 0.34 0.35 0.35 0.35 0.06 0.31 0.31 0.31 0.31 0.31 0.07 0.07 0.01 0.04 0.45 0.49 0.49 0.49 0.49 0.49 0.47 0.49 0.49 0.47 0.49 0.47 0.46 0.46 0.35 0.42 0.39 0.42 0.28 0.31 0.31 0.31
0.89 0.89 0.89 0.89 0.81 0.89 0.89 0.89 0.88 0.89 0.89 0.89 0.89 0.90 0.90 0.89 0.75 0.89 0.87 0.90 0.90 0.90 0.90 0.89 1.00 0.87 0.90 0.88 0.89 0.90 0.89 0.89 0.89 0.90 0.89 0.89 0.89 0.90 0.89 0.85 0.80 0.85 0.82 0.85 0.85 0.85 0.85 0.85 0.85 0.85 0.85 0.85 0.42 0.82 0.82 0.82 0.82 0.82 0.41 0.42 0.13 0.23 0.88 0.89 0.89 0.89 0.89 0.89 0.89 0.89 0.89 0.89 0.89 0.89 0.89 0.89 0.84 0.88 0.87 0.88 0.80 0.84 0.84 0.84
0.95 0.95 0.95 0.95 0.91 0.95 0.95 0.95 0.95 0.95 0.95 0.95 0.95 0.95 0.95 0.95 0.86 0.95 0.95 0.95 0.95 0.95 0.95 0.95 1.00 0.95 0.95 0.93 0.95 0.95 0.95 0.95 0.95 0.95 0.95 0.95 0.95 0.95 0.95 0.94 0.91 0.94 0.92 0.94 0.94 0.94 0.94 0.94 0.94 0.94 0.94 0.94 0.61 0.93 0.93 0.93 0.93 0.93 0.58 0.60 0.27 0.37 0.95 0.95 0.95 0.95 0.95 0.95 0.95 0.95 0.95 0.95 0.95 0.95 0.95 0.95 0.93 0.95 0.94 0.95 0.90 0.93 0.93 0.93
0.35 0.38 0.38 0.36 0.21 0.36 0.38 0.36 0.33 0.38 0.38 0.39 0.38 0.45 0.43 0.38 0.21 0.39 0.33 0.42 0.45 0.45 0.43 0.39 1.00 0.34 0.42 0.62 0.37 0.42 0.41 0.41 0.39 0.42 0.41 0.41 0.38 0.42 0.38 0.27 0.17 0.23 0.19 0.23 0.23 0.22 0.23 0.23 0.21 0.22 0.22 0.22 0.02 0.19 0.19 0.19 0.19 0.19 0.04 0.03 0.00 0.02 0.31 0.34 0.34 0.34 0.34 0.35 0.33 0.35 0.35 0.32 0.34 0.32 0.31 0.31 0.22 0.28 0.25 0.29 0.16 0.18 0.18 0.18
0.55 0.58 0.58 0.57 0.40 0.56 0.58 0.56 0.54 0.57 0.58 0.58 0.57 0.61 0.61 0.57 0.38 0.59 0.52 0.60 0.61 0.61 0.61 0.59 1.00 0.53 0.60 0.72 0.56 0.60 0.59 0.59 0.59 0.60 0.59 0.59 0.57 0.60 0.57 0.46 0.35 0.43 0.37 0.43 0.43 0.42 0.43 0.43 0.41 0.42 0.42 0.42 0.08 0.38 0.38 0.38 0.38 0.38 0.10 0.10 0.01 0.05 0.52 0.55 0.55 0.55 0.55 0.56 0.54 0.56 0.56 0.53 0.55 0.54 0.53 0.53 0.42 0.48 0.46 0.49 0.36 0.39 0.39 0.39
0.33 0.36 0.36 0.34 0.19 0.35 0.36 0.33 0.31 0.36 0.37 0.38 0.36 0.43 0.42 0.37 0.21 0.37 0.30 0.40 0.43 0.43 0.42 0.37 1.00 0.32 0.40 0.61 0.35 0.40 0.39 0.39 0.37 0.40 0.39 0.39 0.36 0.40 0.36 0.25 0.15 0.22 0.17 0.22 0.22 0.21 0.22 0.22 0.20 0.21 0.21 0.21 0.02 0.18 0.18 0.18 0.18 0.18 0.03 0.03 0.00 0.02 0.29 0.32 0.32 0.32 0.32 0.33 0.31 0.33 0.33 0.30 0.32 0.30 0.29 0.29 0.21 0.26 0.24 0.27 0.15 0.16 0.16 0.16
0.47 0.50 0.50 0.49 0.32 0.49 0.50 0.48 0.46 0.50 0.50 0.51 0.50 0.55 0.54 0.50 0.31 0.51 0.45 0.53 0.55 0.55 0.54 0.51 1.00 0.45 0.53 0.68 0.49 0.53 0.52 0.52 0.51 0.53 0.52 0.52 0.49 0.53 0.49 0.39 0.28 0.36 0.30 0.36 0.36 0.34 0.36 0.35 0.34 0.34 0.34 0.34 0.06 0.31 0.31 0.31 0.31 0.31 0.07 0.07 0.01 0.04 0.44 0.47 0.47 0.47 0.47 0.48 0.46 0.48 0.48 0.45 0.47 0.45 0.44 0.44 0.34 0.41 0.38 0.42 0.27 0.30 0.30 0.30
0.61 0.63 0.63 0.62 0.45 0.62 0.63 0.62 0.59 0.62 0.63 0.63 0.62 0.66 0.65 0.63 0.43 0.64 0.58 0.65 0.66 0.66 0.65 0.64 1.00 0.58 0.65 0.73 0.62 0.65 0.64 0.64 0.64 0.65 0.64 0.64 0.62 0.65 0.62 0.52 0.42 0.49 0.44 0.49 0.49 0.48 0.49 0.49 0.48 0.48 0.48 0.48 0.11 0.44 0.44 0.44 0.44 0.44 0.13 0.13 0.02 0.07 0.58 0.61 0.61 0.61 0.61 0.61 0.60 0.61 0.61 0.59 0.61 0.59 0.59 0.59 0.48 0.55 0.53 0.56 0.41 0.44 0.44 0.44
0.56 0.59 0.59 0.58 0.40 0.57 0.59 0.57 0.55 0.58 0.59 0.59 0.58 0.62 0.62 0.59 0.40 0.60 0.53 0.61 0.62 0.62 0.62 0.60 1.00 0.54 0.61 0.71 0.58 0.61 0.60 0.60 0.60 0.61 0.60 0.60 0.58 0.61 0.58 0.47 0.36 0.45 0.39 0.44 0.44 0.43 0.44 0.44 0.43 0.43 0.43 0.43 0.08 0.39 0.39 0.39 0.39 0.39 0.10 0.10 0.01 0.05 0.52 0.56 0.56 0.56 0.56 0.56 0.55 0.56 0.56 0.54 0.56 0.54 0.54 0.54 0.43 0.50 0.48 0.51 0.36 0.39 0.39 0.39
0.34 0.37 0.37 0.36 0.21 0.35 0.37 0.35 0.32 0.37 0.37 0.38 0.37 0.44 0.42 0.37 0.22 0.39 0.32 0.41 0.44 0.44 0.43 0.39 1.00 0.33 0.41 0.62 0.37 0.42 0.41 0.41 0.39 0.42 0.41 0.41 0.38 0.42 0.38 0.26 0.16 0.23 0.18 0.22 0.22 0.21 0.22 0.22 0.21 0.21 0.21 0.21 0.03 0.18 0.18 0.18 0.18 0.18 0.03 0.03 0.00 0.02 0.30 0.33 0.33 0.33 0.33 0.34 0.32 0.34 0.34 0.31 0.33 0.31 0.30 0.30 0.22 0.27 0.25 0.28 0.16 0.18 0.18 0.18
0.51 0.54 0.54 0.53 0.35 0.52 0.54 0.52 0.49 0.53 0.54 0.54 0.53 0.58 0.57 0.54 0.35 0.55 0.48 0.56 0.58 0.58 0.58 0.55 1.00 0.49 0.56 0.69 0.53 0.57 0.56 0.56 0.55 0.57 0.56 0.56 0.53 0.57 0.53 0.42 0.31 0.39 0.33 0.39 0.39 0.38 0.39 0.39 0.37 0.38 0.38 0.38 0.07 0.34 0.34 0.34 0.34 0.34 0.09 0.08 0.01 0.05 0.48 0.51 0.51 0.51 0.51 0.51 0.49 0.51 0.51 0.49 0.51 0.49 0.49 0.48 0.38 0.44 0.42 0.45 0.30 0.34 0.34 0.34
0.81 0.82 0.82 0.82 0.70 0.82 0.82 0.82 0.80 0.82 0.82 0.82 0.82 0.83 0.83 0.82 0.65 0.82 0.79 0.83 0.83 0.83 0.83 0.82 1.00 0.79 0.83 0.84 0.81 0.83 0.83 0.83 0.82 0.83 0.83 0.83 0.81 0.83 0.81 0.76 0.69 0.75 0.70 0.75 0.75 0.75 0.75 0.75 0.74 0.75 0.75 0.75 0.30 0.72 0.72 0.72 0.72 0.72 0.30 0.31 0.07 0.16 0.79 0.81 0.81 0.81 0.81 0.82 0.81 0.82 0.82 0.81 0.81 0.81 0.81 0.81 0.74 0.79 0.77 0.79 0.68 0.72 0.72 0.72
0.56 0.58 0.58 0.57 0.40 0.57 0.58 0.57 0.54 0.58 0.58 0.59 0.58 0.63 0.62 0.58 0.39 0.59 0.53 0.61 0.63 0.63 0.62 0.59 1.00 0.53 0.61 0.71 0.57 0.61 0.60 0.60 0.59 0.61 0.60 0.60 0.58 0.61 0.58 0.47 0.35 0.44 0.37 0.44 0.44 0.43 0.44 0.43 0.42 0.43 0.43 0.43 0.09 0.39 0.39 0.39 0.39 0.39 0.11 0.10 0.01 0.05 0.52 0.56 0.56 0.56 0.56 0.56 0.54 0.56 0.56 0.54 0.56 0.54 0.53 0.53 0.42 0.49 0.47 0.50 0.36 0.39 0.39 0.39
0.55 0.58 0.58 0.57 0.40 0.57 0.58 0.56 0.54 0.57 0.58 0.58 0.57 0.62 0.61 0.57 0.38 0.59 0.52 0.60 0.62 0.62 0.61 0.59 1.00 0.53 0.60 0.72 0.57 0.60 0.60 0.60 0.59 0.60 0.60 0.60 0.57 0.60 0.57 0.47 0.36 0.44 0.38 0.44 0.44 0.43 0.44 0.44 0.42 0.43 0.43 0.43 0.09 0.39 0.39 0.39 0.39 0.39 0.10 0.10 0.01 0.05 0.52 0.56 0.56 0.56 0.56 0.56 0.54 0.56 0.56 0.54 0.56 0.54 0.53 0.53 0.43 0.49 0.47 0.50 0.36 0.39 0.39 0.39
0.25 0.28 0.28 0.27 0.14 0.27 0.28 0.26 0.24 0.29 0.29 0.30 0.29 0.36 0.34 0.28 0.15 0.30 0.24 0.32 0.36 0.36 0.35 0.30 1.00 0.25 0.32 0.57 0.27 0.33 0.32 0.31 0.30 0.33 0.32 0.31 0.28 0.33 0.28 0.18 0.10 0.15 0.11 0.15 0.15 0.14 0.15 0.15 0.14 0.14 0.14 0.14 0.01 0.12 0.12 0.12 0.12 0.12 0.02 0.01 0.00 0.01 0.22 0.25 0.25 0.25 0.25 0.25 0.23 0.25 0.25 0.22 0.25 0.23 0.22 0.21 0.14 0.18 0.16 0.19 0.10 0.11 0.11 0.11
0.60 0.62 0.62 0.61 0.45 0.61 0.62 0.61 0.59 0.62 0.62 0.63 0.62 0.65 0.65 0.62 0.42 0.63 0.57 0.64 0.65 0.65 0.65 0.63 1.00 0.57 0.64 0.73 0.61 0.64 0.64 0.64 0.63 0.64 0.64 0.64 0.62 0.64 0.62 0.52 0.41 0.50 0.44 0.49 0.49 0.48 0.49 0.49 0.48 0.48 0.48 0.48 0.11 0.44 0.44 0.44 0.44 0.44 0.13 0.12 0.02 0.07 0.57 0.60 0.60 0.60 0.60 0.60 0.59 0.60 0.60 0.59 0.60 0.59 0.58 0.58 0.47 0.54 0.52 0.55 0.41 0.44 0.44 0.44
0.64 0.67 0.67 0.66 0.49 0.66 0.67 0.65 0.63 0.66 0.67 0.67 0.66 0.69 0.69 0.67 0.47 0.67 0.62 0.68 0.69 0.69 0.69 0.67 1.00 0.62 0.68 0.75 0.65 0.69 0.68 0.68 0.67 0.69 0.68 0.68 0.66 0.69 0.66 0.57 0.46 0.54 0.48 0.54 0.54 0.53 0.54 0.54 0.53 0.53 0.53 0.53 0.14 0.49 0.49 0.49 0.49 0.49 0.16 0.15 0.02 0.08 0.61 0.65 0.65 0.65 0.65 0.65 0.64 0.65 0.65 0.63 0.65 0.63 0.63 0.63 0.52 0.59 0.57 0.60 0.45 0.49 0.49 0.49
0.74 0.75 0.75 0.74 0.61 0.74 0.75 0.74 0.72 0.75 0.75 0.75 0.75 0.76 0.76 0.75 0.56 0.75 0.71 0.76 0.76 0.76 0.76 0.75 1.00 0.71 0.76 0.79 0.74 0.76 0.76 0.76 0.75 0.76 0.76 0.76 0.74 0.76 0.74 0.67 0.58 0.66 0.60 0.66 0.66 0.65 0.66 0.66 0.65 0.65 0.65 0.65 0.22 0.62 0.62 0.62 0.62 0.62 0.23 0.23 0.05 0.12 0.72 0.74 0.74 0.74 0.74 0.74 0.73 0.74 0.74 0.73 0.74 0.73 0.73 0.73 0.64 0.70 0.68 0.71 0.58 0.62 0.62 0.62
0.92 0.93 0.93 0.93 0.87 0.93 0.93 0.93 0.92 0.93 0.93 0.93 0.93 0.93 0.93 0.93 0.82 0.93 0.91 0.93 0.93 0.93 0.93 0.93 1.00 0.91 0.93 0.91 0.92 0.93 0.93 0.93 0.93 0.93 0.93 0.93 0.92 0.93 0.92 0.90 0.86 0.90 0.87 0.90 0.90 0.90 0.90 0.90 0.90 0.90 0.90 0.90 0.52 0.88 0.88 0.88 0.88 0.88 0.51 0.51 0.19 0.30 0.92 0.93 0.93 0.93 0.93 0.93 0.92 0.93 0.93 0.92 0.93 0.92 0.92 0.92 0.89 0.92 0.91 0.92 0.86 0.89 0.89 0.89
0.34 0.37 0.37 0.36 0.21 0.36 0.37 0.35 0.33 0.37 0.38 0.39 0.37 0.44 0.43 0.38 0.23 0.39 0.32 0.41 0.44 0.44 0.43 0.39 1.00 0.34 0.41 0.62 0.37 0.42 0.41 0.41 0.39 0.42 0.41 0.41 0.38 0.42 0.38 0.27 0.16 0.23 0.18 0.23 0.23 0.22 0.23 0.23 0.21 0.22 0.22 0.22 0.03 0.18 0.18 0.18 0.18 0.18 0.03 0.03 0.00 0.02 0.30 0.33 0.33 0.33 0.33 0.34 0.32 0.34 0.34 0.31 0.33 0.31 0.30 0.30 0.21 0.27 0.25 0.28 0.16 0.18 0.18 0.18
0.93 0.94 0.94 0.94 0.88 0.94 0.94 0.94 0.93 0.94 0.94 0.94 0.94 0.94 0.94 0.94 0.83 0.94 0.92 0.94 0.94 0.94 0.94 0.94 1.00 0.93 0.94 0.92 0.93 0.94 0.94 0.94 0.94 0.94 0.94 0.94 0.93 0.94 0.93 0.92 0.88 0.92 0.89 0.92 0.92 0.91 0.92 0.92 0.91 0.91 0.91 0.91 0.56 0.90 0.90 0.90 0.90 0.90 0.53 0.54 0.22 0.33 0.93 0.94 0.94 0.94 0.94 0.94 0.93 0.94 0.94 0.94 0.94 0.94 0.94 0.93 0.90 0.93 0.92 0.93 0.88 0.91 0.91 0.91
0.36 0.39 0.39 0.37 0.22 0.37 0.39 0.37 0.34 0.39 0.40 0.40 0.39 0.46 0.44 0.40 0.23 0.40 0.34 0.43 0.46 0.46 0.44 0.40 1.00 0.35 0.43 0.63 0.39 0.44 0.43 0.42 0.40 0.44 0.43 0.42 0.39 0.44 0.39 0.28 0.18 0.25 0.20 0.24 0.24 0.23 0.24 0.24 0.23 0.23 0.23 0.23 0.03 0.20 0.20 0.20 0.20 0.20 0.04 0.03 0.00 0.02 0.32 0.36 0.36 0.36 0.36 0.36 0.34 0.36 0.36 0.33 0.36 0.34 0.33 0.32 0.23 0.29 0.27 0.30 0.17 0.20 0.20 0.20
0.61 0.64 0.64 0.62 0.46 0.62 0.64 0.62 0.60 0.63 0.64 0.64 0.63 0.66 0.66 0.63 0.44 0.64 0.58 0.65 0.66 0.66 0.66 0.64 1.00 0.58 0.65 0.74 0.62 0.66 0.65 0.65 0.64 0.66 0.65 0.65 0.63 0.66 0.63 0.53 0.42 0.51 0.45 0.50 0.50 0.49 0.50 0.50 0.49 0.49 0.49 0.49 0.12 0.46 0.46 0.46 0.46 0.46 0.13 0.13 0.02 0.06 0.58 0.61 0.61 0.61 0.61 0.61 0.60 0.61 0.61 0.60 0.61 0.60 0.59 0.59 0.49 0.55 0.53 0.56 0.42 0.46 0.46 0.46
0.82 0.83 0.83 0.83 0.71 0.82 0.83 0.82 0.81 0.83 0.83 0.83 0.83 0.83 0.83 0.83 0.65 0.83 0.80 0.83 0.83 0.83 0.83 0.83 1.00 0.80 0.83 0.85 0.82 0.83 0.83 0.83 0.83 0.83 0.83 0.83 0.82 0.83 0.82 0.77 0.70 0.76 0.72 0.76 0.76 0.76 0.76 0.76 0.75 0.76 0.76 0.76 0.32 0.73 0.73 0.73 0.73 0.73 0.32 0.33 0.08 0.17 0.80 0.82 0.82 0.82 0.82 0.82 0.82 0.82 0.82 0.82 0.82 0.82 0.82 0.82 0.75 0.80 0.78 0.80 0.70 0.74 0.74 0.74
0.42 0.45 0.45 0.43 0.27 0.44 0.45 0.43 0.41 0.45 0.45 0.46 0.45 0.51 0.50 0.45 0.28 0.46 0.39 0.49 0.51 0.51 0.50 0.46 1.00 0.41 0.49 0.65 0.45 0.49 0.48 0.48 0.46 0.49 0.48 0.48 0.45 0.49 0.45 0.34 0.23 0.31 0.25 0.30 0.30 0.29 0.30 0.30 0.29 0.29 0.29 0.29 0.04 0.26 0.26 0.26 0.26 0.26 0.06 0.05 0.00 0.03 0.38 0.42 0.42 0.42 0.42 0.43 0.41 0.43 0.43 0.40 0.42 0.40 0.39 0.39 0.29 0.35 0.33 0.37 0.23 0.25 0.25 0.25
0.92 0.93 0.93 0.93 0.86 0.93 0.93 0.93 0.92 0.93 0.93 0.93 0.93 0.93 0.93 0.92 0.81 0.93 0.91 0.93 0.93 0.93 0.93 0.93 1.00 0.91 0.93 0.91 0.92 0.93 0.93 0.93 0.93 0.93 0.93 0.93 0.92 0.93 0.92 0.90 0.86 0.90 0.87 0.90 0.90 0.90 0.90 0.90 0.89 0.90 0.90 0.90 0.51 0.88 0.88 0.88 0.88 0.88 0.50 0.50 0.18 0.29 0.92 0.92 0.92 0.92 0.92 0.92 0.92 0.92 0.92 0.92 0.92 0.92 0.92 0.92 0.89 0.92 0.91 0.92 0.86 0.89 0.89 0.89
0.53 0.56 0.56 0.55 0.39 0.55 0.56 0.55 0.52 0.56 0.56 0.56 0.56 0.60 0.59 0.56 0.36 0.57 0.50 0.59 0.60 0.60 0.60 0.57 1.00 0.51 0.59 0.70 0.55 0.59 0.58 0.58 0.57 0.59 0.58 0.58 0.56 0.59 0.56 0.45 0.34 0.42 0.36 0.41 0.41 0.40 0.41 0.41 0.40 0.40 0.40 0.40 0.07 0.37 0.37 0.37 0.37 0.37 0.10 0.09 0.01 0.05 0.50 0.53 0.53 0.53 0.53 0.54 0.52 0.54 0.54 0.51 0.53 0.52 0.51 0.51 0.40 0.46 0.44 0.48 0.33 0.37 0.37 0.37
0.95 0.95 0.95 0.95 0.92 0.95 0.95 0.95 0.95 0.95 0.95 0.95 0.95 0.95 0.95 0.95 0.87 0.95 0.95 0.95 0.95 0.95 0.95 0.95 1.00 0.95 0.95 0.93 0.95 0.95 0.95 0.95 0.95 0.95 0.95 0.95 0.95 0.95 0.95 0.94 0.92 0.94 0.92 0.94 0.94 0.94 0.94 0.94 0.94 0.94 0.94 0.94 0.62 0.93 0.93 0.93 0.93 0.93 0.59 0.59 0.26 0.37 0.95 0.95 0.95 0.95 0.95 0.95 0.95 0.95 0.95 0.95 0.95 0.95 0.95 0.95 0.93 0.95 0.95 0.95 0.91 0.94 0.94 0.94
0.92 0.93 0.93 0.92 0.86 0.92 0.93 0.92 0.92 0.92 0.92 0.92 0.92 0.93 0.93 0.92 0.81 0.93 0.91 0.93 0.93 0.93 0.93 0.93 1.00 0.91 0.93 0.91 0.92 0.93 0.93 0.93 0.93 0.93 0.93 0.93 0.92 0.93 0.92 0.90 0.86 0.90 0.87 0.90 0.90 0.90 0.90 0.90 0.90 0.90 0.90 0.90 0.52 0.88 0.88 0.88 0.88 0.88 0.50 0.50 0.19 0.29 0.92 0.92 0.92 0.92 0.92 0.92 0.92 0.92 0.92 0.92 0.92 0.92 0.92 0.92 0.89 0.92 0.91 0.92 0.86 0.89 0.89 0.89
0.87 0.88 0.88 0.87 0.78 0.87 0.88 0.87 0.86 0.88 0.88 0.88 0.88 0.88 0.88 0.87 0.73 0.88 0.85 0.88 0.88 0.88 0.88 0.88 1.00 0.85 0.88 0.87 0.87 0.88 0.88 0.88 0.88 0.88 0.88 0.88 0.87 0.88 0.87 0.83 0.77 0.82 0.79 0.82 0.82 0.82 0.82 0.82 0.82 0.82 0.82 0.82 0.39 0.80 0.80 0.80 0.80 0.80 0.39 0.39 0.12 0.22 0.86 0.87 0.87 0.87 0.87 0.87 0.87 0.87 0.87 0.87 0.87 0.87 0.87 0.87 0.81 0.85 0.84 0.86 0.77 0.80 0.80 0.80
0.36 0.39 0.39 0.38 0.22 0.37 0.39 0.37 0.35 0.39 0.40 0.40 0.39 0.46 0.45 0.39 0.23 0.41 0.34 0.43 0.46 0.46 0.45 0.41 1.00 0.35 0.43 0.63 0.39 0.44 0.43 0.43 0.41 0.44 0.43 0.43 0.39 0.44 0.39 0.28 0.18 0.24 0.20 0.24 0.24 0.23 0.24 0.24 0.22 0.23 0.23 0.23 0.03 0.20 0.20 0.20 0.20 0.20 0.04 0.03 0.00 0.02 0.32 0.36 0.36 0.36 0.36 0.36 0.34 0.36 0.36 0.33 0.36 0.34 0.33 0.32 0.23 0.29 0.27 0.30 0.17 0.19 0.19 0.19
0.61 0.63 0.63 0.62 0.46 0.62 0.63 0.62 0.60 0.62 0.63 0.63 0.62 0.66 0.65 0.63 0.43 0.64 0.58 0.65 0.66 0.66 0.65 0.64 1.00 0.58 0.65 0.73 0.62 0.65 0.64 0.64 0.64 0.65 0.64 0.64 0.62 0.65 0.62 0.52 0.42 0.50 0.44 0.50 0.50 0.49 0.50 0.50 0.48 0.49 0.49 0.49 0.12 0.45 0.45 0.45 0.45 0.45 0.13 0.13 0.02 0.07 0.57 0.61 0.61 0.61 0.61 0.61 0.60 0.61 0.61 0.59 0.61 0.60 0.59 0.59 0.48 0.55 0.53 0.56 0.41 0.45 0.45 0.45
0.90 0.90 0.90 0.90 0.83 0.90 0.90 0.90 0.90 0.90 0.90 0.90 0.90 0.91 0.90 0.90 0.78 0.90 0.89 0.91 0.91 0.91 0.91 0.90 1.00 0.89 0.91 0.89 0.90 0.91 0.90 0.90 0.90 0.91 0.90 0.90 0.90 0.91 0.90 0.87 0.83 0.87 0.84 0.87 0.87 0.87 0.87 0.87 0.87 0.87 0.87 0.87 0.48 0.85 0.85 0.85 0.85 0.85 0.46 0.46 0.16 0.26 0.89 0.90 0.90 0.90 0.90 0.90 0.90 0.90 0.90 0.90 0.90 0.90 0.90 0.90 0.86 0.89 0.88 0.89 0.83 0.86 0.86 0.86
