1.00 1.00 1.00 1.00 0.93 1.00 1.00 0.99 0.99 1.00 1.00 1.00 1.00 1.00 1.00 0.99 0.87 1.00 0.98 1.00 1.00 1.00 1.00 1.00 0.92 0.98 1.00 0.88 0.99 1.00 1.00 1.00 1.00 1.00 1.00 1.00 0.99 1.00 0.99 0.97 0.93 0.97 0.94 0.97 0.97 0.97 0.97 0.97 0.97 0.97 0.97 0.97 0.56 0.95 0.95 0.95 0.95 0.95 0.54 0.54 0.19 0.31 0.99 1.00 1.00 1.00 1.00 1.00 1.00 1.00 1.00 1.00 1.00 1.00 1.00 1.00 0.96 0.99 0.98 0.99 0.93 0.96 0.96 0.96
0.89 0.75 0.75 0.70 0.38 0.84 0.75 0.68 0.63 0.78 0.69 0.68 0.78 0.67 0.67 0.64 0.34 0.62 0.61 0.66 0.67 0.67 0.67 0.62 0.30 0.43 0.66 0.29 0.54 0.65 0.62 0.62 0.62 0.65 0.62 0.62 0.57 0.65 0.57 0.54 0.36 0.51 0.40 0.51 0.51 0.49 0.51 0.52 0.48 0.49 0.49 0.49 0.05 0.41 0.41 0.41 0.41 0.41 0.07 0.07 0.00 0.04 0.81 1.00 1.00 1.00 1.00 0.97 0.90 0.97 0.97 0.91 1.00 0.91 0.88 0.88 0.58 0.72 0.64 0.76 0.43 0.50 0.50 0.50
0.88 0.75 0.75 0.71 0.40 0.84 0.75 0.68 0.63 0.79 0.69 0.67 0.79 0.67 0.67 0.63 0.35 0.62 0.61 0.66 0.67 0.67 0.67 0.62 0.31 0.43 0.66 0.29 0.55 0.65 0.62 0.62 0.62 0.65 0.62 0.62 0.58 0.65 0.58 0.54 0.35 0.50 0.40 0.51 0.51 0.48 0.51 0.51 0.47 0.48 0.48 0.48 0.05 0.41 0.41 0.41 0.41 0.41 0.08 0.06 0.00 0.04 0.80 1.00 1.00 1.00 1.00 0.97 0.90 0.97 0.97 0.91 1.00 0.91 0.88 0.88 0.57 0.72 0.64 0.75 0.42 0.49 0.49 0.49
0.86 0.70 0.70 0.65 0.35 0.82 0.70 0.63 0.58 0.75 0.63 0.61 0.75 0.61 0.61 0.57 0.28 0.56 0.56 0.60 0.61 0.61 0.61 0.56 0.26 0.36 0.60 0.24 0.47 0.59 0.56 0.55 0.56 0.59 0.56 0.55 0.51 0.59 0.51 0.48 0.31 0.45 0.35 0.46 0.46 0.44 0.46 0.47 0.43 0.44 0.44 0.44 0.04 0.37 0.37 0.37 0.37 0.37 0.05 0.04 0.00 0.03 0.78 1.00 1.00 1.00 1.00 0.96 0.88 0.96 0.96 0.89 1.00 0.90 0.86 0.85 0.54 0.69 0.60 0.73 0.38 0.45 0.45 0.45
0.96 0.93 0.93 0.92 0.68 0.96 0.93 0.91 0.87 0.94 0.91 0.91 0.94 0.91 0.91 0.89 0.62 0.90 0.85 0.91 0.91 0.91 0.92 0.90 0.62 0.76 0.91 0.58 0.84 0.91 0.90 0.90 0.90 0.91 0.90 0.90 0.87 0.91 0.87 0.79 0.64 0.77 0.68 0.77 0.77 0.76 0.77 0.77 0.75 0.76 0.76 0.76 0.18 0.70 0.70 0.70 0.70 0.70 0.20 0.20 0.03 0.11 0.93 1.00 1.00 1.00 1.00 0.99 0.97 0.99 0.99 0.97 1.00 0.97 0.96 0.96 0.79 0.89 0.84 0.90 0.68 0.74 0.74 0.74
0.92 0.83 0.83 0.80 0.51 0.90 0.83 0.78 0.74 0.86 0.79 0.78 0.86 0.79 0.78 0.75 0.44 0.75 0.70 0.77 0.79 0.79 0.78 0.75 0.42 0.56 0.77 0.39 0.67 0.76 0.74 0.74 0.75 0.76 0.74 0.74 0.70 0.76 0.70 0.65 0.46 0.62 0.51 0.62 0.62 0.60 0.62 0.62 0.59 0.60 0.60 0.60 0.09 0.52 0.52 0.52 0.52 0.52 0.11 0.10 0.01 0.06 0.86 1.00 1.00 1.00 1.00 0.98 0.93 0.98 0.98 0.94 1.00 0.94 0.92 0.92 0.67 0.80 0.73 0.83 0.53 0.60 0.60 0.60
1.00 1.00 1.00 1.00 0.94 1.00 1.00 1.00 0.99 1.00 1.00 1.00 1.00 1.00 1.00 1.00 0.88 1.00 0.99 1.00 1.00 1.00 1.00 1.00 0.93 0.98 1.00 0.90 0.99 1.00 1.00 1.00 1.00 1.00 1.00 1.00 0.99 1.00 0.99 0.98 0.94 0.97 0.95 0.97 0.97 0.97 0.97 0.97 0.97 0.97 0.97 0.97 0.60 0.96 0.96 0.96 0.96 0.96 0.57 0.57 0.23 0.34 0.99 1.00 1.00 1.00 1.00 1.00 1.00 1.00 1.00 1.00 1.00 1.00 1.00 1.00 0.96 0.99 0.99 0.99 0.94 0.97 0.97 0.97
0.92 0.83 0.83 0.79 0.49 0.89 0.83 0.78 0.73 0.86 0.78 0.77 0.86 0.78 0.78 0.75 0.43 0.74 0.70 0.76 0.78 0.78 0.78 0.74 0.41 0.55 0.76 0.39 0.66 0.75 0.73 0.73 0.74 0.75 0.73 0.73 0.69 0.75 0.69 0.63 0.45 0.60 0.49 0.60 0.60 0.58 0.60 0.60 0.57 0.58 0.58 0.58 0.08 0.51 0.51 0.51 0.51 0.51 0.11 0.10 0.01 0.05 0.85 1.00 1.00 1.00 1.00 0.98 0.93 0.98 0.98 0.94 1.00 0.94 0.92 0.92 0.65 0.79 0.72 0.82 0.52 0.59 0.59 0.59
1.00 1.00 1.00 1.00 0.92 1.00 1.00 0.99 0.99 1.00 1.00 0.99 1.00 1.00 1.00 0.99 0.87 1.00 0.98 1.00 1.00 1.00 1.00 1.00 0.91 0.97 1.00 0.87 0.99 1.00 1.00 1.00 1.00 1.00 1.00 1.00 0.99 1.00 0.99 0.96 0.92 0.96 0.93 0.96 0.96 0.96 0.96 0.96 0.96 0.96 0.96 0.96 0.53 0.94 0.94 0.94 0.94 0.94 0.52 0.53 0.18 0.30 0.99 1.00 1.00 1.00 1.00 1.00 1.00 1.00 1.00 1.00 1.00 1.00 1.00 1.00 0.95 0.99 0.98 0.99 0.92 0.95 0.95 0.95
0.97 0.94 0.94 0.93 0.69 0.96 0.94 0.92 0.89 0.95 0.93 0.92 0.95 0.93 0.92 0.91 0.63 0.91 0.87 0.92 0.93 0.93 0.93 0.91 0.65 0.79 0.92 0.60 0.87 0.92 0.91 0.91 0.91 0.92 0.91 0.91 0.88 0.92 0.88 0.82 0.67 0.79 0.70 0.79 0.79 0.78 0.79 0.79 0.77 0.78 0.78 0.78 0.20 0.72 0.72 0.72 0.72 0.72 0.22 0.22 0.03 0.11 0.94 1.00 1.00 1.00 1.00 0.99 0.97 0.99 0.99 0.98 1.00 0.97 0.97 0.97 0.80 0.90 0.86 0.91 0.70 0.76 0.76 0.76
0.97 0.95 0.95 0.93 0.72 0.97 0.95 0.93 0.90 0.96 0.93 0.93 0.96 0.93 0.93 0.91 0.64 0.92 0.87 0.93 0.93 0.93 0.93 0.92 0.67 0.81 0.93 0.63 0.88 0.93 0.92 0.92 0.92 0.93 0.92 0.92 0.89 0.93 0.89 0.82 0.69 0.80 0.72 0.81 0.81 0.79 0.81 0.81 0.79 0.79 0.79 0.79 0.22 0.74 0.74 0.74 0.74 0.74 0.24 0.23 0.04 0.12 0.94 1.00 1.00 1.00 1.00 1.00 0.98 1.00 1.00 0.98 1.00 0.98 0.97 0.97 0.81 0.91 0.87 0.92 0.72 0.78 0.78 0.78
0.94 0.87 0.87 0.85 0.57 0.92 0.87 0.83 0.79 0.89 0.84 0.83 0.89 0.84 0.84 0.81 0.50 0.81 0.77 0.83 0.84 0.84 0.84 0.81 0.50 0.64 0.83 0.46 0.74 0.82 0.81 0.81 0.81 0.82 0.81 0.81 0.77 0.82 0.77 0.70 0.53 0.67 0.57 0.67 0.67 0.65 0.67 0.67 0.65 0.65 0.65 0.65 0.12 0.59 0.59 0.59 0.59 0.59 0.15 0.14 0.02 0.07 0.89 1.00 1.00 1.00 1.00 0.99 0.95 0.99 0.99 0.96 1.00 0.96 0.94 0.94 0.71 0.83 0.78 0.86 0.59 0.65 0.65 0.65
0.99 0.98 0.98 0.97 0.79 0.99 0.98 0.97 0.95 0.98 0.97 0.97 0.98 0.97 0.97 0.96 0.74 0.96 0.92 0.97 0.97 0.97 0.97 0.96 0.77 0.88 0.97 0.72 0.93 0.97 0.96 0.96 0.96 0.97 0.96 0.96 0.94 0.97 0.94 0.89 0.79 0.88 0.81 0.88 0.88 0.87 0.88 0.88 0.87 0.87 0.87 0.87 0.31 0.83 0.83 0.83 0.83 0.83 0.33 0.32 0.07 0.17 0.97 1.00 1.00 1.00 1.00 1.00 0.99 1.00 1.00 0.99 1.00 0.99 0.99 0.99 0.88 0.95 0.92 0.95 0.80 0.86 0.86 0.86
1.00 1.00 1.00 1.00 0.94 1.00 1.00 1.00 0.99 1.00 1.00 1.00 1.00 1.00 1.00 1.00 0.89 1.00 0.98 1.00 1.00 1.00 1.00 1.00 0.93 0.98 1.00 0.90 0.99 1.00 1.00 1.00 1.00 1.00 1.00 1.00 0.99 1.00 0.99 0.98 0.94 0.98 0.95 0.98 0.98 0.98 0.98 0.98 0.98 0.98 0.98 0.98 0.58 0.96 0.96 0.96 0.96 0.96 0.57 0.57 0.23 0.34 0.99 1.00 1.00 1.00 1.00 1.00 1.00 1.00 1.00 1.00 1.00 1.00 1.00 1.00 0.96 0.99 0.99 0.99 0.93 0.97 0.97 0.97
1.00 1.00 1.00 1.00 0.95 1.00 1.00 1.00 0.99 1.00 1.00 1.00 1.00 1.00 1.00 1.00 0.91 1.00 0.99 1.00 1.00 1.00 1.00 1.00 0.95 0.99 1.00 0.92 1.00 1.00 1.00 1.00 1.00 1.00 1.00 1.00 1.00 1.00 1.00 0.98 0.96 0.98 0.96 0.98 0.98 0.98 0.98 0.98 0.98 0.98 0.98 0.98 0.64 0.97 0.97 0.97 0.97 0.97 0.61 0.63 0.28 0.39 0.99 1.00 1.00 1.00 1.00 1.00 1.00 1.00 1.00 1.00 1.00 1.00 1.00 1.00 0.98 0.99 0.99 0.99 0.95 0.98 0.98 0.98
1.00 1.00 1.00 1.00 0.93 1.00 1.00 1.00 0.99 1.00 1.00 1.00 1.00 1.00 1.00 1.00 0.87 1.00 0.98 1.00 1.00 1.00 1.00 1.00 0.93 0.98 1.00 0.89 0.99 1.00 1.00 1.00 1.00 1.00 1.00 1.00 0.99 1.00 0.99 0.97 0.93 0.97 0.94 0.97 0.97 0.97 0.97 0.97 0.97 0.97 0.97 0.97 0.55 0.95 0.95 0.95 0.95 0.95 0.53 0.54 0.20 0.31 0.99 1.00 1.00 1.00 1.00 1.00 1.00 1.00 1.00 1.00 1.00 1.00 1.00 1.00 0.96 0.99 0.98 0.99 0.93 0.96 0.96 0.96
0.87 0.70 0.70 0.66 0.35 0.81 0.70 0.63 0.58 0.75 0.64 0.62 0.75 0.62 0.61 0.58 0.29 0.57 0.56 0.60 0.62 0.62 0.61 0.57 0.26 0.36 0.60 0.25 0.47 0.59 0.56 0.56 0.57 0.59 0.56 0.56 0.52 0.59 0.52 0.48 0.31 0.45 0.35 0.46 0.46 0.43 0.46 0.46 0.42 0.43 0.43 0.43 0.04 0.36 0.36 0.36 0.36 0.36 0.06 0.05 0.00 0.03 0.78 1.00 1.00 1.00 1.00 0.97 0.89 0.97 0.97 0.90 1.00 0.90 0.87 0.86 0.54 0.69 0.59 0.73 0.39 0.45 0.45 0.45
1.00 1.00 1.00 1.00 0.94 1.00 1.00 1.00 0.99 1.00 1.00 1.00 1.00 1.00 1.00 1.00 0.88 1.00 0.99 1.00 1.00 1.00 1.00 1.00 0.94 0.98 1.00 0.89 0.99 1.00 1.00 1.00 1.00 1.00 1.00 1.00 0.99 1.00 0.99 0.97 0.94 0.97 0.95 0.98 0.98 0.97 0.98 0.98 0.97 0.97 0.97 0.97 0.58 0.96 0.96 0.96 0.96 0.96 0.56 0.56 0.22 0.33 0.99 1.00 1.00 1.00 1.00 1.00 1.00 1.00 1.00 1.00 1.00 1.00 1.00 1.00 0.96 0.99 0.99 0.99 0.94 0.96 0.96 0.96
0.99 0.99 0.99 0.99 0.86 0.99 0.99 0.98 0.97 0.99 0.99 0.99 0.99 0.99 0.99 0.98 0.79 0.99 0.96 0.99 0.99 0.99 0.99 0.99 0.84 0.93 0.99 0.79 0.97 0.99 0.99 0.99 0.99 0.99 0.99 0.99 0.97 0.99 0.97 0.93 0.85 0.92 0.87 0.92 0.92 0.91 0.92 0.92 0.91 0.91 0.91 0.91 0.40 0.88 0.88 0.88 0.88 0.88 0.40 0.41 0.10 0.21 0.98 1.00 1.00 1.00 1.00 1.00 0.99 1.00 1.00 0.99 1.00 0.99 0.99 0.99 0.92 0.97 0.96 0.97 0.86 0.90 0.90 0.90
0.86 0.69 0.69 0.64 0.34 0.80 0.69 0.61 0.57 0.74 0.62 0.60 0.74 0.60 0.59 0.55 0.28 0.54 0.55 0.58 0.60 0.60 0.59 0.54 0.24 0.35 0.58 0.23 0.46 0.57 0.54 0.54 0.54 0.57 0.54 0.54 0.49 0.57 0.49 0.48 0.30 0.45 0.34 0.45 0.45 0.43 0.45 0.46 0.41 0.43 0.43 0.43 0.04 0.35 0.35 0.35 0.35 0.35 0.05 0.05 0.00 0.03 0.77 1.00 1.00 1.00 1.00 0.96 0.88 0.96 0.96 0.89 1.00 0.89 0.86 0.85 0.54 0.68 0.59 0.72 0.38 0.45 0.45 0.45
0.90 0.78 0.78 0.74 0.43 0.87 0.78 0.72 0.67 0.82 0.72 0.71 0.82 0.72 0.71 0.68 0.38 0.67 0.65 0.70 0.72 0.72 0.71 0.67 0.34 0.48 0.70 0.32 0.60 0.70 0.67 0.67 0.67 0.70 0.67 0.68 0.63 0.70 0.63 0.58 0.40 0.55 0.44 0.55 0.55 0.53 0.55 0.55 0.52 0.53 0.53 0.53 0.07 0.46 0.46 0.46 0.46 0.46 0.09 0.08 0.01 0.05 0.82 1.00 1.00 1.00 1.00 0.98 0.91 0.98 0.98 0.93 1.00 0.93 0.90 0.90 0.62 0.75 0.67 0.79 0.47 0.54 0.54 0.54
1.00 1.00 1.00 1.00 0.94 1.00 1.00 1.00 0.99 1.00 1.00 1.00 1.00 1.00 1.00 1.00 0.89 1.00 0.99 1.00 1.00 1.00 1.00 1.00 0.94 0.99 1.00 0.90 0.99 1.00 1.00 1.00 1.00 1.00 1.00 1.00 0.99 1.00 0.99 0.98 0.95 0.98 0.96 0.98 0.98 0.98 0.98 0.98 0.98 0.98 0.98 0.98 0.59 0.97 0.97 0.97 0.97 0.97 0.57 0.58 0.23 0.35 0.99 1.00 1.00 1.00 1.00 1.00 1.00 1.00 1.00 1.00 1.00 1.00 1.00 1.00 0.97 0.99 0.98 0.99 0.94 0.97 0.97 0.97
0.90 0.79 0.79 0.76 0.44 0.87 0.79 0.74 0.69 0.83 0.74 0.73 0.83 0.74 0.73 0.69 0.40 0.69 0.66 0.72 0.74 0.74 0.73 0.69 0.36 0.50 0.72 0.34 0.61 0.72 0.69 0.69 0.69 0.72 0.69 0.69 0.65 0.72 0.65 0.59 0.40 0.56 0.44 0.55 0.55 0.53 0.55 0.56 0.52 0.53 0.53 0.53 0.06 0.46 0.46 0.46 0.46 0.46 0.09 0.08 0.01 0.05 0.84 1.00 1.00 1.00 1.00 0.98 0.91 0.98 0.98 0.93 1.00 0.93 0.90 0.90 0.61 0.75 0.68 0.78 0.47 0.54 0.54 0.54
0.91 0.79 0.79 0.75 0.45 0.87 0.79 0.73 0.69 0.83 0.74 0.73 0.83 0.73 0.73 0.69 0.39 0.69 0.66 0.72 0.73 0.73 0.73 0.69 0.36 0.50 0.72 0.34 0.61 0.71 0.69 0.69 0.69 0.71 0.69 0.69 0.64 0.71 0.64 0.59 0.41 0.56 0.45 0.56 0.56 0.54 0.56 0.56 0.53 0.54 0.54 0.54 0.07 0.47 0.47 0.47 0.47 0.47 0.09 0.08 0.01 0.05 0.84 1.00 1.00 1.00 1.00 0.98 0.92 0.98 0.98 0.93 1.00 0.93 0.91 0.91 0.63 0.77 0.69 0.80 0.48 0.55 0.55 0.55
0.99 0.99 0.99 0.98 0.83 0.99 0.99 0.98 0.96 0.98 0.98 0.98 0.98 0.98 0.98 0.97 0.76 0.97 0.94 0.98 0.98 0.98 0.98 0.97 0.80 0.91 0.98 0.75 0.95 0.98 0.97 0.97 0.97 0.98 0.97 0.97 0.96 0.98 0.96 0.91 0.81 0.90 0.83 0.90 0.90 0.89 0.90 0.90 0.89 0.89 0.89 0.89 0.34 0.85 0.85 0.85 0.85 0.85 0.36 0.36 0.08 0.18 0.97 1.00 1.00 1.00 1.00 1.00 0.99 1.00 1.00 0.99 1.00 0.99 0.99 0.99 0.90 0.96 0.94 0.96 0.83 0.87 0.87 0.87
1.00 1.00 1.00 1.00 0.91 1.00 1.00 1.00 0.98 1.00 0.99 0.99 1.00 1.00 1.00 0.99 0.84 0.99 0.98 1.00 1.00 1.00 1.00 0.99 0.90 0.97 1.00 0.85 0.99 1.00 1.00 1.00 0.99 1.00 1.00 1.00 0.99 1.00 0.99 0.96 0.91 0.95 0.92 0.96 0.96 0.95 0.96 0.96 0.95 0.95 0.95 0.95 0.50 0.93 0.93 0.93 0.93 0.93 0.50 0.50 0.17 0.28 0.99 1.00 1.00 1.00 1.00 1.00 1.00 1.00 1.00 1.00 1.00 1.00 1.00 1.00 0.94 0.99 0.97 0.99 0.91 0.94 0.94 0.94
0.96 0.92 0.92 0.90 0.65 0.95 0.92 0.89 0.86 0.92 0.89 0.89 0.92 0.89 0.89 0.87 0.59 0.87 0.83 0.88 0.89 0.89 0.89 0.87 0.58 0.73 0.88 0.54 0.82 0.88 0.87 0.87 0.87 0.88 0.87 0.87 0.84 0.88 0.84 0.77 0.61 0.74 0.65 0.74 0.74 0.73 0.74 0.74 0.72 0.73 0.73 0.73 0.17 0.66 0.66 0.66 0.66 0.66 0.18 0.18 0.02 0.10 0.92 1.00 1.00 1.00 1.00 0.99 0.96 0.99 0.99 0.97 1.00 0.97 0.96 0.96 0.76 0.88 0.83 0.89 0.66 0.72 0.72 0.72
0.95 0.90 0.90 0.88 0.61 0.94 0.90 0.87 0.83 0.91 0.87 0.86 0.91 0.87 0.87 0.84 0.54 0.84 0.79 0.86 0.87 0.87 0.87 0.84 0.54 0.68 0.86 0.51 0.78 0.86 0.84 0.84 0.84 0.86 0.84 0.84 0.81 0.86 0.81 0.74 0.58 0.72 0.62 0.72 0.72 0.70 0.72 0.72 0.70 0.70 0.70 0.70 0.14 0.64 0.64 0.64 0.64 0.64 0.17 0.16 0.02 0.08 0.90 1.00 1.00 1.00 1.00 0.99 0.95 0.99 0.99 0.96 1.00 0.96 0.95 0.95 0.74 0.85 0.81 0.88 0.61 0.68 0.68 0.68
0.90 0.78 0.78 0.75 0.44 0.87 0.78 0.73 0.69 0.82 0.73 0.71 0.82 0.72 0.71 0.68 0.38 0.68 0.64 0.70 0.72 0.72 0.72 0.68 0.35 0.48 0.70 0.33 0.59 0.69 0.67 0.66 0.68 0.69 0.67 0.67 0.63 0.69 0.63 0.58 0.40 0.55 0.44 0.55 0.55 0.53 0.55 0.55 0.52 0.53 0.53 0.53 0.06 0.46 0.46 0.46 0.46 0.46 0.09 0.08 0.01 0.04 0.83 1.00 1.00 1.00 1.00 0.97 0.91 0.97 0.97 0.92 1.00 0.92 0.90 0.90 0.62 0.75 0.68 0.79 0.47 0.54 0.54 0.54
0.96 0.93 0.93 0.91 0.67 0.96 0.93 0.90 0.87 0.94 0.91 0.90 0.94 0.91 0.91 0.89 0.61 0.89 0.84 0.90 0.91 0.91 0.91 0.89 0.62 0.76 0.90 0.58 0.84 0.90 0.89 0.89 0.89 0.90 0.89 0.89 0.86 0.90 0.86 0.79 0.64 0.76 0.67 0.77 0.77 0.75 0.77 0.77 0.75 0.75 0.75 0.75 0.18 0.69 0.69 0.69 0.69 0.69 0.21 0.19 0.03 0.11 0.92 1.00 1.00 1.00 1.00 0.99 0.96 0.99 0.99 0.97 1.00 0.97 0.96 0.96 0.79 0.88 0.84 0.90 0.68 0.74 0.74 0.74
0.96 0.93 0.93 0.91 0.66 0.95 0.93 0.90 0.87 0.93 0.91 0.91 0.93 0.91 0.91 0.89 0.61 0.89 0.84 0.90 0.91 0.91 0.91 0.89 0.61 0.75 0.90 0.57 0.84 0.90 0.89 0.89 0.89 0.90 0.89 0.89 0.86 0.90 0.86 0.79 0.62 0.76 0.66 0.76 0.76 0.74 0.76 0.76 0.74 0.74 0.74 0.74 0.17 0.68 0.68 0.68 0.68 0.68 0.19 0.19 0.02 0.10 0.92 1.00 1.00 1.00 1.00 0.99 0.97 0.99 0.99 0.97 1.00 0.97 0.96 0.96 0.78 0.89 0.84 0.90 0.68 0.74 0.74 0.74
0.99 0.99 0.99 0.99 0.88 0.99 0.99 0.99 0.97 0.99 0.99 0.99 0.99 0.99 0.99 0.98 0.81 0.98 0.96 0.99 0.99 0.99 0.99 0.98 0.86 0.94 0.99 0.81 0.97 0.99 0.99 0.99 0.98 0.99 0.99 0.99 0.98 0.99 0.98 0.94 0.87 0.94 0.89 0.94 0.94 0.93 0.94 0.94 0.93 0.93 0.93 0.93 0.43 0.90 0.90 0.90 0.90 0.90 0.43 0.43 0.12 0.23 0.98 1.00 1.00 1.00 1.00 1.00 0.99 1.00 1.00 1.00 1.00 0.99 0.99 0.99 0.93 0.97 0.96 0.98 0.88 0.92 0.92 0.92
1.00 1.00 1.00 1.00 0.94 1.00 1.00 1.00 0.99 1.00 1.00 1.00 1.00 1.00 1.00 1.00 0.89 1.00 0.99 1.00 1.00 1.00 1.00 1.00 0.94 0.98 1.00 0.90 0.99 1.00 1.00 1.00 1.00 1.00 1.00 1.00 0.99 1.00 0.99 0.97 0.94 0.97 0.95 0.97 0.97 0.97 0.97 0.97 0.97 0.97 0.97 0.97 0.60 0.96 0.96 0.96 0.96 0.96 0.58 0.58 0.23 0.34 0.99 1.00 1.00 1.00 1.00 1.00 1.00 1.00 1.00 1.00 1.00 1.00 1.00 1.00 0.97 0.99 0.99 0.99 0.94 0.97 0.97 0.97
0.90 0.79 0.79 0.75 0.44 0.88 0.79 0.73 0.69 0.83 0.74 0.72 0.83 0.72 0.72 0.69 0.39 0.68 0.66 0.72 0.72 0.72 0.72 0.68 0.37 0.50 0.72 0.35 0.61 0.71 0.68 0.68 0.68 0.71 0.68 0.68 0.64 0.71 0.64 0.60 0.41 0.56 0.45 0.56 0.56 0.54 0.56 0.56 0.53 0.54 0.54 0.54 0.07 0.47 0.47 0.47 0.47 0.47 0.09 0.08 0.01 0.05 0.84 1.00 1.00 1.00 1.00 0.98 0.92 0.98 0.98 0.93 1.00 0.93 0.91 0.90 0.62 0.77 0.69 0.80 0.47 0.54 0.54 0.54
0.98 0.97 0.97 0.96 0.78 0.98 0.97 0.95 0.93 0.97 0.96 0.95 0.97 0.96 0.96 0.95 0.71 0.95 0.91 0.96 0.96 0.96 0.96 0.95 0.74 0.86 0.96 0.69 0.92 0.96 0.95 0.95 0.95 0.96 0.95 0.95 0.93 0.96 0.93 0.87 0.75 0.86 0.78 0.86 0.86 0.85 0.86 0.85 0.84 0.85 0.85 0.85 0.28 0.80 0.80 0.80 0.80 0.80 0.30 0.30 0.06 0.15 0.96 1.00 1.00 1.00 1.00 1.00 0.98 1.00 1.00 0.99 1.00 0.99 0.98 0.98 0.86 0.93 0.91 0.94 0.77 0.83 0.83 0.83
0.91 0.79 0.79 0.76 0.45 0.87 0.79 0.74 0.69 0.82 0.75 0.74 0.82 0.74 0.74 0.70 0.40 0.70 0.67 0.72 0.74 0.74 0.74 0.70 0.38 0.51 0.72 0.35 0.62 0.72 0.70 0.70 0.70 0.72 0.70 0.70 0.65 0.72 0.65 0.59 0.41 0.56 0.45 0.56 0.56 0.54 0.56 0.57 0.53 0.54 0.54 0.54 0.08 0.48 0.48 0.48 0.48 0.48 0.10 0.08 0.01 0.05 0.84 1.00 1.00 1.00 1.00 0.98 0.92 0.98 0.98 0.94 1.00 0.93 0.92 0.91 0.63 0.77 0.70 0.80 0.49 0.56 0.56 0.56
0.97 0.94 0.94 0.92 0.69 0.96 0.94 0.92 0.89 0.95 0.92 0.92 0.95 0.92 0.92 0.91 0.63 0.91 0.86 0.92 0.92 0.92 0.92 0.91 0.64 0.78 0.92 0.60 0.86 0.91 0.91 0.90 0.91 0.91 0.91 0.91 0.88 0.91 0.88 0.80 0.67 0.79 0.70 0.79 0.79 0.77 0.79 0.79 0.77 0.77 0.77 0.77 0.20 0.72 0.72 0.72 0.72 0.72 0.22 0.22 0.03 0.11 0.93 1.00 1.00 1.00 1.00 0.99 0.97 0.99 0.99 0.98 1.00 0.98 0.97 0.96 0.80 0.90 0.86 0.91 0.70 0.76 0.76 0.76
0.91 0.81 0.81 0.78 0.48 0.88 0.81 0.77 0.72 0.84 0.77 0.75 0.84 0.76 0.76 0.72 0.42 0.72 0.68 0.74 0.76 0.76 0.76 0.72 0.40 0.53 0.74 0.38 0.64 0.73 0.71 0.71 0.72 0.73 0.71 0.71 0.67 0.73 0.67 0.62 0.44 0.59 0.48 0.59 0.59 0.58 0.59 0.60 0.56 0.58 0.58 0.58 0.08 0.51 0.51 0.51 0.51 0.51 0.10 0.09 0.01 0.05 0.85 1.00 1.00 1.00 1.00 0.98 0.93 0.98 0.98 0.94 1.00 0.93 0.91 0.90 0.64 0.78 0.71 0.81 0.50 0.56 0.56 0.56
0.95 0.90 0.90 0.88 0.61 0.94 0.90 0.86 0.82 0.91 0.87 0.86 0.91 0.87 0.87 0.84 0.55 0.84 0.79 0.85 0.87 0.87 0.87 0.84 0.53 0.69 0.85 0.50 0.78 0.85 0.84 0.84 0.84 0.85 0.84 0.84 0.81 0.85 0.81 0.73 0.57 0.70 0.61 0.71 0.71 0.69 0.71 0.71 0.68 0.69 0.69 0.69 0.14 0.62 0.62 0.62 0.62 0.62 0.15 0.15 0.02 0.08 0.91 1.00 1.00 1.00 1.00 0.99 0.95 0.99 0.99 0.96 1.00 0.96 0.95 0.95 0.74 0.85 0.80 0.87 0.62 0.68 0.68 0.68
0.96 0.93 0.93 0.91 0.67 0.95 0.93 0.90 0.87 0.93 0.90 0.90 0.93 0.91 0.91 0.89 0.61 0.89 0.84 0.90 0.91 0.91 0.91 0.89 0.61 0.75 0.90 0.57 0.84 0.90 0.89 0.89 0.89 0.90 0.89 0.89 0.86 0.90 0.86 0.79 0.64 0.77 0.67 0.77 0.77 0.75 0.77 0.77 0.75 0.75 0.75 0.75 0.19 0.69 0.69 0.69 0.69 0.69 0.21 0.20 0.03 0.11 0.93 1.00 1.00 1.00 1.00 0.99 0.97 0.99 0.99 0.97 1.00 0.97 0.96 0.96 0.78 0.89 0.84 0.90 0.68 0.74 0.74 0.74
0.91 0.79 0.79 0.75 0.44 0.87 0.79 0.73 0.69 0.83 0.74 0.72 0.83 0.72 0.73 0.69 0.39 0.68 0.66 0.71 0.72 0.72 0.72 0.68 0.36 0.49 0.71 0.34 0.61 0.71 0.68 0.68 0.68 0.71 0.68 0.68 0.63 0.71 0.63 0.58 0.40 0.56 0.45 0.56 0.56 0.54 0.56 0.56 0.53 0.54 0.54 0.54 0.07 0.47 0.47 0.47 0.47 0.47 0.09 0.08 0.01 0.05 0.83 1.00 1.00 1.00 1.00 0.98 0.92 0.98 0.98 0.93 1.00 0.93 0.91 0.90 0.62 0.76 0.69 0.80 0.48 0.54 0.54 0.54
0.94 0.88 0.88 0.86 0.58 0.93 0.88 0.85 0.81 0.90 0.85 0.84 0.90 0.85 0.85 0.82 0.52 0.82 0.77 0.83 0.85 0.85 0.85 0.82 0.51 0.65 0.83 0.47 0.76 0.83 0.82 0.82 0.82 0.83 0.82 0.82 0.78 0.83 0.78 0.71 0.54 0.68 0.58 0.68 0.68 0.67 0.68 0.68 0.66 0.67 0.67 0.67 0.12 0.60 0.60 0.60 0.60 0.60 0.15 0.14 0.02 0.08 0.89 1.00 1.00 1.00 1.00 0.99 0.95 0.99 0.99 0.96 1.00 0.96 0.95 0.95 0.72 0.84 0.78 0.87 0.60 0.65 0.65 0.65
0.99 0.99 0.99 0.98 0.84 0.99 0.99 0.98 0.96 0.99 0.98 0.98 0.99 0.98 0.98 0.97 0.77 0.98 0.94 0.98 0.98 0.98 0.98 0.98 0.81 0.92 0.98 0.76 0.95 0.98 0.98 0.98 0.98 0.98 0.98 0.98 0.96 0.98 0.96 0.91 0.82 0.90 0.85 0.90 0.90 0.90 0.90 0.90 0.90 0.90 0.90 0.90 0.36 0.86 0.86 0.86 0.86 0.86 0.38 0.37 0.09 0.20 0.97 1.00 1.00 1.00 1.00 1.00 0.99 1.00 1.00 0.99 1.00 0.99 0.99 0.99 0.90 0.96 0.94 0.97 0.83 0.88 0.88 0.88
0.90 0.79 0.79 0.75 0.44 0.87 0.79 0.73 0.69 0.82 0.74 0.72 0.82 0.72 0.72 0.69 0.39 0.68 0.65 0.71 0.72 0.72 0.72 0.68 0.35 0.48 0.71 0.33 0.60 0.70 0.67 0.67 0.68 0.70 0.67 0.67 0.63 0.70 0.63 0.58 0.39 0.54 0.43 0.55 0.55 0.53 0.55 0.55 0.51 0.53 0.53 0.53 0.06 0.45 0.45 0.45 0.45 0.45 0.09 0.08 0.01 0.04 0.83 1.00 1.00 1.00 1.00 0.98 0.91 0.98 0.98 0.92 1.00 0.92 0.90 0.90 0.62 0.76 0.67 0.79 0.47 0.53 0.53 0.53
0.98 0.96 0.96 0.95 0.73 0.97 0.96 0.94 0.91 0.96 0.95 0.94 0.96 0.95 0.95 0.93 0.67 0.94 0.89 0.94 0.95 0.95 0.95 0.94 0.69 0.83 0.94 0.64 0.90 0.94 0.94 0.94 0.94 0.94 0.94 0.94 0.91 0.94 0.91 0.84 0.70 0.82 0.73 0.82 0.82 0.81 0.82 0.82 0.81 0.81 0.81 0.81 0.23 0.76 0.76 0.76 0.76 0.76 0.26 0.26 0.04 0.13 0.95 1.00 1.00 1.00 1.00 1.00 0.98 1.00 1.00 0.98 1.00 0.98 0.98 0.97 0.83 0.92 0.88 0.93 0.73 0.79 0.79 0.79
0.99 1.00 1.00 0.99 0.90 1.00 1.00 0.99 0.98 0.99 0.99 0.99 0.99 1.00 1.00 0.99 0.84 0.99 0.97 0.99 1.00 1.00 1.00 0.99 0.90 0.96 0.99 0.85 0.98 0.99 0.99 0.99 0.99 0.99 0.99 0.99 0.98 0.99 0.98 0.95 0.90 0.95 0.91 0.95 0.95 0.95 0.95 0.95 0.94 0.95 0.95 0.95 0.49 0.92 0.92 0.92 0.92 0.92 0.48 0.48 0.16 0.27 0.99 1.00 1.00 1.00 1.00 1.00 1.00 1.00 1.00 1.00 1.00 1.00 1.00 1.00 0.94 0.98 0.97 0.98 0.90 0.94 0.94 0.94
0.94 0.89 0.89 0.87 0.60 0.93 0.89 0.86 0.82 0.91 0.86 0.86 0.91 0.87 0.86 0.83 0.53 0.84 0.80 0.85 0.87 0.87 0.86 0.84 0.54 0.68 0.85 0.50 0.78 0.85 0.84 0.84 0.84 0.85 0.84 0.84 0.80 0.85 0.80 0.73 0.57 0.70 0.60 0.70 0.70 0.69 0.70 0.70 0.68 0.69 0.69 0.69 0.14 0.62 0.62 0.62 0.62 0.62 0.16 0.16 0.02 0.08 0.91 1.00 1.00 1.00 1.00 0.99 0.95 0.99 0.99 0.96 1.00 0.97 0.95 0.95 0.74 0.85 0.80 0.87 0.61 0.67 0.67 0.67
1.00 1.00 1.00 1.00 0.93 1.00 1.00 1.00 0.99 1.00 1.00 1.00 1.00 1.00 1.00 0.99 0.87 1.00 0.98 1.00 1.00 1.00 1.00 1.00 0.92 0.97 1.00 0.87 0.99 1.00 1.00 1.00 1.00 1.00 1.00 1.00 0.99 1.00 0.99 0.97 0.92 0.96 0.93 0.96 0.96 0.96 0.96 0.96 0.96 0.96 0.96 0.96 0.55 0.95 0.95 0.95 0.95 0.95 0.54 0.54 0.19 0.31 0.99 1.00 1.00 1.00 1.00 1.00 1.00 1.00 1.00 1.00 1.00 1.00 1.00 1.00 0.95 0.99 0.98 0.99 0.91 0.95 0.95 0.95
1.00 1.00 1.00 1.00 0.92 1.00 1.00 1.00 0.99 1.00 1.00 0.99 1.00 1.00 1.00 0.99 0.87 1.00 0.98 1.00 1.00 1.00 1.00 1.00 0.92 0.97 1.00 0.87 0.99 1.00 1.00 1.00 1.00 1.00 1.00 1.00 0.99 1.00 0.99 0.96 0.92 0.96 0.93 0.96 0.96 0.96 0.96 0.96 0.96 0.96 0.96 0.96 0.53 0.94 0.94 0.94 0.94 0.94 0.52 0.52 0.19 0.30 0.99 1.00 1.00 1.00 1.00 1.00 1.00 1.00 1.00 1.00 1.00 1.00 1.00 1.00 0.95 0.99 0.98 0.99 0.92 0.95 0.95 0.95
0.91 0.80 0.80 0.77 0.46 0.88 0.80 0.75 0.70 0.84 0.75 0.74 0.84 0.74 0.74 0.71 0.42 0.70 0.66 0.73 0.74 0.74 0.74 0.70 0.37 0.52 0.73 0.35 0.62 0.72 0.70 0.70 0.70 0.72 0.70 0.70 0.66 0.72 0.66 0.60 0.42 0.57 0.46 0.58 0.58 0.56 0.58 0.58 0.55 0.56 0.56 0.56 0.07 0.48 0.48 0.48 0.48 0.48 0.09 0.09 0.01 0.05 0.84 1.00 1.00 1.00 1.00 0.98 0.92 0.98 0.98 0.93 1.00 0.93 0.91 0.91 0.64 0.77 0.69 0.80 0.49 0.55 0.55 0.55
1.00 1.00 1.00 1.00 0.93 1.00 1.00 1.00 0.99 1.00 1.00 1.00 1.00 1.00 1.00 0.99 0.86 1.00 0.98 1.00 1.00 1.00 1.00 1.00 0.92 0.97 1.00 0.87 0.99 1.00 1.00 1.00 1.00 1.00 1.00 1.00 0.99 1.00 0.99 0.97 0.93 0.97 0.94 0.97 0.97 0.97 0.97 0.97 0.97 0.97 0.97 0.97 0.54 0.95 0.95 0.95 0.95 0.95 0.52 0.54 0.19 0.30 0.99 1.00 1.00 1.00 1.00 1.00 1.00 1.00 1.00 1.00 1.00 1.00 1.00 1.00 0.95 0.99 0.98 0.99 0.92 0.96 0.96 0.96
0.92 0.81 0.81 0.78 0.47 0.88 0.81 0.76 0.71 0.85 0.77 0.76 0.85 0.76 0.76 0.72 0.42 0.71 0.68 0.74 0.76 0.76 0.76 0.71 0.40 0.53 0.74 0.38 0.65 0.74 0.72 0.72 0.71 0.74 0.72 0.72 0.68 0.74 0.68 0.61 0.44 0.59 0.48 0.59 0.59 0.57 0.59 0.59 0.55 0.57 0.57 0.57 0.08 0.49 0.49 0.49 0.49 0.49 0.10 0.09 0.01 0.05 0.85 1.00 1.00 1.00 1.00 0.98 0.92 0.98 0.98 0.94 1.00 0.93 0.92 0.91 0.64 0.78 0.71 0.80 0.51 0.57 0.57 0.57
0.92 0.82 0.82 0.79 0.48 0.89 0.82 0.77 0.72 0.84 0.78 0.77 0.84 0.77 0.77 0.74 0.43 0.73 0.70 0.75 0.77 0.77 0.77 0.73 0.40 0.53 0.75 0.38 0.65 0.75 0.73 0.72 0.73 0.75 0.73 0.73 0.68 0.75 0.68 0.62 0.44 0.59 0.48 0.59 0.59 0.57 0.59 0.59 0.56 0.57 0.57 0.57 0.08 0.50 0.50 0.50 0.50 0.50 0.10 0.09 0.01 0.05 0.86 1.00 1.00 1.00 1.00 0.98 0.93 0.98 0.98 0.94 1.00 0.94 0.92 0.91 0.64 0.78 0.71 0.81 0.50 0.57 0.57 0.57
0.97 0.93 0.93 0.92 0.67 0.96 0.93 0.91 0.88 0.94 0.91 0.91 0.94 0.91 0.91 0.89 0.62 0.90 0.85 0.90 0.91 0.91 0.91 0.90 0.62 0.76 0.90 0.58 0.85 0.90 0.89 0.89 0.90 0.90 0.89 0.89 0.87 0.90 0.87 0.80 0.64 0.77 0.67 0.77 0.77 0.76 0.77 0.77 0.75 0.76 0.76 0.76 0.19 0.70 0.70 0.70 0.70 0.70 0.20 0.20 0.03 0.11 0.93 1.00 1.00 1.00 1.00 0.99 0.96 0.99 0.99 0.97 1.00 0.98 0.97 0.96 0.78 0.89 0.84 0.90 0.69 0.75 0.75 0.75
0.89 0.76 0.76 0.72 0.42 0.85 0.76 0.70 0.66 0.80 0.71 0.69 0.80 0.69 0.69 0.65 0.36 0.65 0.63 0.68 0.69 0.69 0.69 0.65 0.33 0.44 0.68 0.31 0.56 0.67 0.65 0.64 0.65 0.67 0.65 0.64 0.60 0.67 0.60 0.55 0.37 0.52 0.41 0.52 0.52 0.50 0.52 0.52 0.49 0.50 0.50 0.50 0.05 0.43 0.43 0.43 0.43 0.43 0.08 0.07 0.01 0.04 0.81 1.00 1.00 1.00 1.00 0.97 0.91 0.97 0.97 0.92 1.00 0.92 0.89 0.89 0.59 0.74 0.66 0.77 0.44 0.51 0.51 0.51
1.00 1.00 1.00 1.00 0.92 1.00 1.00 1.00 0.99 1.00 1.00 1.00 1.00 1.00 1.00 0.99 0.86 1.00 0.98 1.00 1.00 1.00 1.00 1.00 0.91 0.97 1.00 0.86 0.99 1.00 1.00 1.00 1.00 1.00 1.00 1.00 0.99 1.00 0.99 0.96 0.92 0.96 0.93 0.96 0.96 0.96 0.96 0.96 0.96 0.96 0.96 0.96 0.53 0.94 0.94 0.94 0.94 0.94 0.51 0.52 0.17 0.28 0.99 1.00 1.00 1.00 1.00 1.00 1.00 1.00 1.00 1.00 1.00 1.00 1.00 1.00 0.95 0.99 0.98 0.99 0.91 0.95 0.95 0.95
0.91 0.80 0.80 0.76 0.45 0.87 0.80 0.74 0.69 0.83 0.74 0.73 0.83 0.73 0.73 0.70 0.39 0.69 0.66 0.71 0.73 0.73 0.73 0.69 0.36 0.49 0.71 0.34 0.61 0.71 0.69 0.68 0.69 0.71 0.69 0.68 0.64 0.71 0.64 0.60 0.41 0.56 0.45 0.57 0.57 0.55 0.57 0.57 0.54 0.55 0.55 0.55 0.07 0.47 0.47 0.47 0.47 0.47 0.09 0.08 0.01 0.05 0.84 1.00 1.00 1.00 1.00 0.98 0.92 0.98 0.98 0.93 1.00 0.93 0.91 0.90 0.63 0.76 0.69 0.79 0.48 0.54 0.54 0.54
0.98 0.96 0.96 0.95 0.75 0.97 0.96 0.94 0.91 0.96 0.95 0.94 0.96 0.95 0.95 0.93 0.68 0.94 0.89 0.94 0.95 0.95 0.95 0.94 0.71 0.84 0.94 0.66 0.90 0.94 0.94 0.94 0.94 0.94 0.94 0.94 0.92 0.94 0.92 0.84 0.72 0.83 0.74 0.83 0.83 0.82 0.83 0.83 0.81 0.82 0.82 0.82 0.24 0.77 0.77 0.77 0.77 0.77 0.27 0.27 0.05 0.14 0.95 1.00 1.00 1.00 1.00 1.00 0.98 1.00 1.00 0.99 1.00 0.98 0.98 0.98 0.84 0.92 0.89 0.93 0.75 0.81 0.81 0.81
0.86 0.71 0.71 0.67 0.35 0.82 0.71 0.64 0.59 0.76 0.65 0.63 0.76 0.63 0.62 0.58 0.30 0.57 0.56 0.61 0.63 0.63 0.62 0.57 0.26 0.37 0.61 0.25 0.48 0.60 0.57 0.56 0.57 0.60 0.57 0.56 0.51 0.60 0.51 0.49 0.32 0.46 0.35 0.47 0.47 0.45 0.47 0.47 0.43 0.45 0.45 0.45 0.04 0.37 0.37 0.37 0.37 0.37 0.06 0.05 0.00 0.03 0.79 1.00 1.00 1.00 1.00 0.97 0.89 0.97 0.97 0.90 1.00 0.90 0.87 0.86 0.55 0.69 0.61 0.73 0.39 0.46 0.46 0.46
0.99 0.98 0.98 0.98 0.83 0.99 0.98 0.98 0.96 0.98 0.98 0.98 0.98 0.98 0.98 0.97 0.76 0.98 0.94 0.98 0.98 0.98 0.98 0.98 0.80 0.91 0.98 0.75 0.95 0.98 0.98 0.98 0.98 0.98 0.98 0.98 0.96 0.98 0.96 0.91 0.82 0.90 0.84 0.90 0.90 0.90 0.90 0.90 0.89 0.90 0.90 0.90 0.35 0.85 0.85 0.85 0.85 0.85 0.35 0.35 0.08 0.19 0.97 1.00 1.00 1.00 1.00 1.00 0.99 1.00 1.00 0.99 1.00 0.99 0.99 0.99 0.89 0.96 0.94 0.96 0.83 0.87 0.87 0.87
0.92 0.81 0.81 0.78 0.48 0.88 0.81 0.76 0.72 0.85 0.77 0.76 0.85 0.76 0.76 0.73 0.42 0.72 0.69 0.75 0.76 0.76 0.76 0.72 0.39 0.54 0.75 0.38 0.65 0.74 0.73 0.72 0.72 0.74 0.73 0.72 0.68 0.74 0.68 0.62 0.44 0.59 0.49 0.59 0.59 0.57 0.59 0.59 0.56 0.57 0.57 0.57 0.08 0.50 0.50 0.50 0.50 0.50 0.10 0.10 0.01 0.05 0.85 1.00 1.00 1.00 1.00 0.98 0.93 0.98 0.98 0.94 1.00 0.94 0.92 0.91 0.65 0.78 0.72 0.81 0.52 0.58 0.58 0.58
0.99 0.99 0.99 0.98 0.85 0.99 0.99 0.98 0.97 0.99 0.98 0.98 0.99 0.99 0.99 0.98 0.78 0.98 0.95 0.98 0.99 0.99 0.99 0.98 0.83 0.93 0.98 0.77 0.97 0.98 0.98 0.98 0.98 0.98 0.98 0.98 0.97 0.98 0.97 0.92 0.83 0.91 0.85 0.91 0.91 0.91 0.91 0.91 0.90 0.91 0.91 0.91 0.38 0.87 0.87 0.87 0.87 0.87 0.38 0.39 0.09 0.20 0.97 1.00 1.00 1.00 1.00 1.00 0.99 1.00 1.00 0.99 1.00 0.99 0.99 0.99 0.90 0.97 0.95 0.97 0.84 0.89 0.89 0.89
0.87 0.70 0.70 0.65 0.34 0.82 0.70 0.62 0.57 0.75 0.63 0.62 0.75 0.61 0.61 0.57 0.29 0.56 0.56 0.60 0.61 0.61 0.61 0.56 0.26 0.37 0.60 0.25 0.48 0.59 0.56 0.55 0.56 0.59 0.56 0.56 0.52 0.59 0.52 0.48 0.31 0.45 0.35 0.46 0.46 0.44 0.46 0.47 0.43 0.44 0.44 0.44 0.04 0.37 0.37 0.37 0.37 0.37 0.06 0.05 0.00 0.03 0.78 1.00 1.00 1.00 1.00 0.97 0.89 0.97 0.97 0.89 1.00 0.90 0.86 0.85 0.53 0.69 0.60 0.73 0.38 0.45 0.45 0.45
0.98 0.97 0.97 0.96 0.77 0.98 0.97 0.96 0.93 0.97 0.96 0.96 0.97 0.96 0.96 0.95 0.70 0.95 0.91 0.96 0.96 0.96 0.96 0.95 0.73 0.85 0.96 0.68 0.92 0.96 0.95 0.95 0.95 0.96 0.95 0.95 0.93 0.96 0.93 0.86 0.75 0.85 0.77 0.85 0.85 0.84 0.85 0.85 0.83 0.84 0.84 0.84 0.28 0.79 0.79 0.79 0.79 0.79 0.28 0.29 0.05 0.15 0.96 1.00 1.00 1.00 1.00 1.00 0.98 1.00 1.00 0.99 1.00 0.99 0.98 0.98 0.85 0.93 0.90 0.94 0.76 0.82 0.82 0.82
0.99 0.99 0.99 0.99 0.87 0.99 0.99 0.98 0.97 0.99 0.99 0.99 0.99 0.99 0.99 0.98 0.81 0.99 0.96 0.99 0.99 0.99 0.99 0.99 0.85 0.94 0.99 0.81 0.97 0.99 0.99 0.99 0.99 0.99 0.99 0.99 0.98 0.99 0.98 0.93 0.86 0.93 0.88 0.93 0.93 0.92 0.93 0.93 0.92 0.92 0.92 0.92 0.42 0.89 0.89 0.89 0.89 0.89 0.41 0.42 0.11 0.22 0.98 1.00 1.00 1.00 1.00 1.00 0.99 1.00 1.00 0.99 1.00 0.99 0.99 0.99 0.92 0.97 0.96 0.98 0.87 0.91 0.91 0.91
0.93 0.86 0.86 0.83 0.54 0.91 0.86 0.82 0.77 0.88 0.83 0.81 0.88 0.82 0.82 0.79 0.48 0.78 0.74 0.81 0.82 0.82 0.82 0.78 0.46 0.61 0.81 0.43 0.72 0.81 0.79 0.79 0.78 0.81 0.79 0.79 0.75 0.81 0.75 0.68 0.50 0.65 0.54 0.65 0.65 0.63 0.65 0.65 0.62 0.63 0.63 0.63 0.10 0.56 0.56 0.56 0.56 0.56 0.13 0.12 0.01 0.06 0.88 1.00 1.00 1.00 1.00 0.99 0.94 0.99 0.99 0.95 1.00 0.95 0.93 0.93 0.69 0.82 0.75 0.85 0.56 0.62 0.62 0.62
1.00 1.00 1.00 1.00 0.92 1.00 1.00 0.99 0.98 1.00 0.99 0.99 1.00 1.00 1.00 0.99 0.86 0.99 0.98 1.00 1.00 1.00 1.00 0.99 0.91 0.97 1.00 0.87 0.99 1.00 0.99 0.99 0.99 1.00 0.99 0.99 0.99 1.00 0.99 0.96 0.92 0.96 0.93 0.96 0.96 0.96 0.96 0.96 0.96 0.96 0.96 0.96 0.53 0.94 0.94 0.94 0.94 0.94 0.51 0.51 0.18 0.30 0.99 1.00 1.00 1.00 1.00 1.00 1.00 1.00 1.00 1.00 1.00 1.00 1.00 1.00 0.95 0.99 0.98 0.99 0.92 0.95 0.95 0.95
0.94 0.88 0.88 0.85 0.57 0.93 0.88 0.84 0.80 0.90 0.84 0.83 0.90 0.84 0.84 0.81 0.51 0.81 0.76 0.83 0.84 0.84 0.84 0.81 0.51 0.65 0.83 0.47 0.75 0.82 0.81 0.81 0.81 0.82 0.81 0.81 0.77 0.82 0.77 0.71 0.53 0.68 0.57 0.68 0.68 0.66 0.68 0.68 0.65 0.66 0.66 0.66 0.12 0.59 0.59 0.59 0.59 0.59 0.15 0.14 0.02 0.07 0.89 1.00 1.00 1.00 1.00 0.99 0.95 0.99 0.99 0.96 1.00 0.96 0.94 0.94 0.72 0.84 0.78 0.86 0.58 0.65 0.65 0.65
0.99 1.00 1.00 0.99 0.90 1.00 1.00 0.99 0.98 0.99 0.99 0.99 0.99 0.99 0.99 0.99 0.83 0.99 0.97 0.99 0.99 0.99 0.99 0.99 0.89 0.96 0.99 0.84 0.98 0.99 0.99 0.99 0.99 0.99 0.99 0.99 0.98 0.99 0.98 0.95 0.90 0.95 0.91 0.95 0.95 0.94 0.95 0.95 0.94 0.94 0.94 0.94 0.47 0.92 0.92 0.92 0.92 0.92 0.47 0.47 0.15 0.26 0.99 1.00 1.00 1.00 1.00 1.00 1.00 1.00 1.00 1.00 1.00 0.99 1.00 1.00 0.94 0.98 0.97 0.99 0.89 0.93 0.93 0.93
0.94 0.88 0.88 0.86 0.59 0.92 0.88 0.85 0.81 0.90 0.85 0.84 0.90 0.84 0.84 0.82 0.51 0.82 0.78 0.84 0.84 0.84 0.84 0.82 0.51 0.66 0.84 0.48 0.76 0.83 0.82 0.82 0.82 0.83 0.82 0.82 0.78 0.83 0.78 0.72 0.55 0.69 0.59 0.69 0.69 0.67 0.69 0.69 0.66 0.67 0.67 0.67 0.13 0.60 0.60 0.60 0.60 0.60 0.16 0.14 0.02 0.07 0.90 1.00 1.00 1.00 1.00 0.99 0.95 0.99 0.99 0.96 1.00 0.95 0.95 0.94 0.72 0.84 0.78 0.86 0.59 0.66 0.66 0.66
0.97 0.95 0.95 0.94 0.72 0.96 0.95 0.93 0.90 0.95 0.93 0.93 0.95 0.93 0.93 0.92 0.65 0.92 0.87 0.93 0.93 0.93 0.93 0.92 0.67 0.80 0.93 0.62 0.87 0.93 0.92 0.92 0.92 0.93 0.92 0.92 0.89 0.93 0.89 0.82 0.68 0.80 0.72 0.81 0.81 0.80 0.81 0.81 0.79 0.80 0.80 0.80 0.21 0.74 0.74 0.74 0.74 0.74 0.25 0.24 0.04 0.12 0.94 1.00 1.00 1.00 1.00 1.00 0.97 1.00 1.00 0.98 1.00 0.98 0.97 0.97 0.82 0.91 0.87 0.93 0.72 0.78 0.78 0.78
0.88 0.74 0.74 0.70 0.39 0.84 0.74 0.67 0.63 0.79 0.68 0.67 0.79 0.67 0.67 0.63 0.35 0.62 0.61 0.66 0.67 0.67 0.67 0.62 0.31 0.43 0.66 0.29 0.54 0.65 0.63 0.62 0.62 0.65 0.63 0.62 0.58 0.65 0.58 0.53 0.35 0.50 0.39 0.50 0.50 0.48 0.50 0.50 0.47 0.48 0.48 0.48 0.05 0.41 0.41 0.41 0.41 0.41 0.07 0.06 0.01 0.04 0.81 1.00 1.00 1.00 1.00 0.97 0.90 0.97 0.97 0.92 1.00 0.92 0.89 0.88 0.58 0.72 0.63 0.75 0.42 0.49 0.49 0.49
0.97 0.94 0.94 0.93 0.69 0.96 0.94 0.92 0.89 0.95 0.93 0.92 0.95 0.92 0.92 0.91 0.63 0.91 0.86 0.92 0.92 0.92 0.92 0.91 0.64 0.79 0.92 0.59 0.86 0.92 0.91 0.91 0.91 0.92 0.91 0.91 0.88 0.92 0.88 0.81 0.66 0.79 0.70 0.79 0.79 0.77 0.79 0.79 0.77 0.77 0.77 0.77 0.19 0.72 0.72 0.72 0.72 0.72 0.22 0.21 0.03 0.11 0.93 1.00 1.00 1.00 1.00 1.00 0.97 1.00 1.00 0.98 1.00 0.98 0.97 0.97 0.80 0.90 0.85 0.91 0.70 0.76 0.76 0.76
0.94 0.88 0.88 0.85 0.58 0.93 0.88 0.84 0.80 0.90 0.85 0.84 0.90 0.84 0.84 0.81 0.51 0.81 0.77 0.83 0.84 0.84 0.84 0.81 0.50 0.65 0.83 0.47 0.75 0.83 0.82 0.81 0.81 0.83 0.82 0.82 0.78 0.83 0.78 0.71 0.53 0.68 0.57 0.68 0.68 0.66 0.68 0.68 0.65 0.66 0.66 0.66 0.12 0.60 0.60 0.60 0.60 0.60 0.15 0.14 0.01 0.08 0.90 1.00 1.00 1.00 1.00 0.99 0.95 0.99 0.99 0.96 1.00 0.96 0.94 0.94 0.72 0.84 0.77 0.86 0.59 0.65 0.65 0.65
0.93 0.86 0.86 0.83 0.54 0.91 0.86 0.82 0.77 0.87 0.83 0.81 0.87 0.82 0.82 0.79 0.48 0.79 0.75 0.81 0.82 0.82 0.82 0.79 0.48 0.62 0.81 0.45 0.72 0.81 0.79 0.79 0.79 0.81 0.79 0.79 0.75 0.81 0.75 0.68 0.50 0.65 0.55 0.65 0.65 0.64 0.65 0.65 0.63 0.64 0.64 0.64 0.11 0.56 0.56 0.56 0.56 0.56 0.13 0.12 0.01 0.07 0.87 1.00 1.00 1.00 1.00 0.99 0.94 0.99 0.99 0.95 1.00 0.95 0.93 0.93 0.70 0.82 0.76 0.85 0.57 0.63 0.63 0.63
0.97 0.95 0.95 0.94 0.72 0.97 0.95 0.93 0.90 0.95 0.93 0.93 0.95 0.94 0.93 0.91 0.66 0.92 0.87 0.93 0.94 0.94 0.93 0.92 0.67 0.81 0.93 0.63 0.88 0.93 0.92 0.92 0.92 0.93 0.92 0.92 0.90 0.93 0.90 0.83 0.69 0.81 0.72 0.81 0.81 0.79 0.81 0.81 0.79 0.79 0.79 0.79 0.22 0.74 0.74 0.74 0.74 0.74 0.24 0.24 0.04 0.13 0.94 1.00 1.00 1.00 1.00 1.00 0.98 1.00 1.00 0.98 1.00 0.98 0.97 0.97 0.83 0.92 0.88 0.93 0.73 0.78 0.78 0.78
1.00 1.00 1.00 1.00 0.93 1.00 1.00 1.00 0.99 1.00 1.00 1.00 1.00 1.00 1.00 0.99 0.88 1.00 0.98 1.00 1.00 1.00 1.00 1.00 0.93 0.98 1.00 0.89 0.99 1.00 1.00 1.00 1.00 1.00 1.00 1.00 0.99 1.00 0.99 0.97 0.93 0.97 0.94 0.97 0.97 0.97 0.97 0.97 0.97 0.97 0.97 0.97 0.56 0.95 0.95 0.95 0.95 0.95 0.55 0.55 0.21 0.32 0.99 1.00 1.00 1.00 1.00 1.00 1.00 1.00 1.00 1.00 1.00 1.00 1.00 1.00 0.96 0.99 0.98 0.99 0.93 0.96 0.96 0.96
1.00 1.00 1.00 1.00 0.94 1.00 1.00 1.00 0.99 1.00 1.00 1.00 1.00 1.00 1.00 1.00 0.89 1.00 0.98 1.00 1.00 1.00 1.00 1.00 0.93 0.98 1.00 0.89 0.99 1.00 1.00 1.00 1.00 1.00 1.00 1.00 0.99 1.00 0.99 0.97 0.94 0.97 0.95 0.97 0.97 0.97 0.97 0.97 0.97 0.97 0.97 0.97 0.58 0.96 0.96 0.96 0.96 0.96 0.56 0.56 0.22 0.34 0.99 1.00 1.00 1.00 1.00 1.00 1.00 1.00 1.00 1.00 1.00 1.00 1.00 1.00 0.97 0.99 0.99 0.99 0.94 0.97 0.97 0.97
0.95 0.89 0.89 0.87 0.59 0.93 0.89 0.85 0.82 0.90 0.86 0.85 0.90 0.86 0.86 0.84 0.53 0.83 0.78 0.84 0.86 0.86 0.86 0.83 0.53 0.67 0.84 0.50 0.77 0.84 0.83 0.83 0.83 0.84 0.83 0.83 0.80 0.84 0.80 0.72 0.55 0.70 0.60 0.70 0.70 0.68 0.70 0.70 0.67 0.68 0.68 0.68 0.14 0.62 0.62 0.62 0.62 0.62 0.16 0.15 0.02 0.08 0.90 1.00 1.00 1.00 1.00 0.99 0.96 0.99 0.99 0.96 1.00 0.96 0.95 0.94 0.73 0.85 0.80 0.87 0.61 0.68 0.68 0.68
1.00 1.00 1.00 1.00 0.93 1.00 1.00 1.00 0.99 1.00 1.00 1.00 1.00 1.00 1.00 0.99 0.86 1.00 0.98 1.00 1.00 1.00 1.00 1.00 0.91 0.97 1.00 0.87 0.99 1.00 1.00 1.00 1.00 1.00 1.00 1.00 0.99 1.00 0.99 0.96 0.92 0.96 0.93 0.96 0.96 0.96 0.96 0.96 0.96 0.96 0.96 0.96 0.54 0.94 0.94 0.94 0.94 0.94 0.51 0.52 0.19 0.31 0.99 1.00 1.00 1.00 1.00 1.00 1.00 1.00 1.00 1.00 1.00 1.00 1.00 1.00 0.95 0.99 0.98 0.99 0.92 0.96 0.96 0.96
0.99 0.98 0.98 0.97 0.79 0.99 0.98 0.97 0.95 0.98 0.97 0.97 0.98 0.97 0.97 0.96 0.74 0.96 0.93 0.97 0.97 0.97 0.97 0.96 0.77 0.88 0.97 0.72 0.94 0.97 0.96 0.96 0.96 0.97 0.96 0.96 0.95 0.97 0.95 0.89 0.78 0.87 0.81 0.87 0.87 0.87 0.87 0.87 0.86 0.87 0.87 0.87 0.31 0.82 0.82 0.82 0.82 0.82 0.32 0.32 0.06 0.17 0.97 1.00 1.00 1.00 1.00 1.00 0.99 1.00 1.00 0.99 1.00 0.99 0.99 0.99 0.87 0.94 0.92 0.95 0.80 0.85 0.85 0.85
0.95 0.90 0.90 0.88 0.61 0.94 0.90 0.87 0.83 0.91 0.87 0.86 0.91 0.87 0.87 0.84 0.55 0.85 0.80 0.86 0.87 0.87 0.87 0.85 0.55 0.69 0.86 0.51 0.78 0.86 0.84 0.84 0.85 0.86 0.84 0.84 0.81 0.86 0.81 0.73 0.57 0.71 0.61 0.71 0.71 0.69 0.71 0.71 0.68 0.69 0.69 0.69 0.14 0.62 0.62 0.62 0.62 0.62 0.16 0.16 0.02 0.09 0.91 1.00 1.00 1.00 1.00 0.99 0.95 0.99 0.99 0.96 1.00 0.96 0.95 0.95 0.73 0.85 0.80 0.87 0.62 0.69 0.69 0.69
0.96 0.93 0.93 0.91 0.67 0.95 0.93 0.90 0.87 0.94 0.91 0.90 0.94 0.91 0.91 0.89 0.61 0.89 0.84 0.90 0.91 0.91 0.91 0.89 0.62 0.75 0.90 0.57 0.84 0.90 0.89 0.89 0.89 0.90 0.89 0.89 0.86 0.90 0.86 0.78 0.64 0.76 0.67 0.76 0.76 0.75 0.76 0.77 0.75 0.75 0.75 0.75 0.18 0.70 0.70 0.70 0.70 0.70 0.20 0.19 0.03 0.10 0.92 1.00 1.00 1.00 1.00 0.99 0.97 0.99 0.99 0.97 1.00 0.97 0.96 0.96 0.79 0.89 0.84 0.90 0.68 0.74 0.74 0.74
0.97 0.94 0.94 0.93 0.69 0.96 0.94 0.92 0.89 0.94 0.93 0.92 0.94 0.93 0.93 0.90 0.64 0.91 0.87 0.92 0.93 0.93 0.93 0.91 0.64 0.79 0.92 0.61 0.86 0.92 0.91 0.91 0.91 0.92 0.91 0.91 0.88 0.92 0.88 0.81 0.66 0.79 0.70 0.78 0.78 0.77 0.78 0.78 0.77 0.77 0.77 0.77 0.20 0.72 0.72 0.72 0.72 0.72 0.23 0.21 0.03 0.12 0.94 1.00 1.00 1.00 1.00 0.99 0.97 0.99 0.99 0.98 1.00 0.98 0.97 0.97 0.80 0.90 0.85 0.91 0.70 0.75 0.75 0.75
0.97 0.95 0.95 0.94 0.72 0.97 0.95 0.93 0.90 0.95 0.94 0.93 0.95 0.94 0.94 0.92 0.66 0.92 0.88 0.93 0.94 0.94 0.94 0.92 0.69 0.81 0.93 0.63 0.88 0.93 0.92 0.92 0.92 0.93 0.92 0.92 0.90 0.93 0.90 0.83 0.68 0.80 0.72 0.81 0.81 0.80 0.81 0.81 0.79 0.80 0.80 0.80 0.22 0.74 0.74 0.74 0.74 0.74 0.25 0.24 0.04 0.13 0.95 1.00 1.00 1.00 1.00 1.00 0.97 1.00 1.00 0.98 1.00 0.98 0.97 0.97 0.82 0.91 0.88 0.92 0.72 0.78 0.78 0.78
0.95 0.89 0.89 0.87 0.60 0.93 0.89 0.86 0.82 0.91 0.86 0.86 0.91 0.86 0.86 0.84 0.54 0.83 0.79 0.85 0.86 0.86 0.86 0.83 0.54 0.68 0.85 0.50 0.78 0.85 0.84 0.83 0.83 0.85 0.84 0.84 0.80 0.85 0.80 0.73 0.56 0.70 0.60 0.70 0.70 0.69 0.70 0.70 0.68 0.69 0.69 0.69 0.14 0.62 0.62 0.62 0.62 0.62 0.16 0.15 0.02 0.08 0.90 1.00 1.00 1.00 1.00 0.99 0.95 0.99 0.99 0.96 1.00 0.96 0.94 0.94 0.74 0.85 0.80 0.87 0.61 0.68 0.68 0.68
0.99 0.97 0.97 0.97 0.79 0.98 0.97 0.96 0.94 0.98 0.97 0.96 0.98 0.97 0.97 0.96 0.73 0.96 0.92 0.97 0.97 0.97 0.97 0.96 0.76 0.88 0.97 0.72 0.93 0.97 0.96 0.96 0.96 0.97 0.96 0.96 0.95 0.97 0.95 0.88 0.77 0.87 0.80 0.87 0.87 0.86 0.87 0.87 0.86 0.86 0.86 0.86 0.30 0.82 0.82 0.82 0.82 0.82 0.33 0.32 0.06 0.16 0.97 1.00 1.00 1.00 1.00 1.00 0.99 1.00 1.00 0.99 1.00 0.99 0.98 0.98 0.87 0.94 0.91 0.95 0.79 0.85 0.85 0.85
0.94 0.89 0.89 0.86 0.57 0.93 0.89 0.85 0.81 0.90 0.85 0.84 0.90 0.85 0.85 0.82 0.52 0.82 0.78 0.84 0.85 0.85 0.85 0.82 0.51 0.65 0.84 0.48 0.76 0.84 0.82 0.82 0.82 0.84 0.82 0.82 0.78 0.84 0.78 0.72 0.55 0.70 0.59 0.70 0.70 0.68 0.70 0.70 0.67 0.68 0.68 0.68 0.12 0.61 0.61 0.61 0.61 0.61 0.16 0.14 0.01 0.08 0.89 1.00 1.00 1.00 1.00 0.99 0.94 0.99 0.99 0.96 1.00 0.96 0.94 0.94 0.72 0.84 0.79 0.86 0.59 0.66 0.66 0.66
1.00 1.00 1.00 1.00 0.93 1.00 1.00 1.00 0.99 1.00 1.00 1.00 1.00 1.00 1.00 0.99 0.87 1.00 0.98 1.00 1.00 1.00 1.00 1.00 0.92 0.98 1.00 0.88 0.99 1.00 1.00 1.00 1.00 1.00 1.00 1.00 0.99 1.00 0.99 0.97 0.93 0.97 0.94 0.97 0.97 0.97 0.97 0.97 0.97 0.97 0.97 0.97 0.55 0.95 0.95 0.95 0.95 0.95 0.53 0.54 0.20 0.31 0.99 1.00 1.00 1.00 1.00 1.00 1.00 1.00 1.00 1.00 1.00 1.00 1.00 1.00 0.95 0.99 0.98 0.99 0.92 0.96 0.96 0.96
1.00 1.00 1.00 1.00 0.94 1.00 1.00 1.00 0.99 1.00 1.00 1.00 1.00 1.00 1.00 1.00 0.88 1.00 0.98 1.00 1.00 1.00 1.00 1.00 0.93 0.98 1.00 0.90 0.99 1.00 1.00 1.00 1.00 1.00 1.00 1.00 0.99 1.00 0.99 0.97 0.94 0.97 0.95 0.97 0.97 0.97 0.97 0.97 0.97 0.97 0.97 0.97 0.57 0.96 0.96 0.96 0.96 0.96 0.56 0.57 0.23 0.35 0.99 1.00 1.00 1.00 1.00 1.00 1.00 1.00 1.00 1.00 1.00 1.00 1.00 1.00 0.96 0.99 0.98 0.99 0.93 0.97 0.97 0.97
0.86 0.69 0.69 0.64 0.33 0.80 0.69 0.61 0.57 0.74 0.62 0.60 0.74 0.61 0.60 0.55 0.28 0.54 0.55 0.58 0.61 0.61 0.60 0.54 0.25 0.35 0.58 0.23 0.46 0.58 0.54 0.54 0.54 0.58 0.54 0.54 0.50 0.58 0.50 0.47 0.30 0.44 0.34 0.45 0.45 0.42 0.45 0.45 0.41 0.42 0.42 0.42 0.04 0.35 0.35 0.35 0.35 0.35 0.06 0.04 0.00 0.03 0.77 1.00 1.00 1.00 1.00 0.96 0.88 0.96 0.96 0.89 1.00 0.89 0.86 0.85 0.52 0.67 0.58 0.72 0.38 0.45 0.45 0.45
0.96 0.93 0.93 0.92 0.68 0.96 0.93 0.91 0.88 0.94 0.91 0.91 0.94 0.92 0.92 0.90 0.62 0.90 0.85 0.91 0.92 0.92 0.92 0.90 0.62 0.77 0.91 0.58 0.86 0.91 0.90 0.90 0.90 0.91 0.90 0.90 0.87 0.91 0.87 0.81 0.65 0.78 0.69 0.78 0.78 0.77 0.78 0.78 0.76 0.77 0.77 0.77 0.20 0.71 0.71 0.71 0.71 0.71 0.23 0.22 0.03 0.11 0.93 1.00 1.00 1.00 1.00 0.99 0.97 0.99 0.99 0.97 1.00 0.97 0.97 0.96 0.80 0.90 0.86 0.91 0.69 0.75 0.75 0.75
0.95 0.89 0.89 0.87 0.60 0.93 0.89 0.86 0.82 0.91 0.87 0.86 0.91 0.87 0.87 0.84 0.53 0.84 0.80 0.85 0.87 0.87 0.87 0.84 0.53 0.68 0.85 0.50 0.77 0.85 0.84 0.84 0.84 0.85 0.84 0.84 0.81 0.85 0.81 0.74 0.57 0.72 0.61 0.72 0.72 0.70 0.72 0.72 0.69 0.70 0.70 0.70 0.15 0.64 0.64 0.64 0.64 0.64 0.16 0.15 0.02 0.08 0.90 1.00 1.00 1.00 1.00 0.99 0.96 0.99 0.99 0.96 1.00 0.96 0.95 0.94 0.73 0.86 0.81 0.88 0.61 0.68 0.68 0.68
1.00 1.00 1.00 1.00 0.95 1.00 1.00 1.00 0.99 1.00 1.00 1.00 1.00 1.00 1.00 1.00 0.90 1.00 0.99 1.00 1.00 1.00 1.00 1.00 0.94 0.99 1.00 0.91 0.99 1.00 1.00 1.00 1.00 1.00 1.00 1.00 1.00 1.00 1.00 0.98 0.95 0.98 0.96 0.98 0.98 0.98 0.98 0.98 0.98 0.98 0.98 0.98 0.63 0.96 0.96 0.96 0.96 0.96 0.60 0.59 0.25 0.36 0.99 1.00 1.00 1.00 1.00 1.00 1.00 1.00 1.00 1.00 1.00 1.00 1.00 1.00 0.97 0.99 0.99 1.00 0.95 0.97 0.97 0.97
0.96 0.92 0.92 0.91 0.66 0.95 0.92 0.90 0.86 0.93 0.90 0.89 0.93 0.90 0.90 0.88 0.59 0.88 0.84 0.90 0.90 0.90 0.90 0.88 0.59 0.74 0.90 0.56 0.83 0.89 0.88 0.88 0.88 0.89 0.88 0.88 0.86 0.89 0.86 0.78 0.62 0.75 0.66 0.75 0.75 0.74 0.75 0.75 0.73 0.74 0.74 0.74 0.17 0.68 0.68 0.68 0.68 0.68 0.20 0.19 0.03 0.10 0.92 1.00 1.00 1.00 1.00 0.99 0.96 0.99 0.99 0.97 1.00 0.97 0.96 0.96 0.77 0.88 0.83 0.90 0.66 0.73 0.73 0.73
0.90 0.78 0.78 0.74 0.42 0.86 0.78 0.71 0.67 0.82 0.72 0.71 0.82 0.71 0.71 0.67 0.37 0.66 0.63 0.69 0.71 0.71 0.70 0.66 0.34 0.47 0.69 0.32 0.58 0.68 0.66 0.65 0.66 0.68 0.66 0.66 0.61 0.68 0.61 0.57 0.39 0.53 0.43 0.54 0.54 0.52 0.54 0.54 0.50 0.52 0.52 0.52 0.06 0.44 0.44 0.44 0.44 0.44 0.08 0.07 0.00 0.04 0.82 1.00 1.00 1.00 1.00 0.98 0.91 0.98 0.98 0.91 1.00 0.92 0.89 0.89 0.60 0.74 0.66 0.78 0.46 0.53 0.53 0.53
0.98 0.97 0.97 0.96 0.78 0.98 0.97 0.95 0.93 0.97 0.96 0.95 0.97 0.96 0.96 0.94 0.70 0.95 0.90 0.95 0.96 0.96 0.96 0.95 0.73 0.86 0.95 0.67 0.92 0.95 0.95 0.95 0.95 0.95 0.95 0.95 0.93 0.95 0.93 0.86 0.75 0.85 0.77 0.85 0.85 0.84 0.85 0.85 0.83 0.84 0.84 0.84 0.27 0.80 0.80 0.80 0.80 0.80 0.29 0.29 0.05 0.15 0.96 1.00 1.00 1.00 1.00 1.00 0.98 1.00 1.00 0.99 1.00 0.98 0.98 0.98 0.85 0.93 0.90 0.94 0.77 0.82 0.82 0.82
0.86 0.69 0.69 0.64 0.34 0.81 0.69 0.61 0.57 0.75 0.62 0.61 0.75 0.61 0.60 0.56 0.28 0.55 0.54 0.59 0.61 0.61 0.60 0.55 0.26 0.36 0.59 0.25 0.47 0.58 0.55 0.54 0.55 0.58 0.55 0.55 0.50 0.58 0.50 0.48 0.31 0.45 0.35 0.46 0.46 0.43 0.46 0.46 0.42 0.43 0.43 0.43 0.04 0.36 0.36 0.36 0.36 0.36 0.06 0.05 0.00 0.03 0.78 1.00 1.00 1.00 1.00 0.97 0.89 0.97 0.97 0.90 1.00 0.90 0.87 0.86 0.54 0.69 0.60 0.73 0.38 0.45 0.45 0.45
0.88 0.73 0.73 0.69 0.38 0.84 0.73 0.67 0.63 0.79 0.68 0.67 0.79 0.66 0.66 0.62 0.34 0.62 0.60 0.65 0.66 0.66 0.66 0.62 0.30 0.43 0.65 0.28 0.54 0.65 0.62 0.62 0.62 0.65 0.62 0.62 0.57 0.65 0.57 0.52 0.35 0.49 0.39 0.50 0.50 0.48 0.50 0.50 0.47 0.48 0.48 0.48 0.05 0.41 0.41 0.41 0.41 0.41 0.07 0.06 0.00 0.04 0.80 1.00 1.00 1.00 1.00 0.97 0.90 0.97 0.97 0.91 1.00 0.91 0.89 0.88 0.57 0.71 0.63 0.75 0.42 0.48 0.48 0.48
0.95 0.91 0.91 0.89 0.63 0.94 0.91 0.88 0.84 0.92 0.88 0.88 0.92 0.88 0.88 0.86 0.57 0.86 0.81 0.87 0.88 0.88 0.88 0.86 0.57 0.71 0.87 0.53 0.80 0.87 0.86 0.86 0.86 0.87 0.86 0.86 0.82 0.87 0.82 0.75 0.59 0.72 0.62 0.72 0.72 0.71 0.72 0.72 0.70 0.71 0.71 0.71 0.14 0.65 0.65 0.65 0.65 0.65 0.18 0.17 0.02 0.09 0.91 1.00 1.00 1.00 1.00 0.99 0.96 0.99 0.99 0.96 1.00 0.96 0.95 0.95 0.75 0.86 0.82 0.88 0.63 0.70 0.70 0.70
1.00 1.00 1.00 0.99 0.90 1.00 1.00 0.99 0.98 0.99 0.99 0.99 0.99 0.99 0.99 0.99 0.83 0.99 0.97 0.99 0.99 0.99 0.99 0.99 0.89 0.96 0.99 0.84 0.98 0.99 0.99 0.99 0.99 0.99 0.99 0.99 0.99 0.99 0.99 0.95 0.90 0.95 0.91 0.95 0.95 0.94 0.95 0.95 0.94 0.94 0.94 0.94 0.48 0.92 0.92 0.92 0.92 0.92 0.47 0.48 0.15 0.27 0.99 1.00 1.00 1.00 1.00 1.00 1.00 1.00 1.00 1.00 1.00 1.00 1.00 1.00 0.94 0.98 0.97 0.98 0.89 0.93 0.93 0.93
0.91 0.80 0.80 0.76 0.46 0.87 0.80 0.74 0.70 0.83 0.76 0.74 0.83 0.74 0.74 0.71 0.41 0.70 0.66 0.72 0.74 0.74 0.73 0.70 0.37 0.51 0.72 0.35 0.62 0.72 0.69 0.69 0.70 0.72 0.69 0.69 0.65 0.72 0.65 0.60 0.41 0.56 0.45 0.57 0.57 0.55 0.57 0.57 0.54 0.55 0.55 0.55 0.07 0.48 0.48 0.48 0.48 0.48 0.09 0.08 0.01 0.05 0.84 1.00 1.00 1.00 1.00 0.98 0.92 0.98 0.98 0.93 1.00 0.93 0.91 0.90 0.62 0.76 0.69 0.79 0.48 0.54 0.54 0.54
0.96 0.93 0.93 0.92 0.67 0.96 0.93 0.91 0.88 0.94 0.91 0.91 0.94 0.91 0.91 0.89 0.61 0.89 0.84 0.90 0.91 0.91 0.91 0.89 0.61 0.76 0.90 0.58 0.84 0.90 0.89 0.89 0.89 0.90 0.89 0.89 0.87 0.90 0.87 0.78 0.64 0.76 0.67 0.77 0.77 0.75 0.77 0.77 0.75 0.75 0.75 0.75 0.18 0.70 0.70 0.70 0.70 0.70 0.21 0.20 0.03 0.11 0.93 1.00 1.00 1.00 1.00 0.99 0.96 0.99 0.99 0.97 1.00 0.97 0.96 0.96 0.79 0.89 0.84 0.91 0.68 0.74 0.74 0.74
1.00 1.00 1.00 1.00 0.93 1.00 1.00 1.00 0.99 1.00 1.00 0.99 1.00 1.00 1.00 0.99 0.86 1.00 0.98 1.00 1.00 1.00 1.00 1.00 0.92 0.97 1.00 0.87 0.99 1.00 1.00 1.00 1.00 1.00 1.00 1.00 0.99 1.00 0.99 0.96 0.93 0.96 0.94 0.97 0.97 0.96 0.97 0.97 0.96 0.96 0.96 0.96 0.53 0.94 0.94 0.94 0.94 0.94 0.52 0.54 0.18 0.30 0.99 1.00 1.00 1.00 1.00 1.00 1.00 1.00 1.00 1.00 1.00 1.00 1.00 1.00 0.95 0.99 0.98 0.99 0.92 0.95 0.95 0.95
0.93 0.84 0.84 0.81 0.52 0.90 0.84 0.79 0.75 0.86 0.80 0.79 0.86 0.80 0.80 0.77 0.46 0.76 0.71 0.78 0.80 0.80 0.80 0.76 0.44 0.58 0.78 0.42 0.69 0.78 0.76 0.76 0.76 0.78 0.76 0.76 0.72 0.78 0.72 0.65 0.48 0.63 0.53 0.63 0.63 0.62 0.63 0.63 0.61 0.62 0.62 0.62 0.10 0.55 0.55 0.55 0.55 0.55 0.12 0.11 0.01 0.06 0.86 1.00 1.00 1.00 1.00 0.99 0.94 0.99 0.99 0.95 1.00 0.95 0.93 0.92 0.68 0.81 0.74 0.84 0.54 0.61 0.61 0.61
0.96 0.93 0.93 0.91 0.67 0.96 0.93 0.90 0.87 0.94 0.91 0.91 0.94 0.91 0.91 0.89 0.61 0.89 0.85 0.90 0.91 0.91 0.91 0.89 0.61 0.75 0.90 0.57 0.84 0.90 0.89 0.89 0.89 0.90 0.89 0.89 0.87 0.90 0.87 0.79 0.63 0.76 0.67 0.76 0.76 0.75 0.76 0.76 0.74 0.75 0.75 0.75 0.18 0.69 0.69 0.69 0.69 0.69 0.21 0.20 0.03 0.10 0.93 1.00 1.00 1.00 1.00 0.99 0.96 0.99 0.99 0.97 1.00 0.97 0.96 0.96 0.79 0.89 0.84 0.90 0.68 0.74 0.74 0.74
0.99 0.98 0.98 0.98 0.83 0.99 0.98 0.98 0.96 0.98 0.98 0.98 0.98 0.98 0.98 0.97 0.76 0.97 0.94 0.98 0.98 0.98 0.98 0.97 0.80 0.91 0.98 0.74 0.95 0.98 0.97 0.97 0.97 0.98 0.97 0.97 0.96 0.98 0.96 0.91 0.82 0.90 0.84 0.90 0.90 0.89 0.90 0.90 0.89 0.89 0.89 0.89 0.34 0.85 0.85 0.85 0.85 0.85 0.36 0.36 0.08 0.19 0.97 1.00 1.00 1.00 1.00 1.00 0.99 1.00 1.00 0.99 1.00 0.99 0.99 0.99 0.90 0.96 0.94 0.96 0.82 0.87 0.87 0.87
0.89 0.74 0.74 0.70 0.39 0.84 0.74 0.68 0.63 0.78 0.68 0.67 0.78 0.67 0.66 0.63 0.34 0.62 0.60 0.65 0.67 0.67 0.66 0.62 0.30 0.42 0.65 0.28 0.54 0.64 0.62 0.61 0.62 0.64 0.62 0.61 0.57 0.64 0.57 0.54 0.35 0.50 0.40 0.51 0.51 0.48 0.51 0.51 0.47 0.48 0.48 0.48 0.05 0.41 0.41 0.41 0.41 0.41 0.07 0.06 0.00 0.04 0.80 1.00 1.00 1.00 1.00 0.97 0.90 0.97 0.97 0.91 1.00 0.91 0.89 0.88 0.58 0.73 0.64 0.76 0.42 0.49 0.49 0.49
0.97 0.94 0.94 0.92 0.69 0.96 0.94 0.92 0.89 0.94 0.92 0.92 0.94 0.92 0.92 0.90 0.62 0.91 0.86 0.91 0.92 0.92 0.92 0.91 0.63 0.78 0.91 0.60 0.85 0.91 0.90 0.90 0.91 0.91 0.90 0.90 0.88 0.91 0.88 0.81 0.67 0.79 0.71 0.79 0.79 0.78 0.79 0.79 0.77 0.78 0.78 0.78 0.20 0.72 0.72 0.72 0.72 0.72 0.22 0.22 0.03 0.11 0.94 1.00 1.00 1.00 1.00 1.00 0.97 1.00 1.00 0.98 1.00 0.98 0.97 0.97 0.79 0.90 0.86 0.92 0.69 0.76 0.76 0.76
0.95 0.89 0.89 0.86 0.59 0.93 0.89 0.85 0.81 0.90 0.85 0.85 0.90 0.85 0.85 0.83 0.52 0.82 0.78 0.84 0.85 0.85 0.85 0.82 0.52 0.66 0.84 0.49 0.76 0.84 0.82 0.82 0.82 0.84 0.82 0.82 0.79 0.84 0.79 0.72 0.55 0.69 0.59 0.69 0.69 0.68 0.69 0.69 0.67 0.68 0.68 0.68 0.13 0.61 0.61 0.61 0.61 0.61 0.15 0.15 0.02 0.08 0.90 1.00 1.00 1.00 1.00 0.99 0.95 0.99 0.99 0.96 1.00 0.96 0.94 0.94 0.72 0.84 0.79 0.87 0.60 0.67 0.67 0.67
1.00 1.00 1.00 1.00 0.95 1.00 1.00 1.00 0.99 1.00 1.00 1.00 1.00 1.00 1.00 1.00 0.89 1.00 0.98 1.00 1.00 1.00 1.00 1.00 0.94 0.98 1.00 0.90 0.99 1.00 1.00 1.00 1.00 1.00 1.00 1.00 1.00 1.00 1.00 0.98 0.95 0.98 0.96 0.98 0.98 0.98 0.98 0.98 0.98 0.98 0.98 0.98 0.62 0.97 0.97 0.97 0.97 0.97 0.58 0.59 0.25 0.36 0.99 1.00 1.00 1.00 1.00 1.00 1.00 1.00 1.00 1.00 1.00 1.00 1.00 1.00 0.97 0.99 0.99 0.99 0.95 0.97 0.97 0.97
0.86 0.68 0.68 0.63 0.32 0.80 0.68 0.61 0.56 0.73 0.61 0.59 0.73 0.59 0.58 0.54 0.28 0.53 0.54 0.57 0.59 0.59 0.58 0.53 0.24 0.34 0.57 0.23 0.45 0.56 0.53 0.53 0.53 0.56 0.53 0.53 0.48 0.56 0.48 0.46 0.30 0.44 0.34 0.44 0.44 0.42 0.44 0.44 0.41 0.42 0.42 0.42 0.04 0.35 0.35 0.35 0.35 0.35 0.05 0.04 0.00 0.03 0.77 1.00 1.00 1.00 1.00 0.96 0.88 0.96 0.96 0.89 1.00 0.89 0.86 0.85 0.52 0.67 0.58 0.71 0.37 0.44 0.44 0.44
0.92 0.83 0.83 0.79 0.49 0.89 0.83 0.77 0.73 0.86 0.78 0.77 0.86 0.77 0.77 0.74 0.44 0.74 0.71 0.76 0.77 0.77 0.77 0.74 0.41 0.55 0.76 0.39 0.67 0.76 0.74 0.73 0.74 0.76 0.74 0.73 0.70 0.76 0.70 0.64 0.45 0.60 0.49 0.60 0.60 0.58 0.60 0.60 0.57 0.58 0.58 0.58 0.08 0.51 0.51 0.51 0.51 0.51 0.11 0.10 0.01 0.06 0.86 1.00 1.00 1.00 1.00 0.98 0.93 0.98 0.98 0.94 1.00 0.94 0.92 0.91 0.66 0.79 0.72 0.82 0.51 0.58 0.58 0.58
0.91 0.81 0.81 0.77 0.47 0.88 0.81 0.76 0.71 0.84 0.76 0.75 0.84 0.75 0.75 0.71 0.40 0.71 0.69 0.74 0.75 0.75 0.75 0.71 0.38 0.52 0.74 0.35 0.63 0.73 0.71 0.71 0.71 0.73 0.71 0.71 0.67 0.73 0.67 0.61 0.43 0.58 0.47 0.58 0.58 0.56 0.58 0.58 0.55 0.56 0.56 0.56 0.07 0.49 0.49 0.49 0.49 0.49 0.10 0.09 0.01 0.05 0.85 1.00 1.00 1.00 1.00 0.98 0.93 0.98 0.98 0.93 1.00 0.93 0.91 0.90 0.63 0.78 0.70 0.81 0.49 0.55 0.55 0.55
0.89 0.77 0.77 0.73 0.43 0.85 0.77 0.71 0.66 0.80 0.72 0.70 0.80 0.70 0.70 0.67 0.37 0.66 0.63 0.68 0.70 0.70 0.70 0.66 0.33 0.46 0.68 0.31 0.57 0.68 0.65 0.65 0.66 0.68 0.65 0.65 0.61 0.68 0.61 0.56 0.38 0.52 0.42 0.53 0.53 0.50 0.53 0.53 0.49 0.50 0.50 0.50 0.06 0.43 0.43 0.43 0.43 0.43 0.08 0.07 0.01 0.04 0.82 1.00 1.00 1.00 1.00 0.97 0.91 0.97 0.97 0.92 1.00 0.91 0.89 0.88 0.59 0.74 0.66 0.78 0.45 0.51 0.51 0.51
0.96 0.93 0.93 0.91 0.66 0.95 0.93 0.90 0.87 0.94 0.90 0.90 0.94 0.91 0.91 0.89 0.61 0.89 0.84 0.90 0.91 0.91 0.91 0.89 0.61 0.75 0.90 0.57 0.83 0.90 0.88 0.88 0.89 0.90 0.88 0.88 0.86 0.90 0.86 0.78 0.64 0.76 0.67 0.76 0.76 0.75 0.76 0.76 0.74 0.75 0.75 0.75 0.18 0.69 0.69 0.69 0.69 0.69 0.21 0.20 0.03 0.11 0.92 1.00 1.00 1.00 1.00 0.99 0.96 0.99 0.99 0.97 1.00 0.97 0.96 0.96 0.78 0.88 0.83 0.90 0.67 0.73 0.73 0.73
0.97 0.94 0.94 0.93 0.71 0.96 0.94 0.92 0.89 0.95 0.93 0.92 0.95 0.93 0.93 0.91 0.63 0.91 0.86 0.92 0.93 0.93 0.93 0.91 0.66 0.79 0.92 0.62 0.86 0.92 0.91 0.91 0.91 0.92 0.91 0.91 0.89 0.92 0.89 0.81 0.67 0.79 0.70 0.79 0.79 0.78 0.79 0.79 0.77 0.78 0.78 0.78 0.21 0.72 0.72 0.72 0.72 0.72 0.23 0.22 0.04 0.11 0.94 1.00 1.00 1.00 1.00 1.00 0.97 1.00 1.00 0.98 1.00 0.98 0.97 0.97 0.81 0.90 0.86 0.92 0.71 0.76 0.76 0.76
0.99 0.98 0.98 0.98 0.82 0.99 0.98 0.97 0.95 0.98 0.98 0.97 0.98 0.98 0.98 0.97 0.76 0.97 0.94 0.98 0.98 0.98 0.98 0.97 0.80 0.90 0.98 0.75 0.95 0.98 0.97 0.97 0.97 0.98 0.97 0.97 0.96 0.98 0.96 0.91 0.81 0.90 0.84 0.90 0.90 0.89 0.90 0.90 0.89 0.89 0.89 0.89 0.34 0.86 0.86 0.86 0.86 0.86 0.35 0.35 0.07 0.17 0.97 1.00 1.00 1.00 1.00 1.00 0.99 1.00 1.00 0.99 1.00 0.99 0.99 0.99 0.89 0.96 0.94 0.96 0.82 0.87 0.87 0.87
0.98 0.96 0.96 0.95 0.75 0.98 0.96 0.95 0.92 0.96 0.95 0.94 0.96 0.95 0.95 0.94 0.68 0.94 0.89 0.94 0.95 0.95 0.95 0.94 0.70 0.84 0.94 0.66 0.90 0.94 0.94 0.94 0.94 0.94 0.94 0.94 0.92 0.94 0.92 0.85 0.73 0.84 0.76 0.83 0.83 0.82 0.83 0.83 0.82 0.82 0.82 0.82 0.25 0.78 0.78 0.78 0.78 0.78 0.27 0.27 0.05 0.14 0.95 1.00 1.00 1.00 1.00 1.00 0.98 1.00 1.00 0.98 1.00 0.98 0.98 0.97 0.84 0.93 0.89 0.94 0.74 0.80 0.80 0.80
0.87 0.72 0.72 0.68 0.36 0.83 0.72 0.65 0.60 0.77 0.66 0.65 0.77 0.65 0.64 0.61 0.32 0.59 0.58 0.63 0.65 0.65 0.64 0.59 0.28 0.40 0.63 0.27 0.51 0.62 0.60 0.59 0.59 0.62 0.60 0.59 0.54 0.62 0.54 0.51 0.34 0.48 0.38 0.48 0.48 0.46 0.48 0.48 0.45 0.46 0.46 0.46 0.04 0.39 0.39 0.39 0.39 0.39 0.06 0.06 0.00 0.03 0.79 1.00 1.00 1.00 1.00 0.97 0.89 0.97 0.97 0.90 1.00 0.91 0.87 0.87 0.56 0.70 0.62 0.74 0.41 0.47 0.47 0.47
0.98 0.97 0.97 0.96 0.75 0.97 0.97 0.95 0.92 0.97 0.95 0.95 0.97 0.95 0.95 0.94 0.70 0.94 0.90 0.95 0.95 0.95 0.95 0.94 0.72 0.84 0.95 0.67 0.91 0.95 0.94 0.94 0.94 0.95 0.94 0.94 0.92 0.95 0.92 0.86 0.74 0.85 0.77 0.84 0.84 0.84 0.84 0.84 0.83 0.84 0.84 0.84 0.26 0.79 0.79 0.79 0.79 0.79 0.28 0.28 0.05 0.14 0.96 1.00 1.00 1.00 1.00 1.00 0.98 1.00 1.00 0.98 1.00 0.98 0.98 0.98 0.85 0.93 0.90 0.94 0.77 0.82 0.82 0.82
0.99 0.98 0.98 0.98 0.84 0.99 0.98 0.97 0.96 0.99 0.98 0.98 0.99 0.98 0.98 0.97 0.76 0.98 0.94 0.98 0.98 0.98 0.98 0.98 0.81 0.92 0.98 0.76 0.96 0.98 0.98 0.98 0.98 0.98 0.98 0.98 0.96 0.98 0.96 0.91 0.82 0.90 0.85 0.90 0.90 0.90 0.90 0.90 0.90 0.90 0.90 0.90 0.35 0.86 0.86 0.86 0.86 0.86 0.37 0.36 0.09 0.19 0.97 1.00 1.00 1.00 1.00 1.00 0.99 1.00 1.00 0.99 1.00 0.99 0.99 0.99 0.89 0.96 0.94 0.97 0.83 0.87 0.87 0.87
1.00 1.00 1.00 1.00 0.95 1.00 1.00 1.00 1.00 1.00 1.00 1.00 1.00 1.00 1.00 1.00 0.91 1.00 0.99 1.00 1.00 1.00 1.00 1.00 0.95 0.99 1.00 0.90 1.00 1.00 1.00 1.00 1.00 1.00 1.00 1.00 1.00 1.00 1.00 0.98 0.95 0.98 0.96 0.98 0.98 0.98 0.98 0.98 0.98 0.98 0.98 0.98 0.64 0.97 0.97 0.97 0.97 0.97 0.60 0.61 0.26 0.37 0.99 1.00 1.00 1.00 1.00 1.00 1.00 1.00 1.00 1.00 1.00 1.00 1.00 1.00 0.97 0.99 0.99 0.99 0.95 0.97 0.97 0.97
0.90 0.79 0.79 0.76 0.46 0.87 0.79 0.73 0.69 0.82 0.74 0.73 0.82 0.73 0.73 0.69 0.38 0.68 0.66 0.72 0.73 0.73 0.73 0.68 0.37 0.50 0.72 0.34 0.61 0.71 0.69 0.68 0.68 0.71 0.69 0.68 0.64 0.71 0.64 0.59 0.40 0.55 0.45 0.56 0.56 0.54 0.56 0.56 0.52 0.54 0.54 0.54 0.07 0.47 0.47 0.47 0.47 0.47 0.09 0.08 0.01 0.05 0.83 1.00 1.00 1.00 1.00 0.98 0.92 0.98 0.98 0.93 1.00 0.93 0.91 0.90 0.63 0.77 0.69 0.80 0.48 0.55 0.55 0.55
0.86 0.68 0.68 0.64 0.33 0.80 0.68 0.61 0.56 0.74 0.62 0.60 0.74 0.60 0.60 0.56 0.28 0.55 0.54 0.58 0.60 0.60 0.60 0.55 0.25 0.36 0.58 0.23 0.47 0.57 0.55 0.54 0.55 0.57 0.55 0.55 0.49 0.57 0.49 0.47 0.29 0.44 0.34 0.44 0.44 0.42 0.44 0.45 0.41 0.42 0.42 0.42 0.04 0.35 0.35 0.35 0.35 0.35 0.05 0.05 0.00 0.03 0.77 1.00 1.00 1.00 1.00 0.96 0.88 0.96 0.96 0.89 1.00 0.89 0.86 0.86 0.53 0.68 0.59 0.72 0.38 0.44 0.44 0.44
0.98 0.96 0.96 0.95 0.75 0.98 0.96 0.95 0.92 0.97 0.95 0.95 0.97 0.95 0.95 0.94 0.69 0.94 0.90 0.95 0.95 0.95 0.95 0.94 0.71 0.84 0.95 0.67 0.90 0.95 0.94 0.94 0.94 0.95 0.94 0.94 0.92 0.95 0.92 0.85 0.73 0.84 0.76 0.84 0.84 0.83 0.84 0.84 0.82 0.83 0.83 0.83 0.25 0.78 0.78 0.78 0.78 0.78 0.28 0.27 0.04 0.14 0.95 1.00 1.00 1.00 1.00 1.00 0.98 1.00 1.00 0.98 1.00 0.98 0.98 0.98 0.84 0.93 0.89 0.94 0.75 0.80 0.80 0.80
0.95 0.90 0.90 0.88 0.61 0.94 0.90 0.87 0.83 0.91 0.87 0.86 0.91 0.87 0.87 0.85 0.55 0.85 0.80 0.86 0.87 0.87 0.87 0.85 0.55 0.69 0.86 0.51 0.79 0.86 0.85 0.85 0.85 0.86 0.85 0.85 0.82 0.86 0.82 0.74 0.58 0.71 0.61 0.71 0.71 0.69 0.71 0.71 0.68 0.69 0.69 0.69 0.14 0.63 0.63 0.63 0.63 0.63 0.17 0.16 0.02 0.09 0.90 1.00 1.00 1.00 1.00 0.99 0.96 0.99 0.99 0.96 1.00 0.96 0.95 0.95 0.74 0.85 0.80 0.87 0.62 0.68 0.68 0.68
0.97 0.94 0.94 0.92 0.68 0.96 0.94 0.91 0.88 0.94 0.91 0.91 0.94 0.92 0.92 0.90 0.62 0.90 0.86 0.91 0.92 0.92 0.92 0.90 0.64 0.77 0.91 0.59 0.85 0.91 0.90 0.90 0.90 0.91 0.90 0.90 0.88 0.91 0.88 0.80 0.65 0.78 0.69 0.78 0.78 0.77 0.78 0.78 0.76 0.77 0.77 0.77 0.18 0.71 0.71 0.71 0.71 0.71 0.22 0.21 0.03 0.11 0.93 1.00 1.00 1.00 1.00 0.99 0.97 0.99 0.99 0.97 1.00 0.98 0.97 0.96 0.79 0.90 0.85 0.91 0.69 0.75 0.75 0.75
0.93 0.85 0.85 0.82 0.52 0.91 0.85 0.80 0.76 0.88 0.81 0.80 0.88 0.81 0.81 0.78 0.47 0.77 0.73 0.80 0.81 0.81 0.81 0.77 0.44 0.60 0.80 0.41 0.70 0.79 0.77 0.77 0.77 0.79 0.77 0.77 0.73 0.79 0.73 0.67 0.49 0.64 0.53 0.64 0.64 0.62 0.64 0.64 0.61 0.62 0.62 0.62 0.10 0.55 0.55 0.55 0.55 0.55 0.12 0.11 0.01 0.06 0.87 1.00 1.00 1.00 1.00 0.99 0.93 0.99 0.99 0.94 1.00 0.95 0.93 0.92 0.67 0.81 0.74 0.83 0.54 0.60 0.60 0.60
0.94 0.87 0.87 0.85 0.56 0.92 0.87 0.83 0.79 0.89 0.84 0.83 0.89 0.83 0.83 0.80 0.50 0.80 0.76 0.82 0.83 0.83 0.83 0.80 0.49 0.64 0.82 0.46 0.73 0.82 0.80 0.80 0.80 0.82 0.80 0.80 0.76 0.82 0.76 0.69 0.53 0.67 0.57 0.67 0.67 0.65 0.67 0.67 0.65 0.65 0.65 0.65 0.11 0.58 0.58 0.58 0.58 0.58 0.14 0.13 0.01 0.07 0.89 1.00 1.00 1.00 1.00 0.99 0.94 0.99 0.99 0.95 1.00 0.95 0.94 0.94 0.70 0.82 0.77 0.85 0.57 0.64 0.64 0.64
1.00 1.00 1.00 1.00 0.94 1.00 1.00 1.00 0.99 1.00 1.00 1.00 1.00 1.00 1.00 1.00 0.89 1.00 0.99 1.00 1.00 1.00 1.00 1.00 0.94 0.98 1.00 0.90 0.99 1.00 1.00 1.00 1.00 1.00 1.00 1.00 0.99 1.00 0.99 0.97 0.94 0.97 0.95 0.97 0.97 0.97 0.97 0.97 0.97 0.97 0.97 0.97 0.60 0.96 0.96 0.96 0.96 0.96 0.57 0.57 0.23 0.35 0.99 1.00 1.00 1.00 1.00 1.00 1.00 1.00 1.00 1.00 1.00 1.00 1.00 1.00 0.96 0.99 0.99 0.99 0.94 0.97 0.97 0.97
0.98 0.96 0.96 0.96 0.75 0.98 0.96 0.95 0.92 0.97 0.95 0.95 0.97 0.95 0.96 0.94 0.69 0.94 0.90 0.95 0.95 0.95 0.96 0.94 0.72 0.84 0.95 0.67 0.91 0.95 0.95 0.95 0.94 0.95 0.95 0.95 0.92 0.95 0.92 0.85 0.73 0.84 0.75 0.83 0.83 0.82 0.83 0.83 0.82 0.82 0.82 0.82 0.25 0.78 0.78 0.78 0.78 0.78 0.27 0.27 0.05 0.15 0.95 1.00 1.00 1.00 1.00 1.00 0.98 1.00 1.00 0.98 1.00 0.98 0.98 0.98 0.84 0.93 0.89 0.93 0.75 0.81 0.81 0.81
0.97 0.95 0.95 0.93 0.71 0.97 0.95 0.93 0.90 0.95 0.93 0.93 0.95 0.94 0.93 0.92 0.65 0.92 0.87 0.93 0.94 0.94 0.93 0.92 0.67 0.80 0.93 0.62 0.87 0.93 0.92 0.92 0.92 0.93 0.92 0.92 0.89 0.93 0.89 0.83 0.70 0.81 0.73 0.81 0.81 0.80 0.81 0.81 0.79 0.80 0.80 0.80 0.21 0.74 0.74 0.74 0.74 0.74 0.25 0.23 0.04 0.12 0.94 1.00 1.00 1.00 1.00 1.00 0.97 1.00 1.00 0.98 1.00 0.98 0.97 0.97 0.82 0.91 0.87 0.93 0.71 0.78 0.78 0.78
0.89 0.75 0.75 0.71 0.39 0.85 0.75 0.69 0.64 0.79 0.69 0.67 0.79 0.67 0.67 0.63 0.34 0.62 0.60 0.65 0.67 0.67 0.67 0.62 0.30 0.43 0.65 0.29 0.54 0.65 0.62 0.62 0.62 0.65 0.62 0.62 0.57 0.65 0.57 0.53 0.35 0.50 0.39 0.50 0.50 0.48 0.50 0.51 0.47 0.48 0.48 0.48 0.05 0.41 0.41 0.41 0.41 0.41 0.07 0.06 0.00 0.04 0.81 1.00 1.00 1.00 1.00 0.97 0.89 0.97 0.97 0.91 1.00 0.91 0.88 0.88 0.58 0.72 0.64 0.76 0.43 0.50 0.50 0.50
0.96 0.92 0.92 0.90 0.64 0.95 0.92 0.89 0.85 0.93 0.89 0.89 0.93 0.89 0.89 0.88 0.58 0.87 0.83 0.89 0.89 0.89 0.89 0.87 0.58 0.72 0.89 0.55 0.81 0.88 0.87 0.87 0.87 0.88 0.87 0.87 0.84 0.88 0.84 0.77 0.62 0.74 0.65 0.74 0.74 0.73 0.74 0.74 0.72 0.73 0.73 0.73 0.16 0.67 0.67 0.67 0.67 0.67 0.19 0.18 0.02 0.10 0.92 1.00 1.00 1.00 1.00 0.99 0.96 0.99 0.99 0.96 1.00 0.97 0.95 0.95 0.76 0.87 0.82 0.89 0.65 0.71 0.71 0.71
0.99 0.98 0.98 0.97 0.81 0.99 0.98 0.97 0.95 0.98 0.97 0.97 0.98 0.97 0.97 0.96 0.74 0.97 0.93 0.97 0.97 0.97 0.98 0.97 0.78 0.89 0.97 0.74 0.94 0.97 0.97 0.97 0.97 0.97 0.97 0.97 0.96 0.97 0.96 0.89 0.78 0.88 0.81 0.88 0.88 0.87 0.88 0.88 0.87 0.87 0.87 0.87 0.32 0.83 0.83 0.83 0.83 0.83 0.33 0.33 0.07 0.17 0.97 1.00 1.00 1.00 1.00 1.00 0.99 1.00 1.00 0.99 1.00 0.99 0.99 0.99 0.88 0.95 0.93 0.96 0.82 0.87 0.87 0.87
0.97 0.94 0.94 0.93 0.70 0.96 0.94 0.92 0.89 0.95 0.93 0.92 0.95 0.93 0.93 0.91 0.65 0.91 0.87 0.92 0.93 0.93 0.93 0.91 0.65 0.80 0.92 0.61 0.87 0.92 0.91 0.91 0.91 0.92 0.91 0.91 0.89 0.92 0.89 0.82 0.68 0.79 0.71 0.79 0.79 0.78 0.79 0.79 0.78 0.78 0.78 0.78 0.20 0.73 0.73 0.73 0.73 0.73 0.23 0.23 0.04 0.12 0.94 1.00 1.00 1.00 1.00 0.99 0.97 0.99 0.99 0.98 1.00 0.98 0.97 0.97 0.82 0.91 0.87 0.92 0.71 0.77 0.77 0.77
1.00 1.00 1.00 1.00 0.95 1.00 1.00 1.00 0.99 1.00 1.00 1.00 1.00 1.00 1.00 1.00 0.89 1.00 0.99 1.00 1.00 1.00 1.00 1.00 0.94 0.98 1.00 0.90 0.99 1.00 1.00 1.00 1.00 1.00 1.00 1.00 0.99 1.00 0.99 0.98 0.95 0.98 0.96 0.98 0.98 0.98 0.98 0.98 0.98 0.98 0.98 0.98 0.62 0.97 0.97 0.97 0.97 0.97 0.59 0.60 0.25 0.37 0.99 1.00 1.00 1.00 1.00 1.00 1.00 1.00 1.00 1.00 1.00 1.00 1.00 1.00 0.97 0.99 0.99 0.99 0.94 0.97 0.97 0.97
0.86 0.68 0.68 0.64 0.33 0.81 0.68 0.61 0.57 0.74 0.62 0.60 0.74 0.60 0.59 0.55 0.28 0.54 0.54 0.57 0.60 0.60 0.59 0.54 0.24 0.35 0.57 0.23 0.46 0.57 0.54 0.53 0.54 0.57 0.54 0.53 0.48 0.57 0.48 0.46 0.30 0.43 0.34 0.44 0.44 0.42 0.44 0.44 0.40 0.42 0.42 0.42 0.04 0.35 0.35 0.35 0.35 0.35 0.05 0.05 0.00 0.03 0.77 1.00 1.00 1.00 1.00 0.96 0.88 0.96 0.96 0.89 1.00 0.89 0.86 0.85 0.52 0.67 0.58 0.71 0.37 0.44 0.44 0.44
0.88 0.74 0.74 0.69 0.39 0.83 0.74 0.67 0.62 0.78 0.68 0.66 0.78 0.67 0.66 0.62 0.33 0.61 0.59 0.64 0.67 0.67 0.66 0.61 0.30 0.42 0.64 0.28 0.53 0.64 0.61 0.61 0.61 0.64 0.61 0.61 0.56 0.64 0.56 0.52 0.35 0.49 0.39 0.49 0.49 0.47 0.49 0.50 0.46 0.47 0.47 0.47 0.05 0.40 0.40 0.40 0.40 0.40 0.07 0.06 0.00 0.04 0.80 1.00 1.00 1.00 1.00 0.97 0.89 0.97 0.97 0.91 1.00 0.91 0.88 0.86 0.56 0.70 0.62 0.74 0.41 0.48 0.48 0.48
1.00 0.99 0.99 0.99 0.90 0.99 0.99 0.99 0.98 0.99 0.99 0.99 0.99 0.99 0.99 0.99 0.83 0.99 0.97 0.99 0.99 0.99 0.99 0.99 0.88 0.95 0.99 0.84 0.98 0.99 0.99 0.99 0.99 0.99 0.99 0.99 0.98 0.99 0.98 0.95 0.89 0.94 0.90 0.95 0.95 0.94 0.95 0.95 0.94 0.94 0.94 0.94 0.46 0.92 0.92 0.92 0.92 0.92 0.46 0.46 0.14 0.25 0.98 1.00 1.00 1.00 1.00 1.00 1.00 1.00 1.00 1.00 1.00 0.99 1.00 1.00 0.93 0.98 0.97 0.98 0.89 0.93 0.93 0.93
0.88 0.73 0.73 0.69 0.37 0.83 0.73 0.66 0.61 0.77 0.67 0.66 0.77 0.65 0.65 0.61 0.32 0.60 0.59 0.63 0.65 0.65 0.65 0.60 0.29 0.41 0.63 0.28 0.52 0.63 0.60 0.60 0.60 0.63 0.60 0.60 0.55 0.63 0.55 0.52 0.33 0.49 0.38 0.49 0.49 0.47 0.49 0.49 0.46 0.47 0.47 0.47 0.05 0.40 0.40 0.40 0.40 0.40 0.07 0.05 0.00 0.04 0.80 1.00 1.00 1.00 1.00 0.97 0.89 0.97 0.97 0.91 1.00 0.91 0.88 0.87 0.57 0.71 0.62 0.75 0.41 0.47 0.47 0.47
0.98 0.97 0.97 0.96 0.77 0.98 0.97 0.96 0.93 0.97 0.96 0.96 0.97 0.96 0.96 0.95 0.71 0.95 0.91 0.96 0.96 0.96 0.96 0.95 0.74 0.86 0.96 0.69 0.92 0.96 0.95 0.95 0.95 0.96 0.95 0.95 0.94 0.96 0.94 0.87 0.75 0.86 0.78 0.85 0.85 0.84 0.85 0.85 0.84 0.84 0.84 0.84 0.28 0.80 0.80 0.80 0.80 0.80 0.29 0.29 0.05 0.14 0.96 1.00 1.00 1.00 1.00 1.00 0.98 1.00 1.00 0.99 1.00 0.99 0.98 0.98 0.86 0.93 0.90 0.94 0.77 0.83 0.83 0.83
1.00 1.00 1.00 0.99 0.91 1.00 1.00 0.99 0.99 1.00 0.99 0.99 1.00 1.00 1.00 0.99 0.86 0.99 0.98 1.00 1.00 1.00 1.00 0.99 0.91 0.97 1.00 0.86 0.99 1.00 0.99 1.00 0.99 1.00 0.99 1.00 0.99 1.00 0.99 0.96 0.92 0.96 0.93 0.96 0.96 0.96 0.96 0.96 0.96 0.96 0.96 0.96 0.51 0.94 0.94 0.94 0.94 0.94 0.50 0.51 0.17 0.29 0.99 1.00 1.00 1.00 1.00 1.00 1.00 1.00 1.00 1.00 1.00 1.00 1.00 1.00 0.95 0.99 0.98 0.99 0.91 0.94 0.94 0.94
0.98 0.96 0.96 0.95 0.75 0.97 0.96 0.95 0.92 0.97 0.95 0.95 0.97 0.95 0.95 0.94 0.69 0.94 0.90 0.95 0.95 0.95 0.95 0.94 0.71 0.84 0.95 0.66 0.90 0.95 0.94 0.94 0.94 0.95 0.94 0.94 0.92 0.95 0.92 0.85 0.73 0.84 0.76 0.84 0.84 0.83 0.84 0.84 0.83 0.83 0.83 0.83 0.26 0.78 0.78 0.78 0.78 0.78 0.27 0.27 0.05 0.14 0.96 1.00 1.00 1.00 1.00 1.00 0.98 1.00 1.00 0.99 1.00 0.98 0.98 0.98 0.85 0.93 0.89 0.94 0.76 0.82 0.82 0.82
0.89 0.75 0.75 0.71 0.40 0.85 0.75 0.69 0.65 0.80 0.69 0.68 0.80 0.69 0.69 0.64 0.35 0.64 0.62 0.67 0.69 0.69 0.68 0.64 0.32 0.44 0.67 0.30 0.56 0.67 0.64 0.64 0.64 0.67 0.64 0.64 0.59 0.67 0.59 0.54 0.35 0.50 0.40 0.51 0.51 0.48 0.51 0.51 0.47 0.48 0.48 0.48 0.05 0.41 0.41 0.41 0.41 0.41 0.07 0.06 0.01 0.04 0.81 1.00 1.00 1.00 1.00 0.97 0.90 0.97 0.97 0.91 1.00 0.92 0.89 0.88 0.59 0.73 0.64 0.76 0.44 0.51 0.51 0.51
0.98 0.95 0.95 0.94 0.73 0.97 0.95 0.93 0.91 0.96 0.94 0.93 0.96 0.94 0.94 0.92 0.66 0.92 0.88 0.93 0.94 0.94 0.94 0.92 0.67 0.81 0.93 0.63 0.88 0.93 0.92 0.92 0.92 0.93 0.92 0.92 0.90 0.93 0.90 0.83 0.70 0.81 0.73 0.81 0.81 0.80 0.81 0.81 0.80 0.80 0.80 0.80 0.23 0.75 0.75 0.75 0.75 0.75 0.25 0.24 0.04 0.13 0.94 1.00 1.00 1.00 1.00 1.00 0.98 1.00 1.00 0.98 1.00 0.98 0.98 0.97 0.83 0.92 0.88 0.93 0.72 0.79 0.79 0.79
1.00 1.00 1.00 1.00 0.93 1.00 1.00 1.00 0.99 1.00 1.00 1.00 1.00 1.00 1.00 0.99 0.87 1.00 0.98 1.00 1.00 1.00 1.00 1.00 0.93 0.98 1.00 0.89 0.99 1.00 1.00 1.00 1.00 1.00 1.00 1.00 0.99 1.00 0.99 0.97 0.93 0.97 0.94 0.97 0.97 0.97 0.97 0.97 0.97 0.97 0.97 0.97 0.56 0.95 0.95 0.95 0.95 0.95 0.55 0.54 0.21 0.33 0.99 1.00 1.00 1.00 1.00 1.00 1.00 1.00 1.00 1.00 1.00 1.00 1.00 1.00 0.96 0.99 0.98 0.99 0.93 0.96 0.96 0.96
0.93 0.85 0.85 0.82 0.53 0.91 0.85 0.80 0.76 0.87 0.81 0.80 0.87 0.81 0.81 0.78 0.48 0.77 0.74 0.79 0.81 0.81 0.81 0.77 0.46 0.60 0.79 0.43 0.70 0.79 0.77 0.77 0.77 0.79 0.77 0.77 0.73 0.79 0.73 0.67 0.49 0.64 0.54 0.64 0.64 0.62 0.64 0.64 0.61 0.62 0.62 0.62 0.10 0.56 0.56 0.56 0.56 0.56 0.12 0.11 0.01 0.07 0.87 1.00 1.00 1.00 1.00 0.98 0.94 0.98 0.98 0.95 1.00 0.95 0.93 0.93 0.69 0.81 0.75 0.84 0.55 0.62 0.62 0.62
0.96 0.93 0.93 0.92 0.68 0.96 0.93 0.91 0.88 0.94 0.91 0.91 0.94 0.91 0.91 0.90 0.62 0.90 0.85 0.91 0.91 0.91 0.91 0.90 0.63 0.77 0.91 0.59 0.85 0.91 0.90 0.90 0.90 0.91 0.90 0.90 0.87 0.91 0.87 0.80 0.65 0.78 0.69 0.78 0.78 0.77 0.78 0.78 0.76 0.77 0.77 0.77 0.19 0.71 0.71 0.71 0.71 0.71 0.23 0.21 0.03 0.11 0.93 1.00 1.00 1.00 1.00 0.99 0.97 0.99 0.99 0.98 1.00 0.98 0.97 0.96 0.79 0.89 0.85 0.91 0.69 0.75 0.75 0.75
0.95 0.89 0.89 0.87 0.59 0.94 0.89 0.86 0.82 0.91 0.87 0.86 0.91 0.87 0.86 0.84 0.54 0.84 0.79 0.85 0.87 0.87 0.86 0.84 0.53 0.68 0.85 0.50 0.78 0.85 0.84 0.84 0.84 0.85 0.84 0.84 0.80 0.85 0.80 0.73 0.57 0.71 0.61 0.71 0.71 0.69 0.71 0.71 0.68 0.69 0.69 0.69 0.14 0.63 0.63 0.63 0.63 0.63 0.16 0.15 0.02 0.08 0.90 1.00 1.00 1.00 1.00 0.99 0.95 0.99 0.99 0.96 1.00 0.96 0.95 0.94 0.74 0.85 0.79 0.87 0.61 0.68 0.68 0.68
0.97 0.94 0.94 0.92 0.69 0.96 0.94 0.91 0.88 0.94 0.92 0.91 0.94 0.92 0.92 0.90 0.62 0.90 0.85 0.91 0.92 0.92 0.92 0.90 0.64 0.78 0.91 0.59 0.86 0.91 0.91 0.90 0.90 0.91 0.91 0.90 0.88 0.91 0.88 0.80 0.65 0.78 0.69 0.78 0.78 0.77 0.78 0.78 0.77 0.77 0.77 0.77 0.19 0.71 0.71 0.71 0.71 0.71 0.22 0.21 0.03 0.10 0.93 1.00 1.00 1.00 1.00 0.99 0.97 0.99 0.99 0.97 1.00 0.97 0.97 0.96 0.80 0.90 0.86 0.91 0.69 0.75 0.75 0.75
0.95 0.91 0.91 0.89 0.63 0.94 0.91 0.88 0.84 0.93 0.88 0.88 0.93 0.89 0.89 0.87 0.57 0.87 0.82 0.88 0.89 0.89 0.89 0.87 0.58 0.73 0.88 0.54 0.81 0.88 0.87 0.87 0.87 0.88 0.87 0.87 0.83 0.88 0.83 0.75 0.60 0.73 0.63 0.73 0.73 0.72 0.73 0.73 0.71 0.72 0.72 0.72 0.15 0.65 0.65 0.65 0.65 0.65 0.19 0.17 0.02 0.09 0.92 1.00 1.00 1.00 1.00 0.99 0.96 0.99 0.99 0.96 1.00 0.97 0.95 0.95 0.76 0.86 0.81 0.88 0.65 0.71 0.71 0.71
0.94 0.87 0.87 0.85 0.57 0.92 0.87 0.83 0.80 0.89 0.84 0.83 0.89 0.83 0.83 0.80 0.51 0.81 0.76 0.83 0.83 0.83 0.83 0.81 0.49 0.63 0.83 0.46 0.74 0.82 0.80 0.80 0.81 0.82 0.80 0.80 0.77 0.82 0.77 0.70 0.52 0.67 0.57 0.67 0.67 0.66 0.67 0.67 0.65 0.66 0.66 0.66 0.12 0.58 0.58 0.58 0.58 0.58 0.14 0.13 0.01 0.07 0.88 1.00 1.00 1.00 1.00 0.99 0.95 0.99 0.99 0.95 1.00 0.95 0.94 0.93 0.71 0.83 0.78 0.86 0.57 0.64 0.64 0.64
1.00 1.00 1.00 1.00 0.92 1.00 1.00 0.99 0.99 1.00 0.99 1.00 1.00 1.00 1.00 0.99 0.86 1.00 0.98 1.00 1.00 1.00 1.00 1.00 0.91 0.97 1.00 0.86 0.99 1.00 1.00 1.00 1.00 1.00 1.00 1.00 0.99 1.00 0.99 0.96 0.91 0.96 0.93 0.96 0.96 0.96 0.96 0.96 0.96 0.96 0.96 0.96 0.52 0.94 0.94 0.94 0.94 0.94 0.50 0.51 0.17 0.29 0.99 1.00 1.00 1.00 1.00 1.00 1.00 1.00 1.00 1.00 1.00 1.00 1.00 1.00 0.95 0.99 0.98 0.99 0.91 0.95 0.95 0.95
0.91 0.81 0.81 0.77 0.47 0.88 0.81 0.75 0.71 0.84 0.76 0.74 0.84 0.75 0.75 0.71 0.41 0.71 0.67 0.74 0.75 0.75 0.75 0.71 0.39 0.52 0.74 0.36 0.64 0.74 0.71 0.71 0.71 0.74 0.71 0.71 0.67 0.74 0.67 0.60 0.42 0.57 0.46 0.57 0.57 0.55 0.57 0.57 0.54 0.55 0.55 0.55 0.07 0.48 0.48 0.48 0.48 0.48 0.09 0.09 0.01 0.05 0.85 1.00 1.00 1.00 1.00 0.98 0.92 0.98 0.98 0.94 1.00 0.94 0.92 0.91 0.64 0.77 0.70 0.80 0.50 0.57 0.57 0.57
0.88 0.73 0.73 0.69 0.38 0.83 0.73 0.67 0.62 0.78 0.67 0.66 0.78 0.66 0.66 0.62 0.33 0.61 0.60 0.64 0.66 0.66 0.66 0.61 0.30 0.41 0.64 0.28 0.53 0.64 0.61 0.61 0.61 0.64 0.61 0.61 0.56 0.64 0.56 0.52 0.35 0.49 0.39 0.50 0.50 0.47 0.50 0.50 0.46 0.47 0.47 0.47 0.05 0.40 0.40 0.40 0.40 0.40 0.07 0.06 0.00 0.04 0.81 1.00 1.00 1.00 1.00 0.97 0.90 0.97 0.97 0.91 1.00 0.91 0.88 0.87 0.58 0.72 0.64 0.76 0.42 0.48 0.48 0.48
0.94 0.88 0.88 0.86 0.59 0.93 0.88 0.85 0.81 0.90 0.85 0.85 0.90 0.85 0.85 0.82 0.52 0.82 0.78 0.84 0.85 0.85 0.85 0.82 0.51 0.66 0.84 0.49 0.76 0.83 0.82 0.82 0.82 0.83 0.82 0.82 0.79 0.83 0.79 0.72 0.55 0.69 0.59 0.69 0.69 0.68 0.69 0.69 0.67 0.68 0.68 0.68 0.12 0.61 0.61 0.61 0.61 0.61 0.16 0.14 0.02 0.08 0.90 1.00 1.00 1.00 1.00 0.99 0.95 0.99 0.99 0.96 1.00 0.96 0.95 0.94 0.72 0.85 0.79 0.87 0.59 0.66 0.66 0.66
0.97 0.95 0.95 0.94 0.73 0.97 0.95 0.93 0.91 0.96 0.94 0.93 0.96 0.94 0.94 0.93 0.66 0.93 0.88 0.94 0.94 0.94 0.94 0.93 0.68 0.81 0.94 0.64 0.88 0.93 0.93 0.93 0.93 0.93 0.93 0.93 0.91 0.93 0.91 0.84 0.71 0.82 0.74 0.82 0.82 0.81 0.82 0.82 0.81 0.81 0.81 0.81 0.22 0.75 0.75 0.75 0.75 0.75 0.25 0.24 0.04 0.13 0.94 1.00 1.00 1.00 1.00 1.00 0.97 1.00 1.00 0.98 1.00 0.98 0.98 0.97 0.82 0.91 0.88 0.92 0.72 0.78 0.78 0.78
0.97 0.95 0.95 0.94 0.72 0.97 0.95 0.93 0.91 0.96 0.94 0.93 0.96 0.94 0.94 0.92 0.65 0.92 0.88 0.93 0.94 0.94 0.94 0.92 0.68 0.81 0.93 0.64 0.88 0.93 0.92 0.92 0.92 0.93 0.92 0.92 0.90 0.93 0.90 0.83 0.70 0.81 0.73 0.81 0.81 0.80 0.81 0.81 0.79 0.80 0.80 0.80 0.22 0.75 0.75 0.75 0.75 0.75 0.25 0.24 0.04 0.13 0.95 1.00 1.00 1.00 1.00 0.99 0.97 0.99 0.99 0.98 1.00 0.98 0.97 0.97 0.82 0.91 0.87 0.92 0.72 0.79 0.79 0.79
0.95 0.90 0.90 0.88 0.62 0.94 0.90 0.87 0.83 0.91 0.88 0.87 0.91 0.88 0.88 0.85 0.55 0.85 0.80 0.87 0.88 0.88 0.88 0.85 0.55 0.70 0.87 0.51 0.79 0.86 0.85 0.85 0.85 0.86 0.85 0.85 0.82 0.86 0.82 0.75 0.58 0.72 0.62 0.72 0.72 0.71 0.72 0.72 0.70 0.71 0.71 0.71 0.14 0.64 0.64 0.64 0.64 0.64 0.16 0.16 0.02 0.09 0.91 1.00 1.00 1.00 1.00 0.99 0.96 0.99 0.99 0.96 1.00 0.96 0.95 0.95 0.75 0.87 0.81 0.88 0.62 0.68 0.68 0.68
0.99 1.00 1.00 0.99 0.89 1.00 1.00 0.99 0.98 0.99 0.99 0.99 0.99 1.00 1.00 0.99 0.82 0.99 0.97 0.99 1.00 1.00 1.00 0.99 0.89 0.96 0.99 0.84 0.98 0.99 0.99 0.99 0.99 0.99 0.99 0.99 0.99 0.99 0.99 0.95 0.89 0.95 0.90 0.95 0.95 0.94 0.95 0.95 0.94 0.94 0.94 0.94 0.46 0.92 0.92 0.92 0.92 0.92 0.46 0.47 0.14 0.25 0.99 1.00 1.00 1.00 1.00 1.00 0.99 1.00 1.00 1.00 1.00 1.00 1.00 1.00 0.94 0.98 0.97 0.98 0.89 0.93 0.93 0.93
1.00 1.00 1.00 1.00 0.93 1.00 1.00 1.00 0.99 1.00 1.00 0.99 1.00 1.00 1.00 0.99 0.87 0.99 0.98 1.00 1.00 1.00 1.00 0.99 0.91 0.97 1.00 0.87 0.99 1.00 1.00 1.00 0.99 1.00 1.00 1.00 0.99 1.00 0.99 0.97 0.92 0.97 0.93 0.97 0.97 0.96 0.97 0.97 0.96 0.96 0.96 0.96 0.52 0.94 0.94 0.94 0.94 0.94 0.52 0.53 0.19 0.30 0.99 1.00 1.00 1.00 1.00 1.00 1.00 1.00 1.00 1.00 1.00 1.00 1.00 1.00 0.95 0.99 0.98 0.99 0.92 0.96 0.96 0.96
0.89 0.75 0.75 0.71 0.40 0.85 0.75 0.69 0.64 0.80 0.70 0.68 0.80 0.68 0.68 0.64 0.35 0.63 0.61 0.67 0.68 0.68 0.68 0.63 0.32 0.44 0.67 0.30 0.55 0.66 0.64 0.63 0.63 0.66 0.64 0.63 0.59 0.66 0.59 0.55 0.37 0.52 0.41 0.52 0.52 0.50 0.52 0.52 0.49 0.50 0.50 0.50 0.06 0.43 0.43 0.43 0.43 0.43 0.07 0.07 0.01 0.04 0.81 1.00 1.00 1.00 1.00 0.97 0.90 0.97 0.97 0.91 1.00 0.92 0.89 0.88 0.59 0.73 0.65 0.76 0.44 0.51 0.51 0.51
0.95 0.91 0.91 0.89 0.64 0.94 0.91 0.88 0.85 0.92 0.89 0.88 0.92 0.89 0.89 0.86 0.57 0.86 0.82 0.88 0.89 0.89 0.89 0.86 0.58 0.72 0.88 0.54 0.81 0.88 0.87 0.87 0.86 0.88 0.87 0.87 0.83 0.88 0.83 0.76 0.60 0.73 0.64 0.73 0.73 0.71 0.73 0.73 0.70 0.71 0.71 0.71 0.15 0.65 0.65 0.65 0.65 0.65 0.18 0.17 0.02 0.09 0.92 1.00 1.00 1.00 1.00 0.99 0.96 0.99 0.99 0.97 1.00 0.97 0.95 0.95 0.76 0.87 0.82 0.88 0.64 0.70 0.70 0.70
0.99 0.98 0.98 0.97 0.82 0.99 0.98 0.97 0.95 0.98 0.97 0.97 0.98 0.98 0.98 0.97 0.75 0.97 0.93 0.98 0.98 0.98 0.98 0.97 0.79 0.90 0.98 0.74 0.94 0.98 0.97 0.97 0.97 0.98 0.97 0.97 0.96 0.98 0.96 0.90 0.81 0.89 0.83 0.89 0.89 0.88 0.89 0.89 0.88 0.88 0.88 0.88 0.32 0.84 0.84 0.84 0.84 0.84 0.34 0.34 0.07 0.18 0.97 1.00 1.00 1.00 1.00 1.00 0.99 1.00 1.00 0.99 1.00 0.99 0.99 0.99 0.88 0.95 0.93 0.96 0.81 0.86 0.86 0.86
1.00 1.00 1.00 1.00 0.96 1.00 1.00 1.00 1.00 1.00 1.00 1.00 1.00 1.00 1.00 1.00 0.91 1.00 0.99 1.00 1.00 1.00 1.00 1.00 0.95 0.99 1.00 0.92 1.00 1.00 1.00 1.00 1.00 1.00 1.00 1.00 1.00 1.00 1.00 0.98 0.96 0.98 0.96 0.98 0.98 0.98 0.98 0.98 0.98 0.98 0.98 0.98 0.65 0.97 0.97 0.97 0.97 0.97 0.62 0.62 0.27 0.37 1.00 1.00 1.00 1.00 1.00 1.00 1.00 1.00 1.00 1.00 1.00 1.00 1.00 1.00 0.98 0.99 0.99 1.00 0.95 0.98 0.98 0.98
0.97 0.95 0.95 0.94 0.73 0.97 0.95 0.93 0.91 0.96 0.94 0.93 0.96 0.94 0.94 0.93 0.66 0.93 0.88 0.94 0.94 0.94 0.94 0.93 0.68 0.82 0.94 0.63 0.89 0.94 0.93 0.93 0.93 0.94 0.93 0.93 0.91 0.94 0.91 0.83 0.70 0.81 0.72 0.81 0.81 0.80 0.81 0.81 0.79 0.80 0.80 0.80 0.22 0.75 0.75 0.75 0.75 0.75 0.24 0.24 0.04 0.13 0.94 1.00 1.00 1.00 1.00 1.00 0.98 1.00 1.00 0.98 1.00 0.98 0.98 0.97 0.82 0.92 0.88 0.93 0.73 0.79 0.79 0.79
0.88 0.73 0.73 0.68 0.37 0.84 0.73 0.66 0.61 0.78 0.67 0.65 0.78 0.65 0.64 0.60 0.32 0.60 0.58 0.63 0.65 0.65 0.65 0.60 0.28 0.41 0.63 0.27 0.51 0.62 0.60 0.59 0.60 0.62 0.60 0.59 0.55 0.62 0.55 0.51 0.34 0.48 0.38 0.49 0.49 0.47 0.49 0.49 0.45 0.47 0.47 0.47 0.05 0.39 0.39 0.39 0.39 0.39 0.06 0.06 0.00 0.04 0.80 1.00 1.00 1.00 1.00 0.97 0.89 0.97 0.97 0.91 1.00 0.91 0.88 0.87 0.57 0.71 0.62 0.75 0.43 0.49 0.49 0.49
0.99 0.99 0.99 0.98 0.83 0.99 0.99 0.98 0.96 0.98 0.98 0.98 0.98 0.98 0.98 0.97 0.76 0.97 0.94 0.98 0.98 0.98 0.98 0.97 0.80 0.91 0.98 0.75 0.95 0.98 0.97 0.97 0.97 0.98 0.97 0.97 0.96 0.98 0.96 0.91 0.82 0.90 0.84 0.90 0.90 0.90 0.90 0.90 0.89 0.90 0.90 0.90 0.34 0.86 0.86 0.86 0.86 0.86 0.36 0.35 0.08 0.19 0.97 1.00 1.00 1.00 1.00 1.00 0.99 1.00 1.00 0.99 1.00 0.99 0.99 0.99 0.89 0.96 0.94 0.96 0.82 0.87 0.87 0.87
0.96 0.91 0.91 0.89 0.63 0.95 0.91 0.88 0.85 0.92 0.89 0.88 0.92 0.89 0.89 0.86 0.58 0.86 0.82 0.88 0.89 0.89 0.89 0.86 0.57 0.72 0.88 0.53 0.80 0.88 0.86 0.86 0.86 0.88 0.86 0.86 0.83 0.88 0.83 0.75 0.60 0.74 0.64 0.73 0.73 0.72 0.73 0.73 0.71 0.72 0.72 0.72 0.16 0.65 0.65 0.65 0.65 0.65 0.18 0.18 0.02 0.09 0.92 1.00 1.00 1.00 1.00 0.99 0.96 0.99 0.99 0.97 1.00 0.96 0.95 0.95 0.77 0.87 0.82 0.89 0.64 0.71 0.71 0.71
0.87 0.70 0.70 0.66 0.35 0.82 0.70 0.64 0.59 0.76 0.64 0.62 0.76 0.62 0.61 0.58 0.30 0.56 0.56 0.60 0.62 0.62 0.61 0.56 0.27 0.37 0.60 0.25 0.49 0.60 0.57 0.56 0.56 0.60 0.57 0.56 0.52 0.60 0.52 0.49 0.32 0.46 0.36 0.47 0.47 0.44 0.47 0.47 0.43 0.44 0.44 0.44 0.05 0.37 0.37 0.37 0.37 0.37 0.06 0.05 0.00 0.03 0.79 1.00 1.00 1.00 1.00 0.97 0.89 0.97 0.97 0.90 1.00 0.90 0.88 0.87 0.55 0.69 0.60 0.73 0.40 0.47 0.47 0.47
0.96 0.92 0.92 0.90 0.66 0.95 0.92 0.89 0.86 0.93 0.90 0.89 0.93 0.90 0.90 0.87 0.59 0.88 0.83 0.89 0.90 0.90 0.90 0.88 0.59 0.74 0.89 0.56 0.82 0.89 0.88 0.88 0.88 0.89 0.88 0.88 0.85 0.89 0.85 0.78 0.62 0.75 0.66 0.75 0.75 0.73 0.75 0.75 0.73 0.73 0.73 0.73 0.16 0.68 0.68 0.68 0.68 0.68 0.20 0.19 0.03 0.10 0.92 1.00 1.00 1.00 1.00 0.99 0.96 0.99 0.99 0.97 1.00 0.97 0.96 0.96 0.78 0.88 0.83 0.89 0.67 0.72 0.72 0.72
0.94 0.89 0.89 0.86 0.59 0.93 0.89 0.85 0.81 0.90 0.86 0.85 0.90 0.86 0.85 0.83 0.53 0.83 0.78 0.84 0.86 0.86 0.85 0.83 0.52 0.67 0.84 0.49 0.76 0.84 0.83 0.83 0.83 0.84 0.83 0.83 0.79 0.84 0.79 0.72 0.54 0.68 0.58 0.68 0.68 0.67 0.68 0.68 0.66 0.67 0.67 0.67 0.13 0.60 0.60 0.60 0.60 0.60 0.16 0.14 0.02 0.08 0.90 1.00 1.00 1.00 1.00 0.99 0.95 0.99 0.99 0.96 1.00 0.96 0.95 0.94 0.73 0.84 0.78 0.86 0.60 0.66 0.66 0.66
0.99 0.99 0.99 0.99 0.89 1.00 0.99 0.99 0.98 0.99 0.99 0.99 0.99 0.99 0.99 0.99 0.83 0.99 0.97 0.99 0.99 0.99 0.99 0.99 0.87 0.95 0.99 0.82 0.98 0.99 0.99 0.99 0.99 0.99 0.99 0.99 0.98 0.99 0.98 0.95 0.88 0.94 0.89 0.94 0.94 0.93 0.94 0.94 0.93 0.93 0.93 0.93 0.46 0.91 0.91 0.91 0.91 0.91 0.45 0.46 0.14 0.25 0.99 1.00 1.00 1.00 1.00 1.00 1.00 1.00 1.00 1.00 1.00 0.99 0.99 0.99 0.93 0.98 0.96 0.98 0.89 0.92 0.92 0.92
0.89 0.75 0.75 0.71 0.40 0.84 0.75 0.69 0.64 0.79 0.69 0.68 0.79 0.67 0.67 0.63 0.34 0.62 0.61 0.66 0.67 0.67 0.67 0.62 0.31 0.43 0.66 0.29 0.54 0.65 0.62 0.62 0.62 0.65 0.62 0.62 0.58 0.65 0.58 0.55 0.36 0.51 0.40 0.51 0.51 0.49 0.51 0.52 0.48 0.49 0.49 0.49 0.05 0.42 0.42 0.42 0.42 0.42 0.07 0.07 0.01 0.04 0.81 1.00 1.00 1.00 1.00 0.97 0.90 0.97 0.97 0.91 1.00 0.92 0.89 0.88 0.58 0.73 0.65 0.77 0.43 0.50 0.50 0.50
0.90 0.77 0.77 0.73 0.43 0.86 0.77 0.71 0.67 0.81 0.72 0.70 0.81 0.70 0.70 0.66 0.37 0.65 0.63 0.69 0.70 0.70 0.70 0.65 0.33 0.47 0.69 0.32 0.58 0.68 0.66 0.65 0.65 0.68 0.66 0.66 0.61 0.68 0.61 0.57 0.39 0.54 0.43 0.54 0.54 0.51 0.54 0.54 0.50 0.51 0.51 0.51 0.06 0.44 0.44 0.44 0.44 0.44 0.08 0.07 0.01 0.05 0.82 1.00 1.00 1.00 1.00 0.97 0.91 0.97 0.97 0.92 1.00 0.92 0.89 0.89 0.60 0.74 0.66 0.78 0.45 0.52 0.52 0.52
1.00 1.00 1.00 1.00 0.96 1.00 1.00 1.00 1.00 1.00 1.00 1.00 1.00 1.00 1.00 1.00 0.91 1.00 0.99 1.00 1.00 1.00 1.00 1.00 0.95 0.99 1.00 0.92 0.99 1.00 1.00 1.00 1.00 1.00 1.00 1.00 1.00 1.00 1.00 0.98 0.96 0.98 0.97 0.98 0.98 0.98 0.98 0.98 0.98 0.98 0.98 0.98 0.64 0.97 0.97 0.97 0.97 0.97 0.61 0.62 0.27 0.38 1.00 1.00 1.00 1.00 1.00 1.00 1.00 1.00 1.00 1.00 1.00 1.00 1.00 1.00 0.97 0.99 0.99 0.99 0.95 0.98 0.98 0.98
0.92 0.82 0.82 0.79 0.49 0.89 0.82 0.77 0.73 0.85 0.77 0.76 0.85 0.76 0.76 0.73 0.43 0.73 0.69 0.75 0.76 0.76 0.76 0.73 0.40 0.53 0.75 0.38 0.65 0.75 0.72 0.72 0.73 0.75 0.72 0.72 0.68 0.75 0.68 0.62 0.44 0.59 0.48 0.59 0.59 0.58 0.59 0.59 0.56 0.58 0.58 0.58 0.08 0.50 0.50 0.50 0.50 0.50 0.10 0.09 0.01 0.05 0.85 1.00 1.00 1.00 1.00 0.98 0.93 0.98 0.98 0.94 1.00 0.94 0.92 0.92 0.64 0.78 0.71 0.81 0.50 0.58 0.58 0.58
0.95 0.89 0.89 0.87 0.59 0.93 0.89 0.86 0.82 0.91 0.86 0.85 0.91 0.86 0.86 0.83 0.53 0.83 0.78 0.85 0.86 0.86 0.86 0.83 0.53 0.67 0.85 0.48 0.77 0.84 0.83 0.83 0.83 0.84 0.83 0.83 0.80 0.84 0.80 0.73 0.57 0.70 0.60 0.70 0.70 0.69 0.70 0.70 0.68 0.69 0.69 0.69 0.13 0.62 0.62 0.62 0.62 0.62 0.16 0.15 0.02 0.08 0.90 1.00 1.00 1.00 1.00 0.99 0.95 0.99 0.99 0.96 1.00 0.96 0.94 0.94 0.73 0.84 0.79 0.86 0.60 0.67 0.67 0.67
0.93 0.86 0.86 0.83 0.53 0.91 0.86 0.81 0.77 0.88 0.82 0.81 0.88 0.81 0.81 0.78 0.48 0.78 0.74 0.80 0.81 0.81 0.81 0.78 0.46 0.61 0.80 0.43 0.71 0.80 0.78 0.78 0.78 0.80 0.78 0.78 0.74 0.80 0.74 0.67 0.50 0.64 0.54 0.64 0.64 0.63 0.64 0.65 0.62 0.63 0.63 0.63 0.10 0.55 0.55 0.55 0.55 0.55 0.12 0.12 0.01 0.07 0.87 1.00 1.00 1.00 1.00 0.98 0.94 0.98 0.98 0.95 1.00 0.95 0.93 0.92 0.68 0.81 0.75 0.84 0.55 0.62 0.62 0.62
0.88 0.73 0.73 0.69 0.38 0.83 0.73 0.67 0.63 0.77 0.67 0.65 0.77 0.66 0.65 0.62 0.32 0.60 0.60 0.65 0.66 0.66 0.65 0.60 0.29 0.41 0.65 0.28 0.52 0.64 0.60 0.60 0.60 0.64 0.60 0.60 0.56 0.64 0.56 0.52 0.34 0.50 0.39 0.50 0.50 0.47 0.50 0.50 0.46 0.47 0.47 0.47 0.05 0.40 0.40 0.40 0.40 0.40 0.07 0.06 0.00 0.04 0.80 1.00 1.00 1.00 1.00 0.97 0.90 0.97 0.97 0.91 1.00 0.91 0.88 0.87 0.56 0.72 0.63 0.75 0.41 0.47 0.47 0.47
0.98 0.97 0.97 0.96 0.78 0.98 0.97 0.96 0.93 0.97 0.96 0.95 0.97 0.96 0.96 0.95 0.70 0.95 0.91 0.96 0.96 0.96 0.96 0.95 0.74 0.87 0.96 0.69 0.92 0.96 0.95 0.95 0.95 0.96 0.95 0.95 0.93 0.96 0.93 0.87 0.76 0.86 0.78 0.86 0.86 0.85 0.86 0.86 0.85 0.85 0.85 0.85 0.28 0.80 0.80 0.80 0.80 0.80 0.30 0.30 0.06 0.15 0.96 1.00 1.00 1.00 1.00 1.00 0.98 1.00 1.00 0.99 1.00 0.99 0.98 0.98 0.85 0.94 0.91 0.94 0.77 0.83 0.83 0.83
1.00 1.00 1.00 1.00 0.95 1.00 1.00 1.00 0.99 1.00 1.00 1.00 1.00 1.00 1.00 1.00 0.90 1.00 0.99 1.00 1.00 1.00 1.00 1.00 0.95 0.98 1.00 0.92 0.99 1.00 1.00 1.00 1.00 1.00 1.00 1.00 1.00 1.00 1.00 0.98 0.95 0.98 0.96 0.98 0.98 0.98 0.98 0.98 0.98 0.98 0.98 0.98 0.63 0.97 0.97 0.97 0.97 0.97 0.60 0.61 0.26 0.38 0.99 1.00 1.00 1.00 1.00 1.00 1.00 1.00 1.00 1.00 1.00 1.00 1.00 1.00 0.97 0.99 0.99 0.99 0.95 0.97 0.97 0.97
0.93 0.85 0.85 0.83 0.53 0.91 0.85 0.81 0.77 0.87 0.81 0.81 0.87 0.81 0.81 0.79 0.48 0.78 0.74 0.80 0.81 0.81 0.81 0.78 0.45 0.60 0.80 0.43 0.71 0.80 0.78 0.78 0.78 0.80 0.78 0.78 0.74 0.80 0.74 0.67 0.50 0.64 0.54 0.64 0.64 0.63 0.64 0.65 0.62 0.63 0.63 0.63 0.10 0.56 0.56 0.56 0.56 0.56 0.13 0.12 0.01 0.07 0.87 1.00 1.00 1.00 1.00 0.99 0.94 0.99 0.99 0.95 1.00 0.95 0.93 0.93 0.68 0.80 0.74 0.83 0.56 0.61 0.61 0.61
0.96 0.93 0.93 0.92 0.68 0.96 0.93 0.91 0.88 0.94 0.91 0.91 0.94 0.92 0.92 0.90 0.61 0.90 0.85 0.91 0.92 0.92 0.92 0.90 0.63 0.78 0.91 0.59 0.85 0.91 0.90 0.90 0.90 0.91 0.90 0.90 0.87 0.91 0.87 0.80 0.65 0.78 0.69 0.78 0.78 0.77 0.78 0.78 0.76 0.77 0.77 0.77 0.19 0.71 0.71 0.71 0.71 0.71 0.21 0.20 0.03 0.11 0.93 1.00 1.00 1.00 1.00 0.99 0.97 0.99 0.99 0.97 1.00 0.97 0.96 0.96 0.80 0.89 0.85 0.91 0.69 0.75 0.75 0.75
0.94 0.87 0.87 0.84 0.55 0.92 0.87 0.82 0.78 0.89 0.83 0.82 0.89 0.82 0.82 0.79 0.49 0.79 0.75 0.81 0.82 0.82 0.82 0.79 0.47 0.62 0.81 0.45 0.72 0.81 0.79 0.79 0.79 0.81 0.79 0.79 0.76 0.81 0.76 0.69 0.50 0.65 0.55 0.65 0.65 0.63 0.65 0.65 0.63 0.63 0.63 0.63 0.11 0.56 0.56 0.56 0.56 0.56 0.13 0.12 0.01 0.06 0.89 1.00 1.00 1.00 1.00 0.99 0.94 0.99 0.99 0.95 1.00 0.95 0.94 0.93 0.71 0.82 0.76 0.84 0.57 0.63 0.63 0.63
0.87 0.70 0.70 0.66 0.35 0.82 0.70 0.63 0.59 0.76 0.64 0.62 0.76 0.62 0.62 0.58 0.30 0.57 0.56 0.60 0.62 0.62 0.62 0.57 0.26 0.37 0.60 0.24 0.48 0.60 0.57 0.56 0.57 0.60 0.57 0.56 0.52 0.60 0.52 0.49 0.31 0.45 0.35 0.46 0.46 0.44 0.46 0.46 0.42 0.44 0.44 0.44 0.04 0.36 0.36 0.36 0.36 0.36 0.06 0.05 0.00 0.03 0.78 1.00 1.00 1.00 1.00 0.97 0.89 0.97 0.97 0.90 1.00 0.89 0.86 0.85 0.53 0.69 0.60 0.73 0.38 0.45 0.45 0.45
0.97 0.96 0.96 0.95 0.73 0.97 0.96 0.94 0.91 0.96 0.94 0.94 0.96 0.94 0.94 0.93 0.68 0.93 0.89 0.94 0.94 0.94 0.94 0.93 0.69 0.83 0.94 0.64 0.90 0.94 0.94 0.93 0.93 0.94 0.94 0.94 0.91 0.94 0.91 0.84 0.71 0.83 0.74 0.82 0.82 0.81 0.82 0.82 0.81 0.81 0.81 0.81 0.24 0.76 0.76 0.76 0.76 0.76 0.26 0.26 0.04 0.13 0.95 1.00 1.00 1.00 1.00 1.00 0.98 1.00 1.00 0.98 1.00 0.98 0.98 0.98 0.84 0.92 0.88 0.93 0.74 0.80 0.80 0.80
0.97 0.95 0.95 0.93 0.71 0.97 0.95 0.93 0.90 0.95 0.93 0.93 0.95 0.93 0.93 0.91 0.64 0.91 0.87 0.93 0.93 0.93 0.93 0.91 0.65 0.80 0.93 0.61 0.87 0.93 0.92 0.92 0.91 0.93 0.92 0.92 0.89 0.93 0.89 0.82 0.68 0.80 0.71 0.80 0.80 0.79 0.80 0.80 0.78 0.79 0.79 0.79 0.20 0.72 0.72 0.72 0.72 0.72 0.23 0.23 0.03 0.12 0.94 1.00 1.00 1.00 1.00 1.00 0.98 1.00 1.00 0.98 1.00 0.98 0.97 0.97 0.81 0.91 0.87 0.92 0.70 0.76 0.76 0.76
0.95 0.90 0.90 0.88 0.60 0.94 0.90 0.86 0.83 0.91 0.87 0.86 0.91 0.86 0.87 0.84 0.54 0.84 0.79 0.85 0.86 0.86 0.87 0.84 0.53 0.68 0.85 0.50 0.78 0.85 0.84 0.84 0.84 0.85 0.84 0.84 0.81 0.85 0.81 0.73 0.56 0.70 0.60 0.70 0.70 0.68 0.70 0.70 0.67 0.68 0.68 0.68 0.14 0.62 0.62 0.62 0.62 0.62 0.16 0.15 0.02 0.09 0.90 1.00 1.00 1.00 1.00 0.99 0.95 0.99 0.99 0.96 1.00 0.96 0.95 0.95 0.73 0.85 0.79 0.87 0.61 0.67 0.67 0.67
0.87 0.71 0.71 0.67 0.36 0.82 0.71 0.64 0.59 0.76 0.65 0.63 0.76 0.63 0.63 0.58 0.31 0.58 0.57 0.61 0.63 0.63 0.63 0.58 0.27 0.38 0.61 0.26 0.49 0.60 0.57 0.57 0.58 0.60 0.57 0.57 0.53 0.60 0.53 0.50 0.32 0.47 0.36 0.48 0.48 0.46 0.48 0.48 0.44 0.46 0.46 0.46 0.05 0.38 0.38 0.38 0.38 0.38 0.06 0.05 0.00 0.03 0.80 1.00 1.00 1.00 1.00 0.97 0.90 0.97 0.97 0.91 1.00 0.90 0.87 0.86 0.55 0.70 0.61 0.74 0.40 0.46 0.46 0.46
0.88 0.74 0.74 0.70 0.38 0.84 0.74 0.68 0.63 0.79 0.68 0.67 0.79 0.67 0.66 0.62 0.33 0.61 0.60 0.65 0.67 0.67 0.66 0.61 0.30 0.42 0.65 0.28 0.53 0.64 0.61 0.61 0.61 0.64 0.61 0.61 0.56 0.64 0.56 0.53 0.34 0.49 0.38 0.50 0.50 0.48 0.50 0.50 0.46 0.48 0.48 0.48 0.05 0.40 0.40 0.40 0.40 0.40 0.07 0.06 0.00 0.04 0.80 1.00 1.00 1.00 1.00 0.97 0.90 0.97 0.97 0.91 1.00 0.91 0.89 0.88 0.58 0.72 0.64 0.76 0.43 0.49 0.49 0.49
0.89 0.75 0.75 0.71 0.39 0.84 0.75 0.68 0.64 0.79 0.69 0.67 0.79 0.67 0.67 0.63 0.34 0.62 0.61 0.65 0.67 0.67 0.67 0.62 0.30 0.42 0.65 0.29 0.54 0.65 0.62 0.62 0.62 0.65 0.62 0.62 0.57 0.65 0.57 0.53 0.36 0.50 0.40 0.51 0.51 0.49 0.51 0.51 0.47 0.49 0.49 0.49 0.05 0.41 0.41 0.41 0.41 0.41 0.07 0.06 0.01 0.04 0.81 1.00 1.00 1.00 1.00 0.97 0.90 0.97 0.97 0.91 1.00 0.92 0.89 0.88 0.58 0.72 0.64 0.76 0.43 0.50 0.50 0.50
0.89 0.76 0.76 0.71 0.40 0.85 0.76 0.69 0.64 0.80 0.70 0.69 0.80 0.69 0.68 0.65 0.35 0.64 0.62 0.67 0.69 0.69 0.68 0.64 0.32 0.44 0.67 0.29 0.56 0.67 0.64 0.64 0.64 0.67 0.64 0.64 0.59 0.67 0.59 0.55 0.36 0.52 0.41 0.52 0.52 0.50 0.52 0.52 0.48 0.50 0.50 0.50 0.06 0.42 0.42 0.42 0.42 0.42 0.08 0.06 0.01 0.04 0.81 1.00 1.00 1.00 1.00 0.97 0.91 0.97 0.97 0.92 1.00 0.92 0.89 0.88 0.59 0.73 0.64 0.76 0.44 0.51 0.51 0.51
0.89 0.76 0.76 0.72 0.41 0.85 0.76 0.70 0.65 0.80 0.70 0.68 0.80 0.68 0.68 0.64 0.35 0.64 0.62 0.67 0.68 0.68 0.68 0.64 0.32 0.44 0.67 0.31 0.56 0.67 0.64 0.64 0.64 0.67 0.64 0.64 0.59 0.67 0.59 0.56 0.37 0.52 0.41 0.53 0.53 0.51 0.53 0.53 0.50 0.51 0.51 0.51 0.06 0.43 0.43 0.43 0.43 0.43 0.07 0.07 0.01 0.04 0.81 1.00 1.00 1.00 1.00 0.97 0.91 0.97 0.97 0.92 1.00 0.91 0.89 0.89 0.58 0.73 0.66 0.77 0.44 0.51 0.51 0.51
0.94 0.88 0.88 0.85 0.57 0.92 0.88 0.84 0.80 0.89 0.84 0.84 0.89 0.85 0.84 0.81 0.51 0.81 0.76 0.83 0.85 0.85 0.84 0.81 0.49 0.65 0.83 0.46 0.75 0.83 0.81 0.81 0.81 0.83 0.81 0.81 0.78 0.83 0.78 0.71 0.54 0.68 0.58 0.68 0.68 0.66 0.68 0.68 0.65 0.66 0.66 0.66 0.12 0.59 0.59 0.59 0.59 0.59 0.14 0.14 0.01 0.07 0.89 1.00 1.00 1.00 1.00 0.99 0.94 0.99 0.99 0.96 1.00 0.95 0.94 0.94 0.72 0.84 0.78 0.86 0.59 0.65 0.65 0.65
1.00 0.99 0.99 0.99 0.89 1.00 0.99 0.99 0.98 0.99 0.99 0.99 0.99 0.99 0.99 0.99 0.83 0.99 0.97 0.99 0.99 0.99 0.99 0.99 0.88 0.96 0.99 0.83 0.98 0.99 0.99 0.99 0.99 0.99 0.99 0.99 0.98 0.99 0.98 0.94 0.89 0.94 0.90 0.94 0.94 0.94 0.94 0.94 0.94 0.94 0.94 0.94 0.46 0.91 0.91 0.91 0.91 0.91 0.45 0.46 0.13 0.25 0.99 1.00 1.00 1.00 1.00 1.00 0.99 1.00 1.00 1.00 1.00 1.00 1.00 0.99 0.93 0.98 0.96 0.98 0.89 0.93 0.93 0.93
0.95 0.90 0.90 0.88 0.61 0.94 0.90 0.87 0.83 0.92 0.88 0.87 0.92 0.87 0.88 0.85 0.55 0.85 0.80 0.86 0.87 0.87 0.87 0.85 0.54 0.69 0.86 0.50 0.79 0.86 0.85 0.85 0.85 0.86 0.85 0.85 0.82 0.86 0.82 0.73 0.57 0.70 0.61 0.71 0.71 0.69 0.71 0.71 0.68 0.69 0.69 0.69 0.13 0.63 0.63 0.63 0.63 0.63 0.17 0.16 0.02 0.08 0.90 1.00 1.00 1.00 1.00 0.99 0.96 0.99 0.99 0.96 1.00 0.96 0.95 0.95 0.74 0.85 0.80 0.87 0.61 0.67 0.67 0.67
0.89 0.77 0.77 0.73 0.42 0.86 0.77 0.71 0.66 0.81 0.72 0.71 0.81 0.71 0.71 0.67 0.38 0.66 0.64 0.69 0.71 0.71 0.71 0.66 0.33 0.47 0.69 0.32 0.58 0.69 0.67 0.66 0.66 0.69 0.67 0.66 0.62 0.69 0.62 0.56 0.38 0.53 0.42 0.53 0.53 0.51 0.53 0.53 0.50 0.51 0.51 0.51 0.06 0.44 0.44 0.44 0.44 0.44 0.08 0.07 0.00 0.04 0.82 1.00 1.00 1.00 1.00 0.97 0.91 0.97 0.97 0.92 1.00 0.92 0.90 0.89 0.60 0.74 0.66 0.77 0.45 0.53 0.53 0.53
