0.75 0.90 0.90 0.89 0.64 0.85 0.90 0.88 0.85 0.89 0.91 0.91 0.89 0.94 0.94 0.92 0.66 0.95 0.77 0.96 0.94 0.94 0.94 0.95 0.67 0.85 0.96 0.63 0.94 0.97 1.00 1.00 0.95 0.97 1.00 1.00 0.96 0.97 0.96
0.75 0.90 0.90 0.88 0.63 0.85 0.90 0.88 0.85 0.89 0.91 0.91 0.89 0.94 0.94 0.92 0.65 0.95 0.78 0.96 0.94 0.94 0.94 0.95 0.67 0.85 0.96 0.63 0.95 0.97 1.00 1.00 0.95 0.97 1.00 1.00 0.96 0.97 0.96
0.78 0.93 0.93 0.91 0.68 0.88 0.93 0.91 0.88 0.92 0.93 0.94 0.92 0.96 0.96 0.94 0.70 0.96 0.81 0.97 0.96 0.96 0.96 0.96 0.72 0.88 0.97 0.68 0.96 0.98 1.00 1.00 0.96 0.98 1.00 1.00 0.97 0.98 0.97
0.83 0.95 0.95 0.94 0.73 0.92 0.95 0.94 0.92 0.95 0.96 0.96 0.95 0.97 0.97 0.96 0.74 0.98 0.84 0.98 0.97 0.97 0.97 0.98 0.78 0.91 0.98 0.73 0.97 0.98 1.00 1.00 0.98 0.98 1.00 1.00 0.98 0.98 0.98
0.79 0.93 0.93 0.92 0.69 0.88 0.93 0.91 0.89 0.92 0.93 0.94 0.92 0.96 0.96 0.94 0.70 0.97 0.81 0.97 0.96 0.96 0.96 0.97 0.73 0.88 0.97 0.68 0.96 0.97 1.00 1.00 0.97 0.97 1.00 1.00 0.97 0.97 0.97
0.78 0.92 0.92 0.91 0.68 0.87 0.92 0.90 0.88 0.91 0.92 0.93 0.91 0.95 0.95 0.94 0.68 0.96 0.80 0.97 0.95 0.95 0.95 0.96 0.71 0.87 0.97 0.66 0.95 0.97 1.00 1.00 0.96 0.97 1.00 1.00 0.97 0.97 0.97
0.90 0.99 0.99 0.98 0.84 0.96 0.99 0.98 0.97 0.98 0.99 0.99 0.98 0.99 0.99 0.99 0.81 0.99 0.90 0.99 0.99 0.99 0.99 0.99 0.86 0.96 0.99 0.82 0.98 1.00 1.00 1.00 0.99 1.00 1.00 1.00 0.99 1.00 0.99
0.86 0.97 0.97 0.96 0.78 0.94 0.97 0.96 0.94 0.96 0.97 0.97 0.96 0.98 0.98 0.97 0.78 0.98 0.87 0.99 0.98 0.98 0.98 0.98 0.81 0.93 0.99 0.76 0.98 0.99 1.00 1.00 0.98 0.99 1.00 1.00 0.98 0.99 0.98
0.49 0.68 0.68 0.65 0.38 0.62 0.68 0.64 0.60 0.67 0.70 0.71 0.67 0.77 0.76 0.75 0.47 0.83 0.60 0.88 0.77 0.77 0.77 0.83 0.42 0.67 0.88 0.41 0.87 0.90 0.99 1.00 0.83 0.90 0.99 1.00 0.89 0.90 0.89
0.51 0.69 0.69 0.67 0.39 0.62 0.69 0.66 0.62 0.68 0.71 0.72 0.68 0.78 0.78 0.76 0.48 0.83 0.61 0.88 0.78 0.78 0.78 0.83 0.43 0.68 0.88 0.42 0.88 0.91 0.99 1.00 0.83 0.91 0.99 1.00 0.90 0.91 0.90
0.62 0.80 0.80 0.78 0.50 0.74 0.80 0.77 0.73 0.78 0.81 0.82 0.78 0.86 0.86 0.85 0.56 0.89 0.69 0.92 0.86 0.86 0.86 0.89 0.53 0.76 0.92 0.51 0.91 0.93 0.99 1.00 0.89 0.93 0.99 1.00 0.93 0.93 0.93
0.75 0.90 0.90 0.89 0.64 0.85 0.90 0.88 0.85 0.89 0.91 0.92 0.89 0.94 0.94 0.93 0.66 0.95 0.78 0.96 0.94 0.94 0.94 0.95 0.68 0.85 0.96 0.64 0.95 0.97 1.00 1.00 0.95 0.97 1.00 1.00 0.96 0.97 0.96
0.49 0.67 0.67 0.65 0.38 0.61 0.67 0.65 0.61 0.67 0.69 0.71 0.67 0.77 0.77 0.75 0.47 0.83 0.60 0.89 0.77 0.77 0.77 0.83 0.41 0.67 0.89 0.40 0.88 0.91 0.99 1.00 0.83 0.91 0.99 1.00 0.90 0.91 0.90
0.70 0.87 0.87 0.85 0.58 0.81 0.87 0.84 0.81 0.85 0.87 0.88 0.85 0.91 0.91 0.90 0.62 0.93 0.73 0.95 0.91 0.91 0.91 0.93 0.63 0.82 0.95 0.60 0.94 0.96 1.00 1.00 0.93 0.96 1.00 1.00 0.95 0.96 0.95
0.87 0.98 0.98 0.97 0.79 0.95 0.98 0.96 0.95 0.97 0.98 0.98 0.97 0.99 0.99 0.98 0.78 0.99 0.87 0.99 0.99 0.99 0.99 0.99 0.82 0.94 0.99 0.78 0.98 0.99 1.00 1.00 0.99 0.99 1.00 1.00 0.98 0.99 0.98
0.44 0.62 0.62 0.60 0.34 0.57 0.62 0.59 0.55 0.63 0.64 0.66 0.63 0.73 0.72 0.71 0.43 0.79 0.57 0.86 0.73 0.73 0.73 0.79 0.38 0.63 0.86 0.38 0.86 0.89 0.99 1.00 0.79 0.89 0.99 1.00 0.88 0.89 0.88
0.50 0.68 0.68 0.65 0.38 0.62 0.68 0.64 0.60 0.68 0.69 0.71 0.68 0.77 0.76 0.76 0.47 0.83 0.60 0.88 0.77 0.77 0.77 0.83 0.41 0.68 0.88 0.41 0.87 0.90 0.99 1.00 0.83 0.90 0.99 1.00 0.89 0.90 0.89
0.80 0.94 0.94 0.92 0.70 0.89 0.94 0.92 0.89 0.92 0.94 0.95 0.92 0.96 0.96 0.95 0.71 0.97 0.81 0.97 0.96 0.96 0.96 0.97 0.73 0.89 0.97 0.68 0.96 0.98 1.00 1.00 0.97 0.98 1.00 1.00 0.97 0.98 0.97
0.56 0.74 0.74 0.71 0.44 0.68 0.74 0.71 0.67 0.73 0.75 0.76 0.73 0.82 0.81 0.80 0.51 0.86 0.64 0.91 0.82 0.82 0.82 0.86 0.48 0.72 0.91 0.47 0.89 0.92 0.99 1.00 0.86 0.92 0.99 1.00 0.92 0.92 0.92
0.77 0.92 0.92 0.91 0.67 0.87 0.92 0.91 0.88 0.91 0.93 0.93 0.91 0.95 0.95 0.94 0.68 0.96 0.79 0.97 0.95 0.95 0.95 0.96 0.70 0.86 0.97 0.65 0.95 0.97 1.00 1.00 0.96 0.97 1.00 1.00 0.96 0.97 0.96
0.40 0.57 0.57 0.55 0.30 0.52 0.57 0.55 0.51 0.58 0.59 0.61 0.58 0.68 0.68 0.66 0.40 0.76 0.54 0.85 0.68 0.68 0.68 0.76 0.34 0.60 0.85 0.34 0.84 0.88 0.99 1.00 0.76 0.88 0.99 1.00 0.86 0.88 0.86
0.66 0.84 0.84 0.81 0.55 0.78 0.84 0.81 0.77 0.83 0.85 0.86 0.83 0.89 0.89 0.88 0.59 0.91 0.71 0.93 0.89 0.89 0.89 0.91 0.57 0.80 0.93 0.55 0.92 0.94 0.99 1.00 0.91 0.94 0.99 1.00 0.94 0.94 0.94
0.74 0.89 0.89 0.87 0.63 0.84 0.89 0.87 0.84 0.88 0.90 0.91 0.88 0.93 0.93 0.92 0.65 0.95 0.76 0.96 0.93 0.93 0.93 0.95 0.65 0.84 0.96 0.61 0.94 0.96 1.00 1.00 0.95 0.96 1.00 1.00 0.96 0.96 0.96
0.57 0.75 0.75 0.73 0.45 0.70 0.75 0.72 0.68 0.75 0.77 0.78 0.75 0.83 0.83 0.81 0.52 0.87 0.66 0.91 0.83 0.83 0.83 0.87 0.49 0.73 0.91 0.47 0.90 0.92 0.99 1.00 0.87 0.92 0.99 1.00 0.92 0.92 0.92
0.60 0.79 0.79 0.77 0.48 0.72 0.79 0.76 0.72 0.77 0.80 0.81 0.77 0.85 0.85 0.83 0.55 0.89 0.68 0.92 0.85 0.85 0.85 0.89 0.53 0.75 0.92 0.50 0.90 0.93 0.99 1.00 0.89 0.93 0.99 1.00 0.93 0.93 0.93
0.64 0.82 0.82 0.80 0.54 0.76 0.82 0.80 0.76 0.80 0.83 0.84 0.80 0.88 0.88 0.87 0.57 0.91 0.71 0.94 0.88 0.88 0.88 0.91 0.57 0.78 0.94 0.54 0.92 0.94 1.00 1.00 0.91 0.94 1.00 1.00 0.94 0.94 0.94
0.58 0.76 0.76 0.75 0.47 0.70 0.76 0.74 0.70 0.75 0.78 0.79 0.75 0.84 0.84 0.82 0.53 0.88 0.66 0.91 0.84 0.84 0.84 0.88 0.50 0.73 0.91 0.48 0.90 0.92 0.99 1.00 0.88 0.92 0.99 1.00 0.92 0.92 0.92
0.96 1.00 1.00 1.00 0.91 0.99 1.00 1.00 0.99 1.00 1.00 1.00 1.00 1.00 1.00 1.00 0.90 1.00 0.95 1.00 1.00 1.00 1.00 1.00 0.96 0.99 1.00 0.92 1.00 1.00 1.00 1.00 1.00 1.00 1.00 1.00 1.00 1.00 1.00
0.54 0.73 0.73 0.71 0.43 0.66 0.73 0.70 0.66 0.72 0.75 0.77 0.72 0.81 0.81 0.80 0.51 0.86 0.63 0.89 0.81 0.81 0.81 0.86 0.46 0.71 0.89 0.45 0.89 0.91 0.99 1.00 0.86 0.91 0.99 1.00 0.91 0.91 0.91
0.51 0.69 0.69 0.67 0.40 0.63 0.69 0.67 0.63 0.68 0.71 0.72 0.68 0.78 0.78 0.76 0.47 0.83 0.62 0.89 0.78 0.78 0.79 0.83 0.44 0.69 0.89 0.42 0.88 0.91 0.99 1.00 0.83 0.91 0.99 1.00 0.90 0.91 0.90
0.93 0.99 0.99 0.99 0.87 0.97 0.99 0.99 0.98 0.99 0.99 0.99 0.99 1.00 1.00 0.99 0.85 1.00 0.92 1.00 1.00 1.00 1.00 1.00 0.90 0.97 1.00 0.86 0.99 1.00 1.00 1.00 1.00 1.00 1.00 1.00 0.99 1.00 0.99
0.95 1.00 1.00 1.00 0.91 0.99 1.00 1.00 0.99 0.99 1.00 1.00 0.99 1.00 1.00 1.00 0.90 1.00 0.95 1.00 1.00 1.00 1.00 1.00 0.94 0.99 1.00 0.91 0.99 1.00 1.00 1.00 1.00 1.00 1.00 1.00 1.00 1.00 1.00
0.83 0.95 0.95 0.94 0.72 0.90 0.95 0.93 0.91 0.93 0.95 0.96 0.93 0.97 0.97 0.96 0.72 0.98 0.83 0.98 0.97 0.97 0.97 0.98 0.75 0.90 0.98 0.71 0.97 0.98 1.00 1.00 0.98 0.98 1.00 1.00 0.98 0.98 0.98
0.70 0.87 0.87 0.85 0.60 0.82 0.87 0.85 0.81 0.86 0.88 0.89 0.86 0.92 0.91 0.90 0.63 0.94 0.74 0.95 0.92 0.92 0.92 0.94 0.62 0.82 0.95 0.60 0.94 0.96 1.00 1.00 0.94 0.96 1.00 1.00 0.95 0.96 0.95
0.41 0.58 0.58 0.56 0.30 0.54 0.58 0.55 0.51 0.60 0.60 0.62 0.60 0.70 0.69 0.67 0.41 0.77 0.55 0.84 0.70 0.70 0.70 0.77 0.35 0.61 0.84 0.35 0.84 0.87 0.99 1.00 0.77 0.87 0.99 1.00 0.86 0.87 0.86
0.53 0.71 0.71 0.69 0.41 0.65 0.71 0.68 0.64 0.70 0.72 0.74 0.70 0.79 0.79 0.78 0.49 0.84 0.63 0.90 0.79 0.79 0.80 0.84 0.44 0.70 0.90 0.44 0.88 0.91 0.99 1.00 0.84 0.91 0.99 1.00 0.90 0.91 0.90
0.94 1.00 1.00 0.99 0.90 0.98 1.00 0.99 0.99 0.99 1.00 1.00 0.99 1.00 1.00 1.00 0.88 1.00 0.94 1.00 1.00 1.00 1.00 1.00 0.94 0.98 1.00 0.90 1.00 1.00 1.00 1.00 1.00 1.00 1.00 1.00 1.00 1.00 1.00
0.71 0.87 0.87 0.86 0.60 0.82 0.87 0.85 0.82 0.86 0.88 0.89 0.86 0.92 0.92 0.91 0.63 0.94 0.76 0.95 0.92 0.92 0.92 0.94 0.63 0.83 0.95 0.60 0.94 0.96 1.00 1.00 0.94 0.96 1.00 1.00 0.95 0.96 0.95
0.45 0.63 0.63 0.61 0.34 0.58 0.63 0.60 0.56 0.63 0.65 0.67 0.63 0.73 0.73 0.71 0.44 0.80 0.57 0.86 0.73 0.73 0.73 0.80 0.38 0.65 0.86 0.39 0.86 0.89 0.99 1.00 0.80 0.89 0.99 1.00 0.88 0.89 0.88
0.45 0.63 0.63 0.60 0.34 0.57 0.63 0.60 0.55 0.63 0.65 0.66 0.63 0.73 0.73 0.71 0.43 0.79 0.57 0.86 0.73 0.73 0.73 0.79 0.38 0.64 0.86 0.38 0.86 0.89 0.99 1.00 0.79 0.89 0.99 1.00 0.88 0.89 0.88
0.41 0.59 0.59 0.57 0.31 0.54 0.59 0.56 0.52 0.60 0.62 0.64 0.60 0.70 0.70 0.69 0.42 0.77 0.55 0.85 0.70 0.70 0.71 0.77 0.35 0.62 0.85 0.36 0.85 0.88 0.99 1.00 0.77 0.88 0.99 1.00 0.87 0.88 0.87
0.79 0.93 0.93 0.91 0.68 0.88 0.93 0.91 0.88 0.91 0.93 0.94 0.91 0.96 0.96 0.95 0.70 0.96 0.81 0.97 0.96 0.96 0.96 0.96 0.72 0.87 0.97 0.67 0.96 0.98 1.00 1.00 0.96 0.98 1.00 1.00 0.97 0.98 0.97
0.95 1.00 1.00 0.99 0.90 0.98 1.00 0.99 0.99 0.99 1.00 0.99 0.99 1.00 1.00 1.00 0.89 1.00 0.94 1.00 1.00 1.00 1.00 1.00 0.93 0.98 1.00 0.89 0.99 1.00 1.00 1.00 1.00 1.00 1.00 1.00 0.99 1.00 0.99
0.46 0.63 0.63 0.61 0.34 0.58 0.63 0.60 0.56 0.64 0.65 0.66 0.64 0.73 0.73 0.72 0.44 0.80 0.58 0.86 0.73 0.73 0.74 0.80 0.38 0.65 0.86 0.38 0.86 0.89 0.99 1.00 0.80 0.89 0.99 1.00 0.88 0.89 0.88
0.37 0.54 0.54 0.52 0.27 0.49 0.54 0.51 0.48 0.55 0.56 0.58 0.55 0.65 0.65 0.64 0.37 0.74 0.51 0.83 0.65 0.65 0.65 0.74 0.31 0.58 0.83 0.32 0.83 0.86 0.98 1.00 0.74 0.86 0.98 1.00 0.85 0.86 0.85
0.96 1.00 1.00 1.00 0.92 0.99 1.00 1.00 0.99 1.00 1.00 1.00 1.00 1.00 1.00 1.00 0.91 1.00 0.96 1.00 1.00 1.00 1.00 1.00 0.96 0.99 1.00 0.93 1.00 1.00 1.00 1.00 1.00 1.00 1.00 1.00 1.00 1.00 1.00
0.49 0.68 0.68 0.66 0.38 0.61 0.68 0.65 0.61 0.67 0.69 0.71 0.67 0.77 0.76 0.75 0.46 0.82 0.60 0.88 0.77 0.77 0.77 0.82 0.41 0.67 0.88 0.41 0.87 0.90 0.99 1.00 0.82 0.90 0.99 1.00 0.89 0.90 0.89
0.70 0.87 0.87 0.85 0.59 0.81 0.87 0.85 0.82 0.85 0.88 0.88 0.85 0.91 0.91 0.90 0.62 0.94 0.74 0.95 0.91 0.91 0.91 0.94 0.62 0.82 0.95 0.58 0.93 0.96 1.00 1.00 0.94 0.96 1.00 1.00 0.95 0.96 0.95
0.60 0.78 0.78 0.76 0.48 0.72 0.78 0.75 0.71 0.77 0.79 0.80 0.77 0.85 0.85 0.84 0.55 0.89 0.67 0.92 0.85 0.85 0.85 0.89 0.52 0.74 0.92 0.50 0.90 0.93 0.99 1.00 0.89 0.93 0.99 1.00 0.93 0.93 0.93
0.77 0.92 0.92 0.90 0.67 0.86 0.92 0.90 0.87 0.90 0.93 0.93 0.90 0.95 0.95 0.94 0.67 0.96 0.80 0.97 0.95 0.95 0.95 0.96 0.69 0.87 0.97 0.66 0.95 0.97 1.00 1.00 0.96 0.97 1.00 1.00 0.97 0.97 0.97
0.94 0.99 0.99 0.99 0.89 0.98 0.99 0.99 0.99 0.99 1.00 1.00 0.99 1.00 1.00 1.00 0.88 1.00 0.94 1.00 1.00 1.00 1.00 1.00 0.93 0.98 1.00 0.89 0.99 1.00 1.00 1.00 1.00 1.00 1.00 1.00 0.99 1.00 0.99
0.56 0.74 0.74 0.71 0.44 0.68 0.74 0.70 0.67 0.74 0.75 0.76 0.74 0.82 0.81 0.79 0.51 0.86 0.64 0.90 0.82 0.82 0.82 0.86 0.47 0.72 0.90 0.46 0.89 0.92 0.99 1.00 0.86 0.92 0.99 1.00 0.91 0.92 0.91
0.46 0.64 0.64 0.61 0.34 0.58 0.64 0.61 0.57 0.64 0.65 0.67 0.64 0.73 0.73 0.72 0.43 0.80 0.58 0.87 0.73 0.73 0.74 0.80 0.39 0.65 0.87 0.39 0.86 0.89 0.99 1.00 0.80 0.89 0.99 1.00 0.89 0.89 0.89
0.75 0.90 0.90 0.89 0.64 0.85 0.90 0.88 0.85 0.89 0.91 0.92 0.89 0.94 0.94 0.93 0.66 0.95 0.77 0.96 0.94 0.94 0.94 0.95 0.67 0.85 0.96 0.63 0.95 0.97 1.00 1.00 0.95 0.97 1.00 1.00 0.96 0.97 0.96
0.67 0.84 0.84 0.83 0.56 0.78 0.84 0.82 0.78 0.83 0.85 0.87 0.83 0.90 0.90 0.88 0.60 0.92 0.73 0.94 0.90 0.90 0.90 0.92 0.59 0.79 0.94 0.56 0.93 0.95 1.00 1.00 0.92 0.95 1.00 1.00 0.95 0.95 0.95
0.57 0.76 0.76 0.74 0.47 0.69 0.76 0.73 0.69 0.75 0.77 0.78 0.75 0.83 0.83 0.81 0.53 0.87 0.66 0.91 0.83 0.83 0.84 0.87 0.50 0.74 0.91 0.48 0.90 0.93 0.99 1.00 0.87 0.93 0.99 1.00 0.92 0.93 0.92
0.74 0.89 0.89 0.87 0.62 0.84 0.89 0.87 0.84 0.88 0.90 0.91 0.88 0.93 0.93 0.92 0.65 0.95 0.76 0.96 0.93 0.93 0.93 0.95 0.65 0.84 0.96 0.61 0.94 0.96 1.00 1.00 0.95 0.96 1.00 1.00 0.96 0.96 0.96
0.74 0.89 0.89 0.88 0.63 0.84 0.89 0.87 0.84 0.88 0.90 0.91 0.88 0.93 0.93 0.92 0.64 0.95 0.77 0.96 0.93 0.93 0.93 0.95 0.66 0.85 0.96 0.62 0.94 0.97 1.00 1.00 0.95 0.97 1.00 1.00 0.96 0.97 0.96
0.70 0.86 0.86 0.85 0.58 0.80 0.86 0.84 0.81 0.85 0.87 0.88 0.85 0.91 0.91 0.90 0.61 0.93 0.73 0.95 0.91 0.91 0.91 0.93 0.62 0.82 0.95 0.58 0.93 0.95 1.00 1.00 0.93 0.95 1.00 1.00 0.95 0.95 0.95
0.71 0.88 0.88 0.86 0.60 0.82 0.88 0.86 0.82 0.87 0.89 0.89 0.87 0.92 0.92 0.91 0.64 0.94 0.75 0.95 0.92 0.92 0.92 0.94 0.63 0.83 0.95 0.59 0.94 0.96 1.00 1.00 0.94 0.96 1.00 1.00 0.95 0.96 0.95
0.42 0.59 0.59 0.57 0.30 0.54 0.59 0.57 0.53 0.60 0.61 0.63 0.60 0.69 0.69 0.68 0.41 0.77 0.54 0.85 0.69 0.69 0.70 0.77 0.34 0.62 0.85 0.35 0.85 0.88 0.99 1.00 0.77 0.88 0.99 1.00 0.87 0.88 0.87
0.77 0.92 0.92 0.90 0.67 0.87 0.92 0.90 0.87 0.91 0.92 0.93 0.91 0.95 0.95 0.94 0.68 0.96 0.80 0.97 0.95 0.95 0.95 0.96 0.70 0.86 0.97 0.66 0.95 0.97 1.00 1.00 0.96 0.97 1.00 1.00 0.97 0.97 0.97
0.69 0.86 0.86 0.84 0.58 0.80 0.86 0.83 0.80 0.85 0.87 0.88 0.85 0.91 0.91 0.90 0.61 0.93 0.74 0.95 0.91 0.91 0.91 0.93 0.61 0.81 0.95 0.58 0.93 0.96 1.00 1.00 0.93 0.96 1.00 1.00 0.95 0.96 0.95
0.57 0.75 0.75 0.73 0.45 0.69 0.75 0.72 0.68 0.74 0.76 0.77 0.74 0.83 0.83 0.81 0.52 0.86 0.66 0.91 0.83 0.83 0.83 0.86 0.49 0.72 0.91 0.48 0.89 0.93 0.99 1.00 0.86 0.93 0.99 1.00 0.91 0.93 0.91
0.39 0.58 0.58 0.55 0.29 0.52 0.58 0.54 0.50 0.58 0.60 0.61 0.58 0.68 0.68 0.66 0.40 0.76 0.54 0.85 0.68 0.68 0.69 0.76 0.34 0.59 0.85 0.34 0.84 0.88 0.99 1.00 0.76 0.88 0.99 1.00 0.87 0.88 0.87
0.80 0.94 0.94 0.92 0.70 0.88 0.94 0.92 0.89 0.92 0.94 0.94 0.92 0.96 0.96 0.95 0.71 0.97 0.81 0.97 0.96 0.96 0.96 0.97 0.73 0.89 0.97 0.68 0.96 0.98 1.00 1.00 0.97 0.98 1.00 1.00 0.97 0.98 0.97
0.90 0.99 0.99 0.98 0.83 0.96 0.99 0.98 0.96 0.98 0.99 0.99 0.98 0.99 0.99 0.99 0.82 0.99 0.90 1.00 0.99 0.99 0.99 0.99 0.87 0.96 1.00 0.82 0.99 1.00 1.00 1.00 0.99 1.00 1.00 1.00 0.99 1.00 0.99
0.68 0.85 0.85 0.82 0.56 0.79 0.85 0.82 0.79 0.83 0.86 0.87 0.83 0.90 0.90 0.88 0.60 0.93 0.72 0.94 0.90 0.90 0.90 0.93 0.59 0.81 0.94 0.56 0.93 0.95 1.00 1.00 0.93 0.95 1.00 1.00 0.95 0.95 0.95
0.72 0.88 0.88 0.86 0.60 0.82 0.88 0.86 0.82 0.86 0.89 0.90 0.86 0.93 0.92 0.90 0.63 0.94 0.76 0.95 0.93 0.93 0.93 0.94 0.63 0.83 0.95 0.60 0.94 0.96 1.00 1.00 0.94 0.96 1.00 1.00 0.96 0.96 0.96
0.39 0.57 0.57 0.55 0.29 0.52 0.57 0.55 0.50 0.58 0.59 0.61 0.58 0.68 0.68 0.67 0.40 0.75 0.53 0.84 0.68 0.68 0.69 0.75 0.33 0.59 0.84 0.34 0.84 0.87 0.98 0.99 0.75 0.87 0.98 1.00 0.86 0.87 0.86
0.95 1.00 1.00 0.99 0.89 0.98 1.00 0.99 0.98 0.99 1.00 1.00 0.99 1.00 1.00 1.00 0.88 1.00 0.94 1.00 1.00 1.00 1.00 1.00 0.93 0.98 1.00 0.89 0.99 1.00 1.00 1.00 1.00 1.00 1.00 1.00 1.00 1.00 1.00
0.86 0.97 0.97 0.96 0.78 0.93 0.97 0.96 0.94 0.96 0.97 0.97 0.96 0.99 0.99 0.98 0.76 0.99 0.86 0.99 0.99 0.99 0.99 0.99 0.81 0.93 0.99 0.75 0.98 0.99 1.00 1.00 0.99 0.99 1.00 1.00 0.98 0.99 0.98
0.71 0.88 0.88 0.86 0.61 0.83 0.88 0.86 0.82 0.87 0.88 0.90 0.87 0.92 0.93 0.91 0.64 0.94 0.76 0.95 0.92 0.92 0.93 0.94 0.65 0.83 0.95 0.60 0.94 0.96 1.00 1.00 0.94 0.96 1.00 1.00 0.95 0.96 0.95
0.87 0.97 0.97 0.96 0.78 0.94 0.97 0.96 0.94 0.96 0.97 0.97 0.96 0.98 0.98 0.98 0.78 0.99 0.87 0.99 0.98 0.98 0.98 0.99 0.81 0.93 0.99 0.76 0.98 0.99 1.00 1.00 0.99 0.99 1.00 1.00 0.98 0.99 0.98
0.88 0.98 0.98 0.97 0.81 0.95 0.98 0.97 0.96 0.97 0.98 0.98 0.97 0.99 0.99 0.98 0.80 0.99 0.88 0.99 0.99 0.99 0.99 0.99 0.85 0.95 0.99 0.80 0.98 0.99 1.00 1.00 0.99 0.99 1.00 1.00 0.99 0.99 0.99
0.47 0.64 0.64 0.62 0.34 0.59 0.64 0.61 0.57 0.65 0.66 0.68 0.65 0.74 0.74 0.72 0.45 0.80 0.58 0.87 0.74 0.74 0.74 0.80 0.39 0.65 0.87 0.39 0.86 0.89 0.99 1.00 0.80 0.89 0.99 1.00 0.88 0.89 0.88
0.64 0.81 0.81 0.80 0.52 0.75 0.81 0.79 0.75 0.80 0.82 0.83 0.80 0.87 0.87 0.86 0.57 0.90 0.70 0.93 0.87 0.87 0.88 0.90 0.55 0.78 0.93 0.53 0.91 0.94 1.00 1.00 0.90 0.94 1.00 1.00 0.94 0.94 0.94
0.87 0.98 0.98 0.97 0.78 0.95 0.98 0.96 0.95 0.97 0.98 0.98 0.97 0.99 0.99 0.98 0.79 0.99 0.88 0.99 0.99 0.99 0.99 0.99 0.83 0.94 0.99 0.78 0.98 0.99 1.00 1.00 0.99 0.99 1.00 1.00 0.99 0.99 0.99
0.60 0.78 0.78 0.76 0.49 0.72 0.78 0.75 0.72 0.77 0.79 0.80 0.77 0.85 0.84 0.83 0.54 0.89 0.67 0.92 0.85 0.85 0.85 0.89 0.52 0.74 0.92 0.50 0.90 0.93 0.99 1.00 0.89 0.93 0.99 1.00 0.93 0.93 0.93
0.62 0.80 0.80 0.78 0.50 0.73 0.80 0.77 0.73 0.78 0.81 0.82 0.78 0.86 0.86 0.84 0.55 0.89 0.68 0.92 0.86 0.86 0.86 0.89 0.53 0.76 0.92 0.51 0.92 0.93 0.99 1.00 0.89 0.93 0.99 1.00 0.93 0.93 0.93
0.44 0.62 0.62 0.60 0.33 0.56 0.62 0.59 0.55 0.62 0.64 0.66 0.62 0.72 0.72 0.71 0.43 0.79 0.56 0.85 0.72 0.72 0.72 0.79 0.37 0.64 0.85 0.37 0.86 0.88 0.99 1.00 0.79 0.88 0.99 1.00 0.87 0.88 0.87
0.73 0.88 0.88 0.87 0.61 0.83 0.88 0.86 0.83 0.87 0.89 0.90 0.87 0.93 0.93 0.91 0.64 0.94 0.76 0.95 0.93 0.93 0.93 0.94 0.65 0.83 0.95 0.61 0.94 0.96 1.00 1.00 0.94 0.96 1.00 1.00 0.96 0.96 0.96
0.79 0.93 0.93 0.92 0.69 0.88 0.93 0.91 0.88 0.92 0.94 0.94 0.92 0.96 0.96 0.95 0.70 0.97 0.80 0.97 0.96 0.96 0.96 0.97 0.72 0.88 0.97 0.68 0.96 0.98 1.00 1.00 0.97 0.98 1.00 1.00 0.97 0.98 0.97
0.85 0.97 0.97 0.96 0.77 0.93 0.97 0.95 0.93 0.96 0.97 0.97 0.96 0.98 0.98 0.97 0.76 0.99 0.87 0.99 0.98 0.98 0.98 0.99 0.80 0.93 0.99 0.76 0.97 0.99 1.00 1.00 0.99 0.99 1.00 1.00 0.98 0.99 0.98
0.83 0.96 0.96 0.95 0.75 0.92 0.96 0.95 0.92 0.95 0.96 0.96 0.95 0.98 0.98 0.97 0.74 0.98 0.85 0.99 0.98 0.98 0.98 0.98 0.78 0.91 0.99 0.73 0.97 0.99 1.00 1.00 0.98 0.99 1.00 1.00 0.98 0.99 0.98
0.48 0.66 0.66 0.64 0.36 0.60 0.66 0.63 0.59 0.66 0.68 0.69 0.66 0.75 0.75 0.73 0.44 0.81 0.59 0.87 0.75 0.75 0.75 0.81 0.41 0.67 0.87 0.41 0.87 0.90 0.99 1.00 0.81 0.90 0.99 1.00 0.89 0.90 0.89
0.81 0.94 0.94 0.93 0.71 0.90 0.94 0.93 0.90 0.93 0.95 0.95 0.93 0.97 0.97 0.96 0.72 0.97 0.82 0.98 0.97 0.97 0.97 0.97 0.75 0.89 0.98 0.70 0.96 0.98 1.00 1.00 0.97 0.98 1.00 1.00 0.97 0.98 0.97
0.96 1.00 1.00 0.99 0.91 0.99 1.00 0.99 0.99 1.00 1.00 1.00 1.00 1.00 1.00 1.00 0.90 1.00 0.95 1.00 1.00 1.00 1.00 1.00 0.95 0.99 1.00 0.90 1.00 1.00 1.00 1.00 1.00 1.00 1.00 1.00 1.00 1.00 1.00
0.43 0.62 0.62 0.59 0.33 0.56 0.62 0.59 0.54 0.61 0.64 0.66 0.61 0.72 0.72 0.70 0.43 0.79 0.56 0.85 0.72 0.72 0.73 0.79 0.36 0.64 0.85 0.37 0.86 0.88 0.98 1.00 0.79 0.88 0.98 1.00 0.87 0.88 0.87
0.63 0.81 0.81 0.79 0.51 0.74 0.81 0.79 0.75 0.79 0.82 0.83 0.79 0.87 0.87 0.85 0.56 0.90 0.69 0.92 0.87 0.87 0.87 0.90 0.55 0.77 0.92 0.53 0.92 0.94 0.99 1.00 0.90 0.94 0.99 1.00 0.94 0.94 0.94
0.59 0.76 0.76 0.74 0.46 0.70 0.76 0.74 0.70 0.75 0.78 0.79 0.75 0.84 0.84 0.82 0.52 0.88 0.66 0.91 0.84 0.84 0.84 0.88 0.50 0.74 0.91 0.48 0.91 0.93 0.99 1.00 0.88 0.93 0.99 1.00 0.92 0.93 0.92
0.91 0.99 0.99 0.98 0.85 0.97 0.99 0.98 0.97 0.98 0.99 0.99 0.98 0.99 0.99 0.99 0.84 0.99 0.90 0.99 0.99 0.99 0.99 0.99 0.88 0.96 0.99 0.84 0.99 1.00 1.00 1.00 0.99 1.00 1.00 1.00 0.99 1.00 0.99
0.95 1.00 1.00 0.99 0.92 0.99 1.00 0.99 0.99 1.00 1.00 1.00 1.00 1.00 1.00 1.00 0.90 1.00 0.95 1.00 1.00 1.00 1.00 1.00 0.95 0.99 1.00 0.91 1.00 1.00 1.00 1.00 1.00 1.00 1.00 1.00 1.00 1.00 1.00
0.68 0.85 0.85 0.84 0.57 0.79 0.85 0.83 0.80 0.83 0.87 0.88 0.83 0.90 0.90 0.89 0.61 0.93 0.74 0.94 0.90 0.90 0.91 0.93 0.60 0.80 0.94 0.57 0.93 0.95 1.00 1.00 0.93 0.95 1.00 1.00 0.95 0.95 0.95
0.55 0.74 0.74 0.71 0.44 0.67 0.74 0.71 0.66 0.73 0.75 0.77 0.73 0.82 0.82 0.80 0.50 0.86 0.64 0.90 0.82 0.82 0.82 0.86 0.47 0.71 0.90 0.46 0.89 0.92 0.99 1.00 0.86 0.92 0.99 1.00 0.91 0.92 0.91
0.55 0.73 0.73 0.71 0.43 0.67 0.73 0.70 0.66 0.72 0.74 0.76 0.72 0.81 0.81 0.79 0.50 0.85 0.63 0.90 0.81 0.81 0.81 0.85 0.46 0.70 0.90 0.45 0.89 0.91 0.99 1.00 0.85 0.91 0.99 1.00 0.91 0.91 0.91
0.60 0.79 0.79 0.76 0.49 0.72 0.79 0.76 0.72 0.77 0.80 0.81 0.77 0.85 0.85 0.84 0.55 0.89 0.67 0.92 0.85 0.85 0.86 0.89 0.52 0.75 0.92 0.50 0.90 0.93 0.99 1.00 0.89 0.93 0.99 1.00 0.93 0.93 0.93
0.75 0.90 0.90 0.89 0.64 0.85 0.90 0.88 0.85 0.89 0.91 0.92 0.89 0.94 0.94 0.92 0.66 0.95 0.78 0.96 0.94 0.94 0.94 0.95 0.67 0.86 0.96 0.63 0.95 0.97 1.00 1.00 0.95 0.97 1.00 1.00 0.96 0.97 0.96
0.69 0.85 0.85 0.83 0.57 0.80 0.85 0.83 0.79 0.84 0.86 0.87 0.84 0.90 0.90 0.89 0.61 0.93 0.73 0.95 0.90 0.90 0.90 0.93 0.61 0.81 0.95 0.57 0.93 0.95 1.00 1.00 0.93 0.95 1.00 1.00 0.95 0.95 0.95
0.60 0.78 0.78 0.76 0.48 0.72 0.78 0.75 0.71 0.77 0.80 0.81 0.77 0.85 0.85 0.84 0.55 0.89 0.67 0.92 0.85 0.85 0.85 0.89 0.52 0.75 0.92 0.51 0.91 0.94 1.00 1.00 0.89 0.94 1.00 1.00 0.93 0.94 0.93
0.72 0.88 0.88 0.86 0.61 0.82 0.88 0.86 0.83 0.85 0.89 0.89 0.85 0.92 0.92 0.91 0.63 0.94 0.75 0.95 0.92 0.92 0.92 0.94 0.64 0.83 0.95 0.60 0.93 0.96 1.00 1.00 0.94 0.96 1.00 1.00 0.95 0.96 0.95
0.81 0.94 0.94 0.93 0.73 0.90 0.94 0.93 0.91 0.93 0.95 0.95 0.93 0.97 0.97 0.96 0.73 0.98 0.82 0.98 0.97 0.97 0.97 0.98 0.76 0.90 0.98 0.71 0.97 0.98 1.00 1.00 0.98 0.98 1.00 1.00 0.98 0.98 0.98
0.86 0.96 0.96 0.96 0.77 0.93 0.96 0.95 0.94 0.95 0.97 0.97 0.95 0.98 0.98 0.97 0.76 0.98 0.85 0.98 0.98 0.98 0.98 0.98 0.80 0.93 0.98 0.76 0.97 0.99 1.00 1.00 0.98 0.99 1.00 1.00 0.98 0.99 0.98
0.74 0.89 0.89 0.88 0.63 0.85 0.89 0.88 0.85 0.88 0.90 0.91 0.88 0.94 0.94 0.92 0.65 0.95 0.77 0.96 0.94 0.94 0.94 0.95 0.67 0.85 0.96 0.63 0.95 0.96 1.00 1.00 0.95 0.96 1.00 1.00 0.96 0.96 0.96
0.78 0.92 0.92 0.91 0.68 0.88 0.92 0.91 0.88 0.91 0.93 0.93 0.91 0.95 0.95 0.94 0.69 0.96 0.80 0.97 0.95 0.95 0.95 0.96 0.71 0.88 0.97 0.67 0.96 0.98 1.00 1.00 0.96 0.98 1.00 1.00 0.97 0.98 0.97
0.45 0.63 0.63 0.60 0.34 0.58 0.63 0.60 0.56 0.63 0.65 0.66 0.63 0.73 0.73 0.71 0.44 0.80 0.57 0.86 0.73 0.73 0.74 0.80 0.37 0.65 0.86 0.37 0.86 0.88 0.99 1.00 0.80 0.88 0.99 1.00 0.88 0.88 0.88
0.77 0.92 0.92 0.91 0.66 0.87 0.92 0.90 0.88 0.90 0.93 0.93 0.90 0.95 0.95 0.94 0.68 0.96 0.78 0.97 0.95 0.95 0.95 0.96 0.69 0.87 0.97 0.65 0.95 0.97 1.00 1.00 0.96 0.97 1.00 1.00 0.97 0.97 0.97
0.77 0.92 0.92 0.91 0.67 0.87 0.92 0.90 0.87 0.91 0.92 0.93 0.91 0.95 0.95 0.94 0.68 0.96 0.79 0.97 0.95 0.95 0.95 0.96 0.70 0.86 0.97 0.66 0.96 0.97 1.00 1.00 0.96 0.97 1.00 1.00 0.97 0.97 0.97
0.38 0.56 0.56 0.53 0.28 0.51 0.56 0.53 0.49 0.57 0.58 0.60 0.57 0.67 0.66 0.66 0.38 0.75 0.54 0.84 0.67 0.67 0.67 0.75 0.32 0.60 0.84 0.33 0.84 0.87 0.99 1.00 0.75 0.87 0.99 1.00 0.85 0.87 0.85
0.94 1.00 1.00 0.99 0.89 0.98 1.00 0.99 0.98 0.99 1.00 1.00 0.99 1.00 1.00 1.00 0.87 1.00 0.93 1.00 1.00 1.00 1.00 1.00 0.92 0.98 1.00 0.88 0.99 1.00 1.00 1.00 1.00 1.00 1.00 1.00 0.99 1.00 0.99
0.38 0.56 0.56 0.54 0.28 0.51 0.56 0.53 0.49 0.57 0.58 0.60 0.57 0.67 0.67 0.66 0.39 0.75 0.53 0.84 0.67 0.67 0.67 0.75 0.32 0.60 0.84 0.33 0.84 0.87 0.99 1.00 0.75 0.87 0.99 1.00 0.86 0.87 0.86
0.50 0.69 0.69 0.67 0.39 0.63 0.69 0.66 0.62 0.69 0.71 0.72 0.69 0.77 0.77 0.76 0.46 0.82 0.61 0.89 0.77 0.77 0.77 0.82 0.43 0.68 0.89 0.43 0.88 0.91 0.99 1.00 0.82 0.91 0.99 1.00 0.89 0.91 0.89
0.40 0.58 0.58 0.56 0.30 0.52 0.58 0.55 0.51 0.58 0.60 0.62 0.58 0.68 0.68 0.67 0.39 0.76 0.54 0.84 0.68 0.68 0.69 0.76 0.32 0.60 0.84 0.34 0.84 0.87 0.99 0.99 0.76 0.87 0.99 1.00 0.86 0.87 0.86
0.70 0.86 0.86 0.85 0.59 0.81 0.86 0.84 0.81 0.85 0.87 0.88 0.85 0.91 0.91 0.90 0.62 0.93 0.75 0.95 0.91 0.91 0.91 0.93 0.62 0.81 0.95 0.58 0.93 0.96 1.00 1.00 0.93 0.96 1.00 1.00 0.95 0.96 0.95
0.41 0.59 0.59 0.57 0.31 0.53 0.59 0.56 0.52 0.59 0.60 0.62 0.59 0.69 0.69 0.67 0.40 0.77 0.55 0.85 0.69 0.69 0.69 0.77 0.34 0.62 0.85 0.35 0.85 0.88 0.99 1.00 0.77 0.88 0.99 1.00 0.86 0.88 0.86
0.52 0.71 0.71 0.68 0.41 0.64 0.71 0.68 0.64 0.70 0.72 0.74 0.70 0.80 0.79 0.78 0.49 0.84 0.62 0.89 0.80 0.80 0.80 0.84 0.44 0.69 0.89 0.44 0.88 0.91 0.99 1.00 0.84 0.91 0.99 1.00 0.90 0.91 0.90
0.63 0.81 0.81 0.79 0.51 0.75 0.81 0.78 0.74 0.79 0.82 0.83 0.79 0.87 0.87 0.85 0.58 0.90 0.69 0.93 0.87 0.87 0.87 0.90 0.54 0.76 0.93 0.51 0.91 0.94 0.99 1.00 0.90 0.94 0.99 1.00 0.93 0.94 0.93
0.95 1.00 1.00 0.99 0.91 0.99 1.00 0.99 0.99 1.00 1.00 1.00 1.00 1.00 1.00 1.00 0.90 1.00 0.95 1.00 1.00 1.00 1.00 1.00 0.95 0.99 1.00 0.91 1.00 1.00 1.00 1.00 1.00 1.00 1.00 1.00 1.00 1.00 1.00
0.83 0.95 0.95 0.94 0.73 0.91 0.95 0.93 0.91 0.94 0.95 0.96 0.94 0.97 0.97 0.96 0.72 0.98 0.83 0.98 0.97 0.97 0.97 0.98 0.76 0.90 0.98 0.72 0.96 0.98 1.00 1.00 0.98 0.98 1.00 1.00 0.97 0.98 0.97
0.93 1.00 1.00 0.99 0.89 0.98 1.00 0.99 0.98 0.99 1.00 1.00 0.99 1.00 1.00 0.99 0.86 1.00 0.93 1.00 1.00 1.00 1.00 1.00 0.91 0.98 1.00 0.87 0.99 1.00 1.00 1.00 1.00 1.00 1.00 1.00 0.99 1.00 0.99
0.48 0.67 0.67 0.64 0.38 0.61 0.67 0.64 0.60 0.66 0.69 0.70 0.66 0.76 0.76 0.74 0.46 0.82 0.60 0.88 0.76 0.76 0.76 0.82 0.41 0.67 0.88 0.41 0.87 0.90 0.99 1.00 0.82 0.90 0.99 1.00 0.89 0.90 0.89
0.76 0.90 0.90 0.88 0.64 0.85 0.90 0.88 0.85 0.89 0.91 0.91 0.89 0.94 0.94 0.92 0.66 0.95 0.78 0.96 0.94 0.94 0.94 0.95 0.68 0.85 0.96 0.64 0.95 0.97 1.00 1.00 0.95 0.97 1.00 1.00 0.96 0.97 0.96
0.81 0.94 0.94 0.93 0.72 0.90 0.94 0.93 0.91 0.93 0.95 0.95 0.93 0.97 0.97 0.96 0.72 0.97 0.83 0.98 0.97 0.97 0.97 0.97 0.75 0.90 0.98 0.71 0.96 0.98 1.00 1.00 0.97 0.98 1.00 1.00 0.97 0.98 0.97
0.39 0.56 0.56 0.54 0.29 0.52 0.56 0.53 0.49 0.58 0.59 0.61 0.58 0.68 0.67 0.66 0.39 0.76 0.54 0.83 0.68 0.68 0.68 0.76 0.33 0.60 0.83 0.33 0.85 0.86 0.99 1.00 0.76 0.86 0.99 1.00 0.86 0.86 0.86
0.75 0.90 0.90 0.88 0.63 0.85 0.90 0.88 0.85 0.89 0.90 0.91 0.89 0.93 0.93 0.92 0.66 0.95 0.77 0.96 0.93 0.93 0.93 0.95 0.67 0.85 0.96 0.63 0.95 0.96 1.00 1.00 0.95 0.96 1.00 1.00 0.96 0.96 0.96
0.42 0.60 0.60 0.57 0.31 0.55 0.60 0.57 0.52 0.60 0.62 0.64 0.60 0.71 0.71 0.69 0.42 0.78 0.56 0.85 0.71 0.71 0.71 0.78 0.36 0.62 0.85 0.36 0.85 0.88 0.99 1.00 0.78 0.88 0.99 1.00 0.87 0.88 0.87
0.90 0.99 0.99 0.98 0.83 0.96 0.99 0.98 0.97 0.98 0.99 0.99 0.98 0.99 0.99 0.99 0.82 1.00 0.90 0.99 0.99 0.99 0.99 1.00 0.87 0.96 0.99 0.83 0.98 0.99 1.00 1.00 1.00 0.99 1.00 1.00 0.99 0.99 0.99
0.79 0.93 0.93 0.91 0.68 0.88 0.93 0.90 0.88 0.91 0.93 0.93 0.91 0.95 0.95 0.94 0.68 0.96 0.80 0.97 0.95 0.95 0.95 0.96 0.71 0.87 0.97 0.67 0.96 0.97 1.00 1.00 0.96 0.97 1.00 1.00 0.97 0.97 0.97
0.59 0.77 0.77 0.75 0.47 0.71 0.77 0.74 0.71 0.76 0.78 0.79 0.76 0.84 0.84 0.82 0.53 0.88 0.68 0.92 0.84 0.84 0.84 0.88 0.50 0.75 0.92 0.49 0.91 0.93 0.99 1.00 0.88 0.93 0.99 1.00 0.93 0.93 0.93
0.72 0.89 0.89 0.87 0.62 0.83 0.89 0.87 0.84 0.87 0.89 0.90 0.87 0.93 0.93 0.92 0.65 0.95 0.77 0.95 0.93 0.93 0.93 0.95 0.65 0.84 0.95 0.61 0.94 0.96 1.00 1.00 0.95 0.96 1.00 1.00 0.96 0.96 0.96
0.71 0.87 0.87 0.85 0.60 0.81 0.87 0.85 0.82 0.86 0.88 0.89 0.86 0.92 0.92 0.90 0.63 0.93 0.74 0.95 0.92 0.92 0.92 0.93 0.63 0.83 0.95 0.60 0.94 0.96 1.00 1.00 0.93 0.96 1.00 1.00 0.95 0.96 0.95
0.84 0.96 0.96 0.95 0.75 0.93 0.96 0.95 0.93 0.95 0.96 0.97 0.95 0.98 0.98 0.97 0.76 0.98 0.85 0.98 0.98 0.98 0.98 0.98 0.79 0.92 0.98 0.74 0.97 0.98 1.00 1.00 0.98 0.98 1.00 1.00 0.98 0.98 0.98
0.41 0.59 0.59 0.56 0.30 0.53 0.59 0.56 0.52 0.59 0.61 0.62 0.59 0.69 0.69 0.68 0.41 0.77 0.55 0.85 0.69 0.69 0.69 0.77 0.35 0.61 0.85 0.35 0.85 0.87 0.99 1.00 0.77 0.87 0.99 1.00 0.87 0.87 0.87
0.58 0.76 0.76 0.73 0.46 0.70 0.76 0.73 0.69 0.76 0.77 0.78 0.76 0.83 0.83 0.81 0.53 0.87 0.65 0.91 0.83 0.83 0.84 0.87 0.49 0.74 0.91 0.47 0.90 0.93 0.99 1.00 0.87 0.93 0.99 1.00 0.92 0.93 0.92
0.61 0.80 0.80 0.78 0.51 0.73 0.80 0.77 0.73 0.78 0.81 0.82 0.78 0.86 0.86 0.85 0.56 0.90 0.68 0.92 0.86 0.86 0.87 0.90 0.53 0.76 0.92 0.51 0.91 0.93 0.99 1.00 0.90 0.93 0.99 1.00 0.93 0.93 0.93
0.76 0.91 0.91 0.90 0.66 0.87 0.91 0.89 0.86 0.90 0.92 0.92 0.90 0.94 0.94 0.93 0.67 0.96 0.78 0.96 0.94 0.94 0.95 0.96 0.69 0.86 0.96 0.65 0.95 0.97 1.00 1.00 0.96 0.97 1.00 1.00 0.96 0.97 0.96
0.73 0.89 0.89 0.87 0.62 0.84 0.89 0.87 0.84 0.88 0.90 0.91 0.88 0.94 0.93 0.92 0.66 0.95 0.77 0.96 0.94 0.94 0.94 0.95 0.65 0.84 0.96 0.61 0.94 0.96 1.00 1.00 0.95 0.96 1.00 1.00 0.95 0.96 0.95
0.94 1.00 1.00 0.99 0.89 0.98 1.00 0.99 0.99 0.99 0.99 1.00 0.99 1.00 1.00 1.00 0.88 1.00 0.94 1.00 1.00 1.00 1.00 1.00 0.93 0.98 1.00 0.88 0.99 1.00 1.00 1.00 1.00 1.00 1.00 1.00 0.99 1.00 0.99
0.76 0.92 0.92 0.90 0.66 0.86 0.92 0.90 0.87 0.90 0.92 0.93 0.90 0.95 0.95 0.93 0.68 0.96 0.78 0.97 0.95 0.95 0.95 0.96 0.68 0.86 0.97 0.64 0.95 0.97 1.00 1.00 0.96 0.97 1.00 1.00 0.96 0.97 0.96
0.75 0.91 0.91 0.90 0.66 0.86 0.91 0.89 0.86 0.89 0.92 0.92 0.89 0.94 0.94 0.93 0.68 0.96 0.78 0.96 0.94 0.94 0.95 0.96 0.69 0.86 0.96 0.65 0.95 0.97 1.00 1.00 0.96 0.97 1.00 1.00 0.97 0.97 0.97
0.76 0.91 0.91 0.90 0.65 0.86 0.91 0.89 0.86 0.89 0.92 0.92 0.89 0.94 0.94 0.93 0.68 0.96 0.78 0.96 0.94 0.94 0.94 0.96 0.68 0.86 0.96 0.64 0.95 0.97 1.00 1.00 0.96 0.97 1.00 1.00 0.96 0.97 0.96
0.55 0.72 0.72 0.70 0.43 0.67 0.72 0.69 0.65 0.72 0.74 0.76 0.72 0.81 0.81 0.79 0.51 0.86 0.63 0.90 0.81 0.81 0.81 0.86 0.47 0.71 0.90 0.45 0.89 0.92 0.99 1.00 0.86 0.92 0.99 1.00 0.91 0.92 0.91
0.49 0.67 0.67 0.65 0.37 0.61 0.67 0.64 0.60 0.67 0.69 0.70 0.67 0.76 0.76 0.75 0.47 0.82 0.60 0.88 0.76 0.76 0.76 0.82 0.42 0.67 0.88 0.42 0.88 0.90 0.99 1.00 0.82 0.90 0.99 1.00 0.89 0.90 0.89
0.43 0.60 0.60 0.57 0.31 0.54 0.60 0.57 0.53 0.60 0.62 0.64 0.60 0.70 0.70 0.68 0.42 0.77 0.56 0.85 0.70 0.70 0.71 0.77 0.35 0.62 0.85 0.36 0.85 0.88 0.99 1.00 0.77 0.88 0.99 1.00 0.87 0.88 0.87
0.64 0.81 0.81 0.79 0.51 0.75 0.81 0.78 0.74 0.80 0.83 0.84 0.80 0.87 0.87 0.86 0.57 0.90 0.70 0.93 0.87 0.87 0.88 0.90 0.55 0.77 0.93 0.52 0.91 0.94 0.99 1.00 0.90 0.94 0.99 1.00 0.94 0.94 0.94
0.79 0.93 0.93 0.91 0.68 0.88 0.93 0.91 0.88 0.91 0.93 0.94 0.91 0.96 0.95 0.95 0.70 0.97 0.80 0.97 0.96 0.96 0.96 0.97 0.72 0.88 0.97 0.67 0.96 0.97 1.00 1.00 0.97 0.97 1.00 1.00 0.97 0.97 0.97
0.42 0.61 0.61 0.58 0.33 0.54 0.61 0.58 0.54 0.60 0.62 0.64 0.60 0.70 0.70 0.70 0.42 0.78 0.56 0.85 0.70 0.70 0.71 0.78 0.36 0.63 0.85 0.36 0.85 0.88 0.98 1.00 0.78 0.88 0.98 1.00 0.87 0.88 0.87
0.38 0.55 0.55 0.53 0.28 0.50 0.55 0.53 0.49 0.56 0.57 0.59 0.56 0.67 0.66 0.65 0.39 0.75 0.53 0.84 0.67 0.67 0.67 0.75 0.33 0.59 0.84 0.34 0.84 0.86 0.98 0.99 0.75 0.86 0.98 1.00 0.86 0.86 0.86
0.68 0.85 0.85 0.83 0.56 0.79 0.85 0.82 0.78 0.83 0.86 0.87 0.83 0.90 0.90 0.88 0.60 0.92 0.73 0.94 0.90 0.90 0.91 0.92 0.59 0.80 0.94 0.56 0.92 0.95 1.00 1.00 0.92 0.95 1.00 1.00 0.95 0.95 0.95
0.76 0.91 0.91 0.89 0.66 0.86 0.91 0.89 0.86 0.90 0.91 0.92 0.90 0.95 0.94 0.93 0.68 0.95 0.78 0.96 0.95 0.95 0.95 0.95 0.69 0.86 0.96 0.65 0.95 0.97 1.00 1.00 0.95 0.97 1.00 1.00 0.96 0.97 0.96
0.54 0.73 0.73 0.71 0.43 0.66 0.73 0.70 0.66 0.72 0.74 0.76 0.72 0.81 0.81 0.79 0.50 0.85 0.64 0.90 0.81 0.81 0.81 0.85 0.46 0.71 0.90 0.45 0.89 0.92 0.99 1.00 0.85 0.92 0.99 1.00 0.91 0.92 0.91
0.94 1.00 1.00 0.99 0.89 0.98 1.00 0.99 0.98 0.99 0.99 1.00 0.99 1.00 1.00 1.00 0.87 1.00 0.94 1.00 1.00 1.00 1.00 1.00 0.92 0.98 1.00 0.88 0.99 1.00 1.00 1.00 1.00 1.00 1.00 1.00 0.99 1.00 0.99
0.93 0.99 0.99 0.99 0.87 0.98 0.99 0.99 0.98 0.99 0.99 0.99 0.99 1.00 1.00 0.99 0.86 1.00 0.92 1.00 1.00 1.00 1.00 1.00 0.91 0.97 1.00 0.87 0.99 1.00 1.00 1.00 1.00 1.00 1.00 1.00 0.99 1.00 0.99
0.67 0.84 0.84 0.82 0.56 0.78 0.84 0.82 0.78 0.82 0.85 0.86 0.82 0.89 0.89 0.88 0.59 0.92 0.72 0.94 0.89 0.89 0.90 0.92 0.59 0.80 0.94 0.56 0.92 0.95 0.99 1.00 0.92 0.95 0.99 1.00 0.94 0.95 0.94
0.54 0.73 0.73 0.70 0.42 0.66 0.73 0.69 0.66 0.72 0.74 0.76 0.72 0.81 0.81 0.79 0.50 0.86 0.63 0.90 0.81 0.81 0.81 0.86 0.46 0.71 0.90 0.46 0.89 0.91 0.99 1.00 0.86 0.91 0.99 1.00 0.91 0.91 0.91
0.94 0.99 0.99 0.99 0.88 0.98 0.99 0.99 0.98 0.99 0.99 0.99 0.99 1.00 1.00 1.00 0.87 1.00 0.93 1.00 1.00 1.00 1.00 1.00 0.92 0.98 1.00 0.87 0.99 1.00 1.00 1.00 1.00 1.00 1.00 1.00 0.99 1.00 0.99
0.87 0.98 0.98 0.97 0.79 0.94 0.98 0.97 0.95 0.96 0.98 0.98 0.96 0.99 0.99 0.98 0.78 0.99 0.87 0.99 0.99 0.99 0.99 0.99 0.82 0.93 0.99 0.77 0.98 0.99 1.00 1.00 0.99 0.99 1.00 1.00 0.98 0.99 0.98
0.81 0.95 0.95 0.93 0.72 0.90 0.95 0.93 0.91 0.93 0.95 0.95 0.93 0.97 0.97 0.96 0.71 0.97 0.83 0.98 0.97 0.97 0.97 0.97 0.74 0.89 0.98 0.70 0.96 0.98 1.00 1.00 0.97 0.98 1.00 1.00 0.97 0.98 0.97
0.39 0.57 0.57 0.54 0.29 0.51 0.57 0.54 0.50 0.57 0.59 0.60 0.57 0.67 0.67 0.66 0.39 0.75 0.54 0.84 0.67 0.67 0.67 0.75 0.32 0.58 0.84 0.33 0.84 0.87 0.99 1.00 0.75 0.87 0.99 1.00 0.85 0.87 0.85
0.70 0.87 0.87 0.85 0.59 0.81 0.87 0.85 0.81 0.85 0.88 0.88 0.85 0.91 0.91 0.90 0.62 0.94 0.74 0.95 0.91 0.91 0.92 0.94 0.62 0.82 0.95 0.60 0.94 0.95 1.00 1.00 0.94 0.95 1.00 1.00 0.95 0.95 0.95
0.75 0.90 0.90 0.89 0.65 0.85 0.90 0.88 0.85 0.89 0.91 0.92 0.89 0.94 0.94 0.93 0.66 0.95 0.77 0.96 0.94 0.94 0.94 0.95 0.67 0.85 0.96 0.65 0.94 0.97 1.00 1.00 0.95 0.97 1.00 1.00 0.96 0.97 0.96
0.96 1.00 1.00 1.00 0.93 0.99 1.00 1.00 0.99 1.00 1.00 1.00 1.00 1.00 1.00 1.00 0.91 1.00 0.96 1.00 1.00 1.00 1.00 1.00 0.96 0.99 1.00 0.93 1.00 1.00 1.00 1.00 1.00 1.00 1.00 1.00 1.00 1.00 1.00
0.93 0.99 0.99 0.99 0.87 0.98 0.99 0.99 0.98 0.99 0.99 0.99 0.99 1.00 1.00 0.99 0.86 1.00 0.93 1.00 1.00 1.00 1.00 1.00 0.92 0.97 1.00 0.87 0.99 1.00 1.00 1.00 1.00 1.00 1.00 1.00 0.99 1.00 0.99
0.69 0.85 0.85 0.83 0.56 0.79 0.85 0.82 0.78 0.84 0.86 0.87 0.84 0.90 0.90 0.88 0.60 0.93 0.73 0.94 0.90 0.90 0.90 0.93 0.59 0.81 0.94 0.56 0.92 0.95 1.00 1.00 0.93 0.95 1.00 1.00 0.95 0.95 0.95
0.76 0.91 0.91 0.90 0.65 0.86 0.91 0.89 0.86 0.90 0.91 0.92 0.90 0.94 0.94 0.93 0.68 0.95 0.78 0.96 0.94 0.94 0.94 0.95 0.68 0.86 0.96 0.64 0.95 0.97 1.00 1.00 0.95 0.97 1.00 1.00 0.96 0.97 0.96
0.69 0.86 0.86 0.85 0.58 0.80 0.86 0.84 0.81 0.85 0.87 0.88 0.85 0.91 0.91 0.89 0.62 0.93 0.73 0.94 0.91 0.91 0.91 0.93 0.61 0.82 0.94 0.58 0.93 0.96 1.00 1.00 0.93 0.96 1.00 1.00 0.95 0.96 0.95
0.94 0.99 0.99 0.99 0.89 0.98 0.99 0.99 0.98 0.99 1.00 1.00 0.99 1.00 1.00 1.00 0.87 1.00 0.93 1.00 1.00 1.00 1.00 1.00 0.93 0.98 1.00 0.89 0.99 1.00 1.00 1.00 1.00 1.00 1.00 1.00 0.99 1.00 0.99
0.48 0.67 0.67 0.64 0.37 0.61 0.67 0.63 0.59 0.67 0.68 0.70 0.67 0.76 0.76 0.74 0.46 0.82 0.60 0.88 0.76 0.76 0.76 0.82 0.41 0.67 0.88 0.41 0.87 0.90 0.99 1.00 0.82 0.90 0.99 1.00 0.89 0.90 0.89
0.79 0.93 0.93 0.92 0.69 0.88 0.93 0.91 0.89 0.92 0.94 0.94 0.92 0.96 0.96 0.95 0.70 0.97 0.81 0.97 0.96 0.96 0.96 0.97 0.72 0.88 0.97 0.67 0.96 0.98 1.00 1.00 0.97 0.98 1.00 1.00 0.97 0.98 0.97
0.95 1.00 1.00 0.99 0.91 0.99 1.00 0.99 0.99 1.00 1.00 1.00 1.00 1.00 1.00 1.00 0.90 1.00 0.95 1.00 1.00 1.00 1.00 1.00 0.94 0.99 1.00 0.90 0.99 1.00 1.00 1.00 1.00 1.00 1.00 1.00 1.00 1.00 1.00
0.92 0.99 0.99 0.99 0.86 0.97 0.99 0.99 0.98 0.99 0.99 0.99 0.99 1.00 1.00 0.99 0.85 1.00 0.92 1.00 1.00 1.00 1.00 1.00 0.90 0.97 1.00 0.85 0.99 1.00 1.00 1.00 1.00 1.00 1.00 1.00 0.99 1.00 0.99
0.61 0.79 0.79 0.77 0.49 0.72 0.79 0.76 0.72 0.77 0.80 0.82 0.77 0.86 0.86 0.84 0.56 0.89 0.67 0.92 0.86 0.86 0.86 0.89 0.52 0.76 0.92 0.50 0.91 0.93 0.99 1.00 0.89 0.93 0.99 1.00 0.93 0.93 0.93
0.71 0.87 0.87 0.86 0.60 0.82 0.87 0.85 0.82 0.86 0.88 0.89 0.86 0.92 0.92 0.90 0.62 0.94 0.75 0.95 0.92 0.92 0.92 0.94 0.62 0.83 0.95 0.58 0.94 0.95 1.00 1.00 0.94 0.95 1.00 1.00 0.95 0.95 0.95
0.86 0.97 0.97 0.96 0.78 0.94 0.97 0.96 0.94 0.96 0.97 0.97 0.96 0.98 0.98 0.98 0.78 0.99 0.87 0.99 0.98 0.98 0.98 0.99 0.82 0.93 0.99 0.76 0.98 0.99 1.00 1.00 0.99 0.99 1.00 1.00 0.98 0.99 0.98
0.46 0.63 0.63 0.61 0.34 0.58 0.63 0.60 0.56 0.64 0.65 0.67 0.64 0.73 0.73 0.71 0.44 0.80 0.58 0.87 0.73 0.73 0.73 0.80 0.39 0.64 0.87 0.39 0.86 0.89 0.99 1.00 0.80 0.89 0.99 1.00 0.88 0.89 0.88
0.94 1.00 1.00 0.99 0.90 0.98 1.00 0.99 0.98 0.99 1.00 1.00 0.99 1.00 1.00 1.00 0.88 1.00 0.94 1.00 1.00 1.00 1.00 1.00 0.93 0.98 1.00 0.89 0.99 1.00 1.00 1.00 1.00 1.00 1.00 1.00 1.00 1.00 1.00
0.94 1.00 1.00 0.99 0.89 0.98 1.00 0.99 0.99 0.99 1.00 1.00 0.99 1.00 1.00 1.00 0.88 1.00 0.93 1.00 1.00 1.00 1.00 1.00 0.93 0.98 1.00 0.89 0.99 1.00 1.00 1.00 1.00 1.00 1.00 1.00 0.99 1.00 0.99
0.67 0.84 0.84 0.82 0.54 0.78 0.84 0.81 0.77 0.82 0.85 0.86 0.82 0.90 0.90 0.88 0.59 0.92 0.72 0.94 0.90 0.90 0.90 0.92 0.58 0.80 0.94 0.55 0.93 0.95 1.00 1.00 0.92 0.95 1.00 1.00 0.94 0.95 0.94
0.39 0.57 0.57 0.55 0.29 0.51 0.57 0.54 0.50 0.57 0.59 0.61 0.57 0.67 0.67 0.67 0.40 0.75 0.53 0.84 0.67 0.67 0.68 0.75 0.33 0.60 0.84 0.33 0.84 0.86 0.99 0.99 0.75 0.86 0.99 1.00 0.86 0.86 0.86
0.92 0.99 0.99 0.99 0.87 0.98 0.99 0.99 0.98 0.99 0.99 0.99 0.99 1.00 1.00 0.99 0.86 1.00 0.92 1.00 1.00 1.00 1.00 1.00 0.90 0.97 1.00 0.85 0.99 1.00 1.00 1.00 1.00 1.00 1.00 1.00 0.99 1.00 0.99
0.65 0.83 0.83 0.81 0.54 0.76 0.83 0.81 0.77 0.81 0.84 0.85 0.81 0.89 0.89 0.87 0.58 0.91 0.72 0.94 0.89 0.89 0.89 0.91 0.58 0.79 0.94 0.54 0.92 0.95 1.00 1.00 0.91 0.95 1.00 1.00 0.94 0.95 0.94
0.87 0.98 0.98 0.97 0.79 0.95 0.98 0.97 0.95 0.97 0.98 0.98 0.97 0.99 0.99 0.98 0.78 0.99 0.87 0.99 0.99 0.99 0.99 0.99 0.83 0.94 0.99 0.78 0.98 0.99 1.00 1.00 0.99 0.99 1.00 1.00 0.98 0.99 0.98
0.62 0.80 0.80 0.78 0.50 0.74 0.80 0.78 0.74 0.79 0.81 0.82 0.79 0.87 0.86 0.85 0.56 0.90 0.69 0.93 0.87 0.87 0.87 0.90 0.54 0.77 0.93 0.52 0.91 0.94 0.99 1.00 0.90 0.94 0.99 1.00 0.93 0.94 0.93
0.79 0.93 0.93 0.92 0.69 0.89 0.93 0.91 0.88 0.92 0.93 0.94 0.92 0.96 0.96 0.95 0.70 0.97 0.81 0.97 0.96 0.96 0.96 0.97 0.72 0.88 0.97 0.68 0.96 0.98 1.00 1.00 0.97 0.98 1.00 1.00 0.97 0.98 0.97
0.75 0.90 0.90 0.88 0.64 0.86 0.90 0.88 0.85 0.89 0.91 0.91 0.89 0.94 0.94 0.93 0.66 0.95 0.78 0.96 0.94 0.94 0.94 0.95 0.68 0.85 0.96 0.63 0.95 0.97 1.00 1.00 0.95 0.97 1.00 1.00 0.96 0.97 0.96
0.86 0.97 0.97 0.96 0.77 0.94 0.97 0.96 0.94 0.96 0.97 0.97 0.96 0.98 0.98 0.97 0.76 0.98 0.86 0.99 0.98 0.98 0.98 0.98 0.80 0.92 0.99 0.76 0.97 0.99 1.00 1.00 0.98 0.99 1.00 1.00 0.98 0.99 0.98
0.96 1.00 1.00 1.00 0.91 0.99 1.00 1.00 0.99 1.00 1.00 1.00 1.00 1.00 1.00 1.00 0.89 1.00 0.95 1.00 1.00 1.00 1.00 1.00 0.95 0.99 1.00 0.91 1.00 1.00 1.00 1.00 1.00 1.00 1.00 1.00 1.00 1.00 1.00
0.45 0.64 0.64 0.61 0.35 0.58 0.64 0.61 0.57 0.64 0.66 0.67 0.64 0.74 0.73 0.72 0.44 0.80 0.58 0.87 0.74 0.74 0.74 0.80 0.38 0.65 0.87 0.38 0.86 0.89 0.99 1.00 0.80 0.89 0.99 1.00 0.88 0.89 0.88
0.38 0.56 0.56 0.54 0.29 0.51 0.56 0.54 0.50 0.57 0.58 0.60 0.57 0.67 0.66 0.66 0.40 0.75 0.54 0.84 0.67 0.67 0.67 0.75 0.33 0.60 0.84 0.35 0.84 0.87 0.99 0.99 0.75 0.87 0.99 1.00 0.86 0.87 0.86
0.86 0.97 0.97 0.96 0.78 0.94 0.97 0.96 0.94 0.96 0.97 0.97 0.96 0.98 0.98 0.98 0.77 0.99 0.86 0.99 0.98 0.98 0.98 0.99 0.81 0.93 0.99 0.76 0.97 0.99 1.00 1.00 0.99 0.99 1.00 1.00 0.98 0.99 0.98
0.45 0.63 0.63 0.61 0.35 0.57 0.63 0.60 0.56 0.63 0.65 0.67 0.63 0.73 0.73 0.71 0.43 0.80 0.56 0.86 0.73 0.73 0.74 0.80 0.39 0.65 0.86 0.38 0.87 0.89 0.99 1.00 0.80 0.89 0.99 1.00 0.88 0.89 0.88
0.91 0.99 0.99 0.98 0.83 0.97 0.99 0.98 0.96 0.98 0.99 0.99 0.98 0.99 0.99 0.99 0.83 0.99 0.90 0.99 0.99 0.99 0.99 0.99 0.87 0.96 0.99 0.83 0.99 0.99 1.00 1.00 0.99 0.99 1.00 1.00 0.99 0.99 0.99
0.46 0.63 0.63 0.61 0.34 0.58 0.63 0.60 0.56 0.63 0.65 0.66 0.63 0.73 0.72 0.71 0.44 0.79 0.57 0.86 0.73 0.73 0.73 0.79 0.38 0.64 0.86 0.38 0.86 0.88 0.99 1.00 0.79 0.88 0.99 1.00 0.88 0.88 0.88
0.39 0.57 0.57 0.55 0.28 0.52 0.57 0.54 0.50 0.58 0.59 0.61 0.58 0.68 0.68 0.66 0.39 0.75 0.54 0.85 0.68 0.68 0.68 0.75 0.33 0.60 0.85 0.35 0.84 0.88 0.98 1.00 0.75 0.88 0.98 1.00 0.86 0.88 0.86
0.92 0.99 0.99 0.98 0.86 0.97 0.99 0.98 0.97 0.99 0.99 0.99 0.99 1.00 1.00 0.99 0.84 1.00 0.91 1.00 1.00 1.00 1.00 1.00 0.89 0.97 1.00 0.85 0.99 1.00 1.00 1.00 1.00 1.00 1.00 1.00 0.99 1.00 0.99
0.62 0.80 0.80 0.79 0.51 0.74 0.80 0.78 0.74 0.79 0.81 0.82 0.79 0.86 0.87 0.85 0.57 0.90 0.69 0.92 0.86 0.86 0.87 0.90 0.54 0.76 0.92 0.52 0.91 0.94 0.99 1.00 0.90 0.94 0.99 1.00 0.93 0.94 0.93
0.49 0.68 0.68 0.66 0.39 0.62 0.68 0.65 0.61 0.68 0.70 0.71 0.68 0.78 0.77 0.76 0.47 0.83 0.61 0.89 0.78 0.78 0.78 0.83 0.42 0.68 0.89 0.42 0.88 0.90 0.99 1.00 0.83 0.90 0.99 1.00 0.90 0.90 0.90
0.77 0.92 0.92 0.90 0.66 0.87 0.92 0.90 0.87 0.90 0.92 0.93 0.90 0.95 0.95 0.93 0.68 0.96 0.80 0.97 0.95 0.95 0.95 0.96 0.70 0.87 0.97 0.66 0.95 0.97 1.00 1.00 0.96 0.97 1.00 1.00 0.97 0.97 0.97
0.55 0.73 0.73 0.70 0.43 0.67 0.73 0.70 0.66 0.73 0.74 0.75 0.73 0.81 0.81 0.79 0.50 0.85 0.64 0.90 0.81 0.81 0.81 0.85 0.46 0.71 0.90 0.46 0.89 0.91 0.99 1.00 0.85 0.91 0.99 1.00 0.91 0.91 0.91
0.37 0.54 0.54 0.52 0.27 0.49 0.54 0.52 0.48 0.55 0.56 0.58 0.55 0.66 0.65 0.64 0.38 0.74 0.52 0.84 0.66 0.66 0.66 0.74 0.31 0.59 0.84 0.32 0.84 0.87 0.98 1.00 0.74 0.87 0.98 1.00 0.85 0.87 0.85
